5.219768151613779494e-02 1.571794766358869389e-02 -1.691816151053171513e-02 -5.099746766919444063e-02
5.248814351800468181e-02 1.590578497868344598e-02 -1.763045942967078616e-02 -5.076346906701711958e-02
5.275017057576025792e-02 1.573274588031003951e-02 -1.623593011088209082e-02 -5.224698634518809559e-02
5.081060652174884673e-02 1.623509335066564141e-02 -1.532021076179368446e-02 -5.172548911062047061e-02
5.267367560353397593e-02 1.636511753026881344e-02 -1.855668710701341428e-02 -5.048210602678937509e-02
5.330517822723135346e-02 1.620399940802674799e-02 -1.597015956672065418e-02 -5.353901806853678114e-02
5.279965921992291200e-02 1.783760851918114732e-02 -1.900653697507848072e-02 -5.163073076402524553e-02
5.095341649936635520e-02 1.952367087176476446e-02 -1.935266781354771926e-02 -5.112441955758340040e-02
5.111717455787778697e-02 1.454855492340900724e-02 -1.448497880162069595e-02 -5.118075067966609826e-02
5.214935769180684133e-02 1.896825577727989653e-02 -1.758822800320392066e-02 -5.352938546588292823e-02
5.364785347615930178e-02 1.729248360537938289e-02 -1.532850242552441511e-02 -5.561183465601426956e-02
5.372777795488548058e-02 1.856607765132634036e-02 -1.995820708003259725e-02 -5.233564852617922369e-02
5.266488224091703252e-02 1.768493025527151374e-02 -1.817158820497233318e-02 -5.217822429121565797e-02
5.107995504906659434e-02 1.687403509712481764e-02 -1.662727465917512859e-02 -5.132671548701583930e-02
5.474505812172458796e-02 1.654601409353939623e-02 -1.863114999805348670e-02 -5.265992221721027544e-02
5.321133622429163879e-02 1.840623264380214508e-02 -1.895461560811617652e-02 -5.266295325997782939e-02
5.391303190138807544e-02 1.660336786674787568e-02 -1.890578781240459527e-02 -5.161061195573157789e-02
5.051759234621644445e-02 1.594024435656260508e-02 -1.560509962742806511e-02 -5.085273707535087340e-02
5.252524490535370738e-02 1.618797489529022471e-02 -1.685730568106458271e-02 -5.185591411957923835e-02
4.837182835547682025e-02 1.723719169409210217e-02 -1.522411131006273788e-02 -5.038490873950640658e-02
5.309094208233133827e-02 1.763612826350424712e-02 -2.030087358462762115e-02 -5.042619676120785321e-02
4.967692176607396704e-02 1.536801455957559348e-02 -1.612042846926708961e-02 -4.892450785638247091e-02
5.289437797170970512e-02 1.686157634434093389e-02 -1.895639738575205513e-02 -5.079955693029902797e-02
5.179841425909215147e-02 1.768262937833231518e-02 -1.567215484324879782e-02 -5.380888879417555781e-02
5.211130506984185118e-02 1.756235109420756224e-02 -1.668716148183435610e-02 -5.298649468221505732e-02
4.883195131755124763e-02 1.736373281043945838e-02 -1.611429620820070685e-02 -5.008138791978988813e-02
4.960326657134128681e-02 1.731606677229358127e-02 -1.693707362437923969e-02 -4.998225971925562838e-02
5.202901063356391020e-02 2.106538230243515386e-02 -1.821831006869234493e-02 -5.487608286730627505e-02
5.210637722858746379e-02 1.636120302350274613e-02 -1.974706215184496294e-02 -4.872051810024558005e-02
4.994619438845382398e-02 1.847666882820142575e-02 -1.706667883942569741e-02 -5.135618437722999641e-02
5.120988929733383266e-02 1.659751465434844420e-02 -1.766745794012325455e-02 -5.013994601155913333e-02
5.103755415982913490e-02 1.806403313335080973e-02 -1.523647940417516278e-02 -5.386510788900489288e-02
5.159128231612220006e-02 1.563739813366926690e-02 -1.691379803483084032e-02 -5.031488241496018254e-02
5.146237567093869814e-02 2.011501756372879868e-02 -2.048206919588990704e-02 -5.109532403877770079e-02
5.087389692368282645e-02 1.847940008192994199e-02 -1.725791942909371546e-02 -5.209537757651849788e-02
5.256595237174321866e-02 1.699101028525240586e-02 -1.796590601608238913e-02 -5.159105664091345744e-02
5.110253009239884570e-02 2.087506649436465800e-02 -2.078688717158427846e-02 -5.119070941517911422e-02
5.084712891840204030e-02 1.882486821311468717e-02 -1.728435043012677141e-02 -5.238764670139017809e-02
5.053147986476824727e-02 1.660560298641633459e-02 -1.756331768192065379e-02 -4.957376516926359500e-02
5.170428044852926064e-02 1.525979485589723517e-02 -1.536189926841313724e-02 -5.160217603601358061e-02
4.863714246890094017e-02 1.780280996183791764e-02 -1.471441234805537235e-02 -5.172554008268337444e-02
5.099308485204723240e-02 1.748602039788993423e-02 -1.788032657943550152e-02 -5.059877867050144307e-02
5.018508447279779183e-02 1.626893137864615646e-02 -1.638485853496429723e-02 -5.006915731647898493e-02
5.222292221794511136e-02 1.613479902444203695e-02 -1.810169608391165585e-02 -5.025602515847515939e-02
4.723255406047832672e-02 1.777220645780142050e-02 -1.808244618402299331e-02 -4.692231433425664289e-02
5.166311875821816280e-02 1.854454219537848836e-02 -1.854413844594127170e-02 -5.166352250765549048e-02
5.095796130061280849e-02 1.834926236755296536e-02 -1.591623279714426964e-02 -5.339099087102117114e-02
4.989882818193747127e-02 1.828765431048551271e-02 -1.843177816281138526e-02 -4.975470432961170975e-02
5.288714913644465554e-02 1.581514923045013177e-02 -1.659570479799044040e-02 -5.210659356890456895e-02
5.102800014172204079e-02 1.714303465764355217e-02 -1.812054297883802789e-02 -5.005049182052745405e-02
5.053502974992185592e-02 1.750951399374578443e-02 -1.713977978692549087e-02 -5.090476395674226051e-02
5.189591008104033065e-02 1.428102263182484677e-02 -1.577039472830954470e-02 -5.040653798455552170e-02
5.345703259775680394e-02 1.742494158846974450e-02 -1.816098997442194829e-02 -5.272098421180493322e-02
5.276664205409264952e-02 1.653230368830205244e-02 -1.553097107283207823e-02 -5.376797466956251270e-02
4.805439161719937680e-02 1.698639879658636609e-02 -1.422844918166410455e-02 -5.081234123212108322e-02
5.231288123010391367e-02 1.505316742586160217e-02 -1.748758661286520244e-02 -4.987846204310064646e-02
5.228003127458902277e-02 1.938372158765422348e-02 -1.891193326438933564e-02 -5.275181959785368857e-02
5.041269218076438463e-02 1.638276043563680062e-02 -1.589267868764865366e-02 -5.090277392875219853e-02
4.990792364592566699e-02 1.898889854848584413e-02 -1.669210794347764093e-02 -5.220471425093331508e-02
5.235516437231657605e-02 1.605171272769823076e-02 -1.727607901945782398e-02 -5.113079808055687181e-02
4.998654091350274165e-02 1.783077660255205643e-02 -1.623053577283473103e-02 -5.158678174321995602e-02
5.062865982524922259e-02 1.661162452261244482e-02 -1.411413461413024706e-02 -5.312614973373153138e-02
4.973688126517239461e-02 1.751585358875740184e-02 -1.679449876777128203e-02 -5.045823608615795930e-02
4.975765997109049543e-02 1.879649701133723205e-02 -1.487735328321670991e-02 -5.367680369921179473e-02
5.290262778282683875e-02 1.616400731829092940e-02 -1.654606966197136320e-02 -5.252056543914618292e-02
5.302304883611408393e-02 1.573401254905948399e-02 -1.661166051805862409e-02 -5.214540086711527689e-02
5.057834919106429794e-02 1.502128061868157616e-02 -1.541824754035814316e-02 -5.018138226938806401e-02
5.382580439807882478e-02 1.860516148950819293e-02 -1.914367515602644065e-02 -5.328729073156002194e-02
4.980472429266735723e-02 1.508696775706686033e-02 -1.503297680419013460e-02 -4.985871524554408296e-02
4.943189148336690764e-02 1.617191340772117236e-02 -1.374507838908400892e-02 -5.185872650200429312e-02
5.042001158451969722e-02 1.708687392684393735e-02 -1.788362160616363550e-02 -4.962326390520011010e-02
5.178115940700456221e-02 1.782727304385378631e-02 -1.710849798814695344e-02 -5.249993446271128406e-02
5.186990799830581977e-02 1.643235351160132751e-02 -1.816459474984000177e-02 -5.013766676006647938e-02
5.220362100030939700e-02 1.792979253884441349e-02 -1.821373425614025710e-02 -5.191967928301322033e-02
5.452561551794943284e-02 1.529839862159998454e-02 -1.608626407648694467e-02 -5.373775006306213964e-02
5.216644565305061931e-02 1.512117356863651452e-02 -1.608531218060049728e-02 -5.120230704108630349e-02
5.590322619263776716e-02 1.720276034869439030e-02 -1.779060034166035642e-02 -5.531538619967157899e-02
5.377692661445343525e-02 1.827050542952357581e-02 -1.728222305103155332e-02 -5.476520899294534672e-02
4.924211899823482952e-02 1.700798043790241465e-02 -1.734264393935081028e-02 -4.890745549678665594e-02
5.112878851786484269e-02 1.666961165214786433e-02 -1.746360263250490430e-02 -5.033479753750780272e-02
5.185889507636165519e-02 1.607742227832642534e-02 -1.794032150553681593e-02 -4.999599584915070949e-02
5.559557094990319470e-02 1.468476924248696136e-02 -1.765804059135056558e-02 -5.262229960103947946e-02
5.642237609403299992e-02 1.714483172165426339e-02 -1.456389802823154778e-02 -5.900330978745582655e-02
4.992584419891565872e-02 1.835368788951341479e-02 -1.796726790997027479e-02 -5.031226417845802157e-02
5.234727705131558828e-02 1.752524155202328515e-02 -2.119435924699131224e-02 -4.867815935634778324e-02
5.610920656739271095e-02 1.745971786906386214e-02 -2.131406515822886760e-02 -5.225485927822770549e-02
4.746758044934940024e-02 1.783047611509913644e-02 -1.421988581819855213e-02 -5.107817074625053966e-02
5.144322157549030550e-02 1.702799690918554987e-02 -1.709546857375576767e-02 -5.137574991092019872e-02
5.152240809858810167e-02 1.347008104777658311e-02 -1.573828924309983446e-02 -4.925419990326485031e-02
5.134225680427406679e-02 1.843907137885736347e-02 -1.633368297490445098e-02 -5.344764520822675724e-02
5.159217072142308069e-02 1.824050772585095181e-02 -1.709524234832826561e-02 -5.273743609894621098e-02
5.104341231392339751e-02 1.761926606073904722e-02 -1.844159178805304666e-02 -5.022108658660917602e-02
5.255046602556845414e-02 1.486821574566143944e-02 -1.616397221228604852e-02 -5.125470955894406710e-02
5.084753202210356982e-02 1.516615126298370697e-02 -1.668781642211303318e-02 -4.932586686297346645e-02
4.903591433248322140e-02 1.621090745918185583e-02 -1.533121120802427573e-02 -4.991561058364069048e-02
5.024784690778072438e-02 1.640174419202589107e-02 -1.585623135742808554e-02 -5.079335974237841889e-02
5.150810847747111509e-02 1.754955643757316608e-02 -1.805615416749295488e-02 -5.100151074755110425e-02
5.468372499813112242e-02 1.686165103078152150e-02 -1.519843837601519976e-02 -5.634693765289722212e-02
5.013710891726064212e-02 1.647843087819311769e-02 -1.587270168301690987e-02 -5.074283811243684994e-02
5.169103914796435717e-02 1.702206633222314025e-02 -1.583574248443975208e-02 -5.287736299574774534e-02
5.069610578143124435e-02 1.522346638881177938e-02 -1.424031434109396255e-02 -5.167925782914872812e-02
5.169849219075284275e-02 1.591413363373206380e-02 -1.884491273740396267e-02 -4.876771308708105490e-02
5.024914812462144553e-02 1.649128241581299115e-02 -1.781592865801995274e-02 -4.892450188241415088e-02
5.013724979033140627e-02 1.816463914681443192e-02 -1.596016626870033761e-02 -5.234172266844594468e-02
5.017221973787666656e-02 1.600443947195628880e-02 -1.550521558923467769e-02 -5.067144362059827767e-02
5.176580467875058211e-02 1.986989806797034852e-02 -1.916518462961502856e-02 -5.247051811710623515e-02
5.101054910852509394e-02 1.786163951051067400e-02 -1.966397899960614648e-02 -4.920820961942939942e-02
5.124827766671447016e-02 1.612913661900350348e-02 -1.552307727890367417e-02 -5.185433700681441049e-02
4.918541055951708429e-02 1.592651593864191639e-02 -1.750102871468739441e-02 -4.761089778347160628e-02
5.416705557162160289e-02 1.838229260040624702e-02 -2.083789981051042961e-02 -5.171144836151764235e-02
5.577846209271131173e-02 1.740458104735242983e-02 -1.901420233516781799e-02 -5.416884080489592357e-02
5.230300225453277108e-02 1.663811530179204468e-02 -1.668665805822500126e-02 -5.225445949810003654e-02
4.890657181120539043e-02 1.606266559986080367e-02 -1.561453559372416589e-02 -4.935470181734236128e-02
5.075338808325957629e-02 1.590572863078976162e-02 -1.679041553126447983e-02 -4.986870118278474706e-02
5.239898675346288393e-02 1.799758372031234899e-02 -1.814631312401060459e-02 -5.225025734976485037e-02
5.151223287074424562e-02 1.795506012367842352e-02 -1.745022189632416953e-02 -5.201707109809883267e-02
5.148642686983029293e-02 1.563377297672352562e-02 -1.666458544526239205e-02 -5.045561440129120445e-02
4.982138100905619815e-02 1.623106579117994386e-02 -1.584184184422565700e-02 -5.021060495601048501e-02
5.119920066401850711e-02 1.553661945298312475e-02 -1.539650984737794825e-02 -5.133931026962368360e-02
5.192802301272636534e-02 1.953877248476976192e-02 -1.910911989906360908e-02 -5.235767559843262919e-02
5.070411548285158609e-02 1.759002545073706791e-02 -1.770688407962572875e-02 -5.058725685396314731e-02
5.275665291457554140e-02 1.608639976572567853e-02 -1.852785958540126288e-02 -5.031519309489962399e-02
4.986098710757880248e-02 1.634782427562897489e-02 -1.526142186747658780e-02 -5.094738951573052343e-02
5.387912300942021560e-02 1.597847591696610614e-02 -1.715532935911023849e-02 -5.270226956727586121e-02
5.195409552175078716e-02 1.899236540642657012e-02 -1.779369641259109791e-02 -5.315276451558659243e-02
5.333901879770186483e-02 1.825459963518594186e-02 -1.798713468917478853e-02 -5.360648374371335123e-02
5.514650953980204662e-02 1.719210043784502595e-02 -1.853222416316369081e-02 -5.380638581448338176e-02
5.164739013456109973e-02 1.907734289389728666e-02 -1.890288395518446851e-02 -5.182184907327402890e-02
5.369148852859972898e-02 1.570202535116926867e-02 -1.561177756345866197e-02 -5.378173631631011364e-02
5.184905924921956455e-02 1.745894474480791381e-02 -1.814367916946213466e-02 -5.116432482456589881e-02
4.204010779713218682e-02 1.625177402363098267e-02 -1.779053224941706812e-02 -4.050134957134621239e-02
5.071770112676921016e-02 1.914363569271437804e-02 -1.945413094510983765e-02 -5.040720587437319544e-02
4.779211079382461591e-02 1.684267459569288583e-02 -1.550566158948585294e-02 -4.912912380003175983e-02
5.146609784135636190e-02 1.663437970731584947e-02 -1.646118360882398157e-02 -5.163929393984867389e-02
5.180640986880513665e-02 1.700014295313256873e-02 -1.763013181223549442e-02 -5.117642100970187791e-02
5.413286515427628842e-02 1.593695680908280288e-02 -1.823101884805444772e-02 -5.183880311530464358e-02
5.241018297580590790e-02 1.627008268215668352e-02 -1.593829900278076472e-02 -5.274196665518171567e-02
5.247599863465945980e-02 1.643275417008571715e-02 -1.864543048150479887e-02 -5.026332232324026705e-02
5.453619825485667150e-02 1.515413987671276885e-02 -1.740682855288977482e-02 -5.228350957868022064e-02
4.935070667077900985e-02 1.826568271882789141e-02 -1.690612835081439780e-02 -5.071026103879250346e-02
5.399128465560765200e-02 1.800760872510220878e-02 -1.728615725623883215e-02 -5.471273612447058454e-02
4.548056623517893193e-02 1.396035174576026883e-02 -1.331350553838672734e-02 -4.612741244255236239e-02
5.355046519686146311e-02 1.857133770025987118e-02 -1.731609196410932583e-02 -5.480571093301189745e-02
5.307363956557620277e-02 1.387865559289158668e-02 -1.862790873714648132e-02 -4.832438642132097506e-02
5.222946725937216428e-02 1.598712811879599016e-02 -1.630379782354174356e-02 -5.191279755462652190e-02
5.113510636061757708e-02 1.951205328044802734e-02 -1.678995571716612734e-02 -5.385720392389969913e-02
5.336733431505091829e-02 1.548149974313695054e-02 -1.671126154558189025e-02 -5.213757251260631165e-02
4.987899254160121920e-02 1.602075962455073999e-02 -1.699149580496328582e-02 -4.890825636118867337e-02
5.291588530546231794e-02 1.734203040965875964e-02 -1.644389419308112110e-02 -5.381402152203973444e-02
5.489915472506767813e-02 1.812346947530008023e-02 -1.901425067497741761e-02 -5.400837352539133995e-02
5.295247482334453082e-02 1.729226982319009842e-02 -1.589287447295972822e-02 -5.435187017357467898e-02
5.061971240172158382e-02 1.651749137707714254e-02 -1.542852951779982718e-02 -5.170867426099956532e-02
5.143495536382114430e-02 1.779839383322756596e-02 -1.856985839396962934e-02 -5.066349080307930297e-02
5.005172996847262468e-02 1.844792819794793814e-02 -1.846758935978631833e-02 -5.003206880663424450e-02
4.801282232823633755e-02 1.679844716306799768e-02 -1.450565831487082846e-02 -5.030561117643306268e-02
5.310429165081487213e-02 1.986858445108330429e-02 -1.668264865593360735e-02 -5.629022744596445804e-02
5.593855784534351727e-02 1.606156244343437400e-02 -1.848605600133035320e-02 -5.351406428744776012e-02
5.131086298112719213e-02 1.668083211375726016e-02 -1.599551834453794008e-02 -5.199617675034662323e-02
5.314183974745390060e-02 1.779515423915989381e-02 -1.938422956757857030e-02 -5.155276441903577922e-02
4.814628518810648572e-02 1.516224127858367687e-02 -1.446042262891056307e-02 -4.884810383777971055e-02
5.302610339637126025e-02 1.519825233950089505e-02 -1.449770062492061751e-02 -5.372665511095142676e-02
5.257646981040675627e-02 1.928837882569567341e-02 -2.020984319111429617e-02 -5.165500544498813351e-02
5.098777295383594144e-02 1.845577587538582698e-02 -1.635931406357915563e-02 -5.308423476564261279e-02
5.214051600075264581e-02 1.857435113132788196e-02 -1.996869171820880862e-02 -5.074617541387227426e-02
5.222266033175992916e-02 1.609153708520238979e-02 -1.572478095326579339e-02 -5.258941646369652556e-02
5.442196129290777229e-02 1.960434718152792577e-02 -2.182601722540045142e-02 -5.220029124903513562e-02
5.148428308431229894e-02 1.726709360570866103e-02 -1.700054018421037760e-02 -5.175083650581058237e-02
5.100231468725580086e-02 1.608532751481561718e-02 -1.650063188095829414e-02 -5.058701032111312390e-02
5.176098468647927220e-02 1.694813208539036609e-02 -1.852796553565205784e-02 -5.018115123621769147e-02
5.251503544822933023e-02 1.430682759116730374e-02 -1.656909116755078681e-02 -5.025277187184595817e-02
5.209341900962072280e-02 2.019159750099830397e-02 -1.864197643931331250e-02 -5.364304007130560326e-02
5.103686938750540136e-02 1.928702770654622256e-02 -1.772303595331825576e-02 -5.260086114073347918e-02
5.026652877316917234e-02 1.899039357378540238e-02 -1.721573110603891177e-02 -5.204119124091577397e-02
5.176479058693717050e-02 1.792916501362951109e-02 -1.968527853238499770e-02 -5.000867706818201697e-02
4.927291175904180420e-02 1.924425752855785099e-02 -1.758645741435738152e-02 -5.093071187324271776e-02
4.869131890523537010e-02 1.716794892373130210e-02 -1.624825056299328274e-02 -4.961101726597350048e-02
5.476486970746985428e-02 1.777739042055981322e-02 -1.725968973524116823e-02 -5.528257039278872131e-02
5.226784420254548813e-02 1.616351120244363671e-02 -1.786544802448764013e-02 -5.056590738050159572e-02
5.089970557961120967e-02 1.524436181444310812e-02 -1.500690289794159860e-02 -5.113716449611283021e-02
5.081879980556713861e-02 1.881670743233687659e-02 -1.610986650208967585e-02 -5.352564073581478343e-02
5.154528802955171685e-02 1.920046460709778913e-02 -1.731903749017604799e-02 -5.342671514647356901e-02
5.066911508964966337e-02 1.800332682146521535e-02 -1.765199434099273823e-02 -5.102044757012202947e-02
5.140454638287605960e-02 1.812473772421752116e-02 -1.907664602926539832e-02 -5.045263807782818244e-02
5.393652140673932394e-02 1.587161438339790287e-02 -2.023988052666558790e-02 -4.956825526347141686e-02
5.120752485975588186e-02 1.799217096167682328e-02 -1.572943501636447916e-02 -5.347026080506800394e-02
5.010615680047414422e-02 1.550465773177633899e-02 -1.546823183307677319e-02 -5.014258269917437616e-02
5.273969537361100635e-02 1.820327940246091458e-02 -1.689246585388581856e-02 -5.405050892218565828e-02
4.907813259244053761e-02 1.649606655253266219e-02 -1.610121985118662113e-02 -4.947297929378657866e-02
5.149606621286362262e-02 1.712496267898666602e-02 -1.665820860932620828e-02 -5.196282028252374730e-02
5.119000832962128378e-02 1.572190632823478040e-02 -1.414822628960255013e-02 -5.276368836825362507e-02
5.471423277276343811e-02 1.870989345571483220e-02 -1.839865206166957368e-02 -5.502547416680891867e-02
5.346303588122403028e-02 1.794845734734940024e-02 -1.899336889150937679e-02 -5.241812433706438679e-02
5.234699862661429393e-02 1.784276373630611090e-02 -1.980278139167357399e-02 -5.038698097124671982e-02
5.382921700103637797e-02 1.950379609846231155e-02 -1.967680609603483788e-02 -5.365620700346329652e-02
5.035513048214013132e-02 1.962381440167026980e-02 -1.807507062773194839e-02 -5.190387425607823069e-02
5.205988272809869422e-02 1.708155928867371998e-02 -1.524254608492481289e-02 -5.389889593184782335e-02
5.330463148526476402e-02 1.825803614511745110e-02 -2.042856092979117300e-02 -5.113410670059137519e-02
5.640479445837365269e-02 2.012258073395845059e-02 -1.962689708573828185e-02 -5.690047810659404348e-02
5.461881188627426553e-02 1.791497110896989042e-02 -1.889203344122614148e-02 -5.364174955401812550e-02
5.429819290177051450e-02 1.417566520304980315e-02 -1.587289777612854724e-02 -5.260096032869143734e-02
5.336791376825744670e-02 1.616086118183135412e-02 -1.649540413217931434e-02 -5.303337081790937546e-02
4.946671585583861663e-02 1.833693058762397854e-02 -1.692395464526175175e-02 -5.087969179820095444e-02
5.043137794619356740e-02 1.716133404993214207e-02 -1.663066160559922846e-02 -5.096205039052648100e-02
5.304902472919503786e-02 1.460999059010892331e-02 -1.530500209290697189e-02 -5.235401322639710031e-02
4.982292152227274507e-02 1.813597533495547864e-02 -1.772735906558720043e-02 -5.023153779164113431e-02
4.938789480814853583e-02 1.777982923094234557e-02 -1.817086585161742374e-02 -4.899685818747379074e-02
5.329417897981536534e-02 1.662635614230811854e-02 -1.601152013053430689e-02 -5.390901499158873289e-02
5.354086413662884070e-02 1.602161566772442036e-02 -1.607491666516491780e-02 -5.348756313918789917e-02
4.999411521766283784e-02 1.842205656914308598e-02 -1.827220438183263518e-02 -5.014396740497351068e-02
5.107893093975945931e-02 1.705038170193162728e-02 -1.807631199292936142e-02 -5.005300064876205823e-02
5.484731889370952906e-02 1.627277797798831749e-02 -1.583510102136997943e-02 -5.528499585032775610e-02
5.295015168352334989e-02 1.811859875194343772e-02 -1.760181094251545009e-02 -5.346693949295122650e-02
5.096077439861490532e-02 1.795901321592885402e-02 -1.797657370720806558e-02 -5.094321390733591581e-02
5.252466008175971091e-02 1.536362973470217774e-02 -1.514856486480864461e-02 -5.273972495165346608e-02
5.220571526745598767e-02 1.547366796517724019e-02 -1.817103248009210859e-02 -4.950835075254100826e-02
5.071238362779895148e-02 1.550997861199232553e-02 -1.695193379190018668e-02 -4.927042844789142340e-02
5.270890724114152270e-02 1.844217669207681709e-02 -1.797748195391701831e-02 -5.317360197930109944e-02
5.310045517168004992e-02 1.932258694729815929e-02 -1.814655312771962237e-02 -5.427648899125869786e-02
5.219181781561710309e-02 1.403131050929751211e-02 -1.656441072465797415e-02 -4.965871760025675208e-02
5.268418923006579213e-02 1.972879093063073519e-02 -1.953289951522541035e-02 -5.288008064547078391e-02
5.409799907340251401e-02 1.418564286043899614e-02 -1.629381048977129876e-02 -5.198983144407010037e-02
5.388896460992698145e-02 1.899323618583692586e-02 -1.758823189101010875e-02 -5.529396890475390958e-02
5.219858935821286572e-02 1.768898368906590690e-02 -1.871465780884917773e-02 -5.117291523842992795e-02
5.251301460912038976e-02 1.703222408283777689e-02 -1.817487664094186162e-02 -5.137036205101597197e-02
5.311320165035859908e-02 1.613636064095946843e-02 -1.715152199191438687e-02 -5.209804029940412473e-02
5.167337113711023555e-02 1.992903541504320586e-02 -1.686220214049560795e-02 -5.474020441165827755e-02
5.115042950747783479e-02 1.730296439118905738e-02 -1.565141993286978117e-02 -5.280197396579699998e-02
5.174144015565418364e-02 1.719075085841059725e-02 -1.650840176957368843e-02 -5.242378924449120348e-02
5.299923551509966302e-02 1.958871539175532916e-02 -1.938493949714448217e-02 -5.320301140971073206e-02
5.250355626764746653e-02 1.901115465090708057e-02 -1.602675216092053212e-02 -5.548795875763345986e-02
5.067787872796869486e-02 1.681700053948831375e-02 -1.657513134858934478e-02 -5.091974791886810792e-02
5.113212193117822046e-02 1.534718106531407500e-02 -1.530295624438704483e-02 -5.117634675210480655e-02
5.019610141587094176e-02 1.967690155835377652e-02 -1.980421206430260650e-02 -5.006879090992188974e-02
4.969078315589947614e-02 1.842023544686743897e-02 -1.580915111314507016e-02 -5.230186748962217802e-02
4.946382904368862299e-02 1.737381342016441899e-02 -1.664942278381187357e-02 -5.018821968004127942e-02
4.982263433232758665e-02 1.781258977970412438e-02 -1.663774140486407038e-02 -5.099748270716752963e-02
5.310470867681860163e-02 2.124976337946749005e-02 -2.162087040672844296e-02 -5.273360164955731566e-02
4.932566049014575071e-02 1.844358088151021313e-02 -1.769320529160145483e-02 -5.007603608005473106e-02
5.353289181421594378e-02 1.885866163258298478e-02 -1.879339592390960600e-02 -5.359815752288976665e-02
5.415233254544116193e-02 1.698179809398991935e-02 -1.822810281393028031e-02 -5.290602782550057892e-02
5.197940963688751914e-02 1.705173544997617974e-02 -1.821180301958791325e-02 -5.081934206727567460e-02
5.400884315270482183e-02 1.347921713360644702e-02 -1.725322307712018333e-02 -5.023483720919075246e-02
5.146922457960489972e-02 1.694879497364798482e-02 -1.613717710067952282e-02 -5.228084245257325069e-02
5.218910817268196389e-02 1.899975185347302364e-02 -1.742578798076732660e-02 -5.376307204538732787e-02
5.096703482928433004e-02 1.790603437405624554e-02 -1.489113502243943898e-02 -5.398193418090191376e-02
5.069927970841625609e-02 1.879033201783397722e-02 -1.831748121032261700e-02 -5.117213051592706119e-02
5.189907775637658816e-02 1.706315737280283962e-02 -1.838745550718268174e-02 -5.057477962199685706e-02
5.230689626974305284e-02 1.727078465130316154e-02 -1.950675424143066827e-02 -5.007092667961521304e-02
5.134229303314574722e-02 1.859955304756466532e-02 -1.714717213893734993e-02 -5.279467394177284056e-02
4.994476397838143455e-02 1.683394374109581371e-02 -1.619322489967389700e-02 -5.058548281980290717e-02
5.100241799319049640e-02 1.726498538372966962e-02 -1.749930680299349728e-02 -5.076809657392655772e-02
4.967431399900479327e-02 1.633579723479039458e-02 -1.591541080972214139e-02 -5.009470042407304646e-02
5.331686978288563417e-02 1.776924075471253417e-02 -1.853862742378242778e-02 -5.254748311381551851e-02
5.187463749155907244e-02 1.628293524080359767e-02 -1.714564145857455646e-02 -5.101193127378822467e-02
5.094316879015958754e-02 1.924057710156779066e-02 -1.877488307412711332e-02 -5.140886281760048693e-02
5.061387675741157999e-02 1.992300863760698704e-02 -1.814499124151047749e-02 -5.239189415350897772e-02
5.034030102647402138e-02 1.960149469956506962e-02 -1.851434984523614435e-02 -5.142744588080339074e-02
5.504379057832342603e-02 1.767135380860951344e-02 -1.865027538221197823e-02 -5.406486900472107227e-02
4.905121644183951801e-02 1.706616086689183298e-02 -1.732102164913884579e-02 -4.879635565959228316e-02
4.993350372665927850e-02 1.608534158636909517e-02 -1.818777557318018712e-02 -4.783106973984774246e-02
5.626930425642728828e-02 1.668214381831489845e-02 -1.793642176718523995e-02 -5.501502630755716883e-02
4.775206165548162573e-02 1.744355277538467419e-02 -1.751373966509661706e-02 -4.768187476576923878e-02
4.971351812311586293e-02 1.824157397576975370e-02 -1.641399234151863507e-02 -5.154109975736687055e-02
4.976152978730774556e-02 1.816548763794800792e-02 -1.428055321782539799e-02 -5.364646420743035549e-02
4.858361578301728656e-02 1.796407021881618604e-02 -1.655181702280505984e-02 -4.999586897902819072e-02
5.068335263736400975e-02 1.722215449570896340e-02 -1.615250973134718659e-02 -5.175299740172556451e-02
5.181633129363505397e-02 1.757824809706387548e-02 -1.676831710278958720e-02 -5.262626228790923122e-02
5.372939425417633252e-02 1.661097670715494523e-02 -1.814015444322325532e-02 -5.220021651810768937e-02
5.116610082746797517e-02 1.799905854043215570e-02 -1.953015560287829633e-02 -4.963500376502172351e-02
5.328363144225600756e-02 1.898911627019028714e-02 -1.710127858101240239e-02 -5.517146913143411435e-02
4.955375728848365746e-02 1.580192498149735059e-02 -1.440728959564396838e-02 -5.094839267433681762e-02
5.089681428117098783e-02 1.649998548265307896e-02 -1.596234043507738232e-02 -5.143445932874690651e-02
4.877957200368898683e-02 1.954462498372588897e-02 -1.645550911588877785e-02 -5.186868787152576488e-02
4.989380345691607488e-02 1.744183554812139825e-02 -1.714035191072293962e-02 -5.019528709431453350e-02
5.117895295434760072e-02 1.615295658864313033e-02 -1.678137686376790505e-02 -5.055053267922315907e-02
5.247495421430770079e-02 1.751395910225750363e-02 -1.653828114878364008e-02 -5.345063216778200843e-02
4.990281526829210001e-02 1.910498745420574629e-02 -1.821989358999509534e-02 -5.078790913250341710e-02
5.129776270604691213e-02 1.808790217571920600e-02 -1.781222211956190460e-02 -5.157344276220465762e-02
5.392432029895810608e-02 1.631415413609116349e-02 -1.734132622949469127e-02 -5.289714820555491137e-02
5.374459017387689386e-02 1.898644049959474778e-02 -1.939224474674194898e-02 -5.333878592672935959e-02
5.707832920638655771e-02 1.832060532257906438e-02 -1.838924369736305575e-02 -5.700969083160245532e-02
5.026275580265759935e-02 1.743701235006556161e-02 -1.676870254684137418e-02 -5.093106560588178677e-02
5.323755663395757232e-02 1.505046749954286334e-02 -1.680846915978284617e-02 -5.147955497371736744e-02
4.743816882343887542e-02 1.658297320988899592e-02 -1.481033458060554420e-02 -4.921080745272254919e-02
5.266109167755939069e-02 1.703096441672413697e-02 -1.965262516571308904e-02 -5.003943092857066066e-02
5.354326656231633841e-02 1.923713234079360568e-02 -1.619136146072086557e-02 -5.658903744238930056e-02
5.232550610130548563e-02 1.880950648901968947e-02 -1.818625402274942626e-02 -5.294875856757585986e-02
5.509444860118373199e-02 1.749898242563308060e-02 -1.776004350619020400e-02 -5.483338752062660859e-02
4.919988902131633424e-02 1.899203221543777076e-02 -1.900634104333209784e-02 -4.918558019342189613e-02
5.146247689603877795e-02 1.742576928657468827e-02 -1.965568746730272931e-02 -4.923255871531073691e-02
4.966655772817207826e-02 1.798142277638592468e-02 -1.810855565139768419e-02 -4.953942485315987465e-02
5.320414072820955909e-02 1.874902926070864950e-02 -1.960725666205220818e-02 -5.234591332686622245e-02
5.295203519606572762e-02 1.586692183243543219e-02 -1.679515007273357785e-02 -5.202380695576735992e-02
5.244101746202955994e-02 1.612193528536520759e-02 -1.466844954377533039e-02 -5.389450320361921509e-02
5.280806703093943177e-02 1.865759380314080396e-02 -1.945032282778025312e-02 -5.201533800629987159e-02
5.141186707232914266e-02 1.682901317113438822e-02 -1.603384782265981912e-02 -5.220703242080382278e-02
5.343604936138368622e-02 1.746261251143010895e-02 -1.566981283916435430e-02 -5.522884903364977394e-02
4.771029808124693794e-02 2.057923997401656102e-02 -1.864162547990200203e-02 -4.964791257536138591e-02
4.881192984880966534e-02 1.641886644731771483e-02 -1.487732212021630751e-02 -5.035347417591140573e-02
5.210805992052636171e-02 1.784332583694880903e-02 -1.817395013322165020e-02 -5.177743562425318746e-02
5.202165096565836144e-02 1.644681629018451829e-02 -1.710076603943322393e-02 -5.136770121640976683e-02
5.076531231486591800e-02 1.894326517424427259e-02 -1.682563578236329072e-02 -5.288294170674667782e-02
5.292525933213343414e-02 1.667377026519534233e-02 -1.760750285254575331e-02 -5.199152674478280112e-02
5.515571277313147114e-02 1.780177290373030630e-02 -1.933564839987733652e-02 -5.362183727698455193e-02
5.203968847446516222e-02 1.584904508774132026e-02 -1.620575995436945860e-02 -5.168297360783757899e-02
5.231161103543491286e-02 1.614320602372187885e-02 -1.788686593905086664e-02 -5.056795112010548099e-02
5.329827927053876202e-02 1.834840053135855520e-02 -1.786790238496283045e-02 -5.377877741693493086e-02
4.981949640819971492e-02 1.757169885632170470e-02 -1.559407672822399338e-02 -5.179711853629698215e-02
5.230034164863628376e-02 1.922567085075121973e-02 -1.785086444013606055e-02 -5.367514805925177601e-02
4.860290117912247077e-02 1.666075275842593406e-02 -1.493394249337731683e-02 -5.032971144417086595e-02
5.276367134554926785e-02 1.665055976306528684e-02 -1.733368923256695115e-02 -5.208054187604760354e-02
5.205921203936392239e-02 1.631978897498220782e-02 -1.483681027190231205e-02 -5.354219074244348509e-02
5.162175325520546032e-02 1.513465191379315122e-02 -1.545158037967353515e-02 -5.130482478932529844e-02
5.295783073398308005e-02 1.819498901436666927e-02 -1.768999805236282086e-02 -5.346282169598748357e-02
5.116423778943413048e-02 1.794373830484508048e-02 -1.603791179054736560e-02 -5.307006430373173433e-02
5.204504525990905073e-02 1.704251431851444565e-02 -1.504617571123134656e-02 -5.404138386719248288e-02
5.058764558459705185e-02 1.620712526002288101e-02 -1.388150037738111742e-02 -5.291327046723892646e-02
5.294763526346613070e-02 1.747302784735538239e-02 -1.798982713652008680e-02 -5.243083597430153731e-02
5.276082279796145968e-02 1.836553918565808630e-02 -1.562670371530772151e-02 -5.549965826831182447e-02
5.068812639346642612e-02 1.890407062422494455e-02 -1.732366970418419694e-02 -5.226852731350750680e-02
5.445018723249028803e-02 1.703338388708464102e-02 -1.700331790015852107e-02 -5.448025321941663002e-02
5.296291738589609110e-02 1.508450892729373827e-02 -1.531784594078244854e-02 -5.272958037240726981e-02
5.121390668766379051e-02 1.488395575845569141e-02 -1.698252282769596722e-02 -4.911533961842362572e-02
5.406609686496510747e-02 1.681017019919250899e-02 -1.867181232128822810e-02 -5.220445474287005450e-02
4.800783180759005120e-02 1.753199851636266793e-02 -1.506624391915345473e-02 -5.047358640479937542e-02
4.934891252190642952e-02 1.696507807273617274e-02 -1.588063964717201237e-02 -5.043335094747025682e-02
5.124847066655724426e-02 1.682163399776026580e-02 -1.764088974765720685e-02 -5.042921491666074729e-02
5.065528033402588726e-02 1.801273217343535293e-02 -1.640250637643114739e-02 -5.226550613103064791e-02
4.692679415444978019e-02 1.814011178907848354e-02 -1.453162571832133931e-02 -5.053528022520648033e-02
5.020376519012081928e-02 1.611947206148189871e-02 -1.624588632720869175e-02 -5.007735092439369318e-02
5.145373338653924655e-02 1.887454799496479652e-02 -2.005286468634370767e-02 -5.027541669516044642e-02
4.954892502392915787e-02 1.550558862396211879e-02 -1.472199954396224975e-02 -5.033251410392858283e-02
5.281558134390151871e-02 1.792257142197972719e-02 -1.891428144170526071e-02 -5.182387132417609621e-02
5.179255281315042758e-02 1.677488489340994704e-02 -1.675515897654011876e-02 -5.181227873002036688e-02
5.066668038866972701e-02 1.945617438023239387e-02 -1.876661958463232693e-02 -5.135623518427001599e-02
5.168437923940838452e-02 1.622984886865030951e-02 -1.802823202637204858e-02 -4.988599608168675648e-02
5.134834651755104673e-02 1.731985239378053265e-02 -1.742979831200996976e-02 -5.123840059932138757e-02
5.259967109181462597e-02 1.687270814590768886e-02 -1.495872195854297537e-02 -5.451365727917956150e-02
4.736810813634040329e-02 1.630653089245726051e-02 -1.550814281259438321e-02 -4.816649621620294752e-02
4.920949293708609673e-02 1.870584409261244474e-02 -1.920123079331359506e-02 -4.871410623638472437e-02
5.468523970320693373e-02 1.555572029831653325e-02 -1.652978819179018455e-02 -5.371117180973306038e-02
5.386928045785999153e-02 1.625245852039203243e-02 -1.763651287611867069e-02 -5.248522610213313122e-02
5.243732947251489307e-02 1.898119929465336142e-02 -1.949783504916069443e-02 -5.192069371800756006e-02
5.155889595652074497e-02 1.848917466575339397e-02 -1.815371475763516429e-02 -5.189435586463930772e-02
5.109496201217256228e-02 1.973572796725964196e-02 -2.045809661933373214e-02 -5.037259336009869415e-02
4.968929969573854244e-02 1.639420650717426930e-02 -1.783951044299836308e-02 -4.824399575991489275e-02
4.993299120632244126e-02 1.823643884726333653e-02 -1.669312356758689830e-02 -5.147630648599899050e-02
4.810473272341853068e-02 1.654524070559215687e-02 -1.587392591398206765e-02 -4.877604751502828684e-02
5.150668448394446486e-02 1.762254121121342720e-02 -1.871581277120304421e-02 -5.041341292395451479e-02
4.802542062173453807e-02 1.711053256000938383e-02 -1.681147874694632893e-02 -4.832447443479725990e-02
5.353029354339855495e-02 1.532245463986448009e-02 -1.773406128598176146e-02 -5.111868689728149562e-02
5.421182128596258032e-02 1.714852597716554072e-02 -1.883599879508324193e-02 -5.252434846804510116e-02
5.160402664926033722e-02 1.826149797724840873e-02 -1.702107901810256951e-02 -5.284444560840562133e-02
5.146665722178456193e-02 1.753682024832325936e-02 -1.585254106471933877e-02 -5.315093640538848252e-02
5.237925071650573194e-02 2.029018841690954922e-02 -2.103365801258527679e-02 -5.163578112082978233e-02
5.263845504096087424e-02 1.717245246178222828e-02 -1.755745107457395981e-02 -5.225345642816914271e-02
5.003324113268048379e-02 1.639798670231651379e-02 -1.634301985059471995e-02 -5.008820798440227762e-02
5.323846329809978073e-02 1.782683016431008127e-02 -1.931595589775347843e-02 -5.174933756465627255e-02
5.077968616142580771e-02 1.801182568618786561e-02 -1.993852104122917357e-02 -4.885299080638516589e-02
5.190282922639788410e-02 1.717898567763143092e-02 -1.702912068851736294e-02 -5.205269421551239617e-02
5.290497901775736977e-02 1.551781976584409861e-02 -1.527637550613136774e-02 -5.314642327746987860e-02
5.612875472998002380e-02 1.566267101089824365e-02 -1.580837040305271834e-02 -5.598305533782543808e-02
4.844678836385707399e-02 1.551460247982072715e-02 -1.366253287346741452e-02 -5.029885797021016458e-02
5.483905942086897412e-02 1.847774849447159085e-02 -1.977885357362152430e-02 -5.353795434171915169e-02
4.884279181162853867e-02 2.024473138278914952e-02 -1.743711570976425040e-02 -5.165040748465343778e-02
4.982850272248029455e-02 1.660495466665024011e-02 -1.505419063125912338e-02 -5.137926675787174435e-02
4.962721958915827791e-02 1.644271388644291676e-02 -1.491482097735274959e-02 -5.115511249824844509e-02
4.986315040392486075e-02 1.758785508659133079e-02 -1.534026522036735507e-02 -5.211074027014916954e-02
4.738951903046206837e-02 1.927673853169320495e-02 -1.655195024240330159e-02 -5.011430731975241581e-02
5.296274499875108788e-02 1.610899069063509437e-02 -1.716255369924746255e-02 -5.190918199013849765e-02
5.054934361440177604e-02 1.775823691228683998e-02 -1.785078790481209321e-02 -5.045679262187574565e-02
5.232704862922910038e-02 1.369990204780746623e-02 -1.854777437690957598e-02 -4.747917630012699064e-02
5.016828790249006076e-02 1.725230298110114191e-02 -1.693224999650611018e-02 -5.048834088708453738e-02
4.978575302658838631e-02 1.846759078526427622e-02 -1.764940341601195506e-02 -5.060394039584004133e-02
5.224526128393636171e-02 2.007477217902375877e-02 -2.007908504499056335e-02 -5.224094841797011224e-02
5.500751264276293462e-02 1.410285775092678939e-02 -1.508157004002241841e-02 -5.402880035366752765e-02
4.788349328068775002e-02 1.624717885777049453e-02 -1.634609820854693307e-02 -4.778457392991142250e-02
5.013857953687583802e-02 1.541797634048669430e-02 -1.474564698760494341e-02 -5.081090888975792197e-02
4.941446484147760110e-02 1.783632979418192654e-02 -1.653253814774013897e-02 -5.071825648791916663e-02
5.410448501581166525e-02 1.392762772420708117e-02 -1.725039151607110632e-02 -5.078172122394741805e-02
4.937854788695639208e-02 1.807524528158577226e-02 -1.663211518951757117e-02 -5.082167797902514828e-02
5.094772762712462821e-02 1.917612232127585692e-02 -1.936696722603659104e-02 -5.075688272236345000e-02
4.977529960060911307e-02 1.627575742959219696e-02 -1.638649515590795414e-02 -4.966456187429335589e-02
5.579916620316027753e-02 1.761856083142832041e-02 -1.829922166762043556e-02 -5.511850536696771830e-02
5.559867193206513569e-02 1.629018354502731469e-02 -1.649629829040499818e-02 -5.539255718668778528e-02
5.346050747015418381e-02 1.804451000534967875e-02 -1.692555549234364687e-02 -5.457946198316043773e-02
5.543127135679770667e-02 1.607218881547267664e-02 -1.825140838569350166e-02 -5.325205178657732574e-02
5.369695199588009338e-02 1.772238226077149648e-02 -1.664850039499143897e-02 -5.477083386166015089e-02
5.242348841710642304e-02 1.916864095031622917e-02 -1.799590843091958270e-02 -5.359622093650273644e-02
5.494293093226643165e-02 1.751216258246746094e-02 -1.961358149070613344e-02 -5.284151202402753711e-02
5.290214354079547654e-02 1.709854246586717252e-02 -1.841384864258610587e-02 -5.158683736407709830e-02
5.353061373160872272e-02 1.833279053870051634e-02 -1.890105222858895484e-02 -5.296235204172050626e-02
5.097894859223894848e-02 2.076819654362549450e-02 -1.965862621948089028e-02 -5.208851891638377474e-02
4.974604719695641109e-02 1.724089264302186564e-02 -1.786930246207318884e-02 -4.911763737790486584e-02
5.156081260648415210e-02 1.677960937127220831e-02 -1.800790055029610759e-02 -5.033252142746003077e-02
5.442627440616010226e-02 1.887031476078804282e-02 -1.772620878643171860e-02 -5.557038038051664852e-02
5.112545121507294787e-02 1.788582391278215056e-02 -1.859070276490648599e-02 -5.042057236294916756e-02
5.639377280100488221e-02 1.674685520782714931e-02 -1.800380596884965101e-02 -5.513682203998226949e-02
4.861224105312622612e-02 1.662360422093822621e-02 -1.509718274230997803e-02 -5.013866253175425225e-02
5.265812306701489476e-02 2.010598335846158768e-02 -2.098857482979954447e-02 -5.177553159567693797e-02
5.626144436624391787e-02 1.999928553255525543e-02 -2.153720036431439055e-02 -5.472352953448500479e-02
5.029233773998642576e-02 1.719092569708813301e-02 -1.721157778148785233e-02 -5.027168565558670643e-02
5.193733966133673441e-02 1.678809096590216932e-02 -1.683970410393031969e-02 -5.188572652330913915e-02
5.687432066905562245e-02 1.995922296044327915e-02 -2.227456506179825713e-02 -5.455897856770053345e-02
5.301522731521068899e-02 2.005312462772201876e-02 -1.878378035238181809e-02 -5.428457159055100067e-02
4.988960174741330356e-02 1.563451427218764955e-02 -1.551694965044825292e-02 -5.000716636915292224e-02
5.408134759689464666e-02 1.618490567030450578e-02 -1.933361972771241444e-02 -5.093263353948651595e-02
5.127370972862221876e-02 1.698915144060975102e-02 -1.655081895393573088e-02 -5.171204221529634992e-02
5.046137644846337977e-02 1.920549894709000505e-02 -1.780942442251076674e-02 -5.185745097304284013e-02
5.212052866175387322e-02 1.766893241962352867e-02 -1.680132126922728730e-02 -5.298813981214944846e-02
5.193772905677196405e-02 1.959304312726817265e-02 -1.779387551889821673e-02 -5.373689666514147589e-02
5.004716246131724056e-02 1.666728050117760596e-02 -1.530903654530257896e-02 -5.140540641719260062e-02
5.548079648942971787e-02 1.816025797726328328e-02 -1.665874127222566337e-02 -5.698231319446722676e-02
5.240380509502351458e-02 1.689383920206077860e-02 -1.918470296054508584e-02 -5.011294133653898530e-02
5.171395565748504453e-02 1.643288970488265832e-02 -1.823557502543671216e-02 -4.991127033693110171e-02
5.165303465374382341e-02 1.727783211233080429e-02 -1.906486223098025068e-02 -4.986600453509393294e-02
5.308181521533050784e-02 1.968853880341647766e-02 -1.939923258851383725e-02 -5.337112143023325928e-02
5.161124682722051382e-02 1.757379074312148681e-02 -1.622569773721382891e-02 -5.295933983312761661e-02
5.120822162462346228e-02 1.876422500386554226e-02 -1.809390756366979769e-02 -5.187853906481898481e-02
4.520968423735882702e-02 1.722241350158770778e-02 -1.763294322527819702e-02 -4.479915451366800472e-02
4.920760912781463325e-02 1.661640822106136284e-02 -1.649043772977842881e-02 -4.933357961909790035e-02
4.807727411116569094e-02 1.728459740443089032e-02 -1.553604578473988251e-02 -4.982582573085636568e-02
5.408526970259930344e-02 1.919228578132470275e-02 -1.984966635866669549e-02 -5.342788912525775480e-02
5.098253010861641954e-02 1.697325926881898539e-02 -1.863307415903558972e-02 -4.932271521839959316e-02
4.638128322921830637e-02 1.721446757311473341e-02 -1.621868509183388429e-02 -4.737706571049893345e-02
4.395337701423263077e-02 1.564847494705756681e-02 -1.488519338801885805e-02 -4.471665857327111748e-02
5.283758925426629283e-02 1.713712273825263033e-02 -1.716636815381478165e-02 -5.280834383870425253e-02
5.411453266658439176e-02 1.732538407647643552e-02 -1.881189098515489988e-02 -5.262802575790548332e-02
5.155417341558354849e-02 1.741546940568317048e-02 -1.883310520450875991e-02 -5.013653761675795906e-02
5.702011712417642819e-02 1.519562671952701116e-02 -1.659409462635597077e-02 -5.562164921734791267e-02
5.047511224382117412e-02 1.809354408077190612e-02 -1.759246805051573048e-02 -5.097618827407734976e-02
5.162041748733181556e-02 1.799993017808110274e-02 -1.800593008794826311e-02 -5.161441757746476622e-02
5.070420136886633067e-02 1.763546474870869574e-02 -1.603889905933508775e-02 -5.230076705823982763e-02
5.146162514871610583e-02 1.711783760409990585e-02 -1.798764388884999121e-02 -5.059181886396613148e-02
5.091982991673038583e-02 1.616753710365070873e-02 -1.542104313869663290e-02 -5.166632388168490575e-02
5.248359783624567676e-02 1.568414553058850025e-02 -1.733275577575255078e-02 -5.083498759108195930e-02
5.042928886508146746e-02 1.712674763583388327e-02 -1.613417686507068183e-02 -5.142185963584522401e-02
5.220182433589659610e-02 1.898697673260452135e-02 -1.929642701307598962e-02 -5.189237405542501680e-02
5.208676779673337975e-02 1.676644779517744155e-02 -1.491730818313163898e-02 -5.393590740877918233e-02
5.123697360588530536e-02 1.502654427183403030e-02 -1.550075599385436487e-02 -5.076276188386519284e-02
5.065820708672319483e-02 1.770633062811888259e-02 -1.840552029365327691e-02 -4.995901742118891153e-02
4.945263709493330495e-02 1.861946274494585829e-02 -1.652775228898140103e-02 -5.154434755089798426e-02
5.070289131717475861e-02 1.714025352516901357e-02 -1.940209003336812454e-02 -4.844105480897531457e-02
5.086071422669502518e-02 1.716957001047214604e-02 -1.745061801939562507e-02 -5.057966621777210126e-02
5.389178733440158631e-02 1.778409031901140303e-02 -1.714761473411163806e-02 -5.452826291930135127e-02
5.068725219539471638e-02 1.756337196468504835e-02 -1.850475798242856573e-02 -4.974586617765086594e-02
5.603674479289066923e-02 1.456136551546061142e-02 -1.816809681197717463e-02 -5.243001349637377295e-02
5.097809819265775033e-02 1.711935060993852176e-02 -1.655022248732240797e-02 -5.154722631527419718e-02
5.354358246982648950e-02 2.002556404295430248e-02 -1.905661597634311644e-02 -5.451253053643745350e-02
5.624542887622419052e-02 1.366604896879297648e-02 -1.836174849741478710e-02 -5.154972934760204684e-02
5.225273013896636343e-02 1.711870980796459385e-02 -1.711249153652738553e-02 -5.225894841040412686e-02
5.028625458192381714e-02 1.656485559646969641e-02 -1.645757748570997325e-02 -5.039353269268365132e-02
5.398116172122890966e-02 1.812592510036070692e-02 -1.730161538341135063e-02 -5.480547143817748879e-02
4.847820214768527869e-02 2.028897329788659221e-02 -1.930652352596806676e-02 -4.946065191960347107e-02
5.289458543493452680e-02 1.716138716981374657e-02 -1.706174357434497857e-02 -5.299422903040329480e-02
4.873469213649106457e-02 1.815958903424341742e-02 -1.575735878065676054e-02 -5.113692239007805451e-02
5.065800358977590179e-02 1.730429234552066653e-02 -1.860621473968804285e-02 -4.935608119560874751e-02
5.188672837011454320e-02 1.870313251736255289e-02 -1.858147218256456235e-02 -5.200838870491286681e-02
4.969001045677212680e-02 1.567715869477925850e-02 -1.612422699905624590e-02 -4.924294215249513940e-02
5.420693043813207268e-02 1.984779134950209745e-02 -1.889803775332221658e-02 -5.515668403431206457e-02
4.883986602640022490e-02 1.835872477406064185e-02 -1.672458953819089267e-02 -5.047400126226986306e-02
5.078677790876007236e-02 1.701181566847376203e-02 -1.862439198006704544e-02 -4.917420159716678896e-02
5.245477713602109127e-02 1.637755595170342637e-02 -1.576194979944656183e-02 -5.307038328827851092e-02
5.461908521923519721e-02 1.842113561870384331e-02 -1.880734496057812066e-02 -5.423287587736091986e-02
5.136895486144021916e-02 1.714239463411559861e-02 -1.842282834621689069e-02 -5.008852114933948219e-02
5.281871793542092242e-02 1.742453899115781191e-02 -1.970386578977689762e-02 -5.053939113680161466e-02
5.213592413905843159e-02 2.016770137664436469e-02 -1.938847138219923494e-02 -5.291515413350444952e-02
4.964394538508187793e-02 1.764705833225788112e-02 -1.649796964021998935e-02 -5.079303407712021379e-02
5.012409340699153226e-02 1.914027009835606030e-02 -1.961541831728508267e-02 -4.964894518806273194e-02
5.349296257595237414e-02 1.980899676603686821e-02 -1.876526418041091215e-02 -5.453669516157821917e-02
5.257459176919376809e-02 1.492070224176256232e-02 -1.561283042184691272e-02 -5.188246358910919565e-02
5.303904122577374203e-02 1.849922975318474272e-02 -1.774247740162449016e-02 -5.379579357733399458e-02
4.984551979405882349e-02 1.632962536126258968e-02 -1.635715596744435896e-02 -4.981798918787627706e-02
4.803644402010487369e-02 1.857322301232100514e-02 -1.848606483907366815e-02 -4.812360219335232170e-02
4.982703659733500601e-02 1.647227261357708805e-02 -1.755087546853628666e-02 -4.874843374237580740e-02
5.384475839408597864e-02 1.682007488767922609e-02 -1.787896069003658273e-02 -5.278587259172862201e-02
4.964130801356447797e-02 1.513682685316863896e-02 -1.749812295250607885e-02 -4.728001191422703808e-02
5.100970356213174739e-02 1.758356867848376304e-02 -1.703902341902596707e-02 -5.155424882158965438e-02
5.410241255864245424e-02 1.741464504049439199e-02 -1.781761842716123034e-02 -5.369943917197605998e-02
5.267770560733531227e-02 1.830288275108804541e-02 -1.776521895526761430e-02 -5.321536940315552133e-02
5.089484220915574397e-02 1.481054408129622857e-02 -1.648430334996631164e-02 -4.922108294048543886e-02
5.576056942692741991e-02 2.100372774292291744e-02 -2.044946299028049808e-02 -5.631483417956995030e-02
5.161937209303379959e-02 1.842601908528140875e-02 -1.807258743068929085e-02 -5.197280374762613953e-02
5.433408703431474862e-02 1.707290148159601451e-02 -1.696240318633424060e-02 -5.444458532957685559e-02
5.185051128566464662e-02 1.861777437844813754e-02 -1.765372631369754863e-02 -5.281455935041479144e-02
5.494469572752125330e-02 1.861871663698311252e-02 -1.858121896648234905e-02 -5.498219339802201677e-02
4.985487545547284682e-02 1.612603277067181651e-02 -1.491641375144592274e-02 -5.106449447469885161e-02
5.424710785127162538e-02 1.685321942143525042e-02 -1.622378495609644311e-02 -5.487654231661043269e-02
5.238440987761450174e-02 1.947873293949609064e-02 -1.723303071200665837e-02 -5.463011210510382298e-02
5.060291532819682914e-02 1.864904401688827207e-02 -1.731206819826680565e-02 -5.193989114681796249e-02
4.895961656523728500e-02 1.974873524577369643e-02 -1.870386538097290607e-02 -5.000448643003785332e-02
4.964162029140828380e-02 1.781264240821678335e-02 -1.978086310987003937e-02 -4.767339958975536085e-02
5.281708882190394583e-02 1.985647400752643676e-02 -1.808541158254484138e-02 -5.458815124688576326e-02
5.098465905901972128e-02 1.948062662288863045e-02 -1.951411987836182416e-02 -5.095116580354619451e-02
4.972194575456923005e-02 1.755393618410194811e-02 -1.630878000840085829e-02 -5.096710193027065294e-02
4.971231726891400804e-02 1.900932353833728605e-02 -1.637512562097254154e-02 -5.234651518627875255e-02
5.178884967666474992e-02 1.902514478185657332e-02 -1.579176512899693741e-02 -5.502222932952427481e-02
5.173877816731553558e-02 1.782983630002044073e-02 -1.854737527674832354e-02 -5.102123919058787482e-02
5.053758085435910985e-02 1.716821755786779313e-02 -1.739943586190639824e-02 -5.030636255032094883e-02
4.902476050962878418e-02 1.559456662081992739e-02 -1.500507180581411859e-02 -4.961425532463448196e-02
5.095600955866474990e-02 1.653652951702344609e-02 -1.543848361531297009e-02 -5.205405546037555897e-02
5.371173631754899702e-02 1.912584130683825379e-02 -1.833294565793364139e-02 -5.450463196645405350e-02
5.191565980929380153e-02 1.793369192321048189e-02 -1.440740095649883923e-02 -5.544195077600522215e-02
5.422733839794458000e-02 1.730263613485583107e-02 -1.389322150945804246e-02 -5.763675302334259065e-02
5.133707284823074701e-02 1.844873502077692962e-02 -1.844154170090250844e-02 -5.134426616810572330e-02
5.220827428937457881e-02 1.630164500682562689e-02 -1.747748970270279756e-02 -5.103242959349774122e-02
5.278612407525540284e-02 1.807012039235389445e-02 -1.623613651280653158e-02 -5.462010795480254366e-02
5.374078801091064506e-02 1.609241555730056561e-02 -1.863559054131713744e-02 -5.119761302689396221e-02
5.416654580315127809e-02 1.685020241963464116e-02 -1.715700204472114798e-02 -5.385974617806432718e-02
4.860376779468089659e-02 1.495615239369696425e-02 -1.616207627262855606e-02 -4.739784391574908273e-02
5.041480516214313923e-02 1.884056475569195754e-02 -1.811229204994224684e-02 -5.114307786789240584e-02
5.260738416169852272e-02 1.570089518650252813e-02 -1.618778296290734886e-02 -5.212049638529359097e-02
5.237531574311704574e-02 1.553404944364755735e-02 -1.766583477978111993e-02 -5.024353040698359418e-02
5.459283871350817385e-02 1.746222836053057392e-02 -1.801731890699498351e-02 -5.403774816704387529e-02
5.257636516062058618e-02 1.758443099539452881e-02 -1.614633870506942959e-02 -5.401445745094513029e-02
4.821603617347758330e-02 1.666452017125186202e-02 -1.804986566989918995e-02 -4.683069067483036640e-02
5.361873596297450639e-02 1.573146184865170660e-02 -1.681635853809970715e-02 -5.253383927352617278e-02
5.220121049985748662e-02 1.805099341234184251e-02 -1.803647703814525993e-02 -5.221572687405395818e-02
5.558223499137682211e-02 1.859568975292380522e-02 -1.874227042533072041e-02 -5.543565431896946283e-02
5.298646777163984467e-02 2.017004236473618484e-02 -1.986133073561391349e-02 -5.329517940076189397e-02
5.383874149259271213e-02 1.675083031018931301e-02 -1.604344612080899068e-02 -5.454612568197270139e-02
5.184367365921360715e-02 1.639794510906034120e-02 -1.895785540778394118e-02 -4.928376336048967410e-02
5.208022392252598110e-02 1.920422659908527230e-02 -1.660766035011096431e-02 -5.467679017150017806e-02
5.334747904397452167e-02 1.829337131849406717e-02 -1.937071695519909653e-02 -5.227013340726982538e-02
5.086772912419279535e-02 1.636871527650729519e-02 -1.521344500754950868e-02 -5.202299939315035981e-02
5.123475361534235439e-02 1.732790967282982209e-02 -1.609104064748068108e-02 -5.247162264069160642e-02
4.932673009110555284e-02 1.645949511947519817e-02 -1.470211861633452521e-02 -5.108410659424611477e-02
4.924997589442203783e-02 1.633493593327739468e-02 -1.560858468914361197e-02 -4.997632713855604258e-02
5.213751716040437856e-02 1.660705475510582119e-02 -1.959741350053623155e-02 -4.914715841497374615e-02
5.152612245903887001e-02 1.643742971221762161e-02 -1.770045261970887296e-02 -5.026309955154784070e-02
4.985876191671390067e-02 2.005029262117341560e-02 -1.943168426239083590e-02 -5.047737027549625832e-02
4.940035342578719124e-02 1.644115374326760026e-02 -1.640122030075807924e-02 -4.944028686829715635e-02
5.657489176849406221e-02 2.003101702658982575e-02 -1.948926398367245572e-02 -5.711664481141143224e-02
5.482211923723023794e-02 1.709441182381743474e-02 -1.852992685491972047e-02 -5.338660420612773017e-02
5.359059895133433393e-02 1.677128720846199350e-02 -1.666075923941223724e-02 -5.370112692038431224e-02
4.857507677464689699e-02 1.873182953270147166e-02 -1.651897467878415959e-02 -5.078793162856398702e-02
5.128985994958812356e-02 1.768306112699047361e-02 -1.740269814795281089e-02 -5.157022292862600832e-02
5.635281799717306583e-02 1.752114482591737854e-02 -1.735243244024420317e-02 -5.652153038284613018e-02
4.810130322043604245e-02 1.703784424019660904e-02 -1.599307795456106351e-02 -4.914606950607169900e-02
5.065303948722132965e-02 1.410849510678935381e-02 -1.493705991466132144e-02 -4.982447467934936203e-02
5.423648108587286742e-02 1.778740229456232669e-02 -1.581898813465676401e-02 -5.620489524577831908e-02
5.100257891600756821e-02 1.766846108050179609e-02 -1.661079567571588367e-02 -5.206024432079336961e-02
5.086395982474645194e-02 1.932370926588222737e-02 -1.859336984075754540e-02 -5.159429924987146698e-02
5.240952417441846478e-02 1.768709296917791995e-02 -1.805221557971070645e-02 -5.204440156388545624e-02
5.243903157422047379e-02 1.754768042536336559e-02 -1.769683901576502016e-02 -5.228987298381959636e-02
5.622325465380306753e-02 1.964066552488374917e-02 -1.948829419494635395e-02 -5.637562598374024070e-02
5.046131657723540442e-02 1.676719535659865201e-02 -1.710644456390963963e-02 -5.012206736992441680e-02
5.510163901918541107e-02 2.057129102326893388e-02 -2.073778050822827623e-02 -5.493514953422606872e-02
4.629183104762857326e-02 1.478696126446976677e-02 -1.490248281016703924e-02 -4.617630950193118977e-02
5.333021305350271746e-02 1.719552713106464736e-02 -1.905231570164833688e-02 -5.147342448291891692e-02
5.155682581172782442e-02 1.795697280302155363e-02 -1.683597020642080277e-02 -5.267782840832935243e-02
5.348244931657619716e-02 1.623612351821290822e-02 -1.706387340141957143e-02 -5.265469943336908987e-02
5.237042955552917434e-02 1.524219853550956572e-02 -1.820864178638437192e-02 -4.940398630465436813e-02
5.428337310196140741e-02 1.966582577000330900e-02 -1.835113162673374099e-02 -5.559806724523064236e-02
5.148129007517621147e-02 1.750094302016291792e-02 -1.554427356631749024e-02 -5.343795952902152813e-02
5.257639002726022248e-02 1.599563369005219116e-02 -1.773004504809283510e-02 -5.084197866921968956e-02
5.212370736274785088e-02 1.671050689637509912e-02 -1.630812782927471005e-02 -5.252608642984901710e-02
5.140598926241812805e-02 1.687149389925357568e-02 -1.640765919064768319e-02 -5.186982397102424258e-02
5.234389752157664333e-02 1.902011924499591444e-02 -1.640254812840413745e-02 -5.496146863816875339e-02
5.083485316222291495e-02 1.955133703454237093e-02 -1.756731174791748007e-02 -5.281887844884869398e-02
5.042287282577784246e-02 1.925317933261960768e-02 -1.991587470656308589e-02 -4.976017745183436425e-02
5.271583604534613166e-02 1.746118726836232149e-02 -1.806117823958452995e-02 -5.211584507412403422e-02
5.308450240029527478e-02 1.758370486870486360e-02 -1.729666634061932662e-02 -5.337154092838081176e-02
5.343210453519020575e-02 1.844167120029083229e-02 -1.876298053524838583e-02 -5.311079520023254119e-02
5.224091193023028268e-02 2.067302636278678385e-02 -2.077260978353634435e-02 -5.214132850948016706e-02
5.353591440944649449e-02 1.681242759785783747e-02 -1.887941890175803827e-02 -5.146892310554651573e-02
4.867825345188303565e-02 1.526175897381287783e-02 -1.693222650687842279e-02 -4.700778591881760171e-02
5.326687919189643239e-02 1.855464857785760202e-02 -1.488684782908777926e-02 -5.693467994066636617e-02
5.346293801115353794e-02 1.527454678414752465e-02 -1.888383733521259433e-02 -4.985364746008813519e-02
5.605701108996319348e-02 1.634815963405644723e-02 -1.740460908667340600e-02 -5.500056163734678982e-02
5.251781146840595049e-02 1.824683625415124411e-02 -1.778853335334618091e-02 -5.297611436921112471e-02
5.121467412878977221e-02 1.619018442280650838e-02 -1.643595465425906621e-02 -5.096890389733677029e-02
5.298718262912371912e-02 1.815778394320322064e-02 -1.807518018510700930e-02 -5.306978638721915331e-02
5.517496152510692475e-02 1.687826422195026765e-02 -1.597216105571752642e-02 -5.608106469134011007e-02
5.249529039600786540e-02 1.910600198151790607e-02 -1.918884260619801996e-02 -5.241244977132786254e-02
5.466344898630937088e-02 1.680270107587822359e-02 -1.847265016669263904e-02 -5.299349989549539952e-02
5.265471068268001709e-02 1.855315176586191939e-02 -1.951498879690582999e-02 -5.169287365163688364e-02
5.293925474459904024e-02 1.744719491584167947e-02 -1.621114348780494652e-02 -5.417530617263544013e-02
5.215955804431859910e-02 1.780619690920581810e-02 -1.796618670987437660e-02 -5.199956824364992958e-02
5.131816485997320321e-02 1.626925531800682556e-02 -1.701206613691896852e-02 -5.057535404106106025e-02
4.929222141768052623e-02 1.710163273821585506e-02 -1.487453092806567678e-02 -5.151932322783114859e-02
5.485753276678595469e-02 1.803300282150388512e-02 -1.852376950863943161e-02 -5.436676607965040819e-02
5.134922338024594524e-02 1.708776122085553517e-02 -1.729085531046181679e-02 -5.114612929063999669e-02
4.888997876895317951e-02 1.750867015123969139e-02 -1.576365417805436486e-02 -5.063499474213828400e-02
5.279481271996266933e-02 1.655788801878776972e-02 -1.779876710128558415e-02 -5.155393363746463287e-02
5.115935861717524347e-02 1.867844598443269000e-02 -1.857857295264520037e-02 -5.125923164896262207e-02
4.982917900487837670e-02 1.702127651187512747e-02 -2.024229627940365983e-02 -4.660815923735017741e-02
5.219764823968642276e-02 1.707529997226364671e-02 -1.743842246025595344e-02 -5.183452575169422705e-02
4.928320923286610977e-02 1.844375722002800089e-02 -1.616157562418141236e-02 -5.156539082871225421e-02
4.780821416719249761e-02 1.933980290647863143e-02 -1.687605034119366021e-02 -5.027196673247691372e-02
5.083872311812021039e-02 1.603540781774159818e-02 -1.686688305685857259e-02 -5.000724787900323598e-02
4.934273450223503055e-02 1.820553664756685563e-02 -1.700968365891319944e-02 -5.053858749088824265e-02
5.108141623479589555e-02 1.698689451631629765e-02 -1.720404132513086992e-02 -5.086426942598165635e-02
5.511245579418222462e-02 1.723805949569956475e-02 -1.797119313550910036e-02 -5.437932215437313310e-02
5.043975644282139292e-02 1.896197460290238723e-02 -1.765714226904624429e-02 -5.174458877667764689e-02
5.391754527788394924e-02 1.589960747419238984e-02 -1.744159988755467072e-02 -5.237555286452177938e-02
5.114553859579484829e-02 1.605652102843313500e-02 -1.697624927789598281e-02 -5.022581034633166741e-02
5.118597885508635592e-02 1.630294284618560852e-02 -1.529147503040451106e-02 -5.219744667086778644e-02
5.171712805342032482e-02 2.010968102521837331e-02 -1.951200271813180454e-02 -5.231480636050656052e-02
5.055013024241028496e-02 1.886196898436809377e-02 -1.751421367367456128e-02 -5.189788555310392848e-02
5.208409616373299578e-02 1.966460398059410863e-02 -1.749460431067417776e-02 -5.425409583365237154e-02
5.195570576429475729e-02 1.666174534432540710e-02 -1.686964105875621289e-02 -5.174781004986417354e-02
5.239212465625819881e-02 1.844510358539053207e-02 -1.871465883888212556e-02 -5.212256940276727146e-02
5.130581648332133149e-02 1.670525743335193880e-02 -1.720720708099088281e-02 -5.080386683568249850e-02
5.414691954044070776e-02 1.882533487444826292e-02 -1.878012644121029862e-02 -5.419212797367867207e-02
5.008943166493051713e-02 1.677463923280675395e-02 -1.613676226144433734e-02 -5.072730863629248965e-02
5.173441580590432132e-02 1.610178531245765043e-02 -1.671530577722779576e-02 -5.112089534113373190e-02
5.136643460790257798e-02 1.509193486102322623e-02 -1.678296128507106300e-02 -4.967540818385463020e-02
5.165303733484671866e-02 1.610357720612509702e-02 -1.528251082106313330e-02 -5.247410371990857136e-02
5.301036044839624317e-02 1.826580425453805390e-02 -1.795491945855942628e-02 -5.332124524437475976e-02
4.948052540416658651e-02 1.901147955057513883e-02 -1.754414345504506922e-02 -5.094786149969654510e-02
5.010338568267380666e-02 1.828013377366799475e-02 -1.548144801643991375e-02 -5.290207143990199867e-02
5.072524048617110815e-02 1.785045797416739966e-02 -1.820666171417295587e-02 -5.036903674616532989e-02
4.933999731221061502e-02 1.746030515275998063e-02 -1.695860380944114176e-02 -4.984169865552923184e-02
5.316582169749750619e-02 1.576049499387499608e-02 -1.706239690323807512e-02 -5.186391978813431614e-02
5.121072548816485437e-02 1.685258190495098063e-02 -1.869554582928989461e-02 -4.936776156382549630e-02
5.008947235581850954e-02 1.674828703406783248e-02 -1.525231186091513536e-02 -5.158544752897131769e-02
5.004010254249213752e-02 1.641054212352854869e-02 -1.341353351247465131e-02 -5.303711115354614591e-02
5.164853966427140897e-02 1.777079507059653452e-02 -1.744439829902666439e-02 -5.197493643584161216e-02
5.021674475300552665e-02 1.688887490675838876e-02 -1.756756969053485662e-02 -4.953804996922928083e-02
5.228777206985069093e-02 1.856813721191796773e-02 -1.830599199002402866e-02 -5.254991729174440795e-02
5.341818334951220493e-02 1.594896627602637729e-02 -1.766039251647766317e-02 -5.170675710906114109e-02
5.045557410901246875e-02 1.601008573067885798e-02 -1.581802905897522482e-02 -5.064763078071643498e-02
5.608558481760050896e-02 1.820946577856652482e-02 -2.060457647834390560e-02 -5.369047411782335022e-02
5.172911449741923740e-02 1.749373373941320864e-02 -1.725659444138183396e-02 -5.196625379545094514e-02
4.926290639700403595e-02 1.919312148500540438e-02 -1.913544838907832446e-02 -4.932057949293078281e-02
5.026993102660837209e-02 1.700430920020279402e-02 -1.368490774027519841e-02 -5.358933248653596770e-02
5.108378458779361253e-02 1.685510228364228702e-02 -1.631049428657360689e-02 -5.162839258486218164e-02
5.185268319931446435e-02 1.878376375767576434e-02 -1.703016793995082434e-02 -5.360627901703896026e-02
5.112964926677543431e-02 1.696823401014757593e-02 -1.930141522738182402e-02 -4.879646804954140826e-02
4.771262866938652536e-02 1.480786341217510405e-02 -1.448872728790828734e-02 -4.803176479365334206e-02
5.425640122643660135e-02 1.852286929433799578e-02 -1.729970328841023974e-02 -5.547956723236457943e-02
5.015597194603471642e-02 1.628600073963748507e-02 -1.500240641038452782e-02 -5.143956627528778469e-02
5.496690260504033532e-02 1.609217525572148588e-02 -1.797791780980761978e-02 -5.308116005095464551e-02
5.026900810228918104e-02 1.689356818861464937e-02 -1.551464297108540169e-02 -5.164793331981842872e-02
5.334041464480399064e-02 1.898710505798728576e-02 -1.723366547442173324e-02 -5.509385422836921009e-02
5.269407807334736127e-02 1.588370834545882460e-02 -1.864346547885564753e-02 -4.993432093995053833e-02
5.097533991515867946e-02 1.810616817726695693e-02 -1.990528562455706751e-02 -4.917622246786845785e-02
5.442556535518017213e-02 1.816276148848672278e-02 -1.802395046843496829e-02 -5.456437637523159356e-02
4.945457269823250179e-02 1.808636286367071300e-02 -1.885909327752066655e-02 -4.868184228438265926e-02
5.477086598248281923e-02 1.577426943040394214e-02 -1.753731039598338537e-02 -5.300782501690359805e-02
5.094803831781469228e-02 1.874251601984155968e-02 -1.700810209313263766e-02 -5.268245224452350328e-02
5.111501846560884132e-02 1.816752027107670919e-02 -1.669616704490539671e-02 -5.258637169177993176e-02
5.093689367432285842e-02 1.810344608069214267e-02 -1.809731733948505283e-02 -5.094302241553039234e-02
5.241424859417542770e-02 1.621819060920515199e-02 -1.528695787515232940e-02 -5.334548132822836131e-02
5.351619361529302843e-02 1.895193069856371260e-02 -1.889320567991714661e-02 -5.357491863393948339e-02
5.144178825244227760e-02 1.838919057452459427e-02 -1.738116589706384385e-02 -5.244981292990336108e-02
4.745079191861467649e-02 1.700620562838150995e-02 -1.607444114430789384e-02 -4.838255640268862567e-02
5.251538264857424920e-02 1.882834572303959675e-02 -1.555511144816312807e-02 -5.578861692345071788e-02
5.296535521022627258e-02 1.940387776246010887e-02 -1.867226725156023726e-02 -5.369696572112658828e-02
5.066746149176681868e-02 1.779839124149917851e-02 -1.702114785576469558e-02 -5.144470487750152365e-02
5.165711434809971969e-02 1.799238233009781140e-02 -1.881225512701512059e-02 -5.083724155118196641e-02
5.112442841081876743e-02 1.725814188298135932e-02 -1.747977735259198528e-02 -5.090279294120847453e-02
4.949267014911007401e-02 2.039115997289653315e-02 -1.867268230077756552e-02 -5.121114782122904163e-02
5.515113848043262657e-02 1.906566194541903236e-02 -1.904877548764649653e-02 -5.516802493820571751e-02
4.735242733209243937e-02 1.560285988963516779e-02 -1.589227224264277982e-02 -4.706301497908493836e-02
5.405799900432639582e-02 1.765212151304873522e-02 -1.816762666090065981e-02 -5.354249385647458226e-02
5.341553271444787754e-02 1.688449188360241493e-02 -1.733970171168652818e-02 -5.296032288636387531e-02
4.942121188731296577e-02 1.696807080805751156e-02 -1.693829608752395188e-02 -4.945098660784696953e-02
4.959208984049356950e-02 1.728912306205443450e-02 -1.691976311102616481e-02 -4.996144979152172816e-02
4.871658045174842577e-02 1.795474059157586844e-02 -1.499598090269038675e-02 -5.167534014063390746e-02
5.010416810535445187e-02 1.474453865721869761e-02 -1.750060769290562313e-02 -4.734809906966730431e-02
4.986349074888862809e-02 1.417320558165080513e-02 -1.515330645432000356e-02 -4.888338987621931864e-02
5.336393270245332054e-02 1.554155148288138832e-02 -1.718847595077921397e-02 -5.171700823455527285e-02
5.055815769063354281e-02 1.854076124106773804e-02 -1.729483416258092987e-02 -5.180408476912035098e-02
4.961353073173047079e-02 1.279954439947550426e-02 -1.411671025587868389e-02 -4.829636487532695810e-02
5.289849867647244963e-02 1.711686559169511845e-02 -1.805267063604398814e-02 -5.196269363212369097e-02
5.368139233573621105e-02 1.657045164344594923e-02 -1.966600265067841580e-02 -5.058584132850374449e-02
5.360491672619294157e-02 1.709966566643239538e-02 -1.743265735795795912e-02 -5.327192503466748885e-02
5.343381595792484617e-02 1.665634751540623348e-02 -1.972493797350338696e-02 -5.036522549982780372e-02
5.256716316185428006e-02 1.699275598895799710e-02 -1.644339896320223815e-02 -5.311652018760959493e-02
5.006082137100542617e-02 1.751918576110078618e-02 -1.629916421970800666e-02 -5.128084291239864978e-02
5.207344027605165238e-02 1.753993182447799448e-02 -1.796622688790383560e-02 -5.164714521262536717e-02
5.172904406444533976e-02 1.963686467168357375e-02 -1.697878231858840348e-02 -5.438712641754084309e-02
5.045765870963681010e-02 1.892363609367797572e-02 -1.523407482234073740e-02 -5.414721998097371536e-02
5.431310119385601709e-02 1.783737470085111632e-02 -1.852523871140010492e-02 -5.362523718330680644e-02
5.101542648823609305e-02 1.754853538877232388e-02 -1.614690389437789531e-02 -5.241705798263129878e-02
5.463735248996748339e-02 1.623402185557987210e-02 -1.859954752887671425e-02 -5.227182681667030817e-02
5.032956386746190169e-02 1.763697414677389830e-02 -1.746215519133753613e-02 -5.050438282289870795e-02
4.882740221229764366e-02 1.620116271855853718e-02 -1.516246951123279008e-02 -4.986609541962327974e-02
5.002543871795417374e-02 1.771595171862050400e-02 -1.732489667749759210e-02 -5.041649375907708563e-02
5.650662773171943876e-02 1.852387413898726187e-02 -2.067140814627332901e-02 -5.435909372443303855e-02
5.105195313911692345e-02 1.771866836103375142e-02 -1.435554185373433267e-02 -5.441507964641623118e-02
5.667200007564154873e-02 1.947962757863308525e-02 -2.098306574510566680e-02 -5.516856190916885616e-02
5.098319223333191985e-02 1.951540944947138811e-02 -1.829239389005077321e-02 -5.220620779275297885e-02
5.657921223824047274e-02 1.833889058728188637e-02 -1.944488669162847128e-02 -5.547321613389388784e-02
5.307142404363363042e-02 1.417008571401412453e-02 -1.454956618277736258e-02 -5.269194357487050340e-02
4.871902216868573277e-02 1.579871824671008618e-02 -1.683282203924307829e-02 -4.768491837615262963e-02
5.366579241481250762e-02 1.934922459348120682e-02 -1.740056365798192672e-02 -5.561445335031178772e-02
5.462395575152734217e-02 1.801417639821489836e-02 -1.799309485552158527e-02 -5.464503729422032219e-02
5.064113020962524025e-02 1.504447304705602839e-02 -1.484320247922432667e-02 -5.084240077745638686e-02
5.178992241428925780e-02 1.735349950408737740e-02 -1.710221140772061332e-02 -5.204121051065591086e-02
5.354573277840080081e-02 1.942417819593789119e-02 -1.842697294619077830e-02 -5.454293802814780268e-02
5.146474435062042829e-02 1.717848916685027483e-02 -1.569305086621042289e-02 -5.295018265126028023e-02
4.870604181763193985e-02 1.651285204708741183e-02 -1.687873425647345993e-02 -4.834015960824611380e-02
5.159666841278265359e-02 1.569148277409659897e-02 -1.716990319955302713e-02 -5.011824798732611441e-02
5.445176364881487707e-02 1.908616685904429566e-02 -1.788442213732577279e-02 -5.565350837053406607e-02
4.977219069342542213e-02 1.810034320128139917e-02 -1.698524815392832288e-02 -5.088728574077838740e-02
5.043177508047747004e-02 1.586290273168255993e-02 -1.533446928475701299e-02 -5.096020852740290596e-02
5.101508072887739331e-02 1.879444727615298127e-02 -1.670255771569528758e-02 -5.310697028933542008e-02
5.504599085968986394e-02 1.687505886738538408e-02 -1.629565001290067539e-02 -5.562539971417468365e-02
5.271619157026918856e-02 1.436679766572490635e-02 -1.575060365514802108e-02 -5.133238558084607384e-02
5.399458110994093119e-02 1.661639480702192806e-02 -1.616236670513016005e-02 -5.444860921183247715e-02
5.752013649532994322e-02 1.663156015206102012e-02 -1.735955011035461570e-02 -5.679214653703612559e-02
5.106780013406209129e-02 1.697448737958207055e-02 -1.688848738359316481e-02 -5.115380013005088600e-02
5.287006621733580936e-02 1.799474007334667114e-02 -1.779318307712929315e-02 -5.307162321355329837e-02
4.848483079198473433e-02 1.685987683181111585e-02 -1.667089901412022179e-02 -4.867380860967585043e-02
5.236213465574057757e-02 1.853668948594577870e-02 -1.625484566714940904e-02 -5.464397847453672519e-02
5.013568545564051071e-02 1.773347782701439890e-02 -1.726914952290703464e-02 -5.060001375974809701e-02
5.072727675329447017e-02 1.823485634981669712e-02 -1.800799867522506759e-02 -5.095413442788576663e-02
5.424960664010991529e-02 1.552943393989281162e-02 -1.743374462097346811e-02 -5.234529595902914778e-02
5.147447932151538730e-02 1.745176949746118922e-02 -1.844538670253204060e-02 -5.048086211644498000e-02
5.261136390835119414e-02 1.529901694817947799e-02 -1.815870183832624107e-02 -4.975167901820398697e-02
5.378585426448689866e-02 1.626022255156311935e-02 -1.555696808478734816e-02 -5.448910873126266985e-02
5.186930537463640967e-02 1.672758333872814696e-02 -1.699436343816307371e-02 -5.160252527520159394e-02
5.088946493802315452e-02 1.521841587930983231e-02 -1.584589475471809283e-02 -5.026198606261533808e-02
4.700447920353134634e-02 1.622418049819951413e-02 -1.772391692830355137e-02 -4.550474277342797524e-02
5.528373851815304718e-02 1.645172054954957552e-02 -1.829868179225468960e-02 -5.343677727544804412e-02
5.229547377716969869e-02 1.782611678934875599e-02 -1.660429961305354141e-02 -5.351729095346480225e-02
5.365863842907447889e-02 1.639298094286578689e-02 -1.577294780929039408e-02 -5.427867156264931658e-02
5.290934482516274073e-02 1.829370237635963292e-02 -1.967088006742090389e-02 -5.153216713410124772e-02
5.278054317065716816e-02 1.578890195392923523e-02 -1.575789237401503673e-02 -5.281155275057192178e-02
5.281033426437353739e-02 1.620952648920037653e-02 -1.369385976815751249e-02 -5.532600098541662348e-02
4.945404062200697837e-02 1.614223477867815504e-02 -1.423127446984762123e-02 -5.136500093083806728e-02
5.326278598451406054e-02 1.884216342106914688e-02 -1.644332549371951835e-02 -5.566162391186357805e-02
5.303165267348797229e-02 1.600006100567075151e-02 -1.582559220718171566e-02 -5.320612147197678610e-02
5.074251831229914522e-02 1.781797249635586056e-02 -1.593030817910656705e-02 -5.263018262954777260e-02
5.444187970133551602e-02 1.753683593902111149e-02 -1.866866443546699728e-02 -5.331005120488951921e-02
5.389386257664563473e-02 1.695416340855082638e-02 -1.644664058458500389e-02 -5.440138540061134620e-02
5.267122533944523788e-02 1.771759844663156613e-02 -1.875363764903703601e-02 -5.163518613703954596e-02
5.330288955666495632e-02 1.618815349272839654e-02 -1.726029148395913371e-02 -5.223075156543433017e-02
5.443542625159980552e-02 1.758236981487981687e-02 -1.913169561946559405e-02 -5.288610044701347324e-02
5.093474200802816654e-02 1.915441243571702756e-02 -1.715430149575480900e-02 -5.293485294798994101e-02
5.351265415765671385e-02 1.700022040029192105e-02 -1.558290986104315934e-02 -5.492996469690492045e-02
5.161332031132936926e-02 1.850000499350779037e-02 -1.947421477330035788e-02 -5.063911053153724584e-02
5.355669925486616911e-02 1.833546499790816853e-02 -1.741870877706375165e-02 -5.447345547571069702e-02
5.398118150482678068e-02 1.979820788754138583e-02 -2.065823543707157040e-02 -5.312115395529726225e-02
5.062322982635336643e-02 1.791928888467575476e-02 -1.613889584970729096e-02 -5.240362286132160818e-02
5.237280098842567178e-02 1.883012411848072887e-02 -2.019743714140165292e-02 -5.100548796550485875e-02
5.269658998778603554e-02 1.998911760761235001e-02 -1.994834831858727231e-02 -5.273735927681089120e-02
4.877074081353249824e-02 1.831346982841730586e-02 -1.872027296680478514e-02 -4.836393767514446385e-02
5.161409701613250967e-02 1.623191186785599704e-02 -1.735919530666385491e-02 -5.048681357732420771e-02
5.049127832464472831e-02 1.830517245415563821e-02 -1.756413067094630964e-02 -5.123232010785394586e-02
4.969237697651340824e-02 1.767685490371406765e-02 -1.703775703419696530e-02 -5.033147484603073263e-02
4.967318272305409899e-02 1.845761210309682099e-02 -1.857912707536257813e-02 -4.955166775078811980e-02
4.813781070440725784e-02 1.824443630631500390e-02 -1.675315165714563737e-02 -4.962909535357673541e-02
5.179790408926088219e-02 1.688477087384376851e-02 -1.673709347654706026e-02 -5.194558148655747942e-02
4.677555159834634324e-02 1.727528844140335806e-02 -1.533422476831347581e-02 -4.871661527143622550e-02
5.126790028864625093e-02 1.662479070504141454e-02 -1.736276996819985374e-02 -5.052992102548770070e-02
5.203818546601723938e-02 1.935257667689782579e-02 -1.819303076821443543e-02 -5.319773137470062974e-02
5.199498246534806079e-02 1.580351292881787550e-02 -1.871087954944672394e-02 -4.908761584471887929e-02
5.435415302316326525e-02 1.799065961782719825e-02 -1.687045222033212166e-02 -5.547436042065845285e-02
5.080594306568797514e-02 1.792452529539168005e-02 -1.790051854158347666e-02 -5.082994981949651159e-02
5.070222709723437582e-02 1.755788697560567435e-02 -1.764392662414671076e-02 -5.061618744869289532e-02
5.178889926374008468e-02 1.632108343425553443e-02 -1.588604289946293768e-02 -5.222393979853301449e-02
4.994033407163955829e-02 1.576702143765040809e-02 -1.625309588374845848e-02 -4.945425962554172994e-02
5.087245991834787873e-02 1.607737651705143378e-02 -1.789177736861147228e-02 -4.905805906678772921e-02
5.269574948360733480e-02 1.621862434843568401e-02 -1.670727806500238444e-02 -5.220709576704063437e-02
5.245053185669434903e-02 1.809584851991674626e-02 -1.581403274313508689e-02 -5.473234763347645249e-02
5.472828866337975384e-02 1.772157658573947359e-02 -1.827091528245639029e-02 -5.417894996666283713e-02
5.359998808137556026e-02 1.650698035348008297e-02 -1.573264036783494912e-02 -5.437432806702058308e-02
4.986272348220621708e-02 1.602344849471015742e-02 -1.690083963728405969e-02 -4.898533233963231481e-02
5.099798660618448665e-02 1.780682159914204199e-02 -1.752709550098296987e-02 -5.127771270434355877e-02
5.132500704627918076e-02 1.626248612380165603e-02 -1.844306787143090709e-02 -4.914442529865015175e-02
5.269061031924482386e-02 1.754317994206622267e-02 -1.796072832749617820e-02 -5.227306193381497934e-02
5.297356472132075389e-02 1.740531212912088677e-02 -1.933482902315053487e-02 -5.104404782729099477e-02
5.433893491582164614e-02 1.781236577073275207e-02 -1.818691171590536282e-02 -5.396438897064947948e-02
5.293393273959967615e-02 1.851589952225873859e-02 -1.692259614668956136e-02 -5.452723611516852031e-02
5.312687205356181330e-02 1.837312353824183120e-02 -1.978371085678820585e-02 -5.171628473501577172e-02
5.369161745906247951e-02 1.623417403114846280e-02 -1.795891408459460159e-02 -5.196687740561589663e-02
5.036771971587206131e-02 1.426738707982577736e-02 -1.585718058858986979e-02 -4.877792620710785787e-02
5.368727710650511575e-02 1.589855916329940833e-02 -1.856830577134549465e-02 -5.101753049845902943e-02
4.910981361199162620e-02 2.070693126410239060e-02 -1.815758966583380651e-02 -5.165915521025998824e-02
5.457218665607621588e-02 2.018190556646004552e-02 -1.864128034761614039e-02 -5.611281187492045408e-02
5.113350828520091262e-02 1.712871948471383909e-02 -1.858159620474075790e-02 -4.968063156517377177e-02
5.228898596057574011e-02 1.807530247607380680e-02 -1.707669177256776472e-02 -5.328759666408156015e-02
5.400516305848213072e-02 1.761176807317732518e-02 -1.747391764007200088e-02 -5.414301349158701093e-02
5.175957917826323751e-02 2.050437922588144168e-02 -2.027213057310706112e-02 -5.199182783103772909e-02
5.162250496691300761e-02 1.874857244406835655e-02 -1.652924892753415698e-02 -5.384182848344709615e-02
5.075497962668151786e-02 1.727177320137252003e-02 -1.801971272569513616e-02 -5.000704010235956787e-02
5.264020798427671011e-02 1.592357549599698885e-02 -1.628686102105614264e-02 -5.227692245921788938e-02
5.068680890691590335e-02 2.065254198306987199e-02 -1.746825979027843978e-02 -5.387109109970722454e-02
5.297686748635532794e-02 1.714215304044364174e-02 -1.761634613085716339e-02 -5.250267439594158425e-02
5.142552332569816365e-02 1.311040852285083602e-02 -1.643088844725182351e-02 -4.810504340129728718e-02
5.142859874888450200e-02 1.735063772313183428e-02 -1.906080856817471414e-02 -4.971842790384195521e-02
5.388313878638184562e-02 1.915967172800936424e-02 -1.835587530458637762e-02 -5.468693520980449918e-02
4.699812926424074000e-02 1.621398547212948849e-02 -1.571785635169442585e-02 -4.749425838467546956e-02
5.532098478891489535e-02 1.656448472129068428e-02 -1.741830814675027206e-02 -5.446716136345508552e-02
5.363404917064906741e-02 1.777785881698545900e-02 -1.893758400260581176e-02 -5.247432398502871465e-02
4.952565201996739219e-02 1.642922742667085600e-02 -1.717813754328756382e-02 -4.877674190335101745e-02
5.548243600136459897e-02 1.491934938031236335e-02 -1.641711969639103597e-02 -5.398466568528592635e-02
5.291475146715374223e-02 1.530295231534495315e-02 -1.686265574931478106e-02 -5.135504803318391431e-02
5.009187100830714279e-02 1.804458521565788232e-02 -1.827513771028599354e-02 -4.986131851367936463e-02
4.908735800295715990e-02 1.848298033293627185e-02 -1.673059242551266923e-02 -5.083974591038098456e-02
5.181986869922838856e-02 1.945173630420282684e-02 -1.703617924793876526e-02 -5.423542575549267220e-02
5.166095000104098389e-02 1.989445064621464532e-02 -1.780294394209780418e-02 -5.375245670515771401e-02
5.342566215756039405e-02 1.566150583331471502e-02 -1.845096878254981476e-02 -5.063619920832529431e-02
5.268566959113485382e-02 1.745316465638135917e-02 -1.812671933209486497e-02 -5.201211491542145904e-02
5.355839818208796288e-02 1.734946171147888627e-02 -1.858397778296438929e-02 -5.232388211060290395e-02
5.293338894837074093e-02 2.035464301876155346e-02 -1.685241105978174669e-02 -5.643562090735054770e-02
5.170707029606713689e-02 1.587874714133885590e-02 -1.862409910521689582e-02 -4.896171833218954106e-02
5.193689493903153043e-02 1.559951249945079610e-02 -1.685811739412457211e-02 -5.067829004435786544e-02
5.307237931364250372e-02 1.682422546503747895e-02 -1.852440991554571426e-02 -5.137219486313460148e-02
5.325409615259601992e-02 1.696530523698513981e-02 -1.780761845832945500e-02 -5.241178293125137166e-02
5.225200622640624459e-02 2.023058933659904746e-02 -2.012919939730462016e-02 -5.235339616570011678e-02
5.313508903008701267e-02 1.532682741620949862e-02 -1.747128075500004041e-02 -5.099063569129702600e-02
5.266372991009049542e-02 1.838917559163522064e-02 -1.874865596813590773e-02 -5.230424953359014140e-02
4.898252349783516202e-02 1.423321516529507669e-02 -1.706949956697778603e-02 -4.614623909615223063e-02
5.506311705135091827e-02 1.640628054384718482e-02 -1.805995372642266172e-02 -5.340944386877544137e-02
5.300503511426790659e-02 1.547993207513975733e-02 -1.826021350924544873e-02 -5.022475368016254826e-02
5.030551094555613112e-02 1.565548579583220246e-02 -1.602645989495321555e-02 -4.993453684643478496e-02
5.097388803063629403e-02 1.524217933717064710e-02 -1.657311919966197866e-02 -4.964294816814485145e-02
5.231199403817621274e-02 1.407348311250267159e-02 -1.548476212050975409e-02 -5.090071503016946330e-02
5.203431036088002060e-02 1.885492510366093555e-02 -1.913903562428853622e-02 -5.175019984025197584e-02
5.104497517684203345e-02 1.873395958004642203e-02 -1.897076708205691631e-02 -5.080816767483153917e-02
5.099299999886719448e-02 1.879949466074282149e-02 -1.697364783476662531e-02 -5.281884682484272453e-02
5.399413374311201608e-02 1.469280272324380299e-02 -1.708747472035210269e-02 -5.159946174600382740e-02
5.129439056809115272e-02 1.880234979558359498e-02 -1.714986424230402484e-02 -5.294687612137072286e-02
5.325495845243910509e-02 1.627100427714323061e-02 -1.689497635381553842e-02 -5.263098637576657524e-02
5.384476815179017883e-02 1.939760657899913809e-02 -1.815711130437680509e-02 -5.508526342641295592e-02
5.262791335667382775e-02 1.827925960347998036e-02 -1.703010081258982122e-02 -5.387707214756387586e-02
5.023518327682974238e-02 1.696720835981069264e-02 -1.597583892239995418e-02 -5.122655271424036982e-02
5.482036970451331648e-02 1.735486959500831539e-02 -2.060544360306415523e-02 -5.156979569645736561e-02
5.482057303730347719e-02 1.746481061483229347e-02 -1.713800378765539811e-02 -5.514737986448048357e-02
5.390656839648033660e-02 2.171778102310795155e-02 -2.020182328137187788e-02 -5.542252613821629925e-02
5.241673134947544277e-02 1.709656472350662426e-02 -1.759690780770839513e-02 -5.191638826527422701e-02
5.152201137613876547e-02 1.862719404141732760e-02 -1.922878877357547811e-02 -5.092041664398061496e-02
4.846548853085108632e-02 1.833523680451687454e-02 -1.436579596666387459e-02 -5.243492936870386423e-02
5.154344661996113075e-02 1.877720190443565862e-02 -1.591572055448109424e-02 -5.440492796991569513e-02
5.140905232186332441e-02 1.734529718805588594e-02 -1.577690346713445102e-02 -5.297744604278498137e-02
5.104626970445513834e-02 1.795656582793858647e-02 -1.853610811949246706e-02 -5.046672741290092468e-02
5.238149070003750296e-02 1.715463113140125451e-02 -1.874326240956913914e-02 -5.079285942187006242e-02
5.197838291019629686e-02 1.634362885384965658e-02 -1.595976253479114426e-02 -5.236224922925492020e-02
4.996482428071580273e-02 1.626999594306011154e-02 -1.589931213968120982e-02 -5.033550808409503752e-02
5.268610955083663505e-02 1.627732490695232848e-02 -1.784070088701306123e-02 -5.112273357077623537e-02
5.183590714420804879e-02 1.754039605365242949e-02 -1.775188250775250332e-02 -5.162442069010775292e-02
4.804641962738420702e-02 1.713594812097984921e-02 -1.590322966514112757e-02 -4.927913808322270661e-02
5.342681880937583117e-02 1.664795309460198602e-02 -1.790557836358486199e-02 -5.216919354039273315e-02
5.238856218073140170e-02 1.794900936923338186e-02 -1.733467303456526221e-02 -5.300289851539941033e-02
5.070065684373448178e-02 1.842411517757169825e-02 -1.412367927049085203e-02 -5.500109275081588311e-02
5.211399103530567345e-02 1.738081049485407092e-02 -1.742284526598192329e-02 -5.207195626417804313e-02
5.153953567339897290e-02 1.712112968128387536e-02 -1.595065149250052272e-02 -5.271001386218232554e-02
5.221019017952999164e-02 1.904518528936227639e-02 -1.832533578440054267e-02 -5.293003968449194740e-02
5.276888852565519983e-02 1.679660541453809053e-02 -1.575755675608903061e-02 -5.380793718410448179e-02
5.395916837226244489e-02 1.545774735253790944e-02 -1.573942924603122240e-02 -5.367748647876924295e-02
5.502059138328418975e-02 1.750452013549619323e-02 -1.810754738488284943e-02 -5.441756413389720048e-02
5.014272756009452436e-02 2.056396569984042522e-02 -1.813187221572654106e-02 -5.257482104420874158e-02
4.883596635053222279e-02 1.879490820592866207e-02 -1.623654539044538936e-02 -5.139432916601560652e-02
5.075829604047532584e-02 1.668803069881330536e-02 -1.673231758631332777e-02 -5.071400915297530343e-02
5.070992875157265267e-02 1.796375381780879188e-02 -1.678483214170656268e-02 -5.188885042767521494e-02
5.117498017732180493e-02 1.694097430353336264e-02 -1.485980423504673631e-02 -5.325615024580865331e-02
5.117700208786590821e-02 1.936093143052852739e-02 -1.805776577403817029e-02 -5.248016774435682041e-02
4.883049134291805871e-02 1.695691183351311082e-02 -1.710475100401320780e-02 -4.868265217241829479e-02
4.937351878097628877e-02 1.954698881401517596e-02 -1.674354497563224076e-02 -5.217696261935944602e-02
5.279132473719605478e-02 2.008956551101470644e-02 -1.769353382893190663e-02 -5.518735641927874358e-02
5.046213564723966982e-02 1.807259087232715444e-02 -1.719906347685273840e-02 -5.133566304271408587e-02
5.301562233020296055e-02 1.631898946396526107e-02 -1.641869125126438345e-02 -5.291592054290361613e-02
4.957442250837917896e-02 1.709365846579480319e-02 -1.741109813659880157e-02 -4.925698283757518059e-02
5.166958365669094277e-02 1.605035103834029364e-02 -1.578655856000654722e-02 -5.193337613502446715e-02
5.198877916271005262e-02 1.755505961933900849e-02 -2.026252629093672208e-02 -4.928131249111245005e-02
5.261461893927021904e-02 1.925918884423283295e-02 -1.860721221536532077e-02 -5.326659556813795326e-02
4.903499353474427558e-02 1.821139019186035490e-02 -1.729501187527071604e-02 -4.995137185133380342e-02
5.026619926899522639e-02 1.938470110033341243e-02 -1.721118427542400742e-02 -5.243971609390452038e-02
5.706182379887980716e-02 1.686239142482226505e-02 -1.708568255309939055e-02 -5.683853267060245962e-02
