5935.27 4.49096e-09 6358.74 2.09594e-09 -0.0202069 0.00251589 -3.40454e-06
5953.88 -4.36709e-09 6273 -2.07246e-09 -0.020194 0.00250095 -3.39173e-06
6167.32 2.64846e-09 6594.28 1.23849e-09 -0.0205283 0.00257741 -3.32857e-06
5542.1 2.20074e-08 5862.73 1.04019e-08 -0.019332 0.0025092 -3.48821e-06
6143.6 1.11219e-08 6562.35 5.20611e-09 -0.0205261 0.00254281 -3.34106e-06
5524.77 6.59559e-09 5958.98 3.0575e-09 -0.0202413 0.00257754 -3.66373e-06
6403.18 6.91083e-09 6827.18 3.24081e-09 -0.0207705 0.0026548 -3.24377e-06
5938.94 3.31629e-09 6361.81 1.54793e-09 -0.0199026 0.00267822 -3.3512e-06
5837.71 3.59817e-09 6254.15 1.67929e-09 -0.0197909 0.00249258 -3.39019e-06
5943.18 -4.50386e-09 6351.56 -2.10714e-09 -0.0204322 0.00274281 -3.43792e-06
5831.16 -6.43134e-09 6252.95 -2.99876e-09 -0.0207706 0.00274363 -3.56201e-06
5780.23 2.35908e-08 6202.63 1.09922e-08 -0.0206728 0.00265434 -3.57646e-06
6758.99 -2.67285e-09 7179.9 -1.25808e-09 -0.020961 0.00269469 -3.10121e-06
6629.77 -4.12912e-09 6952.1 -1.96884e-09 -0.0202532 0.00261834 -3.05489e-06
6001.71 -4.76676e-09 6421.06 -2.22773e-09 -0.0211812 0.0026135 -3.5292e-06
6018.37 8.84046e-09 6458.31 4.11913e-09 -0.0205874 0.00266541 -3.42076e-06
6200.36 1.37616e-08 6626.9 6.43792e-09 -0.0209895 0.00259348 -3.3852e-06
6077.77 2.86777e-09 6507.09 1.33928e-09 -0.0196695 0.0025242 -3.23629e-06
6533.88 -1.01443e-08 6956.11 -4.76428e-09 -0.0207262 0.0026102 -3.17211e-06
5954.59 8.16942e-09 6376.81 3.81426e-09 -0.0189271 0.00255648 -3.17857e-06
6532.2 -1.81975e-09 6856.99 -8.66778e-10 -0.0208114 0.00261402 -3.18597e-06
5746.89 -8.8998e-09 6159.58 -4.15176e-09 -0.0192259 0.00241881 -3.34545e-06
6086.09 -6.02715e-10 6516.44 -2.81455e-10 -0.0204881 0.00255641 -3.36639e-06
5862.99 -2.10507e-08 6288.6 -9.813e-09 -0.0201241 0.00268865 -3.43239e-06
6046.41 -1.46893e-08 6367.16 -6.97468e-09 -0.0203408 0.0026639 -3.36411e-06
6104.51 -5.26512e-10 6516.12 -2.46626e-10 -0.0192906 0.00257337 -3.16005e-06
6241.44 -7.0065e-09 6644.44 -3.29077e-09 -0.019646 0.00257738 -3.14767e-06
5707.97 5.11445e-09 6130.61 2.38093e-09 -0.0202063 0.00284954 -3.54002e-06
6151.27 1.57901e-08 6561.77 7.40114e-09 -0.0203549 0.00250222 -3.30906e-06
6133.48 -1.7398e-09 6549.03 -8.14704e-10 -0.0196905 0.00265829 -3.21034e-06
5898.97 1.97948e-08 6299.52 9.26808e-09 -0.0200564 0.00253864 -3.39998e-06
5417.76 4.62302e-09 5809.96 2.15547e-09 -0.0199372 0.00271964 -3.67997e-06
5591.81 -3.0782e-10 5986.82 -1.43755e-10 -0.0199754 0.00248706 -3.57225e-06
5152.33 1.1043e-08 5551.81 5.12421e-09 -0.0196608 0.002653 -3.81592e-06
5384.14 -1.24906e-08 5778.07 -5.8195e-09 -0.0197638 0.00264779 -3.67075e-06
5499.08 4.1728e-09 5797.38 1.97904e-09 -0.0202508 0.0025653 -3.68259e-06
5640.01 1.69776e-08 5928.72 8.07543e-09 -0.0199958 0.00275474 -3.54535e-06
6274.3 4.4429e-10 6678.29 2.08706e-10 -0.0202708 0.00274096 -3.23076e-06
5966.17 1.63302e-08 6355.16 7.66532e-09 -0.0199963 0.00254229 -3.35161e-06
5731.46 1.08598e-09 6140.83 5.0679e-10 -0.0200755 0.00253231 -3.50268e-06
5909.94 -4.35244e-09 6328.08 -2.03243e-09 -0.0190989 0.00264075 -3.23166e-06
5253.88 8.5922e-09 5654.53 3.9917e-09 -0.0195982 0.00253518 -3.73023e-06
5899.61 1.29135e-08 6301.8 6.04469e-09 -0.0197478 0.00253016 -3.3473e-06
5371.1 1.18679e-08 5753.07 5.53999e-09 -0.0201913 0.0025036 -3.75926e-06
5751.71 8.75617e-09 6132.13 4.10648e-09 -0.0186862 0.00248749 -3.24881e-06
5502.63 1.40229e-08 5887.5 6.55312e-09 -0.0201779 0.00265501 -3.66696e-06
5712.93 -1.02022e-08 6116.2 -4.76475e-09 -0.0198988 0.00270686 -3.48311e-06
5165.94 -1.33137e-09 5554.18 -6.19151e-10 -0.0193061 0.00255234 -3.7372e-06
5571.88 1.90543e-08 5967.73 8.8952e-09 -0.020521 0.00256723 -3.68296e-06
5868.98 1.16992e-08 6255.18 5.48845e-09 -0.0201013 0.00256959 -3.42501e-06
5451.85 1.74577e-08 5846.51 8.13964e-09 -0.019631 0.00257005 -3.6008e-06
5539.79 1.70299e-08 5933.7 7.94967e-09 -0.0200802 0.00245611 -3.62472e-06
5977.97 1.22064e-08 6369.66 5.72787e-09 -0.0210294 0.002677 -3.51782e-06
5601.01 -3.01409e-09 6001.86 -1.40639e-09 -0.0204935 0.00265401 -3.65889e-06
5606.72 2.15228e-08 5998.38 1.00588e-08 -0.0188534 0.00257558 -3.36265e-06
5446.58 7.03276e-09 5852.43 3.27253e-09 -0.0200343 0.00243647 -3.67832e-06
5437.64 -1.45771e-08 5834.19 -6.79315e-09 -0.0203233 0.00271363 -3.73752e-06
5499.76 1.7453e-08 5911.82 8.11827e-09 -0.0194427 0.00251443 -3.53519e-06
5107.55 2.65337e-09 5497.23 1.23264e-09 -0.0192341 0.0026483 -3.76582e-06
6169.64 1.44768e-08 6551.11 6.81693e-09 -0.020779 0.00259509 -3.36795e-06
5647.71 -1.13108e-08 6057.8 -5.27255e-09 -0.0194875 0.00261369 -3.45052e-06
5729.89 -1.12287e-09 6131.71 -5.24643e-10 -0.0197127 0.00264124 -3.44032e-06
5307.06 1.01306e-08 5696.39 4.71909e-09 -0.0191851 0.00253385 -3.61501e-06
6034.31 -1.24393e-08 6449.89 -5.81892e-09 -0.0196458 0.00276967 -3.25569e-06
5390.86 6.56105e-09 5786.83 3.05605e-09 -0.0203543 0.00257003 -3.7757e-06
5798.07 -1.27755e-09 6215.94 -5.95835e-10 -0.0204297 0.00254921 -3.52354e-06
5342.55 -5.46325e-09 5726.55 -2.54845e-09 -0.0195084 0.00245109 -3.65152e-06
5366.31 4.12206e-10 5765.17 1.91844e-10 -0.0207027 0.00268026 -3.8579e-06
5972.67 7.37727e-09 6360.09 3.46394e-09 -0.0196339 0.00249208 -3.2873e-06
6112.65 -9.87825e-10 6514.34 -4.63456e-10 -0.0195899 0.00262315 -3.20481e-06
5821.05 6.46873e-09 6223.45 3.02524e-09 -0.0197805 0.00253908 -3.39809e-06
6010.93 2.42989e-09 6412.71 1.13883e-09 -0.0203508 0.00267209 -3.38564e-06
5924.13 -1.10568e-08 6311.59 -5.18901e-09 -0.0204532 0.00255662 -3.45252e-06
5876.92 -3.02433e-09 6273.7 -1.41653e-09 -0.0205018 0.00265678 -3.48852e-06
5454.27 2.17206e-09 5864.07 1.01013e-09 -0.0208857 0.00259046 -3.82924e-06
6321.27 1.02954e-08 6719.28 4.84279e-09 -0.0206345 0.00256185 -3.26429e-06
5371.16 8.20766e-09 5796.13 3.80294e-09 -0.0211719 0.00266993 -3.94176e-06
5668.48 -1.94273e-09 6089.63 -9.04186e-10 -0.0207825 0.00272959 -3.66633e-06
5745.17 -6.50764e-09 6147.91 -3.04067e-09 -0.0192357 0.00249439 -3.34814e-06
6130.29 -2.90757e-09 6534.68 -1.36382e-09 -0.0202218 0.00257148 -3.29867e-06
5732.15 1.14907e-09 6134.46 5.36858e-10 -0.0201626 0.0025044 -3.51746e-06
5909.18 9.1752e-09 6314.1 4.2934e-09 -0.0215894 0.00257965 -3.65353e-06
5711.41 -4.58182e-09 6120.07 -2.13794e-09 -0.0218645 0.00289365 -3.82823e-06
5374.56 -7.39272e-09 5769.08 -3.44358e-09 -0.0193362 0.00257333 -3.59773e-06
5315.86 1.02508e-08 5724.89 4.7592e-09 -0.0199643 0.00249891 -3.75562e-06
5837.62 1.33347e-09 6268.27 6.20926e-10 -0.0215426 0.00263828 -3.69031e-06
5554.46 -3.74223e-09 5961.69 -1.7433e-09 -0.018567 0.0026085 -3.34272e-06
5793.16 -7.20299e-10 6201.4 -3.36441e-10 -0.0200698 0.00258465 -3.46439e-06
5692.99 2.98257e-09 6085.57 1.39508e-09 -0.0199801 0.00240069 -3.5096e-06
5815.27 -1.50439e-08 6231.1 -7.01996e-09 -0.0200474 0.00271121 -3.44737e-06
5207.62 -1.35831e-08 5609.84 -6.30461e-09 -0.0197939 0.00263059 -3.80095e-06
5957.82 -5.36734e-09 6358.9 -2.5144e-09 -0.0200785 0.00258984 -3.37012e-06
6207.93 6.23817e-09 6624.86 2.92278e-09 -0.0205398 0.00252934 -3.30864e-06
5262.68 8.64195e-09 5663.4 4.01524e-09 -0.0194427 0.00240523 -3.69446e-06
5766.02 -2.54333e-09 6158.27 -1.19067e-09 -0.0193241 0.00252324 -3.35137e-06
5282.16 1.01649e-08 5679.06 4.72723e-09 -0.0193709 0.00250944 -3.66724e-06
5738.31 -3.01282e-09 6155.1 -1.40441e-09 -0.02 0.00257966 -3.48535e-06
5653.33 -2.13826e-08 6064.13 -9.96706e-09 -0.0211575 0.00276252 -3.74249e-06
5951.59 6.94917e-09 6356.04 3.25349e-09 -0.0196754 0.00255466 -3.30591e-06
6032.64 2.23803e-09 6439.56 1.0483e-09 -0.0203364 0.00266413 -3.37107e-06
6144.42 2.03871e-08 6561.26 9.54593e-09 -0.0199417 0.00256902 -3.2455e-06
5450.61 2.64431e-08 5840.71 1.23385e-08 -0.0199627 0.0024495 -3.66247e-06
6188.45 1.86284e-09 6587.66 8.74975e-10 -0.0199099 0.0025199 -3.21727e-06
5769.96 1.41425e-08 6178.66 6.60353e-09 -0.0195926 0.002661 -3.39561e-06
5954.36 -1.2606e-08 6343.51 -5.91636e-09 -0.019764 0.00254781 -3.31926e-06
5571.6 -1.05277e-08 5871.57 -4.99494e-09 -0.0200184 0.00270922 -3.59294e-06
5697.46 2.68029e-08 6113.36 1.24897e-08 -0.01967 0.00252575 -3.45241e-06
6001.37 -6.55449e-10 6410.43 -3.06812e-10 -0.0201182 0.00259154 -3.35227e-06
5829.34 1.36687e-08 6238.65 6.38594e-09 -0.0191213 0.00240462 -3.28019e-06
5758.34 6.52899e-09 6181.76 3.04089e-09 -0.0208748 0.00264392 -3.62515e-06
6013.82 -4.04292e-09 6437.86 -1.88832e-09 -0.021646 0.00270364 -3.59937e-06
5729.37 2.89227e-08 6125.96 1.35251e-08 -0.0203217 0.0025966 -3.54692e-06
5711.94 5.85241e-09 6100.3 2.73991e-09 -0.0192245 0.00249028 -3.36568e-06
5788.81 1.14275e-08 6205.05 5.33048e-09 -0.0196492 0.00247442 -3.39433e-06
5725.52 3.29027e-09 6129.59 1.53669e-09 -0.0203966 0.00264735 -3.5624e-06
6483.98 -2.17631e-09 6896.74 -1.02303e-09 -0.0205193 0.00269471 -3.16461e-06
5526.94 -6.81806e-09 5952.63 -3.16524e-09 -0.0196271 0.00245244 -3.55118e-06
5706.75 -2.1911e-09 6109.5 -1.02333e-09 -0.019454 0.00251344 -3.40894e-06
6377.62 1.14751e-08 6777.43 5.39909e-09 -0.0203702 0.00258973 -3.19401e-06
6404.1 6.04085e-09 6835.69 2.82972e-09 -0.0204733 0.00274515 -3.1969e-06
6084.94 1.49889e-08 6503.69 7.01191e-09 -0.0198961 0.0025899 -3.26973e-06
5974.25 3.65837e-09 6387.67 1.7108e-09 -0.0205297 0.00252623 -3.43636e-06
5893.84 1.08598e-08 6298.81 5.0808e-09 -0.0195418 0.0025556 -3.31562e-06
6148.55 -1.24024e-08 6574.56 -5.79938e-09 -0.0209118 0.00259894 -3.40109e-06
5909.77 -9.20073e-09 6317.45 -4.30349e-09 -0.0203966 0.0027355 -3.45134e-06
5563.3 -4.24264e-09 5964.73 -1.97855e-09 -0.020634 0.0026892 -3.70896e-06
6063.89 2.29749e-08 6506.34 1.07062e-08 -0.0212723 0.00266399 -3.50802e-06
5769.26 -4.13591e-09 6182.26 -1.92981e-09 -0.0201136 0.0026743 -3.48633e-06
5535.65 4.62196e-09 5941.23 2.15322e-09 -0.0206085 0.00260464 -3.72288e-06
5820.11 2.06795e-09 6237.75 9.64749e-10 -0.0201085 0.00258074 -3.455e-06
6948.96 8.96627e-09 7412.44 4.20282e-09 -0.0166798 0.00222078 -2.40033e-06
6166.91 6.43963e-09 6604.18 3.00663e-09 -0.0198365 0.002644 -3.2166e-06
6131.55 1.45146e-08 6584.46 6.75811e-09 -0.0185554 0.00247436 -3.02622e-06
6528.4 1.76545e-08 6976.44 8.26034e-09 -0.0202174 0.00259942 -3.09684e-06
6460 -4.35717e-09 6907.81 -2.03735e-09 -0.0202585 0.00258543 -3.136e-06
6089.5 -1.31695e-08 6536.44 -6.13449e-09 -0.0208017 0.0025469 -3.416e-06
6330.85 -1.07271e-08 6773.92 -5.01272e-09 -0.0204112 0.00261172 -3.22409e-06
6695.13 8.55493e-09 7155.33 4.00236e-09 -0.0204652 0.0025392 -3.05673e-06
6349.27 -5.33676e-09 6819.5 -2.48439e-09 -0.0208306 0.00252757 -3.28079e-06
6343.07 5.94266e-09 6804.33 2.76991e-09 -0.0192013 0.00259144 -3.02713e-06
6324.88 5.33557e-09 6797.54 2.48228e-09 -0.020765 0.00270667 -3.28307e-06
6431.31 8.29445e-10 6860.88 3.88756e-10 -0.0179016 0.00230199 -2.78351e-06
6272.97 1.29428e-09 6730.69 6.03132e-10 -0.0207201 0.00274385 -3.30308e-06
6193.74 9.26557e-09 6624.88 4.33129e-09 -0.0205011 0.00239713 -3.30997e-06
6117.71 1.2732e-09 6552.52 5.94356e-10 -0.0202882 0.00256473 -3.3163e-06
6090.06 -1.36289e-09 6520.15 -6.36493e-10 -0.0200294 0.00277412 -3.28886e-06
6327.32 -3.17161e-09 6756.07 -1.48517e-09 -0.0208379 0.00257845 -3.29333e-06
6602.87 7.46217e-09 7043.79 3.49753e-09 -0.0196038 0.00247839 -2.96898e-06
6254.66 9.60752e-09 6691.9 4.48989e-09 -0.0205905 0.00268217 -3.29202e-06
6179.19 1.25061e-08 6626.97 5.83053e-09 -0.0212499 0.00270903 -3.43894e-06
6510.65 -5.8357e-09 6940.17 -2.73727e-09 -0.020958 0.00274945 -3.21903e-06
6306.57 1.52305e-08 6734.02 7.13185e-09 -0.0198534 0.00259358 -3.14804e-06
6582.67 1.41907e-08 7020.31 6.65304e-09 -0.0202602 0.00261661 -3.0778e-06
5902.92 -4.53392e-09 6329.16 -2.11429e-09 -0.019475 0.00258254 -3.29921e-06
5984.88 4.89793e-09 6419.82 2.28305e-09 -0.0187008 0.00252896 -3.12467e-06
6088.32 -2.74487e-09 6522.32 -1.28111e-09 -0.0207356 0.0028727 -3.4058e-06
6284.44 4.64445e-09 6741.31 2.16484e-09 -0.0215113 0.00262031 -3.42295e-06
5603.45 2.04779e-08 6032.95 9.51001e-09 -0.0196081 0.00254314 -3.49929e-06
6235.87 1.71861e-08 6681.03 8.0205e-09 -0.020551 0.00261009 -3.29562e-06
6506.43 3.70944e-09 6945.19 1.73755e-09 -0.0189229 0.00244337 -2.90835e-06
6132.33 4.31337e-09 6571.83 2.01245e-09 -0.0205854 0.00262358 -3.35687e-06
5426.36 6.69291e-09 5870.1 3.09349e-09 -0.0197713 0.0025969 -3.64356e-06
5967.53 -1.16135e-08 6393.06 -5.42022e-09 -0.0199438 0.00270227 -3.34205e-06
6566.29 6.10927e-09 7004.59 2.8635e-09 -0.0204768 0.0026532 -3.11847e-06
6121.47 1.03666e-08 6555.15 4.84037e-09 -0.0203018 0.00259617 -3.31649e-06
6085.88 1.59064e-10 6525.28 7.41766e-11 -0.0210977 0.00273014 -3.46667e-06
6066.76 -2.28652e-09 6483.59 -1.06976e-09 -0.0201559 0.00261493 -3.32234e-06
6454.31 1.54522e-08 6885.02 7.24278e-09 -0.0200132 0.00253965 -3.10075e-06
6251.28 1.07371e-08 6677.86 5.0256e-09 -0.0202647 0.00255761 -3.24169e-06
6418.84 8.66489e-09 6854.9 4.05685e-09 -0.0204488 0.00247124 -3.18575e-06
6376.94 9.07927e-09 6825.77 4.24113e-09 -0.0203674 0.0027901 -3.19392e-06
5968.53 -4.64999e-09 6401.8 -2.16764e-09 -0.0198437 0.00269922 -3.32472e-06
6303.24 -8.62662e-10 6737.52 -4.03529e-10 -0.0197723 0.00269742 -3.13685e-06
6235.32 6.09768e-09 6677.48 2.84696e-09 -0.0200769 0.00257055 -3.21987e-06
5996.17 -4.31699e-09 6423.09 -2.01503e-09 -0.019241 0.00264822 -3.20888e-06
6460.2 -3.34005e-09 6893.87 -1.56497e-09 -0.0192792 0.00255462 -2.98431e-06
6169.4 -6.28661e-09 6603.87 -2.93651e-09 -0.0212681 0.00274935 -3.44736e-06
6243.84 9.19125e-09 6660.57 4.30809e-09 -0.0204727 0.00254652 -3.27887e-06
6013.55 7.49726e-09 6428.12 3.50687e-09 -0.0199006 0.00252944 -3.30929e-06
6025.38 1.17544e-08 6479.38 5.46539e-09 -0.019656 0.00270233 -3.2622e-06
6236.45 9.48166e-09 6664.79 4.43614e-09 -0.0201643 0.00274254 -3.2333e-06
6220.06 6.90163e-09 6657.17 3.22424e-09 -0.0197985 0.00260824 -3.18301e-06
6485.73 1.28623e-08 6913.99 6.0328e-09 -0.0202925 0.00263049 -3.12879e-06
5906.39 2.04804e-08 6344.99 9.53235e-09 -0.0206312 0.00248012 -3.49303e-06
5763.82 1.06483e-08 6191.25 4.95659e-09 -0.0197964 0.00267148 -3.43459e-06
6436.87 -9.25305e-09 6859.37 -4.34156e-09 -0.0197959 0.0025203 -3.07539e-06
6373.31 1.30086e-08 6817.62 6.08041e-09 -0.0205911 0.00272679 -3.23083e-06
6310.27 1.23465e-08 6728.18 5.78983e-09 -0.0193638 0.00251843 -3.06861e-06
5757.77 1.77711e-08 6191.1 8.26362e-09 -0.0197869 0.00256945 -3.43655e-06
6599.8 4.69419e-09 7038.07 2.20094e-09 -0.02018 0.00263445 -3.05767e-06
5893.64 -1.87464e-09 6341.67 -8.711e-10 -0.0209228 0.00272752 -3.55006e-06
6023.76 1.359e-08 6476.87 6.31963e-09 -0.020454 0.00261363 -3.39556e-06
6380.8 9.60789e-09 6806.04 4.5038e-09 -0.0204926 0.0026071 -3.2116e-06
6140.21 3.01037e-09 6588.19 1.40283e-09 -0.020742 0.00273205 -3.37806e-06
6263.62 -9.61986e-09 6702.29 -4.49512e-09 -0.0197825 0.00271621 -3.15831e-06
6527.44 -3.09274e-09 6972.48 -1.44767e-09 -0.020508 0.00271315 -3.1418e-06
6216.66 1.1878e-08 6660.36 5.54337e-09 -0.0206426 0.00262666 -3.32054e-06
5976.02 2.89152e-09 6421.25 1.34552e-09 -0.0217082 0.00286621 -3.63256e-06
6405.41 1.46034e-08 6852.21 6.82557e-09 -0.0212518 0.0027024 -3.31779e-06
6573.77 3.93957e-09 7018.85 1.84487e-09 -0.0211981 0.00257273 -3.22465e-06
6671.79 -3.29831e-09 7110.73 -1.54735e-09 -0.0210075 0.00265061 -3.14871e-06
6314.15 1.26409e-08 6754.93 5.90803e-09 -0.0193962 0.0026206 -3.07186e-06
6441.36 1.20354e-08 6883.44 5.63119e-09 -0.0197824 0.00258446 -3.07116e-06
5980.59 -4.85086e-09 6407.59 -2.2638e-09 -0.020446 0.00253366 -3.41873e-06
6349.7 6.69658e-09 6792.64 3.12995e-09 -0.0194807 0.00258573 -3.06798e-06
5648.38 9.4579e-09 6080.43 4.39293e-09 -0.0189371 0.00248338 -3.35267e-06
6381.98 1.11048e-08 6825.97 5.19124e-09 -0.0207239 0.0026652 -3.24726e-06
6175.6 -2.49153e-09 6613.45 -1.16329e-09 -0.0207502 0.00262457 -3.36002e-06
5853.3 -1.06845e-08 6277.63 -4.98117e-09 -0.0193906 0.00257572 -3.31276e-06
5639.8 1.00461e-08 6034.44 4.69456e-09 -0.0198597 0.00253318 -3.52136e-06
5807.36 -2.89826e-09 6212.18 -1.3547e-09 -0.0213309 0.00271575 -3.67307e-06
6298.18 -3.82263e-09 6715.77 -1.79247e-09 -0.0208524 0.00272627 -3.31086e-06
5696.21 -4.61045e-09 6082.2 -2.15893e-09 -0.0200692 0.00262652 -3.52326e-06
5948.51 -2.41088e-09 6342.19 -1.13062e-09 -0.020654 0.002616 -3.47213e-06
5908.31 1.10093e-08 6297.45 5.16451e-09 -0.0204439 0.00249323 -3.46019e-06
5536.47 7.65859e-09 5933.14 3.57328e-09 -0.0196442 0.00244413 -3.54814e-06
5717.56 -9.66556e-11 6112.83 -4.52028e-11 -0.0206397 0.00271136 -3.60987e-06
5926.55 2.66212e-09 6336.78 1.24489e-09 -0.0208032 0.00278492 -3.51017e-06
5818.36 7.5059e-09 6199.05 3.52248e-09 -0.0204902 0.00246237 -3.52164e-06
6005.35 1.67931e-08 6400.76 7.87787e-09 -0.0208361 0.00278291 -3.46958e-06
5228.79 -1.33747e-08 5615.61 -6.22673e-09 -0.0206998 0.00249767 -3.9588e-06
6082.72 -1.94137e-09 6480.68 -9.11079e-10 -0.0213695 0.00284573 -3.51314e-06
5655.24 6.54821e-09 6059.77 3.05554e-09 -0.0202589 0.002595 -3.58232e-06
5838.95 -2.84305e-09 6244.59 -1.32919e-09 -0.0204811 0.00259151 -3.50767e-06
5811.75 8.16862e-09 6221.9 3.81508e-09 -0.0206179 0.00257814 -3.54763e-06
5820.26 8.29153e-09 6218.26 3.88042e-09 -0.0204185 0.00284859 -3.50818e-06
5679.56 -2.04605e-09 6067.04 -9.57691e-10 -0.0200989 0.00266631 -3.53881e-06
5870.33 1.00053e-08 6285.93 4.6719e-09 -0.0201575 0.00262507 -3.4338e-06
5735.38 -1.91446e-09 6147.27 -8.93093e-10 -0.0206147 0.00274213 -3.5943e-06
6074.15 -1.71342e-08 6475.9 -8.03563e-09 -0.0208083 0.00285485 -3.42572e-06
5886.69 -7.87141e-10 6277.27 -3.69082e-10 -0.0199837 0.00258587 -3.39474e-06
6023.35 1.26738e-08 6417.48 5.94773e-09 -0.0202272 0.00256349 -3.35813e-06
5551.09 3.23131e-09 5941.65 1.50945e-09 -0.0196242 0.00265574 -3.53519e-06
5723.92 -5.43037e-09 6136.09 -2.5328e-09 -0.0194519 0.00267352 -3.39836e-06
6102.16 -9.64208e-09 6482.93 -4.53788e-09 -0.019884 0.00262469 -3.25852e-06
5961.3 1.30988e-08 6369.19 6.12994e-09 -0.0195884 0.00261291 -3.28593e-06
5362.37 1.36392e-08 5767.72 6.34034e-09 -0.0204647 0.00278718 -3.81635e-06
5112.55 1.29946e-08 5510.16 6.02848e-09 -0.0188684 0.00253471 -3.6906e-06
5531.52 -7.90818e-09 5940.55 -3.68184e-09 -0.0206711 0.00270753 -3.73697e-06
5783.53 6.90353e-09 6188.54 3.22586e-09 -0.0210812 0.00264546 -3.64504e-06
6120.3 6.00152e-09 6516.8 2.81819e-09 -0.0205561 0.00260727 -3.35867e-06
5753.96 6.46507e-09 6149.88 3.02443e-09 -0.0209245 0.00245605 -3.63655e-06
5870.32 -1.3231e-09 6258.87 -6.20481e-10 -0.0202976 0.0026439 -3.45766e-06
5513.94 -4.75583e-09 5901.79 -2.22165e-09 -0.0204297 0.00275007 -3.7051e-06
5426.78 -1.23302e-08 5806.55 -5.76189e-09 -0.0200229 0.00273646 -3.68964e-06
5563.54 3.57142e-09 5957.15 1.66772e-09 -0.0197887 0.00264237 -3.55684e-06
5417.93 1.18059e-08 5808.89 5.50563e-09 -0.0200662 0.00254199 -3.70367e-06
5693.66 1.51038e-08 6093.21 7.05671e-09 -0.0203352 0.00255735 -3.57155e-06
5521.25 1.29951e-08 5916.73 6.06325e-09 -0.0199671 0.00268095 -3.6164e-06
5817.65 2.03342e-09 6213.72 9.51906e-10 -0.0196042 0.00255999 -3.36977e-06
5720.94 2.01938e-08 6119.17 9.43982e-09 -0.0198603 0.00256559 -3.47151e-06
5453.29 5.97906e-09 5844.08 2.78962e-09 -0.0193337 0.00250376 -3.54534e-06
5970.21 2.7863e-08 6378.54 1.30397e-08 -0.0209074 0.00267443 -3.50196e-06
5504.31 1.13054e-08 5885.25 5.28681e-09 -0.0202234 0.00254892 -3.67411e-06
5527.89 3.51812e-09 5917.33 1.64329e-09 -0.0199444 0.00267871 -3.60797e-06
6282.94 -1.82706e-09 6681 -8.59102e-10 -0.0202791 0.00280049 -3.22766e-06
5921.71 -8.2289e-09 6317.54 -3.85666e-09 -0.0199315 0.00272181 -3.36583e-06
5773 -7.1435e-09 6165.78 -3.34421e-09 -0.0214425 0.00271341 -3.71428e-06
5589.05 -1.42369e-08 5976.54 -6.65693e-09 -0.0191602 0.00249179 -3.42817e-06
5972.7 9.58072e-09 6352.37 4.50405e-09 -0.0198141 0.00247587 -3.31743e-06
5266.13 -8.94701e-09 5664.83 -4.15865e-09 -0.0214806 0.00266863 -4.07901e-06
5854.36 -9.90483e-10 6235.41 -4.64978e-10 -0.0189497 0.00250449 -3.23684e-06
5450.6 -8.03282e-09 5836.35 -3.75095e-09 -0.0194468 0.00263519 -3.56783e-06
5967.79 -4.62836e-11 6355.39 -2.17304e-11 -0.0198962 0.00278441 -3.33392e-06
5690.37 1.02421e-09 6085.41 4.78859e-10 -0.0190791 0.00257685 -3.35288e-06
5997.49 1.63805e-08 6393.31 7.68318e-09 -0.0200403 0.00263758 -3.34144e-06
5591.8 -9.07317e-09 5996.88 -4.23014e-09 -0.0201455 0.00263974 -3.60268e-06
5690.55 -5.5657e-09 6080.82 -2.60424e-09 -0.0208875 0.00260446 -3.67056e-06
4436.77 2.29494e-08 4791.98 1.06241e-08 -0.0193501 0.00249377 -4.3613e-06
5241.41 6.44036e-09 5633.06 2.99629e-09 -0.0206368 0.00277428 -3.93726e-06
6078.89 1.40534e-08 6454.91 6.61736e-09 -0.0197996 0.00259155 -3.25711e-06
5685.91 -1.12053e-08 6053.51 -5.26245e-09 -0.0201153 0.00260191 -3.53775e-06
5477.83 -1.56041e-08 5859.31 -7.29409e-09 -0.0192523 0.00272195 -3.51459e-06
5637.05 2.29499e-09 6005.87 1.07703e-09 -0.0197651 0.00259128 -3.50629e-06
5127.3 -1.30706e-08 5506.3 -6.08546e-09 -0.0197529 0.00249973 -3.8525e-06
5372.12 1.54556e-08 5739.61 7.23299e-09 -0.0205456 0.00268909 -3.82449e-06
5308.77 9.41935e-09 5684.29 4.39854e-09 -0.0195474 0.00264908 -3.68209e-06
5159.5 4.78242e-09 5527.8 2.23189e-09 -0.0199783 0.00262404 -3.87215e-06
5674.33 -3.00974e-09 6059.38 -1.40924e-09 -0.0210996 0.00263651 -3.71842e-06
5162.78 2.19391e-08 5537.92 1.02265e-08 -0.0207864 0.00271122 -4.02622e-06
5113.88 1.10537e-08 5497.76 5.14096e-09 -0.0219458 0.0028084 -4.29141e-06
5889.35 -2.61576e-09 6261.59 -1.23013e-09 -0.0200194 0.00263221 -3.39925e-06
4660.1 1.9278e-08 5033.05 8.92473e-09 -0.0200529 0.00245372 -4.30311e-06
5648.15 1.66131e-08 6027.15 7.7842e-09 -0.0188038 0.00252104 -3.32919e-06
5583.04 1.17958e-08 5960.63 5.52427e-09 -0.0205668 0.00256388 -3.6838e-06
4938.5 -1.80479e-08 5315.06 -8.38459e-09 -0.0206605 0.00283014 -4.18355e-06
5293.81 6.34865e-09 5677.5 2.9598e-09 -0.0202368 0.00268262 -3.82273e-06
4691.55 -2.0845e-08 5064.83 -9.65434e-09 -0.0208295 0.00265331 -4.4398e-06
5410.16 -1.3115e-08 5778.42 -6.13957e-09 -0.0193738 0.00260954 -3.58101e-06
5319.4 1.61479e-08 5680.51 7.56067e-09 -0.0201551 0.00255296 -3.78898e-06
5119.31 1.16323e-08 5465.05 5.44818e-09 -0.0195096 0.00257 -3.81099e-06
5370.99 3.10296e-09 5757.61 1.4473e-09 -0.0206414 0.0026784 -3.84312e-06
5090 -2.70009e-08 5473.43 -1.25547e-08 -0.0202866 0.00253354 -3.98559e-06
5692.42 -1.05994e-08 6077.51 -4.96387e-09 -0.0206263 0.00268539 -3.62347e-06
5692.39 4.22824e-09 6048.65 1.9896e-09 -0.0210301 0.00273247 -3.69443e-06
5754.86 1.31557e-08 6137.51 6.16773e-09 -0.0202888 0.00263915 -3.52551e-06
5214.93 5.04298e-09 5599.94 2.34813e-09 -0.0207095 0.00273382 -3.9712e-06
5283.14 -2.16842e-09 5656.15 -1.01271e-09 -0.0187531 0.00268413 -3.54961e-06
6162.45 -4.82175e-09 6565.56 -2.26286e-09 -0.0193633 0.00256453 -3.14214e-06
6017.45 -5.00391e-10 6428.56 -2.34196e-10 -0.0204515 0.00264677 -3.39869e-06
6058.83 7.12956e-09 6459.06 3.34389e-09 -0.0204066 0.00258281 -3.36808e-06
5473.31 1.99382e-08 5889.43 9.26474e-09 -0.0195618 0.00267154 -3.57405e-06
5712.81 8.17436e-09 6126.52 3.81118e-09 -0.0204845 0.00258201 -3.58571e-06
5782.63 6.95942e-09 6210.16 3.24015e-09 -0.0211956 0.00266946 -3.66539e-06
5851.02 1.15642e-08 6265.61 5.39949e-09 -0.0202049 0.00255053 -3.45322e-06
6103.75 1.17722e-08 6512.75 5.51643e-09 -0.0205449 0.00255319 -3.36595e-06
5603.87 -6.03459e-09 6027.48 -2.80524e-09 -0.0204759 0.0026795 -3.65388e-06
5722.09 1.62826e-08 6122.66 7.60867e-09 -0.0195405 0.00262956 -3.41492e-06
5559.3 -5.45004e-09 5963.33 -2.54039e-09 -0.0203506 0.00273919 -3.66064e-06
5650.19 1.2511e-08 6041.33 5.85049e-09 -0.0190423 0.00253925 -3.37021e-06
5720.8 -2.76263e-09 6144.82 -1.286e-09 -0.0203108 0.00256907 -3.55035e-06
6095.97 -9.83075e-09 6506.68 -4.60511e-09 -0.0204645 0.00267292 -3.35705e-06
5789.54 2.07272e-08 6189.99 9.69314e-09 -0.0201581 0.00253164 -3.48182e-06
5510.98 -1.42583e-08 5922.24 -6.63406e-09 -0.0204303 0.00267321 -3.7072e-06
5757.13 1.25002e-08 6169.35 5.83249e-09 -0.019898 0.00266931 -3.45623e-06
5576.85 1.07557e-08 5996.9 5.00118e-09 -0.0200909 0.00266428 -3.60256e-06
5808.78 -8.16515e-11 6210.68 -3.81839e-11 -0.0197896 0.00263475 -3.40684e-06
5616.58 1.37201e-08 6038.21 6.38104e-09 -0.0203522 0.00260474 -3.6236e-06
6062.52 5.49884e-09 6477.62 2.57323e-09 -0.0207977 0.00281977 -3.43053e-06
6370.36 6.40971e-09 6777.57 3.0123e-09 -0.0201328 0.00272934 -3.16039e-06
6080.94 2.66832e-09 6495.94 1.24892e-09 -0.0213203 0.00271901 -3.50608e-06
5814.11 -1.84197e-09 6214.37 -8.61664e-10 -0.0205879 0.00258012 -3.54102e-06
5544.75 6.53722e-09 5957.55 3.04213e-09 -0.0196755 0.00240538 -3.5485e-06
5891.83 1.91514e-08 6322.89 8.9229e-09 -0.0208431 0.00259278 -3.53763e-06
6824.17 7.09147e-09 7241.7 3.3413e-09 -0.0194014 0.00265499 -2.84305e-06
6105.26 1.64676e-08 6506.44 7.72611e-09 -0.0195442 0.00258036 -3.2012e-06
5463.82 3.24009e-10 5844.04 1.51464e-10 -0.0199477 0.0025399 -3.65087e-06
5648.05 9.9167e-09 6059.26 4.62185e-09 -0.0196882 0.00263824 -3.48584e-06
5598.7 -2.32129e-08 5997.66 -1.08344e-08 -0.0184166 0.00260573 -3.28944e-06
5455.73 -1.36374e-08 5850.3 -6.35882e-09 -0.0194306 0.00248433 -3.5615e-06
6047.34 -1.04567e-08 6445.5 -4.90537e-09 -0.0203822 0.00267119 -3.37044e-06
5445.85 -6.95248e-09 5825.06 -3.24993e-09 -0.0193191 0.00249469 -3.54749e-06
5635.62 1.97519e-08 6025.28 9.23725e-09 -0.0206387 0.00264586 -3.66218e-06
5824.51 -6.37762e-10 6211.99 -2.9899e-10 -0.0203869 0.00261658 -3.50019e-06
5475.23 1.2542e-08 5883.33 5.83599e-09 -0.0196137 0.00265481 -3.58226e-06
5813.42 7.39737e-09 6196.41 3.47008e-09 -0.0203304 0.00253413 -3.49716e-06
5773.43 1.11847e-08 6170.76 5.23225e-09 -0.0201067 0.00259921 -3.48262e-06
5344.85 1.96003e-09 5741.37 9.12333e-10 -0.0203286 0.00268284 -3.80339e-06
6247.75 1.29823e-08 6629.64 6.11726e-09 -0.019033 0.00250427 -3.04638e-06
5802 -2.41897e-10 6204.23 -1.13107e-10 -0.0193022 0.00257486 -3.32682e-06
5707.8 -4.5149e-09 6096.1 -2.11366e-09 -0.0213777 0.00264867 -3.74535e-06
5609.69 5.91519e-09 6000.32 2.76505e-09 -0.0209596 0.0026057 -3.73633e-06
5811.8 1.14688e-08 6215.66 5.36182e-09 -0.0205081 0.00269135 -3.5287e-06
5863.15 1.17747e-08 6258.82 5.51514e-09 -0.020306 0.00268117 -3.46333e-06
5866.81 -3.99287e-09 6259.44 -1.8712e-09 -0.0202188 0.00270891 -3.4463e-06
5670.81 -2.296e-09 6049.84 -1.07608e-09 -0.0194633 0.00246315 -3.43219e-06
5688.36 -1.78426e-09 6080.17 -8.34641e-10 -0.0196654 0.00265071 -3.45713e-06
5581.06 -2.21663e-09 5949.15 -1.03974e-09 -0.0190495 0.00250079 -3.41324e-06
5568.9 1.80885e-08 5957.28 8.4546e-09 -0.0200988 0.00257915 -3.60911e-06
5521.27 -3.78893e-09 5887.65 -1.77657e-09 -0.0189963 0.00250332 -3.44056e-06
6214.45 1.78345e-08 6632.48 8.35522e-09 -0.0208831 0.00253968 -3.36041e-06
5374.15 1.69867e-08 5770.85 7.90949e-09 -0.0208127 0.00260398 -3.87275e-06
5691.28 -1.05782e-08 6077.16 -4.95324e-09 -0.0203341 0.00270648 -3.57286e-06
5451.73 -3.80589e-09 5838.18 -1.77698e-09 -0.0200394 0.00266305 -3.67578e-06
5535.78 1.01807e-08 5926.23 4.75496e-09 -0.0204641 0.00274476 -3.69671e-06
5500.06 2.05018e-08 5888.12 9.57529e-09 -0.0204976 0.00262073 -3.72679e-06
5963.27 2.05851e-08 6354.29 9.65922e-09 -0.0198056 0.00254945 -3.32126e-06
5979.43 2.01783e-08 6395.93 9.43215e-09 -0.0207806 0.00264176 -3.47535e-06
5460.06 2.15879e-08 5858.97 1.00591e-08 -0.0195828 0.00252289 -3.58655e-06
5928.68 5.41806e-09 6321.42 2.54072e-09 -0.0204168 0.00263694 -3.44374e-06
5679.04 -1.306e-08 6075.3 -6.10408e-09 -0.0206336 0.00261538 -3.6333e-06
5111.58 -1.41581e-08 5519.23 -6.55619e-09 -0.0212228 0.00265824 -4.1519e-06
5924.34 -9.44294e-09 6307.21 -4.43486e-09 -0.0193221 0.00255373 -3.26147e-06
5593.82 -6.88499e-09 6003.65 -3.2075e-09 -0.0211014 0.00269293 -3.77226e-06
5664.13 -6.40429e-09 6052.67 -2.99659e-09 -0.0193768 0.0027581 -3.42096e-06
5855.71 1.871e-08 6251.94 8.76212e-09 -0.019611 0.00259195 -3.34903e-06
5572.3 6.58979e-09 5968.85 3.076e-09 -0.0193424 0.00255315 -3.47117e-06
5914.71 1.63425e-08 6310.54 7.65869e-09 -0.0196969 0.00266208 -3.33016e-06
5659.76 1.77572e-08 6030.57 8.33266e-09 -0.0189443 0.00268023 -3.34719e-06
5732.64 1.2833e-08 6138.65 5.99212e-09 -0.0205602 0.00257004 -3.58651e-06
5410.04 2.0504e-08 5807.89 9.54972e-09 -0.0195456 0.00255359 -3.61285e-06
5099.77 1.58136e-08 5491.35 7.34299e-09 -0.0198241 0.00231539 -3.88726e-06
6213.46 7.7058e-09 6613.02 3.62011e-09 -0.0199442 0.00260466 -3.20984e-06
5824.82 -1.39511e-08 6221.59 -6.53069e-09 -0.0196584 0.00263644 -3.37495e-06
5525.18 -1.57551e-09 5919.83 -7.35239e-10 -0.0203417 0.00273566 -3.68163e-06
5106.98 -1.17611e-08 5498.85 -5.46145e-09 -0.0208451 0.00255657 -4.0817e-06
5981.27 1.55529e-08 6362.56 7.31042e-09 -0.019073 0.00246922 -3.18878e-06
6408.11 1.50741e-08 6821.83 7.07993e-09 -0.0198561 0.00255218 -3.09859e-06
5639.96 -1.72797e-08 6037.19 -8.07139e-09 -0.0193957 0.00259843 -3.43898e-06
5652.2 3.03947e-09 6042.57 1.42155e-09 -0.0209662 0.00248375 -3.70938e-06
5656.69 7.49743e-09 6041.42 3.50999e-09 -0.0194616 0.00262177 -3.44046e-06
6158.56 -5.12188e-09 6560.81 -2.40393e-09 -0.020201 0.00269286 -3.28015e-06
5073.61 -1.35961e-08 5465.43 -6.31071e-09 -0.0190389 0.00244388 -3.75255e-06
5686.97 2.78875e-10 6098.07 1.30038e-10 -0.0215149 0.00272308 -3.78319e-06
5857.68 9.28156e-09 6281.07 4.32796e-09 -0.0214586 0.00270021 -3.66332e-06
5400.42 -5.71385e-10 5786.27 -2.66642e-10 -0.0207174 0.00272258 -3.83626e-06
5938.51 9.17095e-09 6348.95 4.28903e-09 -0.0215919 0.00264138 -3.63591e-06
5249.87 2.0608e-08 5626.98 9.61342e-09 -0.0207874 0.00271787 -3.9596e-06
5458.78 1.98043e-08 5868.41 9.21094e-09 -0.0202511 0.00271492 -3.70982e-06
5591.14 -5.41503e-09 5997.1 -2.52423e-09 -0.0211649 0.00264259 -3.78543e-06
5541.04 5.4689e-10 5938.53 2.55142e-10 -0.0204706 0.00258335 -3.69436e-06
5502.73 2.53598e-08 5909.88 1.18063e-08 -0.0205556 0.00265369 -3.73552e-06
6142.1 8.70824e-09 6549.39 4.08334e-09 -0.0202716 0.00281301 -3.30043e-06
5459.53 3.38556e-08 5831.2 1.58489e-08 -0.0194657 0.0025183 -3.56546e-06
5560.05 3.87455e-09 5947.64 1.81103e-09 -0.0200853 0.00254041 -3.61244e-06
5298.94 1.06024e-08 5703.15 4.92546e-09 -0.0208929 0.0027617 -3.94285e-06
6235.19 -1.92874e-09 6626.38 -9.07437e-10 -0.0203652 0.00264006 -3.26617e-06
5452.29 1.62739e-09 5862.88 7.56711e-10 -0.021522 0.00267452 -3.94733e-06
5379.51 -6.71055e-09 5772.93 -3.12661e-09 -0.0188499 0.00250406 -3.50401e-06
5753.13 -5.89079e-09 6154.79 -2.75318e-09 -0.0205587 0.00273985 -3.57347e-06
5924.62 -3.88293e-09 6352.48 -1.8107e-09 -0.0217636 0.00281727 -3.67341e-06
5532 -1.41989e-08 5912.47 -6.6426e-09 -0.0196504 0.00255127 -3.55214e-06
5706.54 8.23114e-09 6106.38 3.84608e-09 -0.0202662 0.00259747 -3.5514e-06
5359.63 -7.04051e-09 5778.21 -3.26524e-09 -0.0216093 0.00277129 -4.03187e-06
5613.86 -7.05087e-09 6014.91 -3.29037e-09 -0.0206566 0.00279893 -3.67957e-06
5975.84 6.94936e-09 6375.22 3.257e-09 -0.0196017 0.0025041 -3.28015e-06
5805.71 1.43224e-08 6202.3 6.70328e-09 -0.021025 0.00256099 -3.62143e-06
6014.12 -6.13504e-09 6413.87 -2.87634e-09 -0.0201686 0.00261606 -3.35354e-06
5742.12 -5.61034e-09 6151.49 -2.61849e-09 -0.0197362 0.00268522 -3.43709e-06
5877.35 -2.73641e-08 6270.47 -1.28243e-08 -0.0205009 0.0026879 -3.48811e-06
5723.25 -1.34338e-08 6121.27 -6.28018e-09 -0.020361 0.00277538 -3.5576e-06
5481.75 -7.2781e-09 5875.16 -3.39537e-09 -0.0194903 0.00256726 -3.55549e-06
5401.35 -5.51904e-09 5805.37 -2.56747e-09 -0.0212866 0.00279515 -3.94097e-06
6084.94 9.93102e-09 6493.58 4.65303e-09 -0.0204705 0.00255649 -3.36413e-06
5739.21 2.49861e-08 6130.35 1.1696e-08 -0.0201403 0.0025173 -3.50925e-06
5836.34 2.22345e-10 6227.52 1.04189e-10 -0.0202726 0.00256819 -3.47351e-06
5869.94 -7.36221e-09 6302.96 -3.42821e-09 -0.0205497 0.00273884 -3.50084e-06
6089.79 3.56456e-09 6514.1 1.66619e-09 -0.0202919 0.00268214 -3.33212e-06
5416.5 1.37522e-08 5831.1 6.38722e-09 -0.019744 0.00263326 -3.64516e-06
6591.35 2.1651e-08 7020.9 1.01632e-08 -0.0179411 0.00239612 -2.72191e-06
5592.81 2.09988e-09 6015.15 9.76219e-10 -0.0188822 0.00244911 -3.37615e-06
5734.72 7.97251e-09 6138.72 3.72391e-09 -0.0187795 0.00253148 -3.2747e-06
5994.28 1.36259e-09 6415.92 6.36524e-10 -0.0210307 0.00274004 -3.50845e-06
6092.96 1.91178e-08 6505.66 8.95253e-09 -0.020009 0.00253392 -3.28396e-06
6119.06 7.90305e-09 6524.29 3.70609e-09 -0.0184091 0.00247685 -3.00849e-06
6296.9 1.87711e-08 6679.42 8.84807e-09 -0.0176892 0.00234718 -2.8092e-06
5884.45 1.07927e-08 6308.19 5.03386e-09 -0.0204557 0.00262439 -3.47623e-06
5512.97 1.09542e-08 5921.31 5.09942e-09 -0.0207689 0.00261122 -3.76727e-06
6100.69 5.28385e-09 6507.89 2.47662e-09 -0.0203023 0.00258784 -3.32787e-06
5747.23 -4.9606e-09 6170.99 -2.30998e-09 -0.0218318 0.00267001 -3.79866e-06
5617.53 2.30733e-08 6040.72 1.07284e-08 -0.019476 0.00257663 -3.46701e-06
5887.59 2.75309e-09 6311.69 1.28405e-09 -0.0200465 0.00261645 -3.40488e-06
6111.85 3.92886e-08 6533.44 1.83767e-08 -0.0199367 0.00265787 -3.26198e-06
6357.48 3.72896e-09 6784.59 1.74711e-09 -0.0202482 0.00258512 -3.18495e-06
6080.71 5.81819e-09 6475.56 2.73171e-09 -0.0201301 0.00260286 -3.31049e-06
6165.81 1.41643e-08 6586.98 6.62933e-09 -0.0204407 0.0025271 -3.31516e-06
6263.7 -7.73836e-09 6675.03 -3.63075e-09 -0.0199806 0.00262662 -3.18991e-06
5925.23 -3.59358e-09 6329.16 -1.68212e-09 -0.0204773 0.0026966 -3.45596e-06
5705.45 -3.60921e-09 6129.15 -1.67985e-09 -0.0201181 0.00265425 -3.52612e-06
5948.82 1.85259e-08 6344.24 8.6856e-09 -0.0201183 0.0025203 -3.38189e-06
6021.77 1.54782e-08 6435.11 7.24198e-09 -0.019788 0.00256455 -3.28608e-06
5631 -8.15836e-09 6022.84 -3.81379e-09 -0.0194244 0.00266008 -3.44954e-06
5838.54 -2.85762e-09 6245.57 -1.33569e-09 -0.0197487 0.00249898 -3.38247e-06
6060.89 4.32853e-09 6482.29 2.02357e-09 -0.019844 0.00256026 -3.2741e-06
5509.62 8.33294e-09 5953.91 3.85556e-09 -0.0204304 0.00265424 -3.70813e-06
5987.97 7.06917e-09 6390 3.31221e-09 -0.0198522 0.00256015 -3.31535e-06
5967.56 3.09508e-09 6395.98 1.44388e-09 -0.0214968 0.00254486 -3.60227e-06
5985.37 2.02433e-09 6367.41 9.51434e-10 -0.0202525 0.00263939 -3.38367e-06
5719.28 -1.73961e-08 6133.33 -8.11086e-09 -0.0207831 0.00279682 -3.63387e-06
5558.89 3.27426e-08 5970.99 1.52414e-08 -0.0214288 0.00248673 -3.85488e-06
5602.01 -2.67144e-09 6003.24 -1.24645e-09 -0.0202833 0.00260893 -3.62072e-06
5666.53 1.05958e-08 6055.89 4.95729e-09 -0.0196639 0.00253577 -3.47018e-06
5592.85 4.71941e-10 5995.96 2.20106e-10 -0.0209355 0.00273658 -3.74326e-06
5670.66 3.4894e-09 6063.53 1.63166e-09 -0.0191249 0.00268012 -3.3726e-06
6119.64 -6.94446e-09 6543.91 -3.24711e-09 -0.0206786 0.00265783 -3.37906e-06
5573.42 1.01587e-08 5967.8 4.74369e-09 -0.0191306 0.00262615 -3.43247e-06
5703.02 1.50937e-08 6108.4 7.04599e-09 -0.0197112 0.00252263 -3.45628e-06
5817.69 1.33867e-08 6210.46 6.27005e-09 -0.0204179 0.00269339 -3.50963e-06
5374.04 1.59945e-08 5758.79 7.46292e-09 -0.0192896 0.00244652 -3.58941e-06
5574.42 9.19452e-09 5989.89 4.27838e-09 -0.0209623 0.00280269 -3.76045e-06
5850.41 5.72252e-09 6247.58 2.67936e-09 -0.0192984 0.00262587 -3.29864e-06
5625.67 8.79618e-09 6017.85 4.11147e-09 -0.0197919 0.00251164 -3.51815e-06
5440.7 1.05371e-09 5846.75 4.90265e-10 -0.0202639 0.0026068 -3.72451e-06
5946.94 9.18735e-09 6361.99 4.29398e-09 -0.0212899 0.00274354 -3.57997e-06
5429.29 1.68074e-09 5828.24 7.82844e-10 -0.0198266 0.00252214 -3.65179e-06
5689.52 2.78971e-08 6088.05 1.30355e-08 -0.0204868 0.00257533 -3.6008e-06
5526.97 -1.48894e-08 5927.17 -6.94204e-09 -0.0203072 0.00275732 -3.6742e-06
5818.71 5.05473e-09 6213.7 2.36671e-09 -0.0194642 0.00259189 -3.34511e-06
5371.59 -4.22165e-10 5766 -1.96644e-10 -0.0194053 0.00259349 -3.61258e-06
6025.92 3.64033e-09 6441.41 1.70276e-09 -0.0210444 0.00282616 -3.49231e-06
5830.94 -1.05138e-08 6216.24 -4.93105e-09 -0.0206259 0.00256451 -3.53733e-06
5557.42 6.28249e-09 5969.69 2.92431e-09 -0.0204769 0.00269764 -3.68461e-06
5997.83 8.81182e-09 6396.79 4.13112e-09 -0.0196534 0.00252671 -3.27676e-06
5961.92 -2.9443e-10 6355.27 -1.38103e-10 -0.0190256 0.00256653 -3.19119e-06
5615.59 8.13281e-09 5995.14 3.80896e-09 -0.0194945 0.00247831 -3.4715e-06
5583.31 3.38257e-09 5975.7 1.58023e-09 -0.0209049 0.00262694 -3.74418e-06
5853.43 9.11165e-10 6218.2 4.28857e-10 -0.0196428 0.00241547 -3.35577e-06
5415.82 2.22614e-09 5792.3 1.04072e-09 -0.0199279 0.00261154 -3.67957e-06
5431.03 -3.64844e-10 5831.5 -1.69894e-10 -0.0208666 0.00266006 -3.84211e-06
4737.55 2.80535e-08 5120.11 1.29787e-08 -0.0200053 0.00262586 -4.22272e-06
5274.49 9.01729e-09 5656.62 4.20407e-09 -0.0196526 0.00241594 -3.72597e-06
5354.56 5.26889e-09 5735.76 2.45936e-09 -0.0217042 0.00291379 -4.0534e-06
5372.07 -7.38253e-09 5748.9 -3.44931e-09 -0.0201536 0.00265821 -3.75155e-06
4889.4 -2.25543e-10 5272.89 -1.0457e-10 -0.0206834 0.00264286 -4.23026e-06
4910.24 9.91352e-09 5300.5 4.59181e-09 -0.019787 0.00263343 -4.02974e-06
5290.85 1.6386e-08 5688.59 7.62018e-09 -0.0210786 0.00273285 -3.98396e-06
5132.09 9.7684e-09 5508.4 4.55053e-09 -0.0193063 0.00252413 -3.76188e-06
5089.2 3.90444e-09 5468.05 1.81696e-09 -0.0208394 0.00267849 -4.09484e-06
5155.84 1.23401e-08 5526.28 5.75648e-09 -0.0205011 0.0027996 -3.97628e-06
5144.98 -8.39204e-09 5518.06 -3.91232e-09 -0.0196698 0.00264961 -3.8231e-06
5197.02 4.35539e-09 5561.81 2.03487e-09 -0.0191893 0.00265253 -3.69236e-06
5561.39 7.04548e-09 5935.03 3.30096e-09 -0.0195183 0.00252319 -3.50961e-06
5502.81 -1.654e-08 5878.16 -7.74193e-09 -0.02078 0.00282771 -3.77625e-06
5724.6 1.98249e-08 6089.44 9.31856e-09 -0.0202753 0.00272065 -3.54179e-06
4964.14 2.03338e-08 5330.29 9.46851e-09 -0.0192462 0.00256208 -3.87705e-06
5244.22 3.59353e-09 5617.17 1.67747e-09 -0.0194477 0.00269458 -3.70841e-06
5301.97 8.1892e-10 5686.1 3.81798e-10 -0.0201843 0.00279048 -3.80695e-06
5126.77 3.60408e-10 5516.24 1.67481e-10 -0.019809 0.00255697 -3.86384e-06
5660.05 9.87095e-09 6042.21 4.62331e-09 -0.0198876 0.00257139 -3.51368e-06
5331.57 2.09471e-08 5693.51 9.80774e-09 -0.0192694 0.00248697 -3.6142e-06
5609.86 2.32662e-09 5980.63 1.09119e-09 -0.0200953 0.00262278 -3.58214e-06
5269.94 -1.30266e-09 5644.68 -6.08091e-10 -0.0209435 0.00277435 -3.97414e-06
5615.55 -8.73086e-09 6004.57 -4.08261e-09 -0.020405 0.00280308 -3.63365e-06
5117.93 9.78149e-09 5492.14 4.55752e-09 -0.0210102 0.00284316 -4.10521e-06
5569.99 5.20377e-09 5949.85 2.43577e-09 -0.0202315 0.00266315 -3.63224e-06
5648.72 -1.85721e-10 6056.45 -8.66088e-11 -0.0201722 0.00252991 -3.57111e-06
5624.35 -2.89582e-09 6024.77 -1.35168e-09 -0.020558 0.00273889 -3.65517e-06
5800.21 -1.56968e-08 6199.35 -7.3431e-09 -0.0209286 0.00256382 -3.60825e-06
5760.57 9.0141e-10 6173.97 4.20526e-10 -0.020929 0.00265392 -3.63315e-06
5753.13 2.76621e-09 6149.28 1.294e-09 -0.0190257 0.00237558 -3.30702e-06
5699.85 1.7568e-08 6105.93 8.19981e-09 -0.0196506 0.00263819 -3.44756e-06
6011.21 -1.04109e-08 6411.54 -4.88041e-09 -0.0206572 0.00259444 -3.43645e-06
6099.16 -6.54366e-10 6500.07 -3.07003e-10 -0.0205698 0.00252463 -3.37257e-06
5412.25 -3.52182e-11 5821.83 -1.63703e-11 -0.0209446 0.00266157 -3.86985e-06
6053.15 9.09283e-09 6455.02 4.26337e-09 -0.0207713 0.00273863 -3.43148e-06
5760.79 1.59671e-08 6158.4 7.46809e-09 -0.0188062 0.00241168 -3.26451e-06
5996.12 -1.46609e-08 6404.93 -6.86256e-09 -0.0209092 0.00259721 -3.48712e-06
5226.57 6.53494e-09 5622.52 3.03737e-09 -0.0200614 0.00261335 -3.83835e-06
5590.95 -6.70084e-09 5993.96 -3.12515e-09 -0.0215072 0.00277403 -3.84678e-06
5513.1 -1.94983e-09 5908.01 -9.0975e-10 -0.0206524 0.00277625 -3.74606e-06
5706.38 2.60471e-09 6095.11 1.21929e-09 -0.0210836 0.00271399 -3.69474e-06
5849.45 2.52904e-09 6248.07 1.18384e-09 -0.0202213 0.00250638 -3.45695e-06
5831.65 6.41919e-09 6225.97 3.00631e-09 -0.0206022 0.00282227 -3.53282e-06
5677.18 -6.5703e-10 6069.8 -3.07265e-10 -0.0207937 0.00267143 -3.66269e-06
5895.2 -2.13602e-09 6282.03 -1.00225e-09 -0.0200897 0.00262089 -3.40781e-06
5554.69 1.23807e-09 5938.1 5.79066e-10 -0.0200942 0.0026483 -3.61752e-06
5763.76 2.47713e-09 6145.12 1.1617e-09 -0.0194676 0.0025834 -3.37759e-06
5485.48 -1.50556e-09 5875.28 -7.02834e-10 -0.0191737 0.00249904 -3.49536e-06
5785.31 1.65644e-08 6186.06 7.74567e-09 -0.0202946 0.00251173 -3.50795e-06
5706.24 5.04486e-09 6107.04 2.35688e-09 -0.0200659 0.00252514 -3.51648e-06
6189.55 8.69894e-09 6580.34 4.09117e-09 -0.0199735 0.00274645 -3.22697e-06
5803.63 4.62696e-09 6192.95 2.16804e-09 -0.019444 0.00251071 -3.35032e-06
6065.02 -4.96575e-09 6526.23 -2.30741e-09 -0.0216968 0.00286034 -3.57737e-06
6121.65 -1.10811e-09 6572.91 -5.16015e-10 -0.0210745 0.00263621 -3.44262e-06
6431.56 -9.70511e-10 6877.78 -4.53773e-10 -0.0209061 0.0026695 -3.25054e-06
6553.41 1.70595e-10 6987.54 7.99981e-11 -0.0193031 0.00266683 -2.94551e-06
6187.71 7.05362e-09 6637.61 3.28776e-09 -0.0199287 0.0026027 -3.2207e-06
6074.75 5.13056e-09 6517.01 2.3912e-09 -0.0216119 0.00275862 -3.55766e-06
6823.62 1.54807e-08 7165.8 7.37073e-09 -0.0189762 0.0025222 -2.78096e-06
6040.47 1.82445e-08 6471.91 8.51412e-09 -0.0195348 0.00241698 -3.23399e-06
6032.26 1.47583e-08 6462.7 6.88766e-09 -0.0210301 0.0027844 -3.48628e-06
5881.88 1.40532e-08 6314.86 6.54484e-09 -0.0197902 0.0026149 -3.36461e-06
6049.32 1.87691e-08 6480.39 8.76031e-09 -0.0198543 0.00267911 -3.28208e-06
5936.87 1.66498e-09 6373.63 7.75444e-10 -0.0202736 0.00261315 -3.41486e-06
6050.4 -1.11451e-09 6486.93 -5.19757e-10 -0.0203186 0.0026205 -3.35823e-06
6413.08 -1.05786e-09 6874.43 -4.93431e-10 -0.0217161 0.00284062 -3.38622e-06
6501.91 -4.76998e-09 6931.89 -2.23705e-09 -0.0198816 0.0025535 -3.0578e-06
6593.06 2.82008e-09 7044.77 1.31963e-09 -0.0215705 0.00286855 -3.2717e-06
6894.91 -5.1865e-09 7329.04 -2.43964e-09 -0.0184665 0.00235872 -2.67828e-06
6499.47 7.53142e-09 6949.98 3.52161e-09 -0.0207501 0.00260284 -3.19258e-06
6159.53 -3.96113e-09 6604.46 -1.84714e-09 -0.0200225 0.00265076 -3.25065e-06
6373.08 7.49099e-09 6811.69 3.50432e-09 -0.0208892 0.00261852 -3.27773e-06
5972.19 2.0584e-08 6407.08 9.59341e-09 -0.0201315 0.00243955 -3.37087e-06
6008.29 -9.19148e-09 6453.56 -4.27865e-09 -0.0210014 0.00281205 -3.49541e-06
6346.35 8.32664e-09 6774.24 3.90035e-09 -0.0202788 0.00270539 -3.19534e-06
6083.57 1.42201e-08 6514.04 6.64021e-09 -0.0203372 0.00252048 -3.34297e-06
6257.89 -5.50057e-10 6701.52 -2.56822e-10 -0.0202118 0.00260329 -3.22981e-06
5499.62 2.78677e-08 5888.32 1.30141e-08 -0.0200561 0.00259736 -3.64681e-06
4805.14 -1.90864e-08 5078.39 -9.0297e-09 -0.0200207 0.00273376 -4.16652e-06
5720.33 -1.486e-09 6097.7 -6.97019e-10 -0.0202718 0.00278647 -3.54381e-06
5375.62 4.54554e-09 5755.82 2.12264e-09 -0.019692 0.00262794 -3.6632e-06
5652.61 5.75297e-09 6046.42 2.68913e-09 -0.0205585 0.00263075 -3.637e-06
5615.31 -2.28666e-09 6002.17 -1.06964e-09 -0.0208165 0.0026938 -3.70709e-06
5017.77 3.17647e-09 5394.91 1.47721e-09 -0.0204847 0.00265707 -4.08243e-06
5551.28 6.58796e-09 5944.1 3.07629e-09 -0.0204086 0.00277256 -3.67638e-06
5211.26 -2.14398e-08 5602.83 -9.97073e-09 -0.0204913 0.0025489 -3.93212e-06
5622.73 1.52172e-09 5993.28 7.13816e-10 -0.019188 0.00239151 -3.41258e-06
4956.42 3.48961e-09 5336.42 1.62056e-09 -0.0204307 0.00281271 -4.12207e-06
5181.66 1.71846e-09 5556.24 8.01304e-10 -0.0205556 0.00246816 -3.96699e-06
5679.12 -1.85466e-08 6071.37 -8.67419e-09 -0.0217185 0.00269809 -3.82427e-06
5698.52 6.636e-09 6092.33 3.10352e-09 -0.0205787 0.00269845 -3.61123e-06
5314.97 1.63813e-08 5686.9 7.65499e-09 -0.0199707 0.0025415 -3.75743e-06
5422.49 -4.39055e-09 5798.45 -2.05294e-09 -0.0207178 0.0026949 -3.82072e-06
5220.83 -6.07295e-09 5599.22 -2.83127e-09 -0.0213247 0.00274619 -4.08454e-06
5802.33 2.44462e-08 6189.99 1.14576e-08 -0.0207307 0.00273664 -3.57282e-06
5378.97 2.34849e-09 5762.81 1.09604e-09 -0.021067 0.00262034 -3.91655e-06
5544.31 -1.30534e-08 5919.7 -6.11282e-09 -0.0206132 0.00267186 -3.7179e-06
4982.09 -7.12346e-09 5355.56 -3.31335e-09 -0.0203952 0.00267308 -4.09371e-06
5194.7 -6.6935e-09 5580.25 -3.11551e-09 -0.0201398 0.00260961 -3.87698e-06
5580.26 -1.10648e-10 5972.27 -5.16926e-11 -0.0199992 0.00252941 -3.58392e-06
5564.93 -7.97918e-09 5911.86 -3.75546e-09 -0.0197286 0.00265794 -3.54517e-06
5722.3 -2.89303e-09 6097.29 -1.35755e-09 -0.0215726 0.0027599 -3.76991e-06
4663.43 -3.24603e-09 5037.25 -1.50257e-09 -0.0194414 0.00250232 -4.1689e-06
5524.44 -3.01455e-09 5897.43 -1.41195e-09 -0.0193199 0.00260066 -3.49717e-06
4750.45 3.9527e-09 5135.86 1.82804e-09 -0.0198754 0.00249343 -4.1839e-06
5215.7 1.24738e-08 5595.28 5.81377e-09 -0.0198378 0.00262624 -3.80349e-06
5678.27 -1.10087e-08 6053.39 -5.16324e-09 -0.0196178 0.00247553 -3.45489e-06
6138.01 2.44663e-10 6559.64 1.14469e-10 -0.0204325 0.0026146 -3.32884e-06
6047.12 2.14878e-08 6466.99 1.00464e-08 -0.0194672 0.00266938 -3.21926e-06
6421.83 8.97002e-09 6836.78 4.2128e-09 -0.0191476 0.00269409 -2.98164e-06
6012.54 2.3209e-08 6423.57 1.08619e-08 -0.0198668 0.00250689 -3.30423e-06
5555.97 1.54261e-09 5970.26 7.17784e-10 -0.0190689 0.00256583 -3.43214e-06
6613.52 1.86545e-08 7041 8.76098e-09 -0.0202178 0.00260134 -3.05704e-06
6292.14 1.80216e-08 6717.16 8.44066e-09 -0.0215834 0.00272461 -3.43021e-06
6340.03 9.77997e-09 6771.42 4.57845e-09 -0.0198773 0.00269162 -3.13521e-06
6392.26 1.43478e-08 6820.06 6.72389e-09 -0.0211019 0.00260759 -3.30116e-06
5662.95 3.92957e-09 6085.71 1.82829e-09 -0.0195755 0.0024651 -3.45676e-06
6091.34 4.39998e-09 6508.48 2.05899e-09 -0.0201067 0.00261225 -3.30086e-06
6036.21 1.56462e-08 6460.83 7.30894e-09 -0.0201659 0.00273828 -3.34082e-06
5910.38 1.5632e-08 6323.98 7.30484e-09 -0.0197816 0.00267425 -3.34692e-06
6139.94 7.6687e-09 6572.33 3.58209e-09 -0.0203878 0.00279287 -3.32053e-06
6462.8 9.24599e-09 6886.88 4.33832e-09 -0.0204286 0.00260853 -3.16095e-06
5981.87 7.43646e-09 6389.61 3.48096e-09 -0.0205741 0.00268446 -3.43942e-06
6522.49 8.49315e-09 6934.45 3.9943e-09 -0.0203255 0.00259339 -3.11622e-06
5820.87 -6.81768e-09 6254.31 -3.1726e-09 -0.0208391 0.00271938 -3.58007e-06
6054.09 6.89186e-09 6471.1 3.22387e-09 -0.0196283 0.00255947 -3.24215e-06
6193.45 -2.35674e-09 6607.35 -1.10456e-09 -0.0203356 0.00256729 -3.28341e-06
6655.08 1.19655e-08 7068.97 5.63244e-09 -0.0203982 0.00251165 -3.06505e-06
5887.23 -9.10385e-09 6307.35 -4.24873e-09 -0.0200727 0.00259072 -3.40953e-06
5403.45 1.36498e-08 5826.84 6.32898e-09 -0.0202044 0.00263902 -3.73917e-06
6276.97 -7.43434e-09 6683.93 -3.49085e-09 -0.0196296 0.0026816 -3.12724e-06
5970.32 -5.38437e-09 6385.55 -2.51712e-09 -0.0196628 0.00269987 -3.29344e-06
5875.54 1.83828e-08 6300.04 8.5721e-09 -0.0196984 0.0025672 -3.35261e-06
6141.77 1.06326e-08 6558.89 4.97821e-09 -0.0194426 0.00256377 -3.16563e-06
6106.95 -1.07198e-08 6531.18 -5.01176e-09 -0.020647 0.002561 -3.38089e-06
6513.43 6.77785e-09 6928.26 3.18602e-09 -0.0203565 0.00256556 -3.12531e-06
5784.03 1.37737e-09 6186.82 6.43846e-10 -0.019603 0.00258978 -3.38916e-06
5732.29 -7.92565e-09 6124.4 -3.70911e-09 -0.0196862 0.00266433 -3.43427e-06
6594.07 5.49793e-09 7017.28 2.58318e-09 -0.0204724 0.00267388 -3.10467e-06
5870.35 -8.11741e-09 6284.31 -3.79135e-09 -0.0195059 0.00250219 -3.32279e-06
6145.89 1.243e-09 6571.33 5.81261e-10 -0.020451 0.00269064 -3.32758e-06
5612.84 7.15705e-09 6034.28 3.3286e-09 -0.0204301 0.00252433 -3.63988e-06
5425.8 1.84958e-08 5826.16 8.61241e-09 -0.0194538 0.00249346 -3.58541e-06
5692.37 1.77177e-08 6122 8.23715e-09 -0.0213858 0.00267708 -3.75693e-06
6138.38 -3.91973e-09 6551.54 -1.83627e-09 -0.0203654 0.00264601 -3.31772e-06
6160.43 6.93844e-09 6574.85 3.25055e-09 -0.019434 0.00262809 -3.15465e-06
6196.51 1.13332e-08 6624.8 5.30027e-09 -0.0197553 0.00270065 -3.18812e-06
6174.35 8.97616e-09 6594.88 4.20189e-09 -0.0200684 0.00260489 -3.25028e-06
5893.65 1.01172e-08 6315.39 4.72077e-09 -0.0202261 0.00272633 -3.43184e-06
5802.59 1.85102e-08 6223.02 8.6298e-09 -0.0197784 0.00248796 -3.40854e-06
6117.79 8.39609e-09 6520.44 3.93881e-09 -0.0188302 0.00241002 -3.07794e-06
5180.44 -6.70861e-09 5600 -3.10299e-09 -0.0205636 0.00271207 -3.96947e-06
5828.93 -1.70674e-09 6234.55 -7.97847e-10 -0.0196368 0.00257186 -3.36886e-06
6262.03 4.36838e-09 6676.37 2.04863e-09 -0.0215659 0.00265134 -3.44392e-06
6117.52 -1.81794e-09 6527.67 -8.51859e-10 -0.0198174 0.00261538 -3.23944e-06
6194.95 4.71804e-09 6637 2.2019e-09 -0.0208297 0.00279412 -3.36237e-06
6098.25 3.31136e-09 6509.04 1.55119e-09 -0.0205977 0.00252019 -3.37764e-06
5782.71 -3.47348e-10 6198.74 -1.62018e-10 -0.019753 0.00254843 -3.41588e-06
6118.18 6.84621e-09 6551.39 3.19675e-09 -0.0211842 0.00274032 -3.4625e-06
5381.82 -2.60993e-09 5782.73 -1.21449e-09 -0.0190122 0.00249663 -3.53268e-06
6206.12 1.32487e-08 6638.99 6.19245e-09 -0.0212886 0.00261389 -3.43026e-06
6095.12 9.28036e-09 6521.49 4.33681e-09 -0.0200534 0.00271396 -3.29008e-06
5680.41 7.13187e-09 6087.83 3.32729e-09 -0.0198833 0.00265825 -3.50033e-06
5685.83 8.83739e-09 6098.13 4.11995e-09 -0.0197497 0.00259149 -3.4735e-06
5249.13 6.82842e-09 5656.07 3.16857e-09 -0.019947 0.00257586 -3.80005e-06
5209.92 6.2936e-09 5629.93 2.91204e-09 -0.0202999 0.00266254 -3.8964e-06
5188.51 2.35044e-09 5590.27 1.09076e-09 -0.0197435 0.00262639 -3.80524e-06
5306.57 -1.64163e-09 5687.1 -7.65892e-10 -0.0184905 0.0024614 -3.48446e-06
5612.19 4.38821e-09 6050.12 2.03529e-09 -0.0201911 0.00277751 -3.59772e-06
5666.43 -1.40047e-08 6087.91 -6.51755e-09 -0.0204631 0.00273018 -3.61128e-06
5482.79 -8.75835e-09 5884.57 -4.08018e-09 -0.0196092 0.0025897 -3.5765e-06
5890.94 -7.93009e-10 6297.61 -3.709e-10 -0.0202478 0.00261868 -3.43711e-06
5678.82 -1.62587e-08 6086.95 -7.58428e-09 -0.0199143 0.00257124 -3.50677e-06
6171.08 -6.47261e-09 6572.38 -3.0387e-09 -0.0197397 0.00276821 -3.19875e-06
5552.63 6.94427e-09 5969.52 3.22966e-09 -0.0212017 0.00276174 -3.81832e-06
5969.82 1.04584e-08 6368.24 4.90203e-09 -0.0186527 0.00239204 -3.12451e-06
5654.92 8.18675e-09 6063.7 3.81742e-09 -0.0209337 0.00267312 -3.70185e-06
6193.54 1.51371e-08 6600.77 7.10163e-09 -0.0210898 0.00267672 -3.40513e-06
5679.5 8.45837e-09 6077.5 3.95222e-09 -0.0192835 0.00250799 -3.39529e-06
5916.57 1.42211e-08 6314.8 6.66213e-09 -0.0196204 0.00257284 -3.31618e-06
5474.58 1.20712e-08 5867.98 5.63097e-09 -0.0190211 0.00262784 -3.47444e-06
5883.25 -3.34304e-10 6269.72 -1.56849e-10 -0.0196869 0.00239312 -3.34625e-06
5857.59 4.92993e-09 6253.02 2.30908e-09 -0.0195564 0.0024192 -3.33865e-06
5930.94 -2.47522e-09 6341.36 -1.15751e-09 -0.0207686 0.00255702 -3.50173e-06
5994.76 -8.40455e-09 6385.42 -3.94519e-09 -0.0200794 0.00269804 -3.3495e-06
5597.29 3.00621e-08 5997.28 1.40286e-08 -0.0191719 0.00233381 -3.42521e-06
5723.49 2.04954e-08 6129.78 9.56849e-09 -0.0205333 0.00260309 -3.58754e-06
6272.06 -5.79982e-09 6666.56 -2.7283e-09 -0.0212373 0.00260658 -3.38603e-06
5743.63 4.87971e-09 6150.84 2.27833e-09 -0.0207979 0.00264873 -3.62103e-06
5978.46 9.90235e-09 6382.63 4.63765e-09 -0.0208238 0.00256241 -3.48313e-06
6487.29 1.5077e-08 6893.75 7.09402e-09 -0.0208854 0.00269986 -3.21944e-06
6229.89 9.82389e-10 6615.95 4.62532e-10 -0.0200671 0.00266463 -3.2211e-06
6541.45 9.84678e-10 6996.7 4.60305e-10 -0.0203367 0.00261808 -3.1089e-06
5870.14 8.91172e-09 6319.48 4.13903e-09 -0.0199297 0.00275292 -3.39511e-06
6255.88 -1.14212e-08 6710.54 -5.32368e-09 -0.0196473 0.00275253 -3.14061e-06
6152.62 -1.30675e-08 6606.32 -6.08501e-09 -0.0209002 0.00266698 -3.39695e-06
6150.14 -1.512e-08 6585.17 -7.06057e-09 -0.0198922 0.00263759 -3.23444e-06
6297.84 -2.63925e-09 6773.68 -1.22692e-09 -0.0209137 0.00256378 -3.32078e-06
6494.19 1.85024e-08 6934.45 8.66385e-09 -0.0198054 0.00259403 -3.04971e-06
6657.98 -1.23764e-08 7094.03 -5.80784e-09 -0.0193679 0.00253738 -2.90898e-06
6516.29 9.1006e-09 6957.6 4.26168e-09 -0.0197102 0.00259573 -3.02477e-06
6030.55 9.05161e-09 6502.25 4.19749e-09 -0.0213697 0.00268787 -3.54357e-06
6099.57 1.36077e-08 6559.18 6.3271e-09 -0.0196393 0.00269476 -3.21978e-06
6434.46 9.27175e-09 6896.27 4.32543e-09 -0.0218525 0.00280061 -3.39617e-06
5679.51 1.61684e-08 6124.65 7.49666e-09 -0.0194853 0.0026499 -3.43081e-06
6418.81 7.00098e-09 6897.68 3.25747e-09 -0.0216407 0.00274143 -3.37144e-06
6397.38 1.331e-08 6834.8 6.22907e-09 -0.0206291 0.00256304 -3.22463e-06
6092.11 6.27042e-09 6525.4 2.92703e-09 -0.0188993 0.00239201 -3.10226e-06
6257.05 3.70664e-09 6717.01 1.72641e-09 -0.0208424 0.00281134 -3.33103e-06
6346.77 5.60957e-09 6800.87 2.61751e-09 -0.0211823 0.00272891 -3.33749e-06
6441.17 1.58543e-09 6890.49 7.41024e-10 -0.0197228 0.00250265 -3.06199e-06
6203.11 2.46478e-09 6659.19 1.14798e-09 -0.0200129 0.00259527 -3.22627e-06
5866.04 1.27073e-08 6306.14 5.91021e-09 -0.0206119 0.00275072 -3.51377e-06
6686.14 4.01045e-09 7124.61 1.88182e-09 -0.0203884 0.00269047 -3.04935e-06
6562.91 -1.10337e-08 6991.17 -5.17893e-09 -0.0192756 0.00248653 -2.93705e-06
6212.54 4.7172e-09 6656.23 2.20138e-09 -0.0199721 0.00248182 -3.2148e-06
6547.3 -1.70438e-10 7019.67 -7.94843e-11 -0.0212037 0.00281193 -3.23854e-06
6359.02 2.28598e-09 6786.57 1.07099e-09 -0.0196035 0.00262433 -3.08278e-06
6471.87 -1.31726e-09 6902.19 -6.17566e-10 -0.0198703 0.00255653 -3.07026e-06
6642.69 -6.0027e-09 7076.86 -2.81721e-09 -0.0202177 0.00275078 -3.0436e-06
6464.62 -3.9421e-09 6933.49 -1.83776e-09 -0.0211874 0.00271536 -3.27743e-06
6227.83 1.13317e-08 6676.1 5.28541e-09 -0.0203369 0.00248951 -3.26549e-06
6370.24 6.11536e-09 6813.03 2.85896e-09 -0.021012 0.00268959 -3.29847e-06
5923.72 1.05873e-08 6383.24 4.91258e-09 -0.0218382 0.00272291 -3.68656e-06
6183.46 -1.38444e-09 6641.55 -6.44476e-10 -0.0197652 0.00255299 -3.19645e-06
6306.08 5.2658e-09 6745.15 2.46152e-09 -0.020662 0.00268718 -3.27652e-06
6469.85 -3.14003e-09 6921.47 -1.46757e-09 -0.0189623 0.0024793 -2.93087e-06
6458.03 -1.99851e-08 6920.91 -9.32422e-09 -0.0204218 0.00275878 -3.16223e-06
6625.7 -1.505e-09 7066.9 -7.05519e-10 -0.0198955 0.00262167 -3.00278e-06
6489.78 -1.70885e-09 6945.84 -7.98326e-10 -0.0198121 0.00261459 -3.05281e-06
6170.12 1.49297e-08 6611.94 6.96604e-09 -0.0208744 0.00255537 -3.38315e-06
6799.12 6.50282e-09 7240.88 3.05304e-09 -0.0202897 0.00259976 -2.98417e-06
5907.39 3.65759e-09 6367.71 1.69659e-09 -0.0198997 0.00241399 -3.3686e-06
6511.84 -9.53405e-09 6960.48 -4.45977e-09 -0.0209594 0.00268695 -3.21866e-06
5826.32 -3.00872e-09 6257.87 -1.40062e-09 -0.0200297 0.00255845 -3.4378e-06
6666.57 1.25567e-08 7110.46 5.88643e-09 -0.0199675 0.00250261 -2.99517e-06
6530.42 1.78939e-08 6986.09 8.36339e-09 -0.0183774 0.00235246 -2.81413e-06
6604.65 -4.25041e-09 7061.83 -1.98762e-09 -0.0214606 0.0026477 -3.24933e-06
6473.57 1.86777e-08 6914.77 8.74296e-09 -0.0204711 0.00270069 -3.16226e-06
5634.94 -6.086e-09 6033.65 -2.84192e-09 -0.0208828 0.00267738 -3.70595e-06
5931.46 -2.29911e-09 6326.18 -1.07783e-09 -0.0208229 0.00267391 -3.51058e-06
5268.2 1.64903e-09 5672.29 7.65775e-10 -0.0201649 0.00255379 -3.82766e-06
5912.57 -7.63415e-09 6304.27 -3.57991e-09 -0.0208654 0.00276935 -3.52899e-06
5533.67 1.18975e-08 5915.1 5.56517e-09 -0.0193908 0.00257083 -3.50415e-06
6295.79 -1.24931e-08 6710.52 -5.86048e-09 -0.0210851 0.00285132 -3.34908e-06
5334.94 1.54082e-08 5724.52 7.17981e-09 -0.020376 0.0025895 -3.81935e-06
5946.78 -1.22298e-08 6343.34 -5.73263e-09 -0.0200922 0.00269597 -3.37866e-06
5225.69 2.60472e-08 5620.77 1.21082e-08 -0.0208529 0.00263588 -3.99046e-06
6010.19 -7.16935e-09 6404.55 -3.36395e-09 -0.0212588 0.00273287 -3.53712e-06
5574.39 -5.88044e-09 5975.29 -2.74295e-09 -0.020437 0.00261264 -3.66624e-06
5863.96 -7.33099e-09 6268.02 -3.4292e-09 -0.0207886 0.00259749 -3.54515e-06
5291.7 7.0584e-09 5686.65 3.28409e-09 -0.0208743 0.00262851 -3.94473e-06
5315.04 2.85586e-08 5722.79 1.32619e-08 -0.0195999 0.00267765 -3.68763e-06
5628.71 6.79202e-09 6024.74 3.17278e-09 -0.0208308 0.00272101 -3.7008e-06
5909.7 1.36699e-08 6313.78 6.39751e-09 -0.0202291 0.00263528 -3.42304e-06
5545.32 -1.3609e-08 5935.38 -6.35731e-09 -0.0208313 0.00273801 -3.75655e-06
5613.51 1.54813e-08 6023.59 7.21367e-09 -0.020926 0.00275018 -3.72779e-06
5448.1 1.805e-08 5839.27 8.42039e-09 -0.0197237 0.00264698 -3.6203e-06
5735.23 7.60483e-10 6126.19 3.55975e-10 -0.0205349 0.00266952 -3.58049e-06
4992.16 2.90802e-09 5381.43 1.34883e-09 -0.0201153 0.00269423 -4.02939e-06
5477.82 -8.75624e-09 5875.58 -4.08173e-09 -0.0190066 0.00252637 -3.46975e-06
5590.5 9.54089e-09 5993.16 4.44993e-09 -0.0199612 0.00250829 -3.57056e-06
5377.51 1.1351e-08 5772.37 5.28727e-09 -0.0196 0.00260874 -3.64481e-06
5568.56 -2.22393e-09 5950.33 -1.04062e-09 -0.0195359 0.00258404 -3.50825e-06
5662.22 1.07643e-08 6054.46 5.03348e-09 -0.0194864 0.00258812 -3.44148e-06
5787.69 4.51788e-09 6177.09 2.11653e-09 -0.0190796 0.00259802 -3.29659e-06
5416.47 4.76126e-10 5822.29 2.2147e-10 -0.0198621 0.00255708 -3.66697e-06
6056.59 -6.43969e-09 6445.74 -3.02545e-09 -0.0187064 0.00254763 -3.0886e-06
6336.91 5.56989e-09 6761.5 2.61007e-09 -0.0201096 0.0025559 -3.17341e-06
6721.17 6.54975e-09 7140.02 3.08276e-09 -0.0208452 0.00280763 -3.10142e-06
5963.37 2.89265e-09 6390.97 1.34956e-09 -0.0200236 0.00245036 -3.35776e-06
6058.18 1.48809e-08 6485.78 6.94994e-09 -0.0211781 0.00277178 -3.49578e-06
6271.72 -1.43456e-09 6687.18 -6.72717e-10 -0.0201104 0.00263398 -3.20652e-06
6001.1 3.04103e-08 6437.15 1.41752e-08 -0.0196431 0.00255671 -3.27326e-06
6591.85 -3.12699e-09 7032.59 -1.46551e-09 -0.0203198 0.00261079 -3.08256e-06
6105.74 -5.87584e-09 6511.49 -2.75485e-09 -0.0197179 0.00249987 -3.2294e-06
6418 9.22611e-09 6839.16 4.32898e-09 -0.0200306 0.00249926 -3.12101e-06
6105.73 5.64791e-09 6519.14 2.64487e-09 -0.0206306 0.00260415 -3.37889e-06
6335.95 -2.03779e-09 6772.81 -9.53173e-10 -0.0206449 0.00277455 -3.25837e-06
6007.62 -4.27906e-09 6461.98 -1.98909e-09 -0.0210129 0.00267742 -3.49771e-06
6389.96 5.08844e-09 6830.77 2.38003e-09 -0.0209353 0.00269388 -3.27627e-06
6048.27 -9.75802e-10 6459.83 -4.56816e-10 -0.0195267 0.00247179 -3.22848e-06
6090.9 -7.1904e-09 6508.23 -3.36466e-09 -0.0199867 0.00261861 -3.2814e-06
5948.83 -3.1249e-10 6356.74 -1.46219e-10 -0.0200344 0.00249244 -3.36778e-06
6759.1 7.54657e-10 7184.55 3.54984e-10 -0.0209169 0.00268569 -3.09463e-06
5926.57 1.87729e-08 6364.26 8.74094e-09 -0.0203732 0.00256603 -3.43759e-06
6287.75 -5.7537e-09 6727.38 -2.68885e-09 -0.0211738 0.00271081 -3.36747e-06
6297.87 1.7933e-08 6727.8 8.39351e-09 -0.0207756 0.00277017 -3.29883e-06
5791.27 -2.6732e-09 6217.64 -1.24494e-09 -0.0204444 0.00262486 -3.53022e-06
6118.52 9.48641e-09 6557.12 4.42594e-09 -0.0206839 0.00256169 -3.38054e-06
6003.17 6.98707e-09 6424.82 3.26427e-09 -0.0194935 0.00238849 -3.2472e-06
6415.97 -8.86781e-09 6856.91 -4.14878e-09 -0.0209179 0.00255324 -3.26028e-06
6468.35 -2.76329e-10 6895 -1.29615e-10 -0.0196122 0.00279909 -3.03203e-06
5759.73 -2.66883e-09 6204.01 -1.23885e-09 -0.0209343 0.00282597 -3.6346e-06
6293.72 1.08363e-08 6713.65 5.07927e-09 -0.0200648 0.00255046 -3.18806e-06
6624.59 4.69107e-09 7058.09 2.20148e-09 -0.0206867 0.0027288 -3.12272e-06
6388.66 -6.90942e-09 6816.42 -3.23791e-09 -0.0211819 0.00272664 -3.31554e-06
5328.55 -2.39181e-09 5772.37 -1.10395e-09 -0.0195219 0.00266008 -3.66364e-06
6390.09 -7.00987e-09 6825.41 -3.28139e-09 -0.020422 0.00277316 -3.19589e-06
6511.23 5.75764e-09 6927.85 2.7057e-09 -0.0201365 0.00258916 -3.09258e-06
5929.73 -1.49102e-09 6361.15 -6.9495e-10 -0.0203273 0.00256308 -3.42803e-06
6020.54 1.6301e-08 6451.23 7.60637e-09 -0.0198652 0.00282174 -3.29956e-06
6371.89 1.33587e-08 6814.99 6.24505e-09 -0.0206397 0.00263136 -3.23917e-06
6192.92 -2.72148e-10 6619.23 -1.2731e-10 -0.0199396 0.00235444 -3.21974e-06
6426.24 9.36011e-09 6868.02 4.37902e-09 -0.0201188 0.00255649 -3.13072e-06
6458.06 1.13023e-08 6897.51 5.29111e-09 -0.0211176 0.00279668 -3.26996e-06
6205.61 -1.23669e-08 6629.32 -5.78822e-09 -0.0185087 0.00242583 -2.98258e-06
6121.75 1.09382e-09 6551.62 5.11026e-10 -0.0213909 0.00267527 -3.49425e-06
6497.43 -8.07409e-09 6936.54 -3.78149e-09 -0.0210456 0.00267733 -3.23907e-06
6679.87 1.41584e-08 7108.74 6.6521e-09 -0.0196437 0.00250888 -2.94073e-06
6064.9 8.33938e-09 6507.45 3.88612e-09 -0.0212667 0.0025979 -3.50652e-06
6364.38 1.62142e-08 6802.66 7.58479e-09 -0.0206134 0.00253751 -3.23887e-06
5817.83 -3.86143e-09 6243.7 -1.79902e-09 -0.0194484 0.0025553 -3.3429e-06
6495.22 4.27359e-09 6911.57 2.00808e-09 -0.0195948 0.00267142 -3.0168e-06
6325.78 7.81696e-10 6755.96 3.65961e-10 -0.0205364 0.00281878 -3.24646e-06
6066.03 1.05765e-08 6501.67 4.93393e-09 -0.0201994 0.00278019 -3.32992e-06
6300.12 1.87736e-08 6728.53 8.78911e-09 -0.0207902 0.00252902 -3.29998e-06
5593.1 -2.54327e-08 6006.73 -1.18407e-08 -0.0202843 0.00259348 -3.62666e-06
5341.5 -1.80122e-08 5769.97 -8.33733e-09 -0.0202317 0.00255725 -3.78765e-06
5842.3 -8.06901e-10 6250.56 -3.77099e-10 -0.0207699 0.00291031 -3.55509e-06
6159.59 -2.48279e-09 6568.79 -1.16407e-09 -0.0202292 0.00248485 -3.28418e-06
6573.73 6.66385e-09 7007.78 3.12555e-09 -0.0204266 0.00253991 -3.10732e-06
6282.21 -8.86266e-10 6711.71 -4.14776e-10 -0.0207109 0.00259119 -3.29676e-06
5808.57 1.17286e-09 6241.7 5.45736e-10 -0.0204894 0.00259174 -3.52744e-06
5700.64 -1.09015e-08 6119.85 -5.07738e-09 -0.020255 0.00273385 -3.55311e-06
5575.33 5.12087e-09 5974.7 2.38929e-09 -0.0204534 0.00249819 -3.66856e-06
5218.06 7.79169e-09 5627.27 3.61254e-09 -0.0201372 0.00261898 -3.85913e-06
6077.88 2.97632e-08 6473.21 1.39727e-08 -0.019216 0.00232632 -3.16163e-06
6301.79 -8.92195e-09 6622.06 -4.24522e-09 -0.021515 0.0026609 -3.41412e-06
6238.67 -1.53241e-08 6649.17 -7.18901e-09 -0.0207734 0.00252474 -3.32978e-06
5884.5 -1.01927e-08 6288.52 -4.76891e-09 -0.0196787 0.00249239 -3.34416e-06
6461.18 2.48788e-09 6884.71 1.16742e-09 -0.0200412 0.00248679 -3.10178e-06
6149.59 1.06068e-09 6548.49 4.98036e-10 -0.0205931 0.00251578 -3.3487e-06
6062.75 1.1426e-08 6379.24 5.42957e-09 -0.0202705 0.0026669 -3.34346e-06
6432.56 -7.31084e-09 6856.54 -3.42938e-09 -0.0201924 0.00266833 -3.13908e-06
5683.77 1.21521e-08 6108.26 5.6538e-09 -0.0197539 0.00267819 -3.47549e-06
6335.52 6.79029e-09 6757.41 3.18317e-09 -0.0211151 0.00254907 -3.33282e-06
5873 1.90908e-08 6276.22 8.93216e-09 -0.0201595 0.00272233 -3.43257e-06
6076.71 1.08747e-08 6494.55 5.08753e-09 -0.0207978 0.00261716 -3.42255e-06
5916.94 3.78747e-09 6332.22 1.76954e-09 -0.0210649 0.00281422 -3.56009e-06
5980.37 -2.20676e-09 6387.06 -1.03312e-09 -0.0206822 0.00274037 -3.45836e-06
5884 -4.82173e-09 6293.7 -2.25392e-09 -0.0196553 0.00258099 -3.34046e-06
5815.19 -5.8837e-09 6238.35 -2.7423e-09 -0.0210859 0.00260334 -3.626e-06
4922.63 -1.01929e-08 5311.09 -4.72371e-09 -0.0207255 0.00266279 -4.21024e-06
6086.52 -1.0336e-08 6514.32 -4.82863e-09 -0.021162 0.00293388 -3.47686e-06
5501.6 1.39671e-08 5913.11 6.49754e-09 -0.0201198 0.00256852 -3.65708e-06
5858.39 9.35218e-09 6270.78 4.36858e-09 -0.0200206 0.00262405 -3.41742e-06
5788.45 -2.39286e-09 6180.1 -1.12061e-09 -0.0192153 0.00271705 -3.31959e-06
6029.11 -6.73299e-09 6437.69 -3.15283e-09 -0.0203307 0.00278989 -3.37209e-06
5847.26 -6.41269e-09 6257.34 -2.99622e-09 -0.0200956 0.0026607 -3.43676e-06
5878.08 1.00116e-08 6286.65 4.68049e-09 -0.0198925 0.00258618 -3.38418e-06
5484.23 1.23811e-08 5880.96 5.77292e-09 -0.020198 0.00254957 -3.68292e-06
5834.13 -3.73229e-09 6235.35 -1.74606e-09 -0.0202926 0.00260417 -3.47825e-06
5961.62 -4.24208e-10 6258.4 -2.02046e-10 -0.0196729 0.00254074 -3.29992e-06
5987.31 2.65593e-09 6390.28 1.24422e-09 -0.0205824 0.00256414 -3.43768e-06
6249.47 1.79949e-08 6692.24 8.40217e-09 -0.0201839 0.00260798 -3.22969e-06
6249.52 -5.12174e-09 6672.61 -2.39849e-09 -0.0189802 0.00253394 -3.03707e-06
6787.19 1.14678e-08 7215.67 5.39342e-09 -0.0211013 0.0026436 -3.10899e-06
6720.47 -1.03138e-09 7053.83 -4.91317e-10 -0.0205812 0.00269526 -3.06246e-06
5781.06 3.6755e-10 6196.04 1.71467e-10 -0.0197704 0.00278162 -3.41985e-06
6712.61 -1.30937e-09 6923.91 -6.34704e-10 -0.0205022 0.00264571 -3.05428e-06
6122.06 4.22603e-09 6558.6 1.97237e-09 -0.0200877 0.00263528 -3.2812e-06
5890.62 -1.54995e-08 6342.96 -7.19709e-09 -0.0200733 0.00267487 -3.40768e-06
6964.47 -8.91104e-09 7293.16 -4.25472e-09 -0.0208828 0.00271265 -2.99847e-06
6214.29 4.83677e-09 6444.3 2.33207e-09 -0.0206874 0.00259251 -3.32901e-06
6242.58 4.91486e-10 6675.97 2.2979e-10 -0.0214164 0.00271705 -3.43069e-06
5842.84 -8.05394e-09 6287.59 -3.74212e-09 -0.0194017 0.00273711 -3.32059e-06
6732.24 2.20702e-09 7154.61 1.03837e-09 -0.0196045 0.00271979 -2.91204e-06
6211.68 -1.75935e-09 6650.17 -8.2167e-10 -0.0197557 0.00254122 -3.18041e-06
6205.62 -2.04268e-09 6634.3 -9.55343e-10 -0.0199107 0.00264931 -3.2085e-06
6695.94 7.15818e-09 7134.79 3.35894e-09 -0.0202945 0.0027014 -3.03086e-06
5968.84 3.56096e-09 6400.03 1.66052e-09 -0.0199477 0.0027055 -3.34198e-06
6582.6 -2.44261e-09 7014.46 -1.14611e-09 -0.0192354 0.00250347 -2.92215e-06
6083.87 1.13883e-08 6508.83 5.32239e-09 -0.0194569 0.00272906 -3.19812e-06
6546.83 1.08075e-08 6996.05 5.05676e-09 -0.020836 0.00286773 -3.1826e-06
6180.91 7.7758e-09 6601.6 3.64014e-09 -0.0198529 0.00263821 -3.21197e-06
5484.55 -2.06196e-08 5914.44 -9.56043e-09 -0.0201295 0.00255532 -3.67023e-06
6490.24 -6.86982e-09 6920.78 -3.22123e-09 -0.0195457 0.00253403 -3.01155e-06
6197.37 2.12744e-08 6627.23 9.94725e-09 -0.0201519 0.00257623 -3.25168e-06
6410.09 7.91282e-09 6842.89 3.70617e-09 -0.0202898 0.00255967 -3.16529e-06
5790.07 9.0869e-09 6229.88 4.2227e-09 -0.0202265 0.00269567 -3.4933e-06
5931.47 1.94428e-08 6249.3 9.22696e-09 -0.0189781 0.00254955 -3.19956e-06
6569.19 -5.81775e-09 7002.36 -2.72893e-09 -0.0199451 0.00275128 -3.03615e-06
6374.57 -1.44054e-08 6820.03 -6.73226e-09 -0.022124 0.00278668 -3.47067e-06
