3.042491029818972237e-01 9.161654959492349093e-02 -9.861233898081778193e-02 -2.972533135960020445e-01
3.014438139372384029e-01 9.134825822131187323e-02 -1.012532083578587816e-01 -2.915388638006906064e-01
3.185149695714288853e-01 9.499713499779094406e-02 -9.803545142672565049e-02 -3.154766531424924025e-01
2.726460037315110441e-01 8.711632521789169914e-02 -8.220713206286234254e-02 -2.775551968865395125e-01
3.166454149179624977e-01 9.837816273838217995e-02 -1.115526839769058753e-01 -3.034708936794388023e-01
2.898116369795635805e-01 8.809852532595208174e-02 -8.682717591012067970e-02 -2.910829863953914298e-01
3.300051007741950926e-01 1.114874960162968165e-01 -1.187934589445704958e-01 -3.226991378459187487e-01
2.965658266085089423e-01 1.136342563131043093e-01 -1.126389616538476801e-01 -2.975611212677655715e-01
2.931922713347532294e-01 8.344600223948184237e-02 -8.308134930803667828e-02 -2.935569242661983935e-01
3.023663079801854892e-01 1.099795227027513533e-01 -1.019780070287996665e-01 -3.103678236541371760e-01
3.059765031462733376e-01 9.862638151290781252e-02 -8.742496235595709209e-02 -3.171779223032240580e-01
3.039607729780442469e-01 1.050361568797093526e-01 -1.129120220902590788e-01 -2.960849077674936325e-01
3.464681272066529871e-01 1.163444102522603885e-01 -1.195460023046592823e-01 -3.432665351542505405e-01
3.259372028505787000e-01 1.076718997711774151e-01 -1.060973406933118923e-01 -3.275117619284424464e-01
3.209455597190311593e-01 9.700181051159884049e-02 -1.092260209321365139e-01 -3.087213492984925978e-01
3.138653328977802914e-01 1.085685635066546695e-01 -1.118031825533254420e-01 -3.106307138511112953e-01
3.269094430695638209e-01 1.006769152275763801e-01 -1.146379705717386344e-01 -3.129483877254024549e-01
3.017094306867420528e-01 9.520093548532404526e-02 -9.319932929768448560e-02 -3.037110368743816124e-01
3.350997605808050395e-01 1.032757966473933919e-01 -1.075459830399845274e-01 -3.308295741882139041e-01
2.834401241095356738e-01 1.010032475342672598e-01 -8.920737846563131512e-02 -2.952359931781733948e-01
3.333309692404409219e-01 1.107282616798581643e-01 -1.274588395492726178e-01 -3.166003913710264683e-01
2.811275059286328926e-01 8.696939042545359655e-02 -9.122738867368695992e-02 -2.768695076803986410e-01
3.154075853761826309e-01 1.005450727343690787e-01 -1.130364276156017311e-01 -3.029162304949526430e-01
2.976228500026127932e-01 1.016006884843090319e-01 -9.004892247857210208e-02 -3.091746160083479467e-01
3.033417606799275745e-01 1.022310705029552125e-01 -9.713656063431397314e-02 -3.084362705485688139e-01
2.924060280991724881e-01 1.039741400268603400e-01 -9.649250588435887011e-02 -2.998876622416730697e-01
3.028838281109953456e-01 1.057340968517603841e-01 -1.034199166897940003e-01 -3.051980082729617294e-01
2.903725671597774394e-01 1.175653556136300182e-01 -1.016759188679703385e-01 -3.062620039054344545e-01
3.137511089428999256e-01 9.851664739124466053e-02 -1.189041145832447910e-01 -2.933636417509015715e-01
2.998749319453839490e-01 1.109331726926363615e-01 -1.024676498013556980e-01 -3.083404548366672770e-01
2.961258766484000660e-01 9.597664913248493690e-02 -1.021636942093548939e-01 -2.899388315715301090e-01
2.712330212564415532e-01 9.599915911902368038e-02 -8.097246057607332403e-02 -2.862597197993919096e-01
2.832270459670649387e-01 8.584655936388685404e-02 -9.285376983141357954e-02 -2.762198354995355487e-01
2.605456693650438638e-01 1.018390746074890885e-01 -1.036973975462593955e-01 -2.586873464262735567e-01
2.688034087467352506e-01 9.763996929641649558e-02 -9.118600797135645308e-02 -2.752573700717935168e-01
2.787040971550922563e-01 9.008614830784900107e-02 -9.525503467292040227e-02 -2.735352107900217433e-01
2.767598174535148559e-01 1.130546683669910735e-01 -1.125771089735181363e-01 -2.772373768469869049e-01
3.114059580235579716e-01 1.152902090102205790e-01 -1.058555285028210946e-01 -3.208406385309583442e-01
2.952599652093912397e-01 9.702802635449270241e-02 -1.026240391455663925e-01 -2.896639524183157732e-01
2.912286767814000754e-01 8.595206867374471926e-02 -8.652718030265837967e-02 -2.906535651524881914e-01
2.826838139581369092e-01 1.034716672017088612e-01 -8.552159916386159466e-02 -3.006338819959832875e-01
2.639712999263776894e-01 9.051830357709444996e-02 -9.255947279863896426e-02 -2.619301307048322869e-01
2.908127014659704912e-01 9.427525994806451592e-02 -9.494703503535006917e-02 -2.901409263786813852e-01
2.751682551629972551e-01 8.501601033416950060e-02 -9.537980479363561415e-02 -2.648044607035284770e-01
2.668045469884914311e-01 1.003906222578638818e-01 -1.021430866599883913e-01 -2.650520825863660335e-01
2.782718095310787731e-01 9.988602000169688466e-02 -9.988384529584859450e-02 -2.782739842369279515e-01
2.850009794519845485e-01 1.026249405097594547e-01 -8.901733547800638746e-02 -2.986085844837367276e-01
2.539200984947207473e-01 9.306036139415407860e-02 -9.379376424370722276e-02 -2.531866956451676032e-01
2.887878067214870725e-01 8.635788341420358449e-02 -9.062007061950527742e-02 -2.845256195161871560e-01
2.928651665093617851e-01 9.838907434237409433e-02 -1.039992910166667173e-01 -2.872549498350682740e-01
2.708080854421091033e-01 9.383031899126237363e-02 -9.184898024135090822e-02 -2.727894241920214569e-01
2.826625252871766136e-01 7.778474092642806426e-02 -8.589693468557424438e-02 -2.745503315280304335e-01
3.114610569338820412e-01 1.015243544286006383e-01 -1.058128530059194716e-01 -3.071725583565649842e-01
2.895275159365962026e-01 9.071179505181792280e-02 -8.521754085072430485e-02 -2.950217701376889323e-01
2.649571329308777479e-01 9.365777762449400967e-02 -7.845129184565724501e-02 -2.801636187097118480e-01
2.805864060147156280e-01 8.073946698867207061e-02 -9.379676596270591915e-02 -2.675291070406826677e-01
2.782972302967579026e-01 1.031834889760219198e-01 -1.006720638592053518e-01 -2.808086554135726942e-01
2.733539857325038014e-01 8.883264647569966144e-02 -8.617526411121545493e-02 -2.760113680969862315e-01
2.506533980805158990e-01 9.536826217719607257e-02 -8.383305237946903077e-02 -2.621886078782402762e-01
3.147630987209542042e-01 9.650407745869760134e-02 -1.038650576520385727e-01 -3.074021185276123447e-01
2.774096703239052886e-01 9.895523411977080741e-02 -9.007439794071014916e-02 -2.862905065029650586e-01
2.841362029335430250e-01 9.322711548566253725e-02 -7.921079939295250227e-02 -2.981525190262539482e-01
2.593720347208954280e-01 9.134313349821088224e-02 -8.758135224221774706e-02 -2.631338159768858986e-01
2.938005043307407860e-01 1.109863346626571712e-01 -8.784524634508983354e-02 -3.169415926483116763e-01
2.797358659808031334e-01 8.547122845133880986e-02 -8.749147857968520015e-02 -2.777156158524558549e-01
3.015482740329105127e-01 8.948116775490877473e-02 -9.447245430046713466e-02 -2.965569874873539291e-01
2.656436569872546727e-01 7.889359735930856488e-02 -8.097851603426953204e-02 -2.635587383122954819e-01
2.826585160338028757e-01 9.770234548285472442e-02 -1.005302730083998952e-01 -2.798305885082541522e-01
2.914192717006685029e-01 8.827743187774661493e-02 -8.796151798826734591e-02 -2.917351855901486601e-01
2.959804476078415902e-01 9.683162075040563366e-02 -8.230060254471283088e-02 -3.105114658135352812e-01
2.880612737239172105e-01 9.762129187685175680e-02 -1.021732970059394674e-01 -2.835092685948294999e-01
3.039141037740469287e-01 1.046318732895183956e-01 -1.004132370254424700e-01 -3.081327400381219661e-01
3.004247209123578344e-01 9.517435847037258867e-02 -1.052073064865473029e-01 -2.903917728961804556e-01
2.996249043897964981e-01 1.029088073248463076e-01 -1.045385028951315576e-01 -2.979952088195094717e-01
2.917763392741701267e-01 8.186447239826311062e-02 -8.608048162775627787e-02 -2.875603300446742949e-01
3.218847170528311707e-01 9.330278524280988250e-02 -9.925184848502865975e-02 -3.159356538106115053e-01
2.945673602389389245e-01 9.064542513657869449e-02 -9.374289350762055051e-02 -2.914698918678970685e-01
2.985948697350631065e-01 1.014464665828649359e-01 -9.595905652347447301e-02 -3.040822797944526812e-01
2.782264836983552314e-01 9.609802925454236089e-02 -9.798893588334678384e-02 -2.763355770695516966e-01
3.069578895986433409e-01 1.000780374716754295e-01 -1.048448587235739637e-01 -3.021910683467456948e-01
2.918131255833777971e-01 9.046862335678262923e-02 -1.009512694937404476e-01 -2.813304794464173142e-01
3.209300444975280442e-01 8.476904843146471080e-02 -1.019325039008558420e-01 -3.037665890281369130e-01
3.137150809501783044e-01 9.532729111712701098e-02 -8.097699468137076195e-02 -3.280653773859354416e-01
2.636365373000542078e-01 9.691779477175721524e-02 -9.487727994451855551e-02 -2.656770521272893149e-01
2.741684929966119455e-01 9.178832856978758059e-02 -1.110053065239693382e-01 -2.549515150424310761e-01
3.206984251881079828e-01 9.979296388930603001e-02 -1.218229155030154942e-01 -2.986684735743985186e-01
2.598262981296111107e-01 9.759980515160560088e-02 -7.783628862041425123e-02 -2.795898146608060131e-01
2.923515869347985685e-01 9.677002657028399568e-02 -9.715346772358213201e-02 -2.919681457815013204e-01
2.880802130993798116e-01 7.531604134814706697e-02 -8.799840469987874059e-02 -2.753978497476481380e-01
2.925326431928390036e-01 1.050602490856915594e-01 -9.306438304684938601e-02 -3.045285092316794007e-01
2.641928441609042721e-01 9.340587045759729534e-02 -8.754120314130098279e-02 -2.700575114772032492e-01
2.976261885676585450e-01 1.027351966746712364e-01 -1.075300499355851258e-01 -2.928313353067428793e-01
3.195347896791753683e-01 9.040666145344822269e-02 -9.828555009806816400e-02 -3.116559010345563152e-01
2.641217869960090781e-01 7.877886721600813047e-02 -8.668298576524513521e-02 -2.562176684467694088e-01
2.776412251789253105e-01 9.178611777710710129e-02 -8.680527978761531926e-02 -2.826220631684170925e-01
2.614563137127872139e-01 8.534374781824105582e-02 -8.250526251799072952e-02 -2.642947990130366520e-01
2.903987281826658773e-01 9.894304062573500147e-02 -1.017991994096139052e-01 -2.875425693987860853e-01
3.021626317210985846e-01 9.317142990529347912e-02 -8.398111390371898466e-02 -3.113529477226721909e-01
2.926289488654187920e-01 9.617758205393922566e-02 -9.264219875184220854e-02 -2.961643321675166973e-01
3.049587852530422083e-01 1.004241500410207877e-01 -9.342526037851772713e-02 -3.119576749155452688e-01
3.057128720133848176e-01 9.180211300228791060e-02 -8.587340839074464327e-02 -3.116415766249263086e-01
2.769033596053489532e-01 8.523801916948592350e-02 -1.009356255343583086e-01 -2.612057532404765681e-01
3.045098033607667176e-01 9.993716019128839889e-02 -1.079645155155350977e-01 -2.964824480365182424e-01
2.837732584827747928e-01 1.028105622348940429e-01 -9.033340294762925993e-02 -2.962504177700413521e-01
2.922535566792916484e-01 9.322598008966664906e-02 -9.031799722450983836e-02 -2.951615395444484591e-01
2.773265028135405430e-01 1.064496027184080873e-01 -1.026742202133430482e-01 -2.811018853186073585e-01
2.857151266261714895e-01 1.000448080580200738e-01 -1.101398896509406811e-01 -2.756200450332491059e-01
3.013792191767272755e-01 9.485170666305631215e-02 -9.128761243374494683e-02 -3.049433134060386408e-01
2.822774071006755037e-01 9.140303134945604313e-02 -1.004392349474967361e-01 -2.732412035026356989e-01
3.055296250229746491e-01 1.036854395350808034e-01 -1.175363077831219627e-01 -2.916787567749352661e-01
3.273076245441606247e-01 1.021299595769891155e-01 -1.115752060101895538e-01 -3.178623781109610746e-01
2.930761468708249495e-01 9.323049373172676013e-02 -9.350249960903056490e-02 -2.928041409935220329e-01
2.743731853047366442e-01 9.011395732523741486e-02 -8.759988094120885194e-02 -2.768872616887669835e-01
2.891044511647793414e-01 9.060315221984449607e-02 -9.564255806985055841e-02 -2.840650453147723908e-01
2.934312660613729307e-01 1.007854178926050892e-01 -1.016182938684906389e-01 -2.925983900854882691e-01
3.259520942314715342e-01 1.136135850303787720e-01 -1.104191384245183372e-01 -3.291465408373337453e-01
2.808525119429008399e-01 8.528042590251594390e-02 -9.090338886056148482e-02 -2.752295489848535226e-01
2.796118872351858187e-01 9.109339897433432753e-02 -8.890896249022262054e-02 -2.817963237192975257e-01
3.190211942850593729e-01 9.680836475492959892e-02 -9.593534460752017878e-02 -3.198942144324696812e-01
3.249007408168349542e-01 1.222492459109698615e-01 -1.195610164100013861e-01 -3.275889703178052059e-01
3.027789230447428537e-01 1.050385932499908748e-01 -1.057364129331945790e-01 -3.020811033615400376e-01
3.088041398263561277e-01 9.415962856099557854e-02 -1.084503930027116425e-01 -2.945133753846391755e-01
2.883759088533732751e-01 9.454924494551697478e-02 -8.826593007340122199e-02 -2.946592237254854751e-01
3.238524450851976155e-01 9.604218119028562484e-02 -1.031159203949618686e-01 -3.167787058805204836e-01
3.000089330264792409e-01 1.096714171233257318e-01 -1.027497028237869259e-01 -3.069306473260198231e-01
2.899994589738401629e-01 9.924862019051783335e-02 -9.779443727928160968e-02 -2.914536418850781629e-01
3.274993163518864492e-01 1.020989576136894783e-01 -1.100575683676856542e-01 -3.195407055978902733e-01
2.917512199755494251e-01 1.077661049025957496e-01 -1.067806028651743233e-01 -2.927367220129708514e-01
2.911449263690224498e-01 8.514506004570154829e-02 -8.465568666030964806e-02 -2.916342997544134619e-01
2.959985138541139094e-01 9.967050073337713201e-02 -1.035795470115008499e-01 -2.920894675759928560e-01
2.904071485398684871e-01 1.122649679133065348e-01 -1.228944931942397290e-01 -2.797776232589352929e-01
3.064813192075686032e-01 1.156828206165574358e-01 -1.175591082330642578e-01 -3.046050315910591166e-01
2.892736521048195897e-01 1.019444822708832632e-01 -9.385187809849959706e-02 -2.973662562772050322e-01
3.293194195919229017e-01 1.064394718125099004e-01 -1.053312308340164094e-01 -3.304276605704181691e-01
3.278694112170112973e-01 1.075895217360907097e-01 -1.115765588002375353e-01 -3.238823741528618072e-01
3.230267678151310662e-01 9.510052039875649399e-02 -1.087898650049297089e-01 -3.093374232089578513e-01
3.246793632086273362e-01 1.007926281622202325e-01 -9.873723915904708548e-02 -3.267347522117995950e-01
3.443174295729516388e-01 1.078223154177591070e-01 -1.223406293107229814e-01 -3.297991156799859880e-01
3.395606436439280174e-01 9.435475253261582651e-02 -1.083807470333226775e-01 -3.255346491432247191e-01
3.077911827834398650e-01 1.139196673693003703e-01 -1.054403795288889611e-01 -3.162704706238512742e-01
3.342900448219303655e-01 1.114951119657225931e-01 -1.070282050306214927e-01 -3.387569517570296895e-01
2.890153090481266673e-01 8.871383336253568785e-02 -8.460332041148888038e-02 -2.931258219991725866e-01
3.284066061847115137e-01 1.138916340695024232e-01 -1.061936432001120423e-01 -3.361045970541018946e-01
3.226400287816195700e-01 8.436975260398504872e-02 -1.132409433437935320e-01 -2.937688380418093104e-01
3.133211185775541807e-01 9.590572387324147741e-02 -9.780540448108343554e-02 -3.114214379697131108e-01
3.044509173451697137e-01 1.161719011323958384e-01 -9.996493180686627511e-02 -3.206578866707001652e-01
3.300152149009667468e-01 9.573516328469988679e-02 -1.033398171562058820e-01 -3.224105610294634161e-01
3.231361070572420502e-01 1.037889025697422696e-01 -1.100777206539591546e-01 -3.168472889730251651e-01
3.232584329034224879e-01 1.059409200324026301e-01 -1.004542858349646295e-01 -3.287450671008604886e-01
3.316157961928363207e-01 1.094739762374512537e-01 -1.148546987320671064e-01 -3.262350736982249089e-01
3.361263218840555567e-01 1.097661076670410907e-01 -1.008831685125670674e-01 -3.450092610385278036e-01
3.126326725217758451e-01 1.020137655384107944e-01 -9.528822246067925050e-02 -3.193582155995109417e-01
3.313279204790120502e-01 1.146516950372964416e-01 -1.196212288266398360e-01 -3.263583866896686558e-01
2.901454910009615418e-01 1.069410225843476780e-01 -1.070549966159912714e-01 -2.900315169693179485e-01
2.832504450939472562e-01 9.910201910850524598e-02 -8.557576861403415336e-02 -2.967766955884156843e-01
3.153838678710778609e-01 1.179985801243548238e-01 -9.907745863628036886e-02 -3.343049893591523158e-01
3.438831377242026477e-01 9.873870014797336836e-02 -1.136433112819688063e-01 -3.289785265902072098e-01
2.829619799241331890e-01 9.198912291588090540e-02 -8.820985026792538264e-02 -2.867412525720895999e-01
3.244062785983778952e-01 1.086311612703729779e-01 -1.183317289615679613e-01 -3.147057109071864645e-01
3.084796171579800017e-01 9.714648527088876051e-02 -9.264984035800249984e-02 -3.129762620708671506e-01
3.188689732086151807e-01 9.139368740403686076e-02 -8.718096590274271307e-02 -3.230816947099093284e-01
2.809039509715525185e-01 1.030533590313726933e-01 -1.079765305919391238e-01 -2.759807794109860879e-01
2.980517106869013944e-01 1.078842093513907585e-01 -9.562923147729307516e-02 -3.103066885609981895e-01
3.344689925806454411e-01 1.191500389187698516e-01 -1.280944017133691659e-01 -3.255246297860487914e-01
3.134486961611511191e-01 9.658395965549804174e-02 -9.438263113959521888e-02 -3.156500246770548301e-01
3.237897975044061738e-01 1.166383469707881204e-01 -1.298564316655941298e-01 -3.105717128095992763e-01
3.057484938020209597e-01 1.025436802458381536e-01 -1.009607057484096515e-01 -3.073314682994503499e-01
3.223051759826036644e-01 1.016499809310795754e-01 -1.042744646949387288e-01 -3.196806922187436228e-01
3.168501328741291090e-01 1.037464402145920062e-01 -1.134172461636362428e-01 -3.071793269250848724e-01
3.304272291051626453e-01 9.001927463031211829e-02 -1.042535501795844866e-01 -3.161929535558911653e-01
3.246871026163198337e-01 1.258498945631369992e-01 -1.161914389993192742e-01 -3.343455581801357823e-01
2.985043290770370561e-01 1.128059250993604934e-01 -1.036584535835309850e-01 -3.076518005928674526e-01
3.102235762293963361e-01 1.172006094761028905e-01 -1.062481496428651084e-01 -3.211760360626350064e-01
3.164755382273360951e-01 1.096139303051097968e-01 -1.203503201317630555e-01 -3.057391484006846127e-01
2.897921098156457376e-01 1.131825539011916959e-01 -1.034324219200302153e-01 -2.995422417968098827e-01
3.089378004941085720e-01 1.089275973365033678e-01 -1.030922740166024809e-01 -3.147731238140103471e-01
3.294355497488092865e-01 1.069390727592205437e-01 -1.038248681462210499e-01 -3.325497543618087803e-01
3.189454824784743181e-01 9.863194010895437458e-02 -1.090173896934283349e-01 -3.085600328940003578e-01
3.001044328175312970e-01 8.988068799009418797e-02 -8.848063129737493426e-02 -3.015044895102505507e-01
3.009638589427554578e-01 1.114380682562394753e-01 -9.540736121419346460e-02 -3.169945659848032449e-01
3.137141735201982584e-01 1.168575851582431824e-01 -1.054068711243010270e-01 -3.251648875541421901e-01
3.091899081034439334e-01 1.098587760144669190e-01 -1.077148969047012628e-01 -3.113337872132095896e-01
3.261071582069625663e-01 1.149821782000985948e-01 -1.210210236734283740e-01 -3.200683127336336753e-01
3.131362656840162018e-01 9.214494981823140307e-02 -1.175055498706818469e-01 -2.877756656315639816e-01
2.894831651348885870e-01 1.017122114747550654e-01 -8.892065466533161100e-02 -3.022747219443111533e-01
3.161096642073264462e-01 9.781576680802217538e-02 -9.758596314033596286e-02 -3.163394678750162115e-01
3.284750757842482827e-01 1.133742532808978964e-01 -1.052102019594594040e-01 -3.366391271056849988e-01
3.037304039100838793e-01 1.020893968916034567e-01 -9.964580456753679982e-02 -3.061739962341505361e-01
2.914844841715806822e-01 9.693285876067747608e-02 -9.429087891181708869e-02 -2.941264640204384051e-01
3.307471970698143693e-01 1.015818637335295094e-01 -9.141405406038405346e-02 -3.409150067429607134e-01
3.155272261382462418e-01 1.078966200246629370e-01 -1.061017463922322435e-01 -3.173220997706778235e-01
3.157236743039701921e-01 1.059938480557436336e-01 -1.121645285381944745e-01 -3.095529938215220156e-01
3.262647696510603268e-01 1.112091495806311059e-01 -1.234254127020726344e-01 -3.140485065296179101e-01
3.228954042943454894e-01 1.169938274667128297e-01 -1.180316306566062678e-01 -3.218576011044493868e-01
3.087585709558258174e-01 1.203257907058965515e-01 -1.108294809984364804e-01 -3.182548806632841121e-01
3.324163450216977012e-01 1.090703476161998253e-01 -9.732775397975856890e-02 -3.441589386581398458e-01
3.242071695902479789e-01 1.110482533308818631e-01 -1.242497271495137667e-01 -3.110056957716178516e-01
3.284187194358043627e-01 1.171643697995810030e-01 -1.142782359069398623e-01 -3.313048533284463915e-01
3.414736396381963246e-01 1.120033588671009994e-01 -1.181118958203333236e-01 -3.353651026849657768e-01
3.491641643409639784e-01 9.115651976769090226e-02 -1.020705624162818737e-01 -3.382501216923712306e-01
3.472982542021512131e-01 1.051687892321480078e-01 -1.073458685745416474e-01 -3.451211748597575735e-01
3.065752518360538303e-01 1.136450846905683321e-01 -1.048880154598066383e-01 -3.153323210668155241e-01
3.183939511645590414e-01 1.083465330105104485e-01 -1.049961804481513994e-01 -3.217443037269180905e-01
3.109159943262342907e-01 8.562795969594372281e-02 -8.970136525926442062e-02 -3.068425887629144810e-01
3.105238659695706005e-01 1.130333790566977470e-01 -1.104866575922489602e-01 -3.130705874340193873e-01
2.751467048433910989e-01 9.905385610331496338e-02 -1.012323745048337997e-01 -2.729681864418740389e-01
3.324075550840799309e-01 1.037022523100503690e-01 -9.986738442459586196e-02 -3.362424229695317734e-01
3.235272813613070397e-01 9.681259059934532729e-02 -9.713466845658302873e-02 -3.232052035040675619e-01
2.872918796743508807e-01 1.058626047520592195e-01 -1.050014770697647037e-01 -2.881530073566462846e-01
2.824037644860473151e-01 9.426767338236352600e-02 -9.993980807562241608e-02 -2.767316297927902013e-01
3.108858001623140410e-01 9.223742754599406624e-02 -8.975658520738161172e-02 -3.133666425009256074e-01
3.254442694954544635e-01 1.113612321707915243e-01 -1.081849309558551298e-01 -3.286205707103899698e-01
2.841047639830813765e-01 1.001209512863914242e-01 -1.002188504900276556e-01 -2.840068647794460333e-01
3.052218052936330750e-01 8.927834651741495264e-02 -8.802860044115323745e-02 -3.064715513698965665e-01
3.018127745182379584e-01 8.945669332597727674e-02 -1.050507535541109760e-01 -2.862187142901042591e-01
2.764066800901749943e-01 8.453678154580668291e-02 -9.239612507504091354e-02 -2.685473365609425400e-01
2.943294425481246535e-01 1.029821309009442132e-01 -1.003872498761513299e-01 -2.969243235729166486e-01
3.071034842089810368e-01 1.117510905746632588e-01 -1.049495653829772834e-01 -3.139050094006670122e-01
2.972961845575996520e-01 7.992546060560723475e-02 -9.435456195994529338e-02 -2.828670832032624816e-01
3.081523237383665403e-01 1.153946346839260784e-01 -1.142488564962054198e-01 -3.092981019260854225e-01
2.777287466367797109e-01 7.282636843039380636e-02 -8.364929651319119586e-02 -2.669058185539814332e-01
3.188611456231260632e-01 1.123830285689129127e-01 -1.040696144534862810e-01 -3.271745597385526949e-01
2.893978354093018623e-01 9.807072668335781174e-02 -1.037572380192033350e-01 -2.837113240734581154e-01
3.003417781865955760e-01 9.741372697014405446e-02 -1.039489888229434555e-01 -2.938065163337952868e-01
3.024626135731551813e-01 9.189138785405237542e-02 -9.767240548935784972e-02 -2.966815959378514833e-01
2.935405532255579431e-01 1.132107302513940539e-01 -9.578899220235914669e-02 -3.109622912745946266e-01
2.840552334512356225e-01 9.608907758671048072e-02 -8.691750559444866298e-02 -2.932268054434974403e-01
2.977848289869626797e-01 9.893703749121307567e-02 -9.500994914350791021e-02 -3.017119173346678451e-01
2.971810412746060948e-01 1.098392227883211447e-01 -1.086965962587393975e-01 -2.983236678041887302e-01
3.104128564122357048e-01 1.123982304893731410e-01 -9.475377042883970091e-02 -3.280573164727673685e-01
2.920055465675766015e-01 9.689942747051816241e-02 -9.550577905706703064e-02 -2.933991949810303979e-01
3.016903403979052101e-01 9.055161618316631689e-02 -9.029068038047327605e-02 -3.019512762005964746e-01
2.731343326723232323e-01 1.070688205777807767e-01 -1.077615610317934625e-01 -2.724415922183087702e-01
2.793744200012984180e-01 1.035633223592089536e-01 -8.888313168844508283e-02 -2.940546106720640651e-01
2.950727094918521587e-01 1.036421623478807064e-01 -9.932086511045401522e-02 -2.993940067292797380e-01
2.913484483880806053e-01 1.041629063504343478e-01 -9.729273066245802681e-02 -2.982186240760569262e-01
2.787849715223700287e-01 1.115553559413076101e-01 -1.135035647650548540e-01 -2.768367626986210084e-01
2.487066099300250244e-01 9.299501376017094145e-02 -8.921151917974423640e-02 -2.524901045104535058e-01
2.898890209905609083e-01 1.021226160700319241e-01 -1.017691920021288610e-01 -2.902424450584657478e-01
3.063216764911969037e-01 9.606036559220942905e-02 -1.031102955451013159e-01 -2.992717465383050168e-01
3.108882885071624358e-01 1.019862458452776011e-01 -1.089245974692891750e-01 -3.039499368831499737e-01
3.046802302992803746e-01 7.604034341023524490e-02 -9.733065316135292022e-02 -2.833899205481609229e-01
2.951738342219467626e-01 9.720062500797332916e-02 -9.254603070537914533e-02 -2.998284285245400582e-01
2.812252152378125203e-01 1.023816940266257802e-01 -9.390026285494101899e-02 -2.897066464094955052e-01
2.705600438032300659e-01 9.505472430982386811e-02 -7.905004003952953440e-02 -2.865647280735279523e-01
2.764510474910801818e-01 1.024591867756470265e-01 -9.988084440480182735e-02 -2.790293898619218282e-01
2.760235341912746776e-01 9.074983999930985590e-02 -9.779307597144715203e-02 -2.689802982191382696e-01
2.920180807043690763e-01 9.641905266417793996e-02 -1.089019869383731631e-01 -2.795351464301720767e-01
2.775709098764247429e-01 1.005544271147842394e-01 -9.270244648675607380e-02 -2.854228905044529085e-01
2.850388220545978513e-01 9.607268334619156747e-02 -9.241604891087540352e-02 -2.886954564899122389e-01
2.860874613250494747e-01 9.684434645637374217e-02 -9.815872374688172641e-02 -2.847730840345406023e-01
2.665333529187634554e-01 8.765163439754708463e-02 -8.539600177024642136e-02 -2.687889855460650068e-01
3.112828670937348718e-01 1.037431535408934735e-01 -1.082351068237299430e-01 -3.067909138108975142e-01
2.797097646678308180e-01 8.779812649385387857e-02 -9.244986701328272716e-02 -2.750580241484019695e-01
2.758244535019320764e-01 1.041753347924219142e-01 -1.016539015233792753e-01 -2.783458867709756035e-01
3.101960961273482198e-01 1.221016823531932971e-01 -1.112047882512232633e-01 -3.210929902293226945e-01
2.913067820715156131e-01 1.134289670162926811e-01 -1.071379305563873174e-01 -2.975978185314236413e-01
3.093309683820635314e-01 9.930814954433575537e-02 -1.048094196267745914e-01 -3.038296982996255835e-01
2.692791748555931619e-01 9.368904686876522447e-02 -9.508817019586768282e-02 -2.678800515284898154e-01
2.921850945495449992e-01 9.412311777684667646e-02 -1.064254764613750126e-01 -2.798827358650139985e-01
2.899345138620192941e-01 8.595679868543815161e-02 -9.241962015016369492e-02 -2.834716923972955271e-01
2.743615084405002236e-01 1.002226770132894629e-01 -1.006259387839127939e-01 -2.739582466698742280e-01
2.657691755281437196e-01 9.751971413227611407e-02 -8.774943670104651261e-02 -2.755394529593733211e-01
2.902745579094876405e-01 1.059649676337039992e-01 -8.330293079262407474e-02 -3.129365947505675649e-01
2.716572145213920209e-01 1.004468110999710007e-01 -9.255014134322081532e-02 -2.795538842781413180e-01
2.974142848703831277e-01 1.010610880443705284e-01 -9.478432030696026800e-02 -3.036910526077924999e-01
2.842073449786326478e-01 9.641491584441652662e-02 -9.197252612380601988e-02 -2.886497346992431545e-01
2.984514578522299288e-01 9.226923704271072779e-02 -1.007633831424366022e-01 -2.899573117525022781e-01
2.239381157620776719e-01 7.877628331748720569e-02 -8.547741914116802064e-02 -2.172369799383959688e-01
2.734346777022809150e-01 9.744611518863077748e-02 -8.775833160252144438e-02 -2.831224612883911362e-01
2.946113932387151024e-01 9.394700602722050320e-02 -8.565549602739697121e-02 -3.029029032385377462e-01
2.828643163712785125e-01 9.170037810034958881e-02 -8.871236006855820477e-02 -2.858523344030707847e-01
2.620684028946413946e-01 1.050035587493960421e-01 -8.840727410427184907e-02 -2.786646875397638112e-01
2.753975763789009434e-01 9.627326250442713729e-02 -9.460917082761000074e-02 -2.770616680557189682e-01
2.582327096519492216e-01 8.150267850333747788e-02 -8.467348722602530131e-02 -2.550619009292622863e-01
2.753214023854146930e-01 9.189084304221406541e-02 -8.677173381288749709e-02 -2.804405116147430377e-01
2.599063552782121533e-01 9.950355766829144244e-02 -9.489376723684284087e-02 -2.645161457096634194e-01
2.595295900511880305e-01 9.151170711772671496e-02 -9.011696535540458797e-02 -2.609243318135119338e-01
2.989761224415241614e-01 9.045162771604076113e-02 -9.614664487830371087e-02 -2.932811052792629880e-01
2.712653720946454072e-01 9.583036786051835065e-02 -9.787858591825848720e-02 -2.692171540369043825e-01
2.850395450386953300e-01 9.149001168375292536e-02 -9.183278014584139726e-02 -2.846967765766068581e-01
2.891617472478911210e-01 1.003151712915313354e-01 -9.647038348956638032e-02 -2.930065350498560761e-01
2.446671689088706358e-01 6.916837485962545884e-02 -7.724773304853371769e-02 -2.365878107199623770e-01
2.635993258224678115e-01 9.214648597689922838e-02 -8.229647786749882954e-02 -2.734493339318690985e-01
2.878247981061914373e-01 9.308454759752393670e-02 -1.074135132862892306e-01 -2.734958324174270317e-01
2.589249825145110151e-01 9.302708771367562690e-02 -7.829832306222872518e-02 -2.736537471659588050e-01
2.710752258272490778e-01 9.744370573957805703e-02 -9.421491130203385467e-02 -2.743040202647941683e-01
2.534535088198648367e-01 8.050136827140441653e-02 -8.170233948653482514e-02 -2.522525376047344281e-01
2.608572623787663858e-01 1.006955428005538167e-01 -1.007714080463211204e-01 -2.607813971329973057e-01
2.681558659405043343e-01 9.080057032934174543e-02 -1.024200196212516900e-01 -2.565364166485952779e-01
2.489388896886701730e-01 9.012654844080358885e-02 -9.076376426964305466e-02 -2.483016738598289308e-01
2.796970609645956785e-01 9.856466636588212538e-02 -1.030764144837839069e-01 -2.751853128466947851e-01
2.649764698305459021e-01 7.939942097916485864e-02 -8.404435372632956813e-02 -2.603315370833803044e-01
2.920387508313622149e-01 8.978143578413888548e-02 -8.168711990568677805e-02 -3.001330667098134342e-01
2.923938258303016013e-01 1.033055277272660888e-01 -1.076948016657590657e-01 -2.880045518918086245e-01
2.896801024296999927e-01 9.482305422494174962e-02 -9.034269603700462170e-02 -2.941604606176380088e-01
2.730725324123719489e-01 8.923862968953422126e-02 -8.007694291694367195e-02 -2.822342191849642745e-01
2.476426924950274611e-01 1.068175761129843693e-01 -9.676029100605010314e-02 -2.576999776019608390e-01
2.949047409126057673e-01 9.919709322541780949e-02 -8.988361736414240966e-02 -3.042182167738829435e-01
3.068229274349860702e-01 1.050651564617615108e-01 -1.070119400230433726e-01 -3.048761438737024321e-01
3.080097491593010162e-01 9.737829665100417031e-02 -1.012502017999166171e-01 -3.041378440103894576e-01
2.731175641512937347e-01 1.019148352594019258e-01 -9.052198145997092382e-02 -2.845104179507238484e-01
2.965464686789838211e-01 9.342510087062105839e-02 -9.865691465790149550e-02 -2.913146548917024958e-01
3.122673919376497409e-01 1.007858101549574670e-01 -1.094699387185578132e-01 -3.035832633740493947e-01
2.988445689812602168e-01 9.101516913066642900e-02 -9.306364989009630051e-02 -2.967960882218330099e-01
3.127085884305342844e-01 9.650093102661028155e-02 -1.069241892676169314e-01 -3.022853301895249700e-01
2.929862418350257514e-01 1.008630858058134905e-01 -9.822173700341352287e-02 -2.956275906374274953e-01
2.796011714615946886e-01 9.861736747682758875e-02 -8.751839009668938019e-02 -2.907001488417311208e-01
2.844116048547045139e-01 1.045500608352725180e-01 -9.707380188013114974e-02 -2.918878638098485467e-01
2.697864254882311741e-01 9.248100059034580767e-02 -8.289577095175015842e-02 -2.793716551268259352e-01
2.964831272444081733e-01 9.356077587159639108e-02 -9.739933289891666846e-02 -2.926445702170878960e-01
3.103019406974034666e-01 9.727504494074867836e-02 -8.843566471289054931e-02 -3.191413209252598193e-01
2.931594727738691120e-01 8.594955219224864607e-02 -8.774938610151483687e-02 -2.913596388646038093e-01
2.860259552819224282e-01 9.827138011600489165e-02 -9.554391714567600502e-02 -2.887534182522539794e-01
2.888340719976394411e-01 1.012965935851131150e-01 -9.053775779611772379e-02 -2.995929077866348322e-01
2.851401908462429802e-01 9.337115110598936951e-02 -8.243377236740467850e-02 -2.960775695848294475e-01
2.878832499496040143e-01 9.223121254760169307e-02 -7.899658892276839595e-02 -3.011178735744373114e-01
2.920176319379468310e-01 9.636751838643853318e-02 -9.921777796570285801e-02 -2.891673723586825062e-01
3.123206948108636638e-01 1.087158549631732640e-01 -9.250316244417966516e-02 -3.285333873298572627e-01
3.147913018284747011e-01 1.174010054241074741e-01 -1.075861533388531299e-01 -3.246061539137308216e-01
3.230606589694975384e-01 1.010614747667650803e-01 -1.008830890156300342e-01 -3.232390447206334727e-01
3.012599594244669277e-01 8.580264780853408269e-02 -8.712989907574897330e-02 -2.999327081572520370e-01
2.801432378861825612e-01 8.141615878198216194e-02 -9.289545047678871015e-02 -2.686639461913769011e-01
3.124886594283866614e-01 9.715862351648052453e-02 -1.079184542570281735e-01 -3.017288286878425652e-01
3.208536658252132412e-01 1.171726733205185056e-01 -1.006931454653390290e-01 -3.373331936803927178e-01
2.951532682475663805e-01 1.014672458490437634e-01 -9.498127626711116989e-02 -3.016392378294963095e-01
2.743260649364369641e-01 9.004390961109898228e-02 -9.442927376192500333e-02 -2.699407007856127194e-01
2.811639257363376387e-01 9.998030723992279434e-02 -9.104269198200221069e-02 -2.901015409942608869e-01
2.586412016179222562e-01 9.998084026726061779e-02 -8.009234819830801655e-02 -2.785296936868721929e-01
2.694382469462368590e-01 8.651148529391949893e-02 -8.718993715938072597e-02 -2.687597950807738556e-01
3.042220102016441885e-01 1.115964295445612819e-01 -1.185632684678425974e-01 -2.972551712783637612e-01
2.651485307831897842e-01 8.297423285341931631e-02 -7.878105422846637396e-02 -2.693417094081400620e-01
2.912394469725754220e-01 9.882992208825847058e-02 -1.042984802363049468e-01 -2.857708888245289458e-01
2.947935022123528981e-01 9.547950039801467170e-02 -9.536722417677179209e-02 -2.949057784335975541e-01
2.726784089246967469e-01 1.047094191501365401e-01 -1.009983667763032500e-01 -2.763894612985309251e-01
2.941182983736005951e-01 9.235857337081920804e-02 -1.025925628654542621e-01 -2.838843088789655411e-01
2.903375405774433204e-01 9.793116406300939047e-02 -9.855282823839583983e-02 -2.897158764020559829e-01
2.757016061065673540e-01 8.843843770570636309e-02 -7.840626345501355843e-02 -2.857337803572619350e-01
2.901248424809352855e-01 9.987584247543868088e-02 -9.498579672477891478e-02 -2.950148882315914989e-01
2.804620267973652048e-01 1.066111157429912026e-01 -1.094344969614224894e-01 -2.776386455789321417e-01
3.047404611466930646e-01 8.668623202359171387e-02 -9.211434938499341030e-02 -2.993123437852913682e-01
2.956869232025347571e-01 8.920927499914910186e-02 -9.680630934806799814e-02 -2.880898888536158609e-01
2.981301495044972327e-01 1.079167806677832075e-01 -1.108540907154154098e-01 -2.951928394568641423e-01
2.955862331834646639e-01 1.059981093995867596e-01 -1.040749237148430595e-01 -2.975094188682092522e-01
2.929885446049143027e-01 1.131685392479271357e-01 -1.173107429350341846e-01 -2.888463409178090302e-01
2.764458851189326438e-01 9.120899180406549789e-02 -9.924992472627014450e-02 -2.684049521967297736e-01
2.783869181339593268e-01 1.016719785011641619e-01 -9.306767152818729016e-02 -2.869912251069370868e-01
2.634264224301734458e-01 9.060342549618649599e-02 -8.692723723223583221e-02 -2.671026106941214451e-01
2.811207604271563909e-01 9.618289811489333374e-02 -1.021499164810917293e-01 -2.751537420609562190e-01
2.602238923608490850e-01 9.271276181426291174e-02 -9.109235024361694855e-02 -2.618443039314941601e-01
3.257022884830531595e-01 9.322867877299501060e-02 -1.079019740525088977e-01 -3.110289932035401606e-01
2.854356357213019280e-01 9.029027798486755074e-02 -9.917514599186549873e-02 -2.765507677143048682e-01
2.870680789478319284e-01 1.015869009344747553e-01 -9.468657336677033243e-02 -2.939684065155336867e-01
2.748014859948435529e-01 9.363623992707736932e-02 -8.464318602637455058e-02 -2.837945398955472598e-01
2.834893450214792665e-01 1.098154736081307092e-01 -1.138393133125630285e-01 -2.794655053170460590e-01
2.834874211339064587e-01 9.248322845241219170e-02 -9.455666058098710636e-02 -2.814139890053315440e-01
2.923528104826944585e-01 9.581624916057585040e-02 -9.549506841712496197e-02 -2.926739912261453469e-01
3.116516894575394048e-01 1.043561627102436162e-01 -1.130733292453438565e-01 -3.029345229224391645e-01
2.724743713828496894e-01 9.664811369058057267e-02 -1.069864033767808920e-01 -2.621360816966529228e-01
3.005490914942647862e-01 9.947682265419022229e-02 -9.860901280651201972e-02 -3.014169013419456533e-01
2.943332325348011480e-01 8.633232898628051544e-02 -8.498907036001135396e-02 -2.956764911610694213e-01
2.816495892713302140e-01 7.859402686436567365e-02 -7.932513472796998144e-02 -2.809184814077259063e-01
2.815585711400423463e-01 9.016633410694652184e-02 -7.940264698489674089e-02 -2.923222582620912391e-01
2.999330777932183167e-01 1.010609597459080078e-01 -1.081771367015855745e-01 -2.928169008375416382e-01
2.710298659760024265e-01 1.123385177194400342e-01 -9.675898855356379613e-02 -2.866093951418786645e-01
2.861886148474974689e-01 9.537009374175298149e-02 -8.646332378087873138e-02 -2.950953848083734954e-01
2.720321875355962149e-01 9.013092944921297089e-02 -8.175576650797200529e-02 -2.804073504768371805e-01
2.888745490057855747e-01 1.018925532173815540e-01 -8.887148447832426967e-02 -3.018956177448446354e-01
2.627570764700610795e-01 1.068822719472981575e-01 -9.177434471905421276e-02 -2.778650036983068006e-01
2.977399142066969873e-01 9.055968504463418611e-02 -9.648248530362746322e-02 -2.918171139477019338e-01
2.689653376548433172e-01 9.448886663499855842e-02 -9.498131633216466696e-02 -2.684728879576727678e-01
2.635771697179238870e-01 6.900793187783271776e-02 -9.342720453187691732e-02 -2.391578970638796875e-01
3.051402373898657316e-01 1.049342532359736069e-01 -1.029875843784173739e-01 -3.070869062474184119e-01
2.843344001118985886e-01 1.054713653650241056e-01 -1.007985664080361943e-01 -2.890071990688820591e-01
2.823820301007229361e-01 1.085027576168942076e-01 -1.085260683596738218e-01 -2.823587193579459864e-01
2.758646289563921883e-01 7.072633234573366678e-02 -7.563460922492737382e-02 -2.709563520771993694e-01
2.812337672261620014e-01 9.542443551859491890e-02 -9.600541781049543033e-02 -2.806527849342623782e-01
3.149139390240094372e-01 9.683831704068612822e-02 -9.261550325551048957e-02 -3.191367528091868522e-01
2.737042024788118866e-01 9.879452174837410894e-02 -9.157288626304271872e-02 -2.809258379641423886e-01
2.994799744941127884e-01 7.709241838989999707e-02 -9.548463144481722509e-02 -2.810877614391937840e-01
2.737500808162813826e-01 1.002074801376506841e-01 -9.220690101498174585e-02 -2.817506599389529853e-01
3.064859244704782881e-01 1.153576783720220433e-01 -1.165057428645965842e-01 -3.053378599779010827e-01
2.493859584751634273e-01 8.154537288688601393e-02 -8.210019494196529877e-02 -2.488311364200841425e-01
3.097452223808767613e-01 9.780191020941586544e-02 -1.015803079242614260e-01 -3.059668246660294244e-01
3.183816439656963482e-01 9.328451988756114588e-02 -9.446482058897220924e-02 -3.172013432642870612e-01
2.820119601751587268e-01 9.518741736317881674e-02 -8.928476939943053026e-02 -2.879146081389087897e-01
3.216450812171709472e-01 9.326036279441130006e-02 -1.059054859982788699e-01 -3.089999580133060419e-01
2.752520057893121930e-01 9.084540338558788619e-02 -8.534065634595311423e-02 -2.807567528289469649e-01
2.807460833243116127e-01 1.026547647236544236e-01 -9.637437264085235711e-02 -2.870264754071119029e-01
3.003623477023067423e-01 9.573559650647212038e-02 -1.072236461258615492e-01 -2.888742980829155371e-01
2.873500193868290253e-01 9.287462057685047512e-02 -1.000190050967013633e-01 -2.802056348669808017e-01
2.884956085276559890e-01 9.880196010809871865e-02 -1.018645254440633252e-01 -2.854330431916922706e-01
3.057064779437999036e-01 1.245410584941515353e-01 -1.178872759978046858e-01 -3.123602604401485294e-01
2.662621435439334050e-01 9.228063917453788179e-02 -9.564415758198396844e-02 -2.628986251364864302e-01
2.808868855161508193e-01 9.140996772966936135e-02 -9.810130687546880779e-02 -2.741955463703504847e-01
2.822099727394231650e-01 9.784595900291126469e-02 -9.191356478050671797e-02 -2.881423669618285999e-01
3.110688158202217224e-01 1.088248989942961487e-01 -1.131136793300360210e-01 -3.067800354844845145e-01
3.008588396057190195e-01 8.934389693434496849e-02 -9.604968604225216922e-02 -2.941530504978118188e-01
2.576255846379726933e-01 8.809850489157966535e-02 -8.000907685213132225e-02 -2.657150126774192600e-01
2.959063740221212768e-01 1.129833021997370679e-01 -1.179429252705039843e-01 -2.909467509513543604e-01
3.249965335391440391e-01 1.155266905170275749e-01 -1.244105184178270207e-01 -3.161127056383445932e-01
2.725552342082071533e-01 9.316482371230883075e-02 -9.327674600412105832e-02 -2.724433119163949257e-01
2.904983391137569981e-01 9.389992969000182654e-02 -9.418861468949124571e-02 -2.902096541142702435e-01
2.980857605681119793e-01 1.046089005815469264e-01 -1.167439116575259561e-01 -2.859507494921320614e-01
2.907037994572547746e-01 1.099593421642479640e-01 -1.029990173227313122e-01 -2.976641242987723146e-01
2.924805088579409684e-01 9.165819188591228794e-02 -9.096896288456424173e-02 -2.931697378592899028e-01
3.070137052373835829e-01 9.187988242813460715e-02 -1.097547766837898564e-01 -2.891388109817274454e-01
3.016527312843031439e-01 9.995032466710274122e-02 -9.737153345976334862e-02 -3.042315224916434246e-01
2.841756531916912465e-01 1.081566852171720328e-01 -1.002946248088161241e-01 -2.920377136000480434e-01
2.989805152691653589e-01 1.013548145944174195e-01 -9.637791133846373981e-02 -3.039574185251163740e-01
2.902288622122695116e-01 1.094862389514030809e-01 -9.943246152621743050e-02 -3.002826396374524975e-01
2.696522249915265235e-01 8.980267912639927630e-02 -8.248451188632621722e-02 -2.769703922316004707e-01
2.925203805785523414e-01 9.574926661202276534e-02 -8.783257713035030889e-02 -3.004370700602239097e-01
3.120178215229607588e-01 1.005877129614534127e-01 -1.142277590999363213e-01 -2.983777753844769620e-01
2.906284689071432226e-01 9.235158119177278024e-02 -1.024825345867137472e-01 -2.804975155122031438e-01
2.950492047390227413e-01 9.869334219239433992e-02 -1.089011028571205131e-01 -2.848414440742947917e-01
3.049726400094394663e-01 1.131171877308387863e-01 -1.114550275395922441e-01 -3.066348002006860085e-01
3.080965009681300160e-01 1.049078208636915477e-01 -9.686029704606013979e-02 -3.161440247857596475e-01
2.728806646048047568e-01 9.999164250192915659e-02 -9.641962490839439681e-02 -2.764526821983395166e-01
2.941282751458293987e-01 1.120467630447263829e-01 -1.147176155747118287e-01 -2.914574226158430648e-01
2.715446557121410365e-01 9.169510426406812797e-02 -9.099995539803718003e-02 -2.722398045781737608e-01
2.711816208760149394e-01 9.749440306213941199e-02 -8.763163377707527957e-02 -2.810443901610764073e-01
3.164042696091868834e-01 1.122768028737217705e-01 -1.161225453942433816e-01 -3.125585270886679368e-01
3.045965326672517293e-01 1.014072057689192619e-01 -1.113238156223790298e-01 -2.946799228137901849e-01
2.792654705258286185e-01 1.036497063459655976e-01 -9.765401921066185764e-02 -2.852611576611305821e-01
2.723717772377263202e-01 9.697100022621629734e-02 -9.224107117660462762e-02 -2.771017062873371017e-01
3.047089597400809424e-01 9.882802974568782872e-02 -9.899668505867342816e-02 -3.045403044270953430e-01
2.921686406118277901e-01 9.354111851782942466e-02 -1.015668868533818880e-01 -2.841428722762735504e-01
3.077576144288096671e-01 1.039633256311862652e-01 -1.124260393684135551e-01 -2.992949006915823773e-01
3.202533749491038861e-01 8.534620738847920052e-02 -9.320069961873223008e-02 -3.123988827188526329e-01
2.790926991604587570e-01 1.000448702419580727e-01 -9.727426398568539412e-02 -2.818633054167314356e-01
2.981184147425173236e-01 1.039532594148901978e-01 -1.039879101152383356e-01 -2.980837640421700740e-01
3.037543848611736763e-01 1.056490310835300761e-01 -9.608446215682331371e-02 -3.133189537878795505e-01
3.205676793688567727e-01 1.066314066200089172e-01 -1.120496533504029557e-01 -3.151494326384636224e-01
3.025249666053673181e-01 9.605459465146282128e-02 -9.161952363515890596e-02 -3.069600376216747861e-01
3.169506407021760452e-01 9.471721032343438651e-02 -1.046732364918998570e-01 -3.069946145337123511e-01
3.090250492842567809e-01 1.049507964786569048e-01 -9.886843366418585077e-02 -3.151074120987313876e-01
3.020005529492575391e-01 1.098443884869784171e-01 -1.116346354180315359e-01 -3.002103060182044203e-01
2.917875068005386652e-01 9.392481443939892927e-02 -8.356602544272728750e-02 -3.021462957972103069e-01
2.984701296211191845e-01 8.753394864946972831e-02 -9.029636852282063586e-02 -2.957077097477700534e-01
2.989547819352296187e-01 1.044922928823845965e-01 -1.086184968286350028e-01 -2.948285779889801006e-01
2.727443214305242947e-01 1.026912421681860366e-01 -9.115490796125591544e-02 -2.842806556374553040e-01
2.905816786156147913e-01 9.823194519784106404e-02 -1.111946822771754384e-01 -2.776189415362786406e-01
3.023629031953616320e-01 1.020717289152335283e-01 -1.037425369879754200e-01 -3.006920951226224048e-01
2.921384475121202584e-01 9.640460621529278740e-02 -9.295437755432445215e-02 -2.955886761730885937e-01
2.969564521768441878e-01 1.028968113479429292e-01 -1.084120176345324538e-01 -2.914412458902528869e-01
3.273522209217425427e-01 8.506374449045495112e-02 -1.061333391742005361e-01 -3.062826262379960696e-01
2.978410012135279672e-01 1.000202970797348101e-01 -9.669514969549641847e-02 -3.011661485977681352e-01
2.989600509833154618e-01 1.118125342215385842e-01 -1.064024224951243269e-01 -3.043701627097288309e-01
3.070744629066242126e-01 7.461041245471999872e-02 -1.002467964157283120e-01 -2.814380789456150112e-01
2.868935227331048665e-01 9.399024602908312431e-02 -9.395610462071601887e-02 -2.869276641414737483e-01
2.794352046296948444e-01 9.204908680800283349e-02 -9.145295410570408734e-02 -2.800313373319944787e-01
2.950450882832500454e-01 9.907095366101259515e-02 -9.456552018282948779e-02 -2.995505217614296001e-01
2.697258762177501268e-01 1.128849845474784175e-01 -1.074187726454081115e-01 -2.751920881198186564e-01
3.168745175331526553e-01 1.028083731996281003e-01 -1.022114403381682024e-01 -3.174714503946134414e-01
2.670230698000226610e-01 9.949850912466740027e-02 -8.633640901572015025e-02 -2.801851699089707992e-01
2.841185753472812436e-01 9.705220380209578224e-02 -1.043541168194135338e-01 -2.768166623299643803e-01
2.950436374144640439e-01 1.063516706932281508e-01 -1.056598732175455524e-01 -2.957354348901475305e-01
2.628352499302524237e-01 8.292431186592619241e-02 -8.528907911814442855e-02 -2.604704826780341875e-01
2.955183945228627707e-01 1.082036445713150385e-01 -1.030258996655089021e-01 -3.006961394286689071e-01
2.802945627811253004e-01 1.053616881541561412e-01 -9.598329999036092630e-02 -2.896729509449205153e-01
2.804963646470470806e-01 9.395658963884567783e-02 -1.028628800503081919e-01 -2.715900742355845665e-01
2.805289049599037909e-01 8.758740553100086146e-02 -8.429513494654283789e-02 -2.838211755443644790e-01
3.170802790405566896e-01 1.069402535538177546e-01 -1.091823153788737955e-01 -3.148382172155006486e-01
2.740734531060944335e-01 9.146137593323278026e-02 -9.829299027881610584e-02 -2.672418387605137724e-01
2.941186372486122025e-01 9.702775574807809278e-02 -1.097200837344134428e-01 -2.814263092622759643e-01
2.819011263913617782e-01 1.090476063997005696e-01 -1.048342771688588471e-01 -2.861144556222079416e-01
2.830548097861820267e-01 1.006182063245910641e-01 -9.406644903315797279e-02 -2.896065670776177825e-01
2.645674987843973369e-01 1.010271317001718572e-01 -1.035350828128871470e-01 -2.620595476716829353e-01
3.145264189439611613e-01 1.164723828269504935e-01 -1.103354732843930819e-01 -3.206633284865176847e-01
2.996629623312543345e-01 8.504453735861527974e-02 -8.898950723432186294e-02 -2.957179924555468631e-01
2.888423768311403350e-01 1.007439306587372130e-01 -9.662277494314253090e-02 -2.929635325467341289e-01
2.932895576643526070e-01 9.608303050739053219e-02 -9.624501977628874272e-02 -2.931275683954499556e-01
2.808763097880193627e-01 1.086004271754017481e-01 -1.080908002334206586e-01 -2.813859367300004521e-01
2.744027518552867306e-01 9.071454461567896033e-02 -9.665452442928135213e-02 -2.684627720416852270e-01
2.940869212898027385e-01 9.186714152151953527e-02 -9.765051719076467407e-02 -2.883035456205567115e-01
2.845888507531171285e-01 8.677797444449009134e-02 -1.003150581775509309e-01 -2.710517670200571771e-01
2.706657907075769032e-01 9.330127774661178819e-02 -9.041183195621105284e-02 -2.735552364979785267e-01
2.878977783845799721e-01 9.266939090895487396e-02 -9.481375263485247729e-02 -2.857534166586841451e-01
2.457380123641055292e-01 8.538173741491394964e-02 -8.287357137044093491e-02 -2.482461784085767675e-01
2.644611682223017013e-01 7.695895339749903030e-02 -8.565618699331878361e-02 -2.557639346264810598e-01
2.904768119099090384e-01 1.094159535257839266e-01 -1.065285895702814400e-01 -2.933641758654115250e-01
2.713908015310613209e-01 9.687549239398851597e-02 -9.501731209971175929e-02 -2.732489818253389657e-01
2.608992122946558467e-01 8.197996490342251974e-02 -8.144937867722035207e-02 -2.614297985208597908e-01
2.508125548316089137e-01 9.005835123612548898e-02 -8.539503447983687323e-02 -2.554758715878957531e-01
2.843333665597302939e-01 9.635001727315728459e-02 -9.615597053669944216e-02 -2.845274132961890245e-01
2.518588902631435644e-01 8.146614911506411261e-02 -7.535534648964148374e-02 -2.579696928885670815e-01
2.702455339646627763e-01 8.395852722796615097e-02 -8.082284202890210878e-02 -2.733812191637268185e-01
2.641479652264875355e-01 9.822135408566978754e-02 -8.689741867660849550e-02 -2.754719006355488276e-01
2.553899883678418803e-01 9.412064707446976541e-02 -8.737300740684794675e-02 -2.621376280354610344e-01
2.494832286079606831e-01 1.006335134074101134e-01 -9.530917621620016433e-02 -2.548075657991697440e-01
2.708400324387367775e-01 9.718410920797548869e-02 -1.079225370746135226e-01 -2.601016045720996317e-01
2.832530376017494689e-01 1.064883866972898829e-01 -9.699034689903651696e-02 -2.927510774000046112e-01
2.845921294440607596e-01 1.087392387403198768e-01 -1.089261953086886336e-01 -2.844051728756902264e-01
2.428026241425706999e-01 8.571952896955004064e-02 -7.963917184877544742e-02 -2.488829812633470695e-01
2.554984964100581735e-01 9.769919908470203751e-02 -8.416063069545387521e-02 -2.690370647993063358e-01
2.687432460124652422e-01 9.872548234715949889e-02 -8.194679448432218294e-02 -2.855219338753016700e-01
2.609896355836625048e-01 8.994032413000319082e-02 -9.355985753776341340e-02 -2.573701021759040586e-01
2.804214932527822057e-01 9.526251796539408900e-02 -9.654549552367353016e-02 -2.791385156945054291e-01
2.568147369735358510e-01 8.169166933830407373e-02 -7.860361843730601095e-02 -2.599027878745339137e-01
2.794688614043661090e-01 9.069479960713255906e-02 -8.467255334847578752e-02 -2.854911076630255451e-01
2.762721312538083396e-01 9.837583556456230838e-02 -9.429749094561934442e-02 -2.803504758727530799e-01
2.850421904506648119e-01 9.846467997203856015e-02 -7.910362966447870292e-02 -3.044032407582237809e-01
2.711160602545916731e-01 8.650659758507828201e-02 -6.946082162925026893e-02 -2.881618362104205744e-01
2.800116153542244746e-01 1.006263078084286278e-01 -1.005870727487332417e-01 -2.800508504139234134e-01
2.896263078376417610e-01 9.043365863498209478e-02 -9.695667749536074354e-02 -2.831032889772657768e-01
2.903761407699692043e-01 9.940362007446879034e-02 -8.931488614094362788e-02 -3.004648747034934786e-01
3.050325323601157379e-01 9.134049668639221409e-02 -1.057755493590848417e-01 -2.905974796874231103e-01
3.051290996401752054e-01 9.491997351543712824e-02 -9.664822648015025663e-02 -3.034008466754585243e-01
2.756090798026820110e-01 8.480929741966569679e-02 -9.164752387133656697e-02 -2.687708533510102527e-01
2.819389800700422555e-01 1.053636842209231261e-01 -1.012909031556867845e-01 -2.860117611352759326e-01
3.090967927173933205e-01 9.225123853379635364e-02 -9.511196716530267992e-02 -3.062360640858861061e-01
3.124534625387873632e-01 9.267089786574267407e-02 -1.053884099267916596e-01 -2.997359504777392658e-01
2.895473234013019592e-01 9.261547121496072066e-02 -9.555953834467345587e-02 -2.866032562715901122e-01
3.107758314291260149e-01 1.039405471661423164e-01 -9.544006741954458306e-02 -3.192763111757210837e-01
2.735483572831372001e-01 9.454431511865291071e-02 -1.024039198373216664e-01 -2.656887525644684445e-01
3.142945377847263799e-01 9.221240377270767397e-02 -9.857169399897713902e-02 -3.079352475584551385e-01
2.678766423745253533e-01 9.263079266784490784e-02 -9.255630018880012244e-02 -2.679511348535683624e-01
3.030915019467173011e-01 1.014028230031280842e-01 -1.022021315621142179e-01 -3.022921933877293910e-01
2.854252441955358321e-01 1.086511237586309520e-01 -1.069881691244782829e-01 -2.870881988296876131e-01
2.995981786244286127e-01 9.321388487637793929e-02 -8.927748129689927481e-02 -3.035345822039055008e-01
2.972109930037740710e-01 9.400663967452160819e-02 -1.086821714835801700e-01 -2.825354611947137329e-01
2.961505118125264957e-01 1.092034770192862325e-01 -9.443828659436004358e-02 -3.109157022374517965e-01
2.957027001112084719e-01 1.013993423861068166e-01 -1.073710212627059235e-01 -2.897310212346120295e-01
2.931089908566519853e-01 9.431947717978772516e-02 -8.766260240807977056e-02 -2.997658656283590517e-01
2.785575685434737991e-01 9.420988773836924679e-02 -8.748517054943327764e-02 -2.852822857324106565e-01
2.785059956767588218e-01 9.293273785064393167e-02 -8.301033083355324749e-02 -2.884284026938486178e-01
2.656966126641648884e-01 8.812465522545576135e-02 -8.420609360860442649e-02 -2.696151742810171115e-01
2.957951017123763293e-01 9.421786302781853806e-02 -1.111832560391459168e-01 -2.788297087010480624e-01
2.886116069725837008e-01 9.207044460823432530e-02 -9.914497406198830021e-02 -2.815370775188297259e-01
3.013632800603911477e-01 1.211907740625610685e-01 -1.174516951743420634e-01 -3.051023589486083765e-01
2.814609121033191386e-01 9.367427169448916402e-02 -9.344674896696414379e-02 -2.816884348308468233e-01
3.346422020266359709e-01 1.184840737131374055e-01 -1.152795880204680046e-01 -3.378466877193062601e-01
3.285579457555254379e-01 1.024496117785647087e-01 -1.110528886361992207e-01 -3.199546688978891495e-01
3.368846250257808705e-01 1.054287302807193072e-01 -1.047339223454315515e-01 -3.375794329610695144e-01
3.116711588292746526e-01 1.201886112199952450e-01 -1.059903210177788324e-01 -3.258694490314892889e-01
3.118733117888030648e-01 1.075236867805609009e-01 -1.058189106150306813e-01 -3.135780879543350608e-01
3.335048224682246598e-01 1.036928853300782549e-01 -1.026944189493033122e-01 -3.345032888489996026e-01
3.174212823702369235e-01 1.124330112796165793e-01 -1.055385815664795501e-01 -3.243157120833757290e-01
3.009836324433363686e-01 8.383358922857464535e-02 -8.875697483608480098e-02 -2.960602468358271011e-01
3.192854900964050557e-01 1.047129044041268386e-01 -9.312501988110533091e-02 -3.308733746194256753e-01
2.946687931177018882e-01 1.020800166088164929e-01 -9.596932583641759607e-02 -3.007794838900998968e-01
3.014729188219043010e-01 1.145324716149440647e-01 -1.102037178375798732e-01 -3.058016725992702689e-01
3.053356619850502440e-01 1.030442524599584075e-01 -1.051714412820077271e-01 -3.032084731630000363e-01
3.108289516738258484e-01 1.040127353077284766e-01 -1.048968631586033595e-01 -3.099448238229545183e-01
3.508481191927819154e-01 1.225629964243601933e-01 -1.216121586463518867e-01 -3.517989569707893338e-01
3.212241889614118051e-01 1.067357947614615554e-01 -1.088953708261781728e-01 -3.190646128966951878e-01
3.531697570322993585e-01 1.318501224618566781e-01 -1.329172241306668667e-01 -3.521026553634900580e-01
3.143763194446256293e-01 1.004209674340019731e-01 -1.012054954496584003e-01 -3.135917914289692021e-01
3.389221845616381401e-01 1.092803738492946763e-01 -1.210805674464960902e-01 -3.271219909644358381e-01
3.112721635324477987e-01 1.084144666954731662e-01 -1.016464607510485507e-01 -3.180401694768768550e-01
3.333406408097685514e-01 1.011950628100759531e-01 -1.063541884676366678e-01 -3.281815151522060603e-01
3.075314459912128484e-01 8.950576490384154482e-02 -1.069254154611298802e-01 -2.901117954339245131e-01
3.185275764186208391e-01 1.153964365667556891e-01 -1.076819870906549070e-01 -3.262420258947198448e-01
3.194079438399652915e-01 1.085819764261506393e-01 -9.644211423321458199e-02 -3.315478060329022370e-01
3.135107247135078268e-01 9.538126729164897455e-02 -1.057234867085528052e-01 -3.031685052966039962e-01
3.195499940066541811e-01 1.024455597799853734e-01 -9.997873163237258609e-02 -3.220168221542714093e-01
2.774548693369043306e-01 9.106094839338130242e-02 -8.855748137880414816e-02 -2.799583363514823731e-01
2.418551515763436299e-01 8.788252386254580273e-02 -7.578802786319460694e-02 -2.539496475756966021e-01
2.839850087553941194e-01 1.092220449858656295e-01 -9.813843987354076148e-02 -2.950686138677234283e-01
2.659707599977236825e-01 1.015567430511694624e-01 -1.050523311122413261e-01 -2.624751719366527070e-01
2.915937816095111046e-01 9.658527700469043964e-02 -9.990408306668197014e-02 -2.882749755475195741e-01
2.912259881317993404e-01 9.646566500316300363e-02 -9.489094780334372814e-02 -2.928007053316186159e-01
2.626688376942620806e-01 9.065808620975879251e-02 -9.223762252575884446e-02 -2.610893013782620287e-01
2.835012222473700660e-01 1.121884749873727216e-01 -1.127288947552314013e-01 -2.829608024795078336e-01
2.739434862160861073e-01 8.602925865220800716e-02 -9.660606134652827137e-02 -2.633666835217667312e-01
2.690583871684886219e-01 8.435603095142329977e-02 -9.358917446813208585e-02 -2.598252436517807240e-01
2.584764283905274240e-01 9.003604805095477559e-02 -7.223812085918623893e-02 -2.762743555822968489e-01
2.719641482066759153e-01 7.770110023745857575e-02 -9.606143857400972763e-02 -2.536038098701229870e-01
3.099892735329543569e-01 9.040357361238804401e-02 -9.624562605102848778e-02 -3.041472210943165777e-01
2.926576353935796959e-01 1.016812354179359446e-01 -9.912732390689882322e-02 -2.952115469046168172e-01
2.670183437043576191e-01 8.441089008932500803e-02 -8.569226425113818379e-02 -2.657369695425426670e-01
2.805746077888233714e-01 9.614802779452258363e-02 -9.571062924114137616e-02 -2.810120063422001380e-01
2.811636748843762135e-01 8.600920894441532738e-02 -8.139183742297984026e-02 -2.857810464058143651e-01
2.973928115372839187e-01 1.082380458067273565e-01 -1.087073489784451397e-01 -2.969235083655661356e-01
2.873691768368979993e-01 8.833285250663447385e-02 -9.711187952534761081e-02 -2.785901498181875269e-01
2.849058325324298480e-01 1.003880010244202481e-01 -1.055923403235476954e-01 -2.797014932333059534e-01
2.585756180822320616e-01 8.521878955285444590e-02 -7.918144045287256461e-02 -2.646129671822121665e-01
2.660514722681766031e-01 9.082448319761571298e-02 -9.164054689929823638e-02 -2.652354085664940797e-01
2.812527492172840482e-01 8.916477817148749097e-02 -9.323580420169363947e-02 -2.771817231870770115e-01
2.675911464581472998e-01 9.283910075685763985e-02 -8.074890255687616758e-02 -2.796813446581305485e-01
3.053330781350043210e-01 1.003703954918053753e-01 -1.031019675416509074e-01 -3.026015060851587890e-01
2.362154037617596458e-01 7.860668867918541025e-02 -7.954095699367780270e-02 -2.352811354472681415e-01
2.649545310441956403e-01 9.488655151707980906e-02 -8.542960552360856497e-02 -2.744114770376659962e-01
2.474969974548084650e-01 7.762178437074673809e-02 -8.343890600259573631e-02 -2.416798758229585786e-01
2.617468238335352027e-01 9.556460523979559696e-02 -9.505362446201459647e-02 -2.622578046113162031e-01
2.776409327461868415e-01 9.484007526644333552e-02 -1.127871285896180353e-01 -2.596938794230148062e-01
3.136983275276010730e-01 1.026194325601545998e-01 -1.048017323574139681e-01 -3.115160277303434810e-01
2.924989859331459385e-01 1.094648738917278763e-01 -9.591998075487317976e-02 -3.060438790699979705e-01
3.005208258669656018e-01 1.215693504307395756e-01 -1.060822846921629647e-01 -3.160078916055395482e-01
2.997838263272409876e-01 9.455697581450372979e-02 -9.945998701129710184e-02 -2.948808151304476155e-01
2.697684596489793307e-01 9.953399680908869840e-02 -9.299598423296906446e-02 -2.763064722250963001e-01
3.303356233619751947e-01 1.098516212479072607e-01 -1.112558760970889793e-01 -3.289313685127952525e-01
3.379054331821880197e-01 1.056899729322093862e-01 -1.101849611625542735e-01 -3.334104449518449087e-01
3.130472598708982090e-01 1.176848305742552725e-01 -1.095865720672453136e-01 -3.211455183779090561e-01
3.367574267410100575e-01 9.930553907092320998e-02 -1.089364930489233885e-01 -3.271264727630107672e-01
2.851217350128267825e-01 8.951050784854253095e-02 -9.463772952665561178e-02 -2.799945133347119253e-01
3.054626385850536252e-01 9.729109513751765803e-02 -9.125495721922050052e-02 -3.114987765033525591e-01
3.051512321480185363e-01 1.186549635279519066e-01 -1.151284283412490339e-01 -3.086777673347196327e-01
2.924836977828375595e-01 1.091355929165285232e-01 -1.013374635133441615e-01 -3.002818271860210331e-01
3.124800321493328426e-01 1.179783568623902212e-01 -1.049593814636624600e-01 -3.254990075480570511e-01
3.280675735022748896e-01 1.052084325487534500e-01 -1.065211631058984310e-01 -3.267548429451307967e-01
3.060762296944270489e-01 1.077568012135419195e-01 -1.093315504000713645e-01 -3.045014805079002684e-01
3.265743072144884351e-01 1.063331264771916196e-01 -1.095281610691767327e-01 -3.233792726225050984e-01
3.082400238948670435e-01 1.071662380940230364e-01 -1.069088818370138583e-01 -3.084973801518762215e-01
2.975875245606927066e-01 9.966021172056294120e-02 -9.587050553759368654e-02 -3.013772307436601849e-01
3.135363169335505518e-01 9.758483563172948294e-02 -1.013030751032850674e-01 -3.098180774619923028e-01
3.341964723453418884e-01 9.819002291904599389e-02 -1.091920531333956390e-01 -3.231944421309913551e-01
2.983807907015592065e-01 9.302450248449645187e-02 -8.828150091413178302e-02 -3.031237922719229871e-01
2.815557445611860388e-01 9.701579226011336488e-02 -9.536457918659113631e-02 -2.832069576347082673e-01
3.032552843877072135e-01 1.165171871286405647e-01 -1.075242061263645965e-01 -3.122482653899822935e-01
2.927697326743405881e-01 1.068165315626306011e-01 -9.046293649477288312e-02 -3.091233277421991943e-01
2.928927173399031858e-01 1.030703667780734634e-01 -1.051271235393409498e-01 -2.908359605786339230e-01
2.972658902906637479e-01 1.051956513726315379e-01 -1.021729779918851833e-01 -3.002885636714083262e-01
3.176535949358019195e-01 9.416534406742282926e-02 -1.019439094795400180e-01 -3.098750295236838426e-01
3.262478064188734095e-01 1.073626242661864794e-01 -1.191035814952270400e-01 -3.145068491898301843e-01
2.840961848687699742e-01 9.499250492530020296e-02 -8.650767129934333610e-02 -2.925810184947277293e-01
2.808873669916227556e-01 9.211639732490173316e-02 -7.529345302946843788e-02 -2.977103112870578272e-01
3.324166579921303821e-01 1.143751274601312318e-01 -1.122743957707177387e-01 -3.345173896815456516e-01
2.894501914491822703e-01 9.734776913889664485e-02 -1.012597776943282568e-01 -2.855381828937524347e-01
3.141464926103312294e-01 1.115579216425404141e-01 -1.099829453382810129e-01 -3.157214689145897424e-01
2.945275816142709502e-01 8.793654467413691833e-02 -9.737269918379620748e-02 -2.850914271046125492e-01
2.692954730407839392e-01 8.545029337990506235e-02 -8.442523335095142301e-02 -2.703205330697393549e-01
3.121597879377651097e-01 1.013498030622921320e-01 -1.146804521151905121e-01 -2.988291388848685060e-01
3.104766695069569593e-01 1.049968908500353848e-01 -1.035735875482615143e-01 -3.118999728087317180e-01
2.973976467425334391e-01 1.158678929189465023e-01 -1.155197233880862484e-01 -2.977458162733928049e-01
3.053683111756857471e-01 1.032938990989791250e-01 -8.312995621639007737e-02 -3.255322540582747948e-01
3.090697727558113783e-01 1.019776172540289849e-01 -9.868260159978081703e-02 -3.123647884100586580e-01
2.992044807213831703e-01 1.083875690580038409e-01 -9.826883086232118814e-02 -3.093232189170649349e-01
2.917936919257062556e-01 9.683664406627645604e-02 -1.101519624983726686e-01 -2.784783734936118194e-01
2.871053022445302361e-01 8.910462951030151402e-02 -8.718426427430348014e-02 -2.890256674805291581e-01
2.761010370158807348e-01 9.425953998188152383e-02 -8.803506885874590182e-02 -2.823255081390172450e-01
2.870031898255271940e-01 9.319197655676969561e-02 -8.584697550018649537e-02 -2.943481908821103943e-01
3.354162668420288540e-01 9.819686199940313998e-02 -1.097039453120931540e-01 -3.239091835293415045e-01
3.010695053977459068e-01 1.011784081476179153e-01 -9.291979416467910369e-02 -3.093281193806847185e-01
3.231146306815553260e-01 1.150161932444042634e-01 -1.043945663365724030e-01 -3.337362575893862982e-01
3.145137446353851729e-01 9.480466824892364031e-02 -1.112767573724999792e-01 -2.980416555118097222e-01
2.894211071664818391e-01 1.028008297566795903e-01 -1.130156231133083722e-01 -2.792063138098530573e-01
3.251688392511358217e-01 1.085145194590859674e-01 -1.076851846056783302e-01 -3.259981741045425707e-01
2.620433281176870466e-01 9.583361982035221160e-02 -9.992806121040498368e-02 -2.579488867276351627e-01
3.324763028147046384e-01 9.575475365865315780e-02 -1.064569642487533940e-01 -3.217740922246052904e-01
3.042252563014171685e-01 1.119169045194805534e-01 -1.015602246784581553e-01 -3.145819361424395666e-01
2.845799701959874639e-01 1.011466401162808282e-01 -9.295496436577099786e-02 -2.927716459464964061e-01
2.843265961082677151e-01 1.010523184798666207e-01 -1.010181082247809670e-01 -2.843608063633551453e-01
2.706394160291916151e-01 8.374214556637138429e-02 -7.893375299963434344e-02 -2.754478085959295441e-01
2.741732924366946378e-01 9.709422301238568309e-02 -9.679336395229487522e-02 -2.744741514967854457e-01
2.625188437458563229e-01 9.384411411508875034e-02 -8.869994083138177388e-02 -2.676630170295641875e-01
2.481803874036989654e-01 8.894702344183524900e-02 -8.407364491059787781e-02 -2.530537659349381130e-01
2.895688670659009034e-01 1.038191566884396622e-01 -8.577060228753197180e-02 -3.076174214668077056e-01
2.939383921813121248e-01 1.076844403089936009e-01 -1.036242689682493889e-01 -2.979985635220572249e-01
2.727981104137580104e-01 9.582811840444627194e-02 -9.164337101988628831e-02 -2.769828577983188822e-01
2.979994928993088266e-01 1.037944313785859052e-01 -1.085241124845985894e-01 -2.932698117932943660e-01
2.851466432451248423e-01 9.625733488961341067e-02 -9.749350734470052515e-02 -2.839104707900403923e-01
2.982057676863956175e-01 1.228618600575348552e-01 -1.125076004889518089e-01 -3.085600272549786638e-01
2.994326608317479099e-01 1.035134005231990173e-01 -1.034217186989936366e-01 -2.995243426559550670e-01
2.781571413833203721e-01 9.165415901211915184e-02 -9.335422207813692808e-02 -2.764570783173025958e-01
2.992300466494404176e-01 9.771070407893667209e-02 -1.005642064704588279e-01 -2.963765442579191500e-01
3.229910568779112978e-01 1.020965176456281043e-01 -1.048490635064007748e-01 -3.202385110171404037e-01
2.757736320633750182e-01 9.468295772503765306e-02 -9.451681281454948902e-02 -2.759397769738658468e-01
2.879650582460211439e-01 1.003922872700133695e-01 -9.824753474690517407e-02 -2.901098107691284511e-01
2.621220440266398555e-01 9.660639684046312681e-02 -8.068663953724986015e-02 -2.780418013298531221e-01
2.893965535924483135e-01 8.516294817503844428e-02 -1.010817212143102495e-01 -2.734777805531747319e-01
2.870431003169784390e-01 8.158917096428197624e-02 -8.723119860593087083e-02 -2.814010726753286562e-01
3.098591156018306592e-01 9.024243817293786663e-02 -9.980534954851538743e-02 -3.002962042262522502e-01
2.958100326787675982e-01 1.084798861178750684e-01 -1.011901084313979737e-01 -3.030998103652446929e-01
2.741691136582895538e-01 7.073150593150145937e-02 -7.801029036923257109e-02 -2.668903292205566657e-01
2.965181144265667257e-01 9.594715988413859975e-02 -1.011927368695708651e-01 -2.912725374411353485e-01
3.280345079822630794e-01 1.012581774687513203e-01 -1.201743699780788432e-01 -3.091183154729355564e-01
3.010472805655606265e-01 9.603238213677478541e-02 -9.790247632415560730e-02 -2.991771863781798046e-01
3.124356046582610347e-01 9.739218347182720947e-02 -1.153346960556014267e-01 -2.944930920744868175e-01
3.321890220572312202e-01 1.073827586367697151e-01 -1.039111926977032141e-01 -3.356605879962959449e-01
3.042921648755845254e-01 1.064894825155731084e-01 -9.907364342508007127e-02 -3.117080039660802271e-01
3.334794686112161344e-01 1.123261131451283035e-01 -1.150561162036787266e-01 -3.307494655526639349e-01
2.978629545610296248e-01 1.130717691619391729e-01 -9.776616517333547307e-02 -3.131685585496351010e-01
3.092875982924043754e-01 1.159951949426316631e-01 -9.337948954632491194e-02 -3.319033036887102384e-01
3.267943635011594239e-01 1.073249986424213986e-01 -1.114637805672540338e-01 -3.226555815763259005e-01
3.073621620855435665e-01 1.057279366226904216e-01 -9.728326574135159888e-02 -3.158068329668859420e-01
3.380416659366858312e-01 1.004400019916857900e-01 -1.150755251818713631e-01 -3.234061427464975935e-01
3.201204937703225895e-01 1.121797297379281133e-01 -1.110677961936188396e-01 -3.212324273146345277e-01
3.188514165308102832e-01 1.057964062842877695e-01 -9.901355924571753064e-02 -3.256342635693796339e-01
3.195509710167074857e-01 1.131654158215003037e-01 -1.106674463620755944e-01 -3.220489404761321950e-01
3.335415852200798170e-01 1.093408435921725541e-01 -1.220170892974552501e-01 -3.208653395147953447e-01
3.056436781451798979e-01 1.060801524075571933e-01 -8.594540157917140988e-02 -3.257784289735647931e-01
3.549723492657985702e-01 1.220131485597990562e-01 -1.314301265598052382e-01 -3.455553712657915000e-01
2.847479428878703089e-01 1.089961701479813527e-01 -1.021654647839262964e-01 -2.915786482519280298e-01
3.544929740556108655e-01 1.149009964612437429e-01 -1.218305352938600095e-01 -3.475634352229945989e-01
3.321570159528928201e-01 8.868602023367522236e-02 -9.106106673729197354e-02 -3.297819694492769571e-01
2.923675175406472704e-01 9.480962113980329065e-02 -1.010153770282409269e-01 -2.861617616522096341e-01
3.284117071057526260e-01 1.184089825936087692e-01 -1.064840107334905639e-01 -3.403366789658717195e-01
3.384062243221617194e-01 1.116013905496551217e-01 -1.114707862174064701e-01 -3.385368286544085947e-01
3.204480842457426704e-01 9.519875536860489262e-02 -9.392515093660058767e-02 -3.217216886777443108e-01
3.154436885678872926e-01 1.056972406589284930e-01 -1.041666872169466629e-01 -3.169742420098682345e-01
3.071277967626802052e-01 1.114132675694845531e-01 -1.056934942956271328e-01 -3.128475700365367373e-01
3.359990517368798280e-01 1.121535945269753753e-01 -1.024555795707895456e-01 -3.456970666930665459e-01
3.134028030615008120e-01 1.062532270118401456e-01 -1.086075244610409385e-01 -3.110485056123009073e-01
3.150183362473581994e-01 9.580279015699666445e-02 -1.048291392804614475e-01 -3.059919871238925282e-01
3.482256778284167353e-01 1.220583677418067836e-01 -1.143730634971884541e-01 -3.559109820730386176e-01
3.096508566672300233e-01 1.126088022279478906e-01 -1.056713913591940113e-01 -3.165882675359830145e-01
3.196332243125938888e-01 1.005380187192237429e-01 -9.718884280372463991e-02 -3.229824002280921036e-01
3.304051505491791829e-01 1.217244409504747438e-01 -1.081760729918208597e-01 -3.439535185078357316e-01
3.476694719283388579e-01 1.065825632994448213e-01 -1.029230275671730865e-01 -3.513290076606114809e-01
3.225428599816035913e-01 8.790293588836117777e-02 -9.636972243331243249e-02 -3.140760734366532247e-01
3.358037372130331377e-01 1.033408790382832620e-01 -1.005171820990566900e-01 -3.386274341522588216e-01
3.332095546375208883e-01 9.634529903532662587e-02 -1.005624866945273865e-01 -3.289923669783201277e-01
3.106707654752902670e-01 1.032642286121898678e-01 -1.027410479677408617e-01 -3.111939461197392731e-01
3.258225028462051753e-01 1.108962342635049225e-01 -1.096540984072014169e-01 -3.270646387025095692e-01
3.086328897016965556e-01 1.073224846125837573e-01 -1.061195357931135064e-01 -3.098358385211685828e-01
3.308005834409595280e-01 1.171065262585226918e-01 -1.026908560124235592e-01 -3.452162536870577725e-01
3.255680512470080501e-01 1.151565749127216876e-01 -1.121413481389534894e-01 -3.285832780207780246e-01
3.228078283000064275e-01 1.160392347942194036e-01 -1.145956045038678539e-01 -3.242514585903562008e-01
3.276903605468959313e-01 9.380428950594854598e-02 -1.053071241313929818e-01 -3.161875259214497191e-01
3.420880403779316126e-01 1.159806122802002903e-01 -1.225839731504558827e-01 -3.354846795076795729e-01
3.066196271476018254e-01 8.916284475246261110e-02 -1.058291208122108529e-01 -2.899533510878518072e-01
3.418381454829138022e-01 1.033424940102847245e-01 -9.887293215219727927e-02 -3.463077073410021356e-01
2.969868837374196602e-01 9.577673755885918183e-02 -9.730423421226674918e-02 -2.954593870840129810e-01
3.325992645196604869e-01 9.946329627904759718e-02 -1.035643221537849712e-01 -3.284982386449257774e-01
3.034658098852780483e-01 1.047449978818439931e-01 -1.144274523646444663e-01 -2.937833554024802396e-01
3.565977818363670337e-01 1.061188554286127683e-01 -1.180323457232343998e-01 -3.446842915417462905e-01
3.305567670765894306e-01 1.126778879664591670e-01 -1.049548498795358498e-01 -3.382798051635127479e-01
2.958977733105534469e-01 9.039824156790476906e-02 -8.697910107207906805e-02 -2.993169138063764834e-01
3.062771626317886131e-01 1.058970447730276376e-01 -1.138691350918907830e-01 -2.983050723129245796e-01
2.735038017059014948e-01 8.181660228843856686e-02 -8.165591356705803605e-02 -2.736644904272846901e-01
3.046734982596461805e-01 9.351603638549033093e-02 -7.900264632591369462e-02 -3.191868883192245931e-01
2.686036231798061280e-01 8.767459025062063205e-02 -7.729544112046315973e-02 -2.789827723099662649e-01
3.262553929497968852e-01 1.154156193172575229e-01 -1.007217989294559857e-01 -3.409492133375966461e-01
2.772309048213994487e-01 8.364271460876437914e-02 -8.273065284131408959e-02 -2.781429665888488501e-01
2.950814478973224908e-01 1.036163221237869081e-01 -9.263904432196756744e-02 -3.060587256991382787e-01
2.787529723951971405e-01 8.979199783744995500e-02 -9.558717903539371008e-02 -2.729577911972533855e-01
3.156217531713441105e-01 9.928965048571392060e-02 -9.631741513615565964e-02 -3.185939885209014832e-01
2.876898863132062445e-01 9.677340616257179562e-02 -1.024322454706609875e-01 -2.820310470051170526e-01
3.059824616559474464e-01 9.292725209772356720e-02 -9.908180440286518120e-02 -2.998279093508067206e-01
2.821220085572777592e-01 9.112399459212383590e-02 -9.915367191804591585e-02 -2.740923312313530147e-01
2.662628635559700641e-01 1.001302549851379453e-01 -8.967461615575089695e-02 -2.767185023853553361e-01
2.941913755263758645e-01 9.346047776061983114e-02 -8.566866583028343030e-02 -3.019831874567096008e-01
2.984729544617001906e-01 1.069830639583253529e-01 -1.126167893122884678e-01 -2.928392291077397402e-01
2.897222463940014592e-01 9.918819086652064243e-02 -9.422887344416164268e-02 -2.946815638163613471e-01
2.964916215594524118e-01 1.087416502735019108e-01 -1.134653513048178297e-01 -2.917679205281400456e-01
2.705173713151731718e-01 9.575601836444214143e-02 -8.624206112821752868e-02 -2.800313285513968964e-01
2.935662851635152393e-01 1.055488628124345851e-01 -1.132130892280374113e-01 -2.859020587479124131e-01
2.580322260668745926e-01 9.787799390055873516e-02 -9.767836446714106557e-02 -2.582318555002913740e-01
2.632348067841654427e-01 9.884497572555694944e-02 -1.010406517342943289e-01 -2.610391307754245105e-01
2.834458993837740692e-01 8.913977235065395632e-02 -9.533040410913340423e-02 -2.772552676252919568e-01
2.668928732248696534e-01 9.675968272686219507e-02 -9.284259491956348143e-02 -2.708099610321683670e-01
2.712794763668986420e-01 9.650107790898498905e-02 -9.301212958454208035e-02 -2.747684246913424388e-01
2.760072210532733550e-01 1.025590458388450088e-01 -1.032342393330569763e-01 -2.753320275590596111e-01
2.735643878048099609e-01 1.036820739445047934e-01 -9.520718972931163648e-02 -2.820392720200040060e-01
2.756450839340391923e-01 8.985313530654259750e-02 -8.906726280284349428e-02 -2.764309564377382955e-01
2.781382242789796067e-01 1.027228517208760294e-01 -9.118083917805108740e-02 -2.896802368218036605e-01
3.181019121611319278e-01 1.031518295615372338e-01 -1.077307690816704522e-01 -3.135229726409978213e-01
3.402222252927984414e-01 1.265258702470202223e-01 -1.189448355539672875e-01 -3.478032599858522644e-01
3.046456661943421906e-01 9.259492928224855035e-02 -1.096295853012776433e-01 -2.876110101753113213e-01
3.212190918031092579e-01 1.063201801877875496e-01 -9.970004202279536543e-02 -3.278392299681023303e-01
3.117061604841655509e-01 1.099710904116877330e-01 -1.098238034487124537e-01 -3.118534474471426066e-01
2.991620724533792242e-01 1.035980893985399831e-01 -1.041057554527622386e-01 -2.986544063991551923e-01
3.339162335690186723e-01 1.052324877649608581e-01 -1.024275025481866663e-01 -3.367212187857955286e-01
2.990211963385780436e-01 9.440612884605492638e-02 -9.731653313316535048e-02 -2.961107920514676195e-01
3.199221123185163052e-01 1.011059473854949431e-01 -1.125161869130373304e-01 -3.085118727909748060e-01
3.145793224775088603e-01 9.682078552911210778e-02 -9.973791559349187708e-02 -3.116621924131290911e-01
3.247745590796533577e-01 1.120497927511108216e-01 -9.792075179438608501e-02 -3.389036000363816470e-01
3.222636282352135950e-01 1.043522410082236007e-01 -1.075869827817665936e-01 -3.190288864616697140e-01
3.348350149583758650e-01 1.031178403469770188e-01 -9.828059784082654460e-02 -3.396722574645254511e-01
2.960761631569202024e-01 9.514444497900864661e-02 -1.003542406929121000e-01 -2.908663674430167490e-01
3.039702455662194325e-01 1.061364240914688395e-01 -1.044691345295243323e-01 -3.056375351281639396e-01
2.992032145677994137e-01 9.480345751766350304e-02 -1.075153324119080267e-01 -2.864913396735557782e-01
3.467697856660532096e-01 1.154559552746228235e-01 -1.182039432604033991e-01 -3.440217976802726341e-01
3.082099396878170694e-01 1.012673062457674078e-01 -1.124935903114909763e-01 -2.969836556220943891e-01
3.337009436831577247e-01 1.093875556473671296e-01 -1.116876805127224870e-01 -3.314008188178050318e-01
3.251295164501408763e-01 1.137279084840745469e-01 -1.039415591756727153e-01 -3.349158657585409316e-01
3.014595469221532653e-01 1.042552155489042676e-01 -1.122593572855832278e-01 -2.934554051854760814e-01
3.216918786697551269e-01 9.726661609167841505e-02 -1.076003496290063310e-01 -3.113581451324254346e-01
2.975459853381261510e-01 8.428421558122334289e-02 -9.367587910535757345e-02 -2.881543218139910323e-01
3.370895235638133869e-01 9.982323601690623605e-02 -1.165859340087793683e-01 -3.203268255719393665e-01
3.104695459554207559e-01 1.309080828220894333e-01 -1.147912851744097296e-01 -3.265863436030977951e-01
3.074353478398075268e-01 1.136958501772618035e-01 -1.050166551684368343e-01 -3.161145428486333842e-01
3.149823008670082913e-01 1.055128751211116267e-01 -1.144625925861779692e-01 -3.060325834019401725e-01
3.378294764238631842e-01 1.167811893751196095e-01 -1.103293501413071809e-01 -3.442813156576747247e-01
3.362544938302702846e-01 1.096568517437743751e-01 -1.087985481116220399e-01 -3.371127974624208434e-01
2.719888516770891940e-01 1.077474478838338356e-01 -1.065270159295064190e-01 -2.732092836314166107e-01
3.224356731282753685e-01 1.171041308451048479e-01 -1.032421713682873943e-01 -3.362976326050919340e-01
3.229454808185883152e-01 1.098974158227159492e-01 -1.146564304274342305e-01 -3.181864662138735866e-01
3.062577273855078275e-01 9.264245393392567252e-02 -9.475602839643304520e-02 -3.041441529230013430e-01
2.986182514902608887e-01 1.216731948373261929e-01 -1.029131899924919935e-01 -3.173782563350941999e-01
3.303085857109389067e-01 1.068806178147045927e-01 -1.098371921929226502e-01 -3.273520113327190728e-01
3.131994826205035665e-01 7.984698843596227391e-02 -1.000698763546248315e-01 -2.929765947018418970e-01
3.240706354197815386e-01 1.093327900946503561e-01 -1.201092095560385431e-01 -3.132942159583942399e-01
3.389696490530003103e-01 1.205302316808509744e-01 -1.154736852788689205e-01 -3.440261954549796997e-01
2.874207804594295368e-01 9.915791185125133467e-02 -9.612379493561107324e-02 -2.904548973750680219e-01
3.305552100921245184e-01 9.897648691552518585e-02 -1.040782721216508833e-01 -3.254534248859979328e-01
3.401973480486333301e-01 1.127638229267082792e-01 -1.201198857023895172e-01 -3.328412852729520921e-01
3.242317769986851062e-01 1.075579499915999548e-01 -1.124608729823970421e-01 -3.193288540078897952e-01
3.295242562122000507e-01 8.860979910104216373e-02 -9.750543680106016353e-02 -3.206286185121829391e-01
3.300242789643270669e-01 9.544306008943692632e-02 -1.051707822637268919e-01 -3.202965567900362132e-01
2.866775531906364805e-01 1.032698007448527022e-01 -1.045892608430989412e-01 -2.853580930923911296e-01
3.117297915893209037e-01 1.173763641300196170e-01 -1.062478059963369859e-01 -3.228583497230044230e-01
3.201608336983445824e-01 1.201794652969985222e-01 -1.052553294318885335e-01 -3.350849695634554593e-01
3.067067477553919730e-01 1.181116927961589624e-01 -1.056945920824601259e-01 -3.191238484690899213e-01
3.293148711083748736e-01 9.653725506762356190e-02 -1.137314571512559880e-01 -3.121206690247433357e-01
2.888042389636602536e-01 9.567208645558977764e-02 -9.936427537583014669e-02 -2.851120500434198846e-01
2.816053708047530080e-01 9.122195144659617227e-02 -9.771292891931970814e-02 -2.751143933320312485e-01
3.010886647194386256e-01 1.157785739608954145e-01 -9.585764380666894624e-02 -3.210095948736650939e-01
3.117521447639921561e-01 9.573610434962187554e-02 -1.122883738549411703e-01 -2.951998752586746377e-01
3.343010275856315161e-01 1.004090264641943619e-01 -1.085102598957972120e-01 -3.261997941540286661e-01
3.260173594475714864e-01 1.033492304621850266e-01 -1.137932627874134184e-01 -3.155733271223439829e-01
3.037330455705911092e-01 9.676107944633649538e-02 -1.015651861447244286e-01 -2.989289388722013996e-01
2.917633471621776664e-01 1.129630206797047620e-01 -1.123968822633356623e-01 -2.923294855785432134e-01
2.905733547643567505e-01 8.381594425673277726e-02 -9.554305363327220135e-02 -2.788462453878199909e-01
2.702975974851948848e-01 9.438279420463224767e-02 -9.622783408838309072e-02 -2.684525576014458181e-01
2.925436286473122038e-01 8.500657202680450553e-02 -1.019460204564204275e-01 -2.756041802176953937e-01
3.333467217102876745e-01 9.932201676215424158e-02 -1.093331923677354212e-01 -3.233355461047056068e-01
3.233143672690612647e-01 9.442281159615006914e-02 -1.113816708962138691e-01 -3.063555079690001293e-01
2.906623090047322222e-01 9.045648408048556632e-02 -9.259995079426452946e-02 -2.885188422909514827e-01
3.229528099498573113e-01 9.656914229772617375e-02 -1.050015139505919848e-01 -3.145204382969915002e-01
3.147562224469293568e-01 8.467879044964821134e-02 -9.317032011786974266e-02 -3.062646927787104900e-01
3.035504906159776084e-01 1.099932280460604872e-01 -1.116506323111998711e-01 -3.018930863508364482e-01
3.211195019531043471e-01 1.178537113420583538e-01 -1.193434467536427235e-01 -3.196297665415208655e-01
2.848493011702890598e-01 1.050148631495719798e-01 -9.481559673192929694e-02 -2.950485675879281899e-01
3.345420277394417496e-01 9.103507502491581249e-02 -1.058722132498752799e-01 -3.197048895144831704e-01
2.945170151816398629e-01 1.079574565340717385e-01 -9.846937981861447753e-02 -3.040050918970971239e-01
3.164453551382555574e-01 9.668364930816775171e-02 -1.003913428476392866e-01 -3.127376615987831343e-01
3.107041080894532570e-01 1.119313214277006807e-01 -1.047732076290825987e-01 -3.178622218880731154e-01
3.070131160371856183e-01 1.066349032628970406e-01 -9.934774121607059527e-02 -3.143002780840120636e-01
2.898625027782539831e-01 9.790264829397443691e-02 -9.218233819333931933e-02 -2.955828128788891007e-01
3.121800520211941432e-01 9.882903238692897219e-02 -1.173397496331505252e-01 -2.936693347749708138e-01
2.643261720842637885e-01 8.420938126374455379e-02 -8.263362981036426191e-02 -2.659019235376440804e-01
3.196999657139896200e-01 1.288001454183627104e-01 -1.198095594383330464e-01 -3.286905516940183958e-01
2.833247356508952208e-01 9.241094505742086795e-02 -9.511541686282676267e-02 -2.806202638454919907e-01
2.954910840851256992e-01 1.068314224104911503e-01 -1.102817123901953522e-01 -2.920407941054214973e-01
2.747918728462988014e-01 1.039579753206520962e-01 -8.145185570747948134e-02 -2.972979924594714163e-01
3.033774961212394317e-01 1.105199762820010534e-01 -9.367769847416251849e-02 -3.202197739290770784e-01
2.943212205951990512e-01 9.930330961973332649e-02 -9.032412145214419041e-02 -3.033004087627890755e-01
2.938128563605584276e-01 1.033546609160467256e-01 -1.066903988073573117e-01 -2.904771184692469532e-01
2.816467378733156224e-01 9.223765557278706950e-02 -1.007794670256476621e-01 -2.731049264204576943e-01
2.966306108375951212e-01 9.326993913212699994e-02 -9.107928805129095196e-02 -2.988212619184311691e-01
2.871742399384231703e-01 9.351226159626158108e-02 -9.138174595800396816e-02 -2.893047555766816714e-01
3.083641036513489198e-01 9.526880514741709050e-02 -1.044190164055915915e-01 -2.992138923931761951e-01
3.175502953788207350e-01 1.074536601125384294e-01 -1.087492405251904160e-01 -3.162547149661669721e-01
2.948510203172283184e-01 1.051597981027141415e-01 -9.759485783688859328e-02 -3.024159605830512021e-01
3.530787072487182598e-01 1.100203584636378906e-01 -1.183315533667093078e-01 -3.447675123456450663e-01
3.381005801300904778e-01 1.158376986862652558e-01 -1.118729502278181798e-01 -3.420653285885357775e-01
2.868017227645758283e-01 1.042208977612784082e-01 -7.989434060067157617e-02 -3.111282799251853248e-01
3.302542978206686186e-01 1.101448430929696798e-01 -1.104112238392351841e-01 -3.299879170744040024e-01
3.094371905424591063e-01 1.027932091018817218e-01 -9.576579844332400171e-02 -3.164646012010168263e-01
3.022673058376215138e-01 1.102607906004315907e-01 -1.060932713915345715e-01 -3.064348250465194212e-01
3.524005913758694319e-01 1.121708993039067792e-01 -1.052319363669154129e-01 -3.593395543128616865e-01
3.174782291257249867e-01 9.094836714124188148e-02 -9.260569195592527336e-02 -3.158209043110415948e-01
3.349107961665138689e-01 1.065501592713324897e-01 -1.102207911406862806e-01 -3.312401642971583016e-01
2.879901444847225989e-01 1.181072458808376524e-01 -1.041387406165217300e-01 -3.019586497490394095e-01
3.210227240299738938e-01 1.235481363643531338e-01 -1.067307646308162106e-01 -3.378400957635125934e-01
3.096053422278224332e-01 1.017903251026099909e-01 -1.020604574362433681e-01 -3.093352098941899442e-01
3.082097503058891519e-01 1.091818548171712422e-01 -1.020164896832200796e-01 -3.153751154398420908e-01
3.349518343800044207e-01 1.108825132807309544e-01 -9.726078387935288561e-02 -3.485735637813842658e-01
2.992457197302043070e-01 1.132085824532760299e-01 -1.055886217503294588e-01 -3.068656804331535426e-01
3.150139658983759361e-01 1.093919782324439538e-01 -1.103457143537402985e-01 -3.140602297770822560e-01
2.942719658258727833e-01 1.165023471345714157e-01 -9.979349287885153075e-02 -3.109808200815935564e-01
3.371854349726346456e-01 1.283148115521708377e-01 -1.130110284220213757e-01 -3.524892181027832194e-01
3.053177626781264919e-01 1.093469973111984572e-01 -1.040617784713004923e-01 -3.106029815180253451e-01
2.860115939100733584e-01 8.803858150565080365e-02 -8.857645818893367107e-02 -2.854737172267904910e-01
3.154201803042360197e-01 1.087594078262572594e-01 -1.107791364107670873e-01 -3.134004517197270800e-01
3.138888441979545973e-01 9.750467837848830754e-02 -9.590215886367214893e-02 -3.154913637127698678e-01
3.260507527320921639e-01 1.100976113562550651e-01 -1.270776512896549804e-01 -3.090707127986940250e-01
2.989070668315445545e-01 1.094127024587798758e-01 -1.057087808927512640e-01 -3.026109883975731663e-01
2.809333120801609240e-01 1.043374495513766931e-01 -9.908729701662544187e-02 -2.861834646149112871e-01
3.223276905889589372e-01 1.243027328362522610e-01 -1.103652426576093859e-01 -3.362651807676000359e-01
3.539787157869023204e-01 1.046045720987249794e-01 -1.059897417545831999e-01 -3.525935461310423236e-01
