-1.405077712970070350e-06
-1.371994583302014991e-06
-1.365156421069374821e-06
-1.383149859015782618e-06
-1.368279224043229291e-06
-1.391187144731921879e-06
-1.380673470025143196e-06
-1.393940870474699849e-06
-1.342444035829089211e-06
-1.391607652528159517e-06
-1.443194207451466082e-06
-1.415238113628440104e-06
-1.359620626243676068e-06
-1.351629215064132780e-06
-1.407635793667402891e-06
-1.407569284213158006e-06
-1.402821517820580910e-06
-1.352867981107862233e-06
-1.376721916871567228e-06
-1.359640276731020416e-06
-1.360177628849257116e-06
-1.343710022463570842e-06
-1.362598839645084420e-06
-1.384550946659014487e-06
-1.390504334544505087e-06
-1.361573995302824253e-06
-1.378005955598547024e-06
-1.410452663375693846e-06
-1.380431287074890673e-06
-1.371878717206987037e-06
-1.454765135106712682e-06
-1.539647694446304253e-06
-1.451023125212879377e-06
-1.451933666830161920e-06
-1.480216514058993525e-06
-1.505126524360788041e-06
-1.479466948951270879e-06
-1.460564924868956349e-06
-1.479682632869817172e-06
-1.462493615405039508e-06
-1.427115303524332444e-06
-1.491755848362633001e-06
-1.480334822915213531e-06
-1.497388004169781139e-06
-1.408109653382980322e-06
-1.519382022780069718e-06
-1.438772301383539160e-06
-1.504727485128967156e-06
-1.471550641097872977e-06
-1.450292637690937251e-06
-1.499066421897296124e-06
-1.485315806083467627e-06
-1.484289503272763306e-06
-1.489700090717462543e-06
-1.444651303825834648e-06
-1.453202095096727555e-06
-1.487206124468878380e-06
-1.461854189310520458e-06
-1.453050714297842461e-06
-1.457615772641129257e-06
-1.418165620814805507e-06
-1.375133816001337073e-06
-1.391968500812397824e-06
-1.381995966244209596e-06
-1.464876802220964709e-06
-1.414436689047893954e-06
-1.419935332764193127e-06
-1.481796118269666538e-06
-1.408527778049522536e-06
-1.410132596529948634e-06
-1.436857678124156989e-06
-1.417941116854157634e-06
-1.470661332738959037e-06
-1.441700570915225295e-06
-1.469517250698014622e-06
-1.407430907706250624e-06
-1.486002660457543434e-06
-1.487412529194599432e-06
-1.419945919716058544e-06
-1.457908323347505287e-06
-1.464251272716010246e-06
-1.471602852370497285e-06
-1.509259215091451885e-06
-1.410590595373013373e-06
-1.461149133647689152e-06
-1.478100569790974328e-06
-1.393293500705041845e-06
-1.450710290381286791e-06
-1.404043578755104382e-06
-1.438418679665654352e-06
-1.471121186439942740e-06
-1.421829721867319189e-06
-1.415745217825023295e-06
-1.433559658979349562e-06
-1.423560195780439153e-06
-1.435557673334980938e-06
-1.451727355941555078e-06
-1.496234007477706440e-06
-1.410669218722856899e-06
-1.442738647791822151e-06
-1.420378410196177933e-06
-1.459963910760025459e-06
-1.419941929325748865e-06
-1.433006204604925877e-06
-1.394157422001502269e-06
-1.456609752148899040e-06
-1.401880010813311070e-06
-1.427211327188622567e-06
-1.357610346291411921e-06
-1.444452198683401560e-06
-1.449562084007986840e-06
-1.417996045323201268e-06
-1.414967554368864894e-06
-1.411631051910478729e-06
-1.419244023737404468e-06
-1.429131286233823861e-06
-1.415917797355135019e-06
-1.441672222622233293e-06
-1.429426589333931963e-06
-1.411101397371353658e-06
-1.449255829406723204e-06
-1.413029136261663178e-06
-1.401746896696481449e-06
-1.375039225210011288e-06
-1.451910730111346488e-06
-1.434948335568954271e-06
-1.452557435848588885e-06
-1.402303382599617472e-06
-1.426434266091528698e-06
-1.404879852969459976e-06
-1.267549373265844460e-06
-1.300775097294130795e-06
-1.245430141606179484e-06
-1.327815418449472570e-06
-1.302463273777181626e-06
-1.292404095678121486e-06
-1.280494753484761809e-06
-1.293753682442396325e-06
-1.243617424113955089e-06
-1.245779376089227445e-06
-1.278425221947472442e-06
-1.272967493126885808e-06
-1.311193954160893406e-06
-1.301847718638378723e-06
-1.335157409548695791e-06
-1.344430666485363494e-06
-1.333137957947343604e-06
-1.274855482112293849e-06
-1.302384914684957776e-06
-1.384718307978825848e-06
-1.371342455478147407e-06
-1.319807796178656993e-06
-1.360657008743985310e-06
-1.327609487088097574e-06
-1.308281486992409639e-06
-1.388094930442365843e-06
-1.344858403168301864e-06
-1.332092022746503042e-06
-1.321140294076817197e-06
-1.323002903287923569e-06
-1.366229207210512576e-06
-1.309897291071700667e-06
-1.369160334173961145e-06
-1.334748177752677780e-06
-1.364485182504017271e-06
-1.407176082380366610e-06
-1.385967446237002375e-06
-1.305712001038164621e-06
-1.345437078597107933e-06
-1.315789918810738246e-06
-1.358937065602965392e-06
-1.345984667545551132e-06
-1.349143725898844506e-06
-1.315903871185855689e-06
-1.309761747627266207e-06
-1.342009162371986392e-06
-1.368563191045588268e-06
-1.323008029758287701e-06
-1.331218786145493812e-06
-1.346293103994405669e-06
-1.315749722786144312e-06
-1.353636793256738654e-06
-1.384397460836495996e-06
-1.373649296503728544e-06
-1.334818889901638968e-06
-1.337918946474195137e-06
-1.347376611850631541e-06
-1.330878907506473050e-06
-1.340856152691735301e-06
-1.343878427936994780e-06
-1.362156318026705679e-06
-1.297549532611881955e-06
-1.342613831039574600e-06
-1.324345334158817922e-06
-1.314669184750873013e-06
-1.362092268744773371e-06
-1.312382948390980777e-06
-1.401443689923471976e-06
-1.356624007360433918e-06
-1.343667933414671524e-06
-1.311672768672699565e-06
-1.324269897969802256e-06
-1.289881192458887183e-06
-1.315639360788798798e-06
-1.313553767417400802e-06
-1.293981307230820369e-06
-1.320446079740155454e-06
-1.337625181443565197e-06
-1.302080723811103979e-06
-1.412606151190954693e-06
-1.489895688409469646e-06
-1.458235422133658017e-06
-1.492359403001862317e-06
-1.440288906240452315e-06
-1.450100519448028944e-06
-1.479363088824996444e-06
-1.485316372664074344e-06
-1.473915092704830610e-06
-1.469705375902691272e-06
-1.480456619424229809e-06
-1.506386587577368824e-06
-1.522673706729595812e-06
-1.459899103923965792e-06
-1.477796482932757137e-06
-1.457908381586541160e-06
-1.512182476635231790e-06
-1.452320218730133421e-06
-1.436356795823645308e-06
-1.462356079599395656e-06
-1.449947142203234113e-06
-1.459641701724944943e-06
-1.491228935071300316e-06
-1.478227290344943566e-06
-1.441387031745074898e-06
-1.490826073345884222e-06
-1.447762661932374170e-06
-1.498555359622447554e-06
-1.410441122637050266e-06
-1.485830941847118428e-06
-1.513176127655581777e-06
-1.483803635351142421e-06
-1.481588328221697471e-06
-1.456954677066282239e-06
-1.519314966403409267e-06
-1.498833530350633764e-06
-1.468804947023196072e-06
-1.495529532853092722e-06
-1.491063925605525123e-06
-1.457421972473258580e-06
-1.453801665922847438e-06
-1.451589629270066471e-06
-1.461699022252077394e-06
-1.518798471648872799e-06
-1.491868038679199253e-06
-1.501195769995352784e-06
-1.506605511165783708e-06
-1.452112037366011594e-06
-1.475717828470082101e-06
-1.413382621589509361e-06
-1.478998345612028077e-06
-1.542877471397550037e-06
-1.447538060016041223e-06
-1.462129882789419169e-06
-1.526463169263057337e-06
-1.457941507283326120e-06
-1.471418335610124739e-06
-1.473658179949325504e-06
-1.441991500503391679e-06
-1.586464324089372506e-06
-1.568467456513780538e-06
-1.506634346658833212e-06
-1.542215562421478880e-06
-1.537816484868014793e-06
-1.561981997283256135e-06
-1.537001392838956309e-06
-1.569661038703126174e-06
-1.554756123092219122e-06
-1.598331333795791753e-06
-1.564621031070994462e-06
-1.595055316287305628e-06
-1.701063510541475010e-06
-1.525263971593529426e-06
-1.558286149400502819e-06
-1.515686414606971320e-06
-1.582581249278630593e-06
-1.660434989127582212e-06
-1.511949332608407138e-06
-1.580598811821165812e-06
-1.513492139083124385e-06
-1.596520375435797805e-06
-1.558856020913658374e-06
-1.568731217848407430e-06
-1.557305464958155434e-06
-1.575880884569048305e-06
-1.604988000697762632e-06
-1.588785922451292489e-06
-1.618492423598255967e-06
-1.549158081719519982e-06
-1.393394103654276379e-06
-1.462092038689968759e-06
-1.417967336781897922e-06
-1.429486866857694800e-06
-1.444774708623912258e-06
-1.477362520109783965e-06
-1.435615281850025642e-06
-1.460294169952160474e-06
-1.459721201329180839e-06
-1.421385189364864964e-06
-1.443904385394534160e-06
-1.413769252402577369e-06
-1.426223610232272410e-06
-1.432343876606501800e-06
-1.441372649809543980e-06
-1.446845213138825803e-06
-1.446558383278738388e-06
-1.438619154791199185e-06
-1.397519736257529123e-06
-1.440649911067679541e-06
-1.485591991060190240e-06
-1.383503395243951737e-06
-1.464562837019387844e-06
-1.423509867569141462e-06
-1.436314293206934580e-06
-1.449916788253360893e-06
-1.425981916568602024e-06
-1.403951174648316416e-06
-1.453827148830344459e-06
-1.486087942972966987e-06
-1.402515095319920251e-06
-1.432215776301546773e-06
-1.503749688702039259e-06
-1.462356226822074693e-06
-1.556658251499666985e-06
-1.464186552592822078e-06
-1.484477553815436216e-06
-1.515843817210491475e-06
-1.456383417169027783e-06
-1.499915697412701671e-06
-1.457916766551176716e-06
-1.451438815112629198e-06
-1.535289620392620077e-06
-1.544703724578731626e-06
-1.504663071406841516e-06
-1.499555020564970026e-06
-1.491079854474835641e-06
-1.459452973932804080e-06
-1.482126142114358268e-06
-1.464257006552405668e-06
-1.497786941510104034e-06
-1.473289332584149699e-06
-1.453988894090802485e-06
-1.510272101472491583e-06
-1.529034001745299932e-06
-1.501223827712640428e-06
-1.533541001807363626e-06
-1.522302476878621878e-06
-1.461062880802128025e-06
-1.486830133846952518e-06
-1.414867240774596552e-06
-1.455384454662327259e-06
-1.517317520955578619e-06
-1.529741469818524697e-06
-1.466959073438316231e-06
-1.498292252269469101e-06
-1.508138010810093878e-06
-1.466014110610301389e-06
-1.483553247710732210e-06
-1.481651496799555437e-06
-1.499744475498890430e-06
-1.493344035105880524e-06
-1.477512059944518662e-06
-1.449597028585365705e-06
-1.476942148265832819e-06
-1.489872838998960864e-06
-1.519075332122135880e-06
-1.507602569111208943e-06
-1.481309038852832448e-06
-1.416172853514151521e-06
-1.449401017885030877e-06
-1.470943951594093928e-06
-1.472973778432391560e-06
-1.451629890450762566e-06
-1.447337428489289140e-06
-1.497785845133895881e-06
-1.473844742737246324e-06
-1.520630856480935580e-06
-1.514019941540371285e-06
-1.521257987120198113e-06
-1.512758276251039172e-06
-1.476315687262190154e-06
-1.505042904837663686e-06
-1.473272705853498696e-06
-1.480550317196779245e-06
-1.464868203185629077e-06
-1.443256749855220295e-06
-1.511080773857328898e-06
-1.460613110517793735e-06
-1.531675117750683092e-06
-1.413830838436251585e-06
-1.473427660923382923e-06
-1.494477553092382538e-06
-1.435604006151728155e-06
-1.481925325503225680e-06
-1.527883388550721025e-06
-1.515656946247749984e-06
-1.414634687191807134e-06
-1.489619918874038834e-06
-1.455389101089786795e-06
-1.456131769955223263e-06
-1.456437094331700250e-06
-1.467824004669200276e-06
-1.467182820701082446e-06
-1.500056660330544610e-06
-1.431565191398250989e-06
-1.431929870619401038e-06
-1.477802809203690655e-06
-1.402161353448939944e-06
-1.460603053769735050e-06
-1.455726563134516878e-06
-1.360723113171147283e-06
-1.324822067483430404e-06
-1.370116035771877043e-06
-1.431519996356852316e-06
-1.414215892696190773e-06
-1.368421013729956678e-06
-1.346954473129821670e-06
-1.418378698862629644e-06
-1.442489700843083939e-06
-1.424519052214602946e-06
-1.447769130806550245e-06
-1.393013629936198875e-06
-1.401574992442748118e-06
-1.416239823416932938e-06
-1.414566452522651345e-06
-1.397529898608820173e-06
-1.376109114239727127e-06
-1.395212482488696891e-06
-1.424401883790889722e-06
-1.417994093711131466e-06
-1.410160847014525581e-06
-1.382740263361089464e-06
-1.402387293730761238e-06
-1.387888960828292616e-06
-1.380179544306080069e-06
-1.410913472011476100e-06
-1.365448993246557144e-06
-1.414682116285930065e-06
-1.471029463496595110e-06
-1.445950794318705909e-06
-1.519018131320491647e-06
-1.465224681563125318e-06
-1.437172785526220742e-06
-1.505787920396337368e-06
-1.469487396303344404e-06
-1.457758277321678756e-06
-1.491968640126151610e-06
-1.489842358430768382e-06
-1.519733289133542139e-06
-1.448559423287911654e-06
-1.517509882969896065e-06
-1.455387683856236566e-06
-1.471597448913117693e-06
-1.511778394486619210e-06
-1.502393801531609173e-06
-1.434264041406308444e-06
-1.441684650804956701e-06
-1.488907793833043613e-06
-1.425017610383341963e-06
-1.450464057134547033e-06
-1.508443562904793901e-06
-1.471882870085027447e-06
-1.482365552972576535e-06
-1.449304767228167669e-06
-1.413108505737436951e-06
-1.432162654781938545e-06
-1.533597036184921126e-06
-1.484655250334758256e-06
-1.536196565784488814e-06
-1.548620095086470874e-06
-1.583699669081525165e-06
-1.524055742902513092e-06
-1.646029253726029546e-06
-1.537676514385100190e-06
-1.601895168130982752e-06
-1.577991387625979119e-06
-1.549618503968708857e-06
-1.511608543916481208e-06
-1.569758756651130621e-06
-1.645337701400123978e-06
-1.545241332869572546e-06
-1.523120390486765835e-06
-1.511552161632973385e-06
-1.586740300738537194e-06
-1.567246817033535837e-06
-1.553921065008585241e-06
-1.513654078031191857e-06
-1.561113851510053304e-06
-1.541709931411251563e-06
-1.533545672051200906e-06
-1.540240700026170279e-06
-1.517309130539725522e-06
-1.595614380390901561e-06
-1.566774413611607988e-06
-1.622248511849194797e-06
-1.594756355905676778e-06
-1.461869122803080558e-06
-1.510545728183023331e-06
-1.493958309139436736e-06
-1.438271439014588984e-06
-1.436833691418231495e-06
-1.453992074051778507e-06
-1.439293854283794018e-06
-1.428519420380786305e-06
-1.494790445902427876e-06
-1.518026176362926930e-06
-1.415688680350321891e-06
-1.438342360983822401e-06
-1.470794401384350603e-06
-1.527637478252915988e-06
-1.526040196960870359e-06
-1.491731189805606263e-06
-1.446266813385321666e-06
-1.488945867026908216e-06
-1.481446536066576950e-06
-1.442835791942591286e-06
-1.498133003764743772e-06
-1.452017907027924009e-06
-1.428881742040830628e-06
-1.456319571066630880e-06
-1.468897014889101896e-06
-1.513334543373494547e-06
-1.473606377734731742e-06
-1.368464023951981330e-06
-1.350410789823847204e-06
-1.342219656047849295e-06
-1.288301419217502153e-06
-1.363319477894433722e-06
-1.339812228001476127e-06
-1.270145957216657343e-06
-1.268087673763853727e-06
-1.394576597192707912e-06
-1.354197731763589420e-06
-1.353212747126146067e-06
-1.373441726519057776e-06
-1.333358643003406578e-06
-1.320522735805264790e-06
-1.311568229524126537e-06
-1.340304983133036769e-06
-1.307341158461730760e-06
-1.294792933392020997e-06
-1.311582233899325052e-06
-1.358223893264243080e-06
-1.328676729996011276e-06
-1.363936011261940127e-06
-1.374514377264533141e-06
-1.325115351253021149e-06
-1.303925593779042994e-06
-1.548998187931666363e-06
-1.577482874256583072e-06
-1.584661125394332967e-06
-1.554000466355987899e-06
-1.508880295007427692e-06
-1.537819499792629740e-06
-1.565770185970502671e-06
-1.536098094034810584e-06
-1.521156660557280821e-06
-1.490213387926141277e-06
-1.576975787207131790e-06
-1.555278648419885462e-06
-1.490082194553193543e-06
-1.536123890799164623e-06
-1.538774266758981143e-06
-1.548149233679624111e-06
-1.569829631034571445e-06
-1.564947670902294183e-06
-1.531251042422576186e-06
-1.523957142581849700e-06
-1.584892980598172771e-06
-1.556096051035966699e-06
-1.524214139104703960e-06
-1.514911862422946985e-06
-1.594514776142815224e-06
-1.517811060784096272e-06
-1.531847618298184434e-06
-1.553360037436602507e-06
-1.524152998926933905e-06
-1.505534693677525970e-06
-1.420719606891826358e-06
-1.412838074670449546e-06
-1.355241592379561243e-06
-1.376900138793179624e-06
-1.354345386962619268e-06
-1.358777874668328913e-06
-1.423440527465226228e-06
-1.372268532733433508e-06
-1.402298138083983448e-06
-1.352748850816102213e-06
-1.392197147373441910e-06
-1.378533491027724931e-06
-1.375377457610996693e-06
-1.387100589435737193e-06
-1.356759063639457065e-06
-1.418939337850062310e-06
-1.349606540841281350e-06
-1.380977286689910424e-06
-1.385699684502549775e-06
-1.384392285873333427e-06
-1.372194595232473009e-06
-1.399352261291530360e-06
-1.440916267633630910e-06
-1.337500967224716907e-06
-1.347415947205898615e-06
-1.397633232437613669e-06
-1.356640355535776100e-06
-1.343631485437369600e-06
-1.409521854624109850e-06
-1.385135835289452711e-06
-1.412320294233276412e-06
-1.384301472081166370e-06
-1.342505355127090419e-06
-1.391391312553356422e-06
-1.398929522812493068e-06
-1.379027314363591465e-06
-1.419874147285091044e-06
-1.410937449999386134e-06
-1.384650530683483979e-06
-1.384601253964650291e-06
-1.407566388430607963e-06
-1.422998837410280618e-06
-1.384946506916292292e-06
-1.358976003027272677e-06
-1.472142144154165761e-06
-1.422101179669528138e-06
-1.413687224851447832e-06
-1.378844993111005875e-06
-1.430427154381208797e-06
-1.401004151664251001e-06
-1.375722727410794865e-06
-1.417672622261298862e-06
-1.374057345808472898e-06
-1.416321789153347954e-06
-1.418574829442595597e-06
-1.428013840163679528e-06
-1.412146765004189339e-06
-1.435873399326757836e-06
-1.463413325656485465e-06
-1.463847614491987437e-06
-1.427272026170533182e-06
-1.450596795831200260e-06
-1.442863176785433347e-06
-1.421430595494744511e-06
-1.448764405477992923e-06
-1.449062712374460214e-06
-1.420720982808900048e-06
-1.504961551831804313e-06
-1.345653223674085470e-06
-1.514779181566443816e-06
-1.495583313360316013e-06
-1.401157365502285302e-06
-1.482868051488300161e-06
-1.444021416424404837e-06
-1.436502481293664131e-06
-1.401196459457952591e-06
-1.434537873234150870e-06
-1.431607862106119166e-06
-1.410535679984209958e-06
-1.453536195545201061e-06
-1.452682248750711600e-06
-1.444100857520684182e-06
-1.463848303762583187e-06
-1.428744032239216963e-06
-1.443652503939355741e-06
-1.285387543402480654e-06
-1.323294341259113741e-06
-1.267969133895103678e-06
-1.292038177780901246e-06
-1.304691004642893515e-06
-1.326145067408594293e-06
-1.283154760825618532e-06
-1.288467368148077483e-06
-1.315477987488335698e-06
-1.315671374864389165e-06
-1.247617203981172012e-06
-1.330339894360283637e-06
-1.292943547188539196e-06
-1.293402000309572573e-06
-1.283095047337563992e-06
-1.247414185204288688e-06
-1.366699932732628807e-06
-1.316067613630513461e-06
-1.276047617798822564e-06
-1.298583431976766502e-06
-1.331845600857076990e-06
-1.311449919318572034e-06
-1.260918180079436821e-06
-1.316684971812741918e-06
-1.337671923650973011e-06
-1.280270695509845379e-06
-1.295523797468937298e-06
-1.300262221749860197e-06
-1.294087167512679777e-06
-1.309956003289470881e-06
-1.326074949228562068e-06
-1.369366390972672729e-06
-1.299967314281578167e-06
-1.342369915613246221e-06
-1.241437927513978033e-06
-1.298564945834334805e-06
-1.356213302628250061e-06
-1.282061298430084133e-06
-1.317621073260568924e-06
-1.317688501876966672e-06
-1.282344980370781148e-06
-1.287048385432507509e-06
-1.365488704797761878e-06
-1.290602391389415424e-06
-1.294887395409667482e-06
-1.343524898858028741e-06
-1.306476522088503369e-06
-1.531903149903148020e-06
-1.488385307498980093e-06
-1.460539941189494795e-06
-1.510858621235460063e-06
-1.469128845518484715e-06
-1.428182167672510643e-06
-1.465379011228772133e-06
-1.475351652131917596e-06
-1.514547296820874986e-06
-1.514021036067563689e-06
-1.473414120918924153e-06
-1.501352998148784623e-06
-1.511029221352415712e-06
-1.491304339769400455e-06
-1.478728110621056237e-06
-1.449397059529103863e-06
-1.482230436351139466e-06
-1.536400321051151704e-06
-1.475667022325464074e-06
-1.507870783805361888e-06
-1.491835323701299630e-06
-1.468471028102876112e-06
-1.437404333445405646e-06
-1.507207567558931389e-06
-1.466441801747080693e-06
-1.473408715219334212e-06
-1.489635509543807068e-06
-1.414521223466587231e-06
-1.434163452410457291e-06
-1.355335006170176015e-06
-1.392797797590047155e-06
-1.340150431487866382e-06
-1.401800739415252926e-06
-1.395712563378262020e-06
-1.366128168346140904e-06
-1.317354408043913658e-06
-1.376735608783467870e-06
-1.360436209385138559e-06
-1.400140529909244238e-06
-1.396645966764944212e-06
-1.383010241603856692e-06
-1.389800039898156097e-06
-1.353953243459856711e-06
-1.353662633377581594e-06
-1.349101712163357074e-06
-1.343743968404486378e-06
-1.376254731896854857e-06
-1.395902749659141523e-06
-1.368879423881759535e-06
-1.380663549736484758e-06
-1.323905149546761124e-06
-1.324543767518530734e-06
-1.340842964464587552e-06
-1.365840541378119436e-06
-1.403946713541261421e-06
-1.346178711878498829e-06
-1.356028032801845918e-06
-1.391797714313930661e-06
-1.356856898796855363e-06
-1.394098996172128405e-06
-1.352746564333500287e-06
-1.352822654713262098e-06
-1.387333286100605363e-06
-1.354030837012761002e-06
-1.320081269620966838e-06
-1.341957346446852114e-06
-1.364472400205913139e-06
-1.321613109679368693e-06
-1.402435928247895206e-06
-1.366721016456731579e-06
-1.326934508423878983e-06
-1.376852700378333881e-06
-1.357176909970100367e-06
-1.372818857561964766e-06
-1.359763093228582367e-06
-1.423615708713063709e-06
-1.392651219315459628e-06
-1.353516433238806372e-06
-1.365490187812839256e-06
-1.397212434860184766e-06
-1.431538956350439809e-06
-1.353625644014234289e-06
-1.357309093111272774e-06
-1.358881544913443922e-06
-1.413868567120964071e-06
-1.441914783424952047e-06
-1.447722152258738516e-06
-1.478090779432391251e-06
-1.346919210821016105e-06
-1.468360171441080376e-06
-1.405625903873350666e-06
-1.409515377191917122e-06
-1.386202715622919637e-06
-1.432268048851338376e-06
-1.419030264625680977e-06
-1.412280583225977155e-06
-1.449176725414455539e-06
-1.413160064630922500e-06
-1.453191100165256152e-06
-1.404915358972048346e-06
-1.459563372523013071e-06
-1.421509268913595569e-06
-1.373518061241228459e-06
-1.445803131638750528e-06
-1.467487741869042071e-06
-1.478746518797172034e-06
-1.449268599567827548e-06
-1.385475276950654517e-06
-1.429242644556335172e-06
-1.439174990006330338e-06
-1.406744723819594945e-06
-1.368702178501698654e-06
-1.436279556651497587e-06
-1.401297333934024496e-06
-1.405621487068900258e-06
-1.410968327699645092e-06
-1.335763115500200605e-06
-1.293409772093646116e-06
-1.326692868667705383e-06
-1.324647793942047420e-06
-1.363798147284510874e-06
-1.306424274588101395e-06
-1.360379167787373087e-06
-1.373154973906299073e-06
-1.319913952317111832e-06
-1.337641967768735333e-06
-1.382769356696589023e-06
-1.362650682199887628e-06
-1.325113520714774836e-06
-1.328552748106121989e-06
-1.353379684540452580e-06
-1.348118434810507207e-06
-1.353969121176411957e-06
-1.251634188319104989e-06
-1.350029089512285477e-06
-1.386873272427381526e-06
-1.355296647109403814e-06
-1.352384884396966622e-06
-1.313644192520714578e-06
-1.360244708156879913e-06
-1.317153548862897998e-06
-1.390610799765423198e-06
-1.322991992094372007e-06
-1.310070332471633362e-06
-1.379378594967713268e-06
