-6.445606120450929562e-07
-1.406695240331261570e-06
-3.919837685263734878e-07
-1.251706177940005698e-06
-7.469290734660624136e-07
-1.239968744666946862e-06
-6.119310573073049532e-07
-1.435452585226865823e-06
-3.727609788956710198e-07
-8.040178670222038710e-07
-5.496571300426038827e-07
-5.152732351328558107e-07
-8.249775420396442093e-07
-8.010305599052361111e-07
-1.002334625659026624e-06
-5.924529832756557115e-07
-6.768736283044676643e-07
-4.624690194396909644e-07
-4.827465094920541384e-07
-5.043777568839637757e-07
-1.274233899788340398e-06
-1.154446181478711504e-06
-7.633005429855883930e-07
-9.393986770518017023e-07
-1.748192024070285228e-06
-6.490787509164330611e-07
-1.727933976935963584e-06
-1.087360709369873713e-06
-1.306535119534852735e-06
-9.135805198112312821e-07
-1.014497024472480050e-06
-7.542377677316284228e-07
-7.221304967476562040e-07
-1.168162296233425250e-06
-6.406624792431005869e-07
-1.374147433949114935e-06
-1.448112812611023361e-06
-1.269900888455780754e-06
1.732163752078257971e-05
-7.298325093734826215e-07
-8.308669303992193952e-07
-1.589239009766519621e-06
-1.187646987713166748e-06
-1.155593628230077407e-06
-9.496446291062306192e-07
-5.488616297618620762e-07
-1.236913442648327510e-06
-4.647669372928248535e-07
-5.194349113825350744e-07
-1.450694325859574747e-06
