4.136008399631171950e-02 -5.795046911710756421e-02 1.261311471736273511e-02 2.044263227083302492e-02 -9.892095666934667270e-03
6.793344801299135149e-02 -4.435912547308422382e-02 -5.507209006942033469e-02 7.926049067533269543e-02 -2.652399076127704911e-02
1.208537521999168279e-01 -1.321375846170326496e-01 2.112594356390385709e-03 6.829870705358796756e-02 -2.815099412708940360e-02
4.183278657771618420e-02 -3.724783166928675310e-02 -2.059053081594048457e-02 4.150006037347144655e-02 -1.484057357221828764e-02
5.029003609449932133e-02 -6.723256840097933951e-02 2.491075451228777493e-02 1.034048900323673338e-02 -6.825731769562155132e-03
3.522203517850138604e-02 -3.654530855399295425e-02 -1.247351124932746282e-02 3.375654122308922173e-02 -1.261911055236455449e-02
3.979692630510225232e-02 -4.371190643670790077e-02 7.959217169581108905e-03 1.423737840323519889e-02 -6.577919680606646342e-03
7.125855148423378138e-02 -9.188956166313999585e-02 1.632620289598458313e-02 3.443590941183226339e-02 -1.598063997326815144e-02
8.143428321006973558e-02 -8.013996779386788061e-02 -2.221694349037146160e-02 6.621182013796360344e-02 -2.478185921723573271e-02
2.375621260451866654e-02 -1.847262487930584687e-02 -2.281125830406967314e-02 3.447126815174855058e-02 -1.179083332152650564e-02
7.982778169251943112e-02 -1.016069490712392526e-01 1.475014398968917638e-02 4.160602892887205195e-02 -1.877304597787980353e-02
6.987569041954776183e-02 -7.738702632702676443e-02 1.211081265882834289e-02 2.767064498668827047e-02 -1.248876361004840237e-02
7.273980454800571538e-02 -6.524864763971752191e-02 -4.138593335721354322e-02 7.899574491347934047e-02 -2.804536267856889281e-02
7.803176160455928267e-02 -8.927411675366477006e-02 -3.698855216800641700e-03 5.345075293766508168e-02 -2.163889134160969230e-02
4.405848510882705987e-02 -3.712683800126719696e-02 -2.905563991300830554e-02 5.053945987376583932e-02 -1.766547385645609106e-02
8.998239610102316821e-02 -9.714710172090841589e-02 -6.596884506731636594e-03 5.941681718265668516e-02 -2.367770692872554414e-02
6.862234140426667905e-02 -7.775493666968819051e-02 1.672261728721115975e-03 4.033952447363541027e-02 -1.669015124222195806e-02
2.575828235223249010e-02 -3.028965247641628167e-02 -1.286237153686083795e-03 1.843877216230730212e-02 -7.482102445899047743e-03
4.862927128643446811e-02 -5.954729861103580379e-02 1.411432282520871072e-02 1.712750465919198051e-02 -8.451477680848713120e-03
3.677398949612607770e-02 -4.456694304837847259e-02 2.341716220272215595e-03 2.249864653832837208e-02 -9.537630046051258359e-03
3.616393368220104793e-02 -3.582193466807700316e-02 -1.443127786025639493e-02 3.503122136777742784e-02 -1.289575871830783531e-02
8.460138116589159540e-02 -9.008672840745957089e-02 -1.254864722477315279e-02 6.226448225508631612e-02 -2.425440979802764851e-02
7.275297058160531960e-02 -8.756056764986511198e-02 1.457548632505967570e-02 3.201561564245360147e-02 -1.461166764912312684e-02
9.643457680234876483e-02 -9.765772854445087248e-02 -2.180363634900863920e-02 7.533001087309632027e-02 -2.854863022700142652e-02
1.356720449823969610e-01 -1.358204726695002862e-01 -3.233093420131619850e-02 1.074154862412260714e-01 -4.077400600213915149e-02
5.507931521011844023e-02 -7.333535177582006792e-02 1.587426787562200986e-02 2.475218988499361394e-02 -1.194645322163965205e-02
1.570234509900139408e-01 -1.595757119259370305e-01 -2.369000770420982838e-02 1.104642931628232183e-01 -4.292566150704624911e-02
1.007092706350828371e-01 -1.070288522234031370e-01 -2.020131526642899786e-02 8.062951157982078954e-02 -3.116689151869797905e-02
1.066623273684863815e-01 -1.202657737962238155e-01 -4.047100153510487398e-04 6.636507960826366903e-02 -2.731320896593493128e-02
1.525849844496227348e-01 -1.704659557785640489e-01 1.452860440312316558e-02 7.570547755183623662e-02 -3.251502272150232770e-02
9.238259963650095885e-02 -7.870099937324123718e-02 -3.173963985128805398e-02 7.312206475511195958e-02 -2.649192987603004798e-02
1.274639076596889575e-01 -1.484386748479570306e-01 2.821430132296897514e-02 4.952108395864670415e-02 -2.321044163103233582e-02
9.636472071102690495e-02 -1.189610351837977059e-01 1.846931333764878849e-02 4.639296237155195873e-02 -2.110659669633281957e-02
1.662919609388538167e-01 -1.852630301838154026e-01 -4.325873145078178682e-03 1.062951099959232037e-01 -4.344093634604359599e-02
9.243994259818545320e-03 -2.674986448529570980e-03 -1.790495979616746336e-02 2.020491114088973292e-02 -6.410682672837507944e-03
1.570696513656753557e-01 -1.848356959479148798e-01 9.812961428787733004e-03 9.231101602743939372e-02 -3.924341748110508898e-02
1.595110220841596815e-01 -1.478705713572755487e-01 -3.157931974181287654e-02 1.092322181757581084e-01 -4.129501691738751007e-02
1.244176802788724279e-01 -1.274917804455064640e-01 -2.356088788610373116e-02 9.385275059239629736e-02 -3.613681275607284055e-02
1.267690298204055821e-01 -1.551963868380195344e-01 -2.360612849216260026e-03 9.243192403250524714e-02 -3.831011298227300632e-02
1.515111225062869271e-01 -1.677506124926354814e-01 -1.170733847534795660e-02 1.051422464315231176e-01 -4.223143198195594000e-02
4.437682314199548061e-02 -4.447093719191085037e-02 -1.221653941567025538e-02 3.678059327470999118e-02 -1.377222500673726778e-02
1.569337889153070154e-01 -1.723814553427160945e-01 -9.532510668099465623e-03 1.045531647682697435e-01 -4.213490466037273646e-02
7.126135115522480579e-02 -6.616810936491428208e-02 -2.709120655245553927e-02 6.395785886629089256e-02 -2.343201732177581029e-02
1.449079788323602291e-01 -1.550836752323456469e-01 -3.362538041074184664e-02 1.229131367836301669e-01 -4.742306100158595605e-02
1.243972621897761754e-01 -1.383742293804867962e-01 -1.211461460577090490e-02 8.989244715077922276e-02 -3.593093585359733583e-02
1.284238421877077485e-01 -1.531311081964399357e-01 1.415182338711797570e-02 7.002571459333892245e-02 -3.049853538395502425e-02
1.220679747046778535e-01 -1.110256144609702011e-01 -2.157957362693041850e-02 7.883985341499440136e-02 -2.982616417889552216e-02
1.146946506837852736e-01 -1.333424603363194128e-01 4.878254533811769472e-04 7.403201989969833419e-02 -3.073719823103844215e-02
1.613080307018241177e-01 -1.714608558914088865e-01 -1.530697074946327230e-02 1.090638730017594177e-01 -4.329021246750097002e-02
8.962762149842390391e-02 -1.005870035029568788e-01 -6.398782768085809793e-03 6.273078452978521347e-02 -2.528240536890215967e-02
