4.999303896964971017e+00
4.999303896964971017e+00
4.999303896964971017e+00
4.999303896964971017e+00
4.999303896964971017e+00
4.999303896964971017e+00
4.999303896964971017e+00
4.999303896964971017e+00
4.999303896964971017e+00
5.766121748554779991e+00
5.766121748554779991e+00
5.766121748554779991e+00
5.766121748554779991e+00
5.766121748554779991e+00
5.766121748554779991e+00
5.766121748554779991e+00
5.766121748554779991e+00
5.766121748554779991e+00
5.156027623433566909e+00
5.156027623433566909e+00
5.156027623433566909e+00
5.156027623433566909e+00
5.156027623433566909e+00
5.156027623433566909e+00
5.156027623433566909e+00
5.156027623433566909e+00
5.156027623433566909e+00
3.912051255502890346e+00
3.912051255502890346e+00
3.912051255502890346e+00
3.912051255502890346e+00
3.912051255502890346e+00
3.912051255502890346e+00
3.912051255502890346e+00
3.912051255502890346e+00
3.912051255502890346e+00
2.853611672009183309e+00
2.853611672009183309e+00
2.853611672009183309e+00
2.853611672009183309e+00
2.853611672009183309e+00
2.853611672009183309e+00
2.853611672009183309e+00
2.853611672009183309e+00
2.853611672009183309e+00
5.636630853040081490e+00
5.636630853040081490e+00
5.636630853040081490e+00
5.636630853040081490e+00
5.636630853040081490e+00
5.636630853040081490e+00
5.636630853040081490e+00
5.636630853040081490e+00
5.636630853040081490e+00
5.772273370933873160e+00
5.772273370933873160e+00
5.772273370933873160e+00
5.772273370933873160e+00
5.772273370933873160e+00
5.772273370933873160e+00
5.772273370933873160e+00
5.772273370933873160e+00
5.772273370933873160e+00
5.445688566841754508e+00
5.445688566841754508e+00
5.445688566841754508e+00
5.445688566841754508e+00
5.445688566841754508e+00
5.445688566841754508e+00
5.445688566841754508e+00
5.445688566841754508e+00
5.445688566841754508e+00
5.531794297639860858e+00
5.531794297639860858e+00
5.531794297639860858e+00
5.531794297639860858e+00
5.531794297639860858e+00
5.531794297639860858e+00
5.531794297639860858e+00
5.531794297639860858e+00
5.531794297639860858e+00
5.960475900598799726e+00
5.960475900598799726e+00
5.960475900598799726e+00
5.960475900598799726e+00
5.960475900598799726e+00
5.960475900598799726e+00
5.960475900598799726e+00
5.960475900598799726e+00
5.960475900598799726e+00
4.777653985034092443e+00
4.777653985034092443e+00
4.777653985034092443e+00
4.777653985034092443e+00
4.777653985034092443e+00
4.777653985034092443e+00
4.777653985034092443e+00
4.777653985034092443e+00
4.777653985034092443e+00
6.147106602783927620e+00
6.147106602783927620e+00
6.147106602783927620e+00
6.147106602783927620e+00
6.147106602783927620e+00
6.147106602783927620e+00
6.147106602783927620e+00
6.147106602783927620e+00
6.147106602783927620e+00
4.952478519044447580e+00
4.952478519044447580e+00
4.952478519044447580e+00
4.952478519044447580e+00
4.952478519044447580e+00
4.952478519044447580e+00
4.952478519044447580e+00
4.952478519044447580e+00
4.952478519044447580e+00
6.694050109262152937e+00
6.694050109262152937e+00
6.694050109262152937e+00
6.694050109262152937e+00
6.694050109262152937e+00
6.694050109262152937e+00
6.694050109262152937e+00
6.694050109262152937e+00
6.694050109262152937e+00
5.206557435940252887e+00
5.206557435940252887e+00
5.206557435940252887e+00
5.206557435940252887e+00
5.206557435940252887e+00
5.206557435940252887e+00
5.206557435940252887e+00
5.206557435940252887e+00
5.206557435940252887e+00
6.535618523247343603e+00
6.535618523247343603e+00
6.535618523247343603e+00
6.535618523247343603e+00
6.535618523247343603e+00
6.535618523247343603e+00
6.535618523247343603e+00
6.535618523247343603e+00
6.535618523247343603e+00
5.083602089343044028e+00
5.083602089343044028e+00
5.083602089343044028e+00
5.083602089343044028e+00
5.083602089343044028e+00
5.083602089343044028e+00
5.083602089343044028e+00
5.083602089343044028e+00
5.083602089343044028e+00
5.225939326898733306e+00
5.225939326898733306e+00
5.225939326898733306e+00
5.225939326898733306e+00
5.225939326898733306e+00
5.225939326898733306e+00
5.225939326898733306e+00
5.225939326898733306e+00
5.225939326898733306e+00
5.371476998324914653e+00
5.371476998324914653e+00
5.371476998324914653e+00
5.371476998324914653e+00
5.371476998324914653e+00
5.371476998324914653e+00
5.371476998324914653e+00
5.371476998324914653e+00
5.371476998324914653e+00
5.810979364907585598e+00
5.810979364907585598e+00
5.810979364907585598e+00
5.810979364907585598e+00
5.810979364907585598e+00
5.810979364907585598e+00
5.810979364907585598e+00
5.810979364907585598e+00
5.810979364907585598e+00
6.025949652096438847e+00
6.025949652096438847e+00
6.025949652096438847e+00
6.025949652096438847e+00
6.025949652096438847e+00
6.025949652096438847e+00
6.025949652096438847e+00
6.025949652096438847e+00
6.025949652096438847e+00
5.881776627172086158e+00
5.881776627172086158e+00
5.881776627172086158e+00
5.881776627172086158e+00
5.881776627172086158e+00
5.881776627172086158e+00
5.881776627172086158e+00
5.881776627172086158e+00
5.881776627172086158e+00
5.203445408031226904e+00
5.203445408031226904e+00
5.203445408031226904e+00
5.203445408031226904e+00
5.203445408031226904e+00
5.203445408031226904e+00
5.203445408031226904e+00
5.203445408031226904e+00
5.203445408031226904e+00
6.396977553885396794e+00
6.396977553885396794e+00
6.396977553885396794e+00
6.396977553885396794e+00
6.396977553885396794e+00
6.396977553885396794e+00
6.396977553885396794e+00
6.396977553885396794e+00
6.396977553885396794e+00
6.089828654497906335e+00
6.089828654497906335e+00
6.089828654497906335e+00
6.089828654497906335e+00
6.089828654497906335e+00
6.089828654497906335e+00
6.089828654497906335e+00
6.089828654497906335e+00
6.089828654497906335e+00
5.480475943258641180e+00
5.480475943258641180e+00
5.480475943258641180e+00
5.480475943258641180e+00
5.480475943258641180e+00
5.480475943258641180e+00
5.480475943258641180e+00
5.480475943258641180e+00
5.480475943258641180e+00
5.981241166787899743e+00
5.981241166787899743e+00
5.981241166787899743e+00
5.981241166787899743e+00
5.981241166787899743e+00
5.981241166787899743e+00
5.981241166787899743e+00
5.981241166787899743e+00
5.981241166787899743e+00
7.450745948513054273e+00
7.450745948513054273e+00
7.450745948513054273e+00
7.450745948513054273e+00
7.450745948513054273e+00
7.450745948513054273e+00
7.450745948513054273e+00
7.450745948513054273e+00
7.450745948513054273e+00
7.184785295836078056e+00
7.184785295836078056e+00
7.184785295836078056e+00
7.184785295836078056e+00
7.184785295836078056e+00
7.184785295836078056e+00
7.184785295836078056e+00
7.184785295836078056e+00
7.184785295836078056e+00
7.494704518787958847e+00
7.494704518787958847e+00
7.494704518787958847e+00
7.494704518787958847e+00
7.494704518787958847e+00
7.494704518787958847e+00
7.494704518787958847e+00
7.494704518787958847e+00
7.494704518787958847e+00
6.921825919307078578e+00
6.921825919307078578e+00
6.921825919307078578e+00
6.921825919307078578e+00
6.921825919307078578e+00
6.921825919307078578e+00
6.921825919307078578e+00
6.921825919307078578e+00
6.921825919307078578e+00
7.927254865701645947e+00
7.927254865701645947e+00
7.927254865701645947e+00
7.927254865701645947e+00
7.927254865701645947e+00
7.927254865701645947e+00
7.927254865701645947e+00
7.927254865701645947e+00
7.927254865701645947e+00
6.561824544315731700e+00
6.561824544315731700e+00
6.561824544315731700e+00
6.561824544315731700e+00
6.561824544315731700e+00
6.561824544315731700e+00
6.561824544315731700e+00
6.561824544315731700e+00
6.561824544315731700e+00
6.956623694800200930e+00
6.956623694800200930e+00
6.956623694800200930e+00
6.956623694800200930e+00
6.956623694800200930e+00
6.956623694800200930e+00
6.956623694800200930e+00
6.956623694800200930e+00
6.956623694800200930e+00
5.996721962701916375e+00
5.996721962701916375e+00
5.996721962701916375e+00
5.996721962701916375e+00
5.996721962701916375e+00
5.996721962701916375e+00
5.996721962701916375e+00
5.996721962701916375e+00
5.996721962701916375e+00
6.812685469710029196e+00
6.812685469710029196e+00
6.812685469710029196e+00
6.812685469710029196e+00
6.812685469710029196e+00
6.812685469710029196e+00
6.812685469710029196e+00
6.812685469710029196e+00
6.812685469710029196e+00
6.736798841835662799e+00
6.736798841835662799e+00
6.736798841835662799e+00
6.736798841835662799e+00
6.736798841835662799e+00
6.736798841835662799e+00
6.736798841835662799e+00
6.736798841835662799e+00
6.736798841835662799e+00
6.844773862954901311e+00
6.844773862954901311e+00
6.844773862954901311e+00
6.844773862954901311e+00
6.844773862954901311e+00
6.844773862954901311e+00
6.844773862954901311e+00
6.844773862954901311e+00
6.844773862954901311e+00
2.704863100071144832e-01
2.704863100071144832e-01
2.704863100071144832e-01
2.704863100071144832e-01
2.704863100071144832e-01
2.704863100071144832e-01
2.704863100071144832e-01
2.704863100071144832e-01
2.704863100071144832e-01
6.882053197026367641e+00
6.882053197026367641e+00
6.882053197026367641e+00
6.882053197026367641e+00
6.882053197026367641e+00
6.882053197026367641e+00
6.882053197026367641e+00
6.882053197026367641e+00
6.882053197026367641e+00
5.682998183364185607e+00
5.682998183364185607e+00
5.682998183364185607e+00
5.682998183364185607e+00
5.682998183364185607e+00
5.682998183364185607e+00
5.682998183364185607e+00
5.682998183364185607e+00
5.682998183364185607e+00
6.654579407429023874e+00
6.654579407429023874e+00
6.654579407429023874e+00
6.654579407429023874e+00
6.654579407429023874e+00
6.654579407429023874e+00
6.654579407429023874e+00
6.654579407429023874e+00
6.654579407429023874e+00
6.875306056499169038e+00
6.875306056499169038e+00
6.875306056499169038e+00
6.875306056499169038e+00
6.875306056499169038e+00
6.875306056499169038e+00
6.875306056499169038e+00
6.875306056499169038e+00
6.875306056499169038e+00
6.867995970219400448e+00
6.867995970219400448e+00
6.867995970219400448e+00
6.867995970219400448e+00
6.867995970219400448e+00
6.867995970219400448e+00
6.867995970219400448e+00
6.867995970219400448e+00
6.867995970219400448e+00
7.557414282150751283e+00
7.557414282150751283e+00
7.557414282150751283e+00
7.557414282150751283e+00
7.557414282150751283e+00
7.557414282150751283e+00
7.557414282150751283e+00
7.557414282150751283e+00
7.557414282150751283e+00
7.048531153208198674e+00
7.048531153208198674e+00
7.048531153208198674e+00
7.048531153208198674e+00
7.048531153208198674e+00
7.048531153208198674e+00
7.048531153208198674e+00
7.048531153208198674e+00
7.048531153208198674e+00
6.388810271565055210e+00
6.388810271565055210e+00
6.388810271565055210e+00
6.388810271565055210e+00
6.388810271565055210e+00
6.388810271565055210e+00
6.388810271565055210e+00
6.388810271565055210e+00
6.388810271565055210e+00
7.167159121437940428e+00
7.167159121437940428e+00
7.167159121437940428e+00
7.167159121437940428e+00
7.167159121437940428e+00
7.167159121437940428e+00
7.167159121437940428e+00
7.167159121437940428e+00
7.167159121437940428e+00
6.995189641280690651e+00
6.995189641280690651e+00
6.995189641280690651e+00
6.995189641280690651e+00
6.995189641280690651e+00
6.995189641280690651e+00
6.995189641280690651e+00
6.995189641280690651e+00
6.995189641280690651e+00
7.482457368450422308e+00
7.482457368450422308e+00
7.482457368450422308e+00
7.482457368450422308e+00
7.482457368450422308e+00
7.482457368450422308e+00
7.482457368450422308e+00
7.482457368450422308e+00
7.482457368450422308e+00
