3.633372987552026245e+01
3.633372987552026245e+01
3.633372987552026245e+01
3.633372987552026245e+01
3.633372987552026245e+01
3.633372987552026245e+01
3.633372987552026245e+01
3.633372987552026245e+01
3.633372987552026245e+01
4.198112637127113089e+01
4.198112637127113089e+01
4.198112637127113089e+01
4.198112637127113089e+01
4.198112637127113089e+01
4.198112637127113089e+01
4.198112637127113089e+01
4.198112637127113089e+01
4.198112637127113089e+01
4.058705889448891213e+01
4.058705889448891213e+01
4.058705889448891213e+01
4.058705889448891213e+01
4.058705889448891213e+01
4.058705889448891213e+01
4.058705889448891213e+01
4.058705889448891213e+01
4.058705889448891213e+01
3.909801728498140250e+01
3.909801728498140250e+01
3.909801728498140250e+01
3.909801728498140250e+01
3.909801728498140250e+01
3.909801728498140250e+01
3.909801728498140250e+01
3.909801728498140250e+01
3.909801728498140250e+01
3.815692564555094890e+01
3.815692564555094890e+01
3.815692564555094890e+01
3.815692564555094890e+01
3.815692564555094890e+01
3.815692564555094890e+01
3.815692564555094890e+01
3.815692564555094890e+01
3.815692564555094890e+01
4.126615018779661881e+01
4.126615018779661881e+01
4.126615018779661881e+01
4.126615018779661881e+01
4.126615018779661881e+01
4.126615018779661881e+01
4.126615018779661881e+01
4.126615018779661881e+01
4.126615018779661881e+01
3.954334795070479913e+01
3.954334795070479913e+01
3.954334795070479913e+01
3.954334795070479913e+01
3.954334795070479913e+01
3.954334795070479913e+01
3.954334795070479913e+01
3.954334795070479913e+01
3.954334795070479913e+01
4.005834187831789706e+01
4.005834187831789706e+01
4.005834187831789706e+01
4.005834187831789706e+01
4.005834187831789706e+01
4.005834187831789706e+01
4.005834187831789706e+01
4.005834187831789706e+01
4.005834187831789706e+01
3.769893784212925425e+01
3.769893784212925425e+01
3.769893784212925425e+01
3.769893784212925425e+01
3.769893784212925425e+01
3.769893784212925425e+01
3.769893784212925425e+01
3.769893784212925425e+01
3.769893784212925425e+01
4.019233408026375542e+01
4.019233408026375542e+01
4.019233408026375542e+01
4.019233408026375542e+01
4.019233408026375542e+01
4.019233408026375542e+01
4.019233408026375542e+01
4.019233408026375542e+01
4.019233408026375542e+01
3.589285216142397417e+01
3.589285216142397417e+01
3.589285216142397417e+01
3.589285216142397417e+01
3.589285216142397417e+01
3.589285216142397417e+01
3.589285216142397417e+01
3.589285216142397417e+01
3.589285216142397417e+01
4.299437095900068329e+01
4.299437095900068329e+01
4.299437095900068329e+01
4.299437095900068329e+01
4.299437095900068329e+01
4.299437095900068329e+01
4.299437095900068329e+01
4.299437095900068329e+01
4.299437095900068329e+01
3.580353801113029277e+01
3.580353801113029277e+01
3.580353801113029277e+01
3.580353801113029277e+01
3.580353801113029277e+01
3.580353801113029277e+01
3.580353801113029277e+01
3.580353801113029277e+01
3.580353801113029277e+01
4.727655647410232831e+01
4.727655647410232831e+01
4.727655647410232831e+01
4.727655647410232831e+01
4.727655647410232831e+01
4.727655647410232831e+01
4.727655647410232831e+01
4.727655647410232831e+01
4.727655647410232831e+01
3.730533776027250781e+01
3.730533776027250781e+01
3.730533776027250781e+01
3.730533776027250781e+01
3.730533776027250781e+01
3.730533776027250781e+01
3.730533776027250781e+01
3.730533776027250781e+01
3.730533776027250781e+01
4.854595107053261671e+01
4.854595107053261671e+01
4.854595107053261671e+01
4.854595107053261671e+01
4.854595107053261671e+01
4.854595107053261671e+01
4.854595107053261671e+01
4.854595107053261671e+01
4.854595107053261671e+01
3.671695538554732252e+01
3.671695538554732252e+01
3.671695538554732252e+01
3.671695538554732252e+01
3.671695538554732252e+01
3.671695538554732252e+01
3.671695538554732252e+01
3.671695538554732252e+01
3.671695538554732252e+01
3.903329638110359667e+01
3.903329638110359667e+01
3.903329638110359667e+01
3.903329638110359667e+01
3.903329638110359667e+01
3.903329638110359667e+01
3.903329638110359667e+01
3.903329638110359667e+01
3.903329638110359667e+01
3.640320384800116216e+01
3.640320384800116216e+01
3.640320384800116216e+01
3.640320384800116216e+01
3.640320384800116216e+01
3.640320384800116216e+01
3.640320384800116216e+01
3.640320384800116216e+01
3.640320384800116216e+01
4.012359649562208830e+01
4.012359649562208830e+01
4.012359649562208830e+01
4.012359649562208830e+01
4.012359649562208830e+01
4.012359649562208830e+01
4.012359649562208830e+01
4.012359649562208830e+01
4.012359649562208830e+01
4.319336304873886689e+01
4.319336304873886689e+01
4.319336304873886689e+01
4.319336304873886689e+01
4.319336304873886689e+01
4.319336304873886689e+01
4.319336304873886689e+01
4.319336304873886689e+01
4.319336304873886689e+01
4.258755946551525540e+01
4.258755946551525540e+01
4.258755946551525540e+01
4.258755946551525540e+01
4.258755946551525540e+01
4.258755946551525540e+01
4.258755946551525540e+01
4.258755946551525540e+01
4.258755946551525540e+01
3.754431432732139484e+01
3.754431432732139484e+01
3.754431432732139484e+01
3.754431432732139484e+01
3.754431432732139484e+01
3.754431432732139484e+01
3.754431432732139484e+01
3.754431432732139484e+01
3.754431432732139484e+01
4.194185902619880579e+01
4.194185902619880579e+01
4.194185902619880579e+01
4.194185902619880579e+01
4.194185902619880579e+01
4.194185902619880579e+01
4.194185902619880579e+01
4.194185902619880579e+01
4.194185902619880579e+01
4.688179288984900239e+01
4.688179288984900239e+01
4.688179288984900239e+01
4.688179288984900239e+01
4.688179288984900239e+01
4.688179288984900239e+01
4.688179288984900239e+01
4.688179288984900239e+01
4.688179288984900239e+01
3.778868579932284888e+01
3.778868579932284888e+01
3.778868579932284888e+01
3.778868579932284888e+01
3.778868579932284888e+01
3.778868579932284888e+01
3.778868579932284888e+01
3.778868579932284888e+01
3.778868579932284888e+01
4.968235874347530512e+01
4.968235874347530512e+01
4.968235874347530512e+01
4.968235874347530512e+01
4.968235874347530512e+01
4.968235874347530512e+01
4.968235874347530512e+01
4.968235874347530512e+01
4.968235874347530512e+01
5.071676646825483914e+01
5.071676646825483914e+01
5.071676646825483914e+01
5.071676646825483914e+01
5.071676646825483914e+01
5.071676646825483914e+01
5.071676646825483914e+01
5.071676646825483914e+01
5.071676646825483914e+01
4.913301485608276664e+01
4.913301485608276664e+01
4.913301485608276664e+01
4.913301485608276664e+01
4.913301485608276664e+01
4.913301485608276664e+01
4.913301485608276664e+01
4.913301485608276664e+01
4.913301485608276664e+01
5.116531494962482185e+01
5.116531494962482185e+01
5.116531494962482185e+01
5.116531494962482185e+01
5.116531494962482185e+01
5.116531494962482185e+01
5.116531494962482185e+01
5.116531494962482185e+01
5.116531494962482185e+01
4.968976449202986601e+01
4.968976449202986601e+01
4.968976449202986601e+01
4.968976449202986601e+01
4.968976449202986601e+01
4.968976449202986601e+01
4.968976449202986601e+01
4.968976449202986601e+01
4.968976449202986601e+01
5.359160139733866401e+01
5.359160139733866401e+01
5.359160139733866401e+01
5.359160139733866401e+01
5.359160139733866401e+01
5.359160139733866401e+01
5.359160139733866401e+01
5.359160139733866401e+01
5.359160139733866401e+01
4.847821916481188254e+01
4.847821916481188254e+01
4.847821916481188254e+01
4.847821916481188254e+01
4.847821916481188254e+01
4.847821916481188254e+01
4.847821916481188254e+01
4.847821916481188254e+01
4.847821916481188254e+01
5.090398704263098040e+01
5.090398704263098040e+01
5.090398704263098040e+01
5.090398704263098040e+01
5.090398704263098040e+01
5.090398704263098040e+01
5.090398704263098040e+01
5.090398704263098040e+01
5.090398704263098040e+01
3.986106597478155322e+01
3.986106597478155322e+01
3.986106597478155322e+01
3.986106597478155322e+01
3.986106597478155322e+01
3.986106597478155322e+01
3.986106597478155322e+01
3.986106597478155322e+01
3.986106597478155322e+01
5.055788820803633143e+01
5.055788820803633143e+01
5.055788820803633143e+01
5.055788820803633143e+01
5.055788820803633143e+01
5.055788820803633143e+01
5.055788820803633143e+01
5.055788820803633143e+01
5.055788820803633143e+01
4.913607646907974669e+01
4.913607646907974669e+01
4.913607646907974669e+01
4.913607646907974669e+01
4.913607646907974669e+01
4.913607646907974669e+01
4.913607646907974669e+01
4.913607646907974669e+01
4.913607646907974669e+01
5.028491347406981760e+01
5.028491347406981760e+01
5.028491347406981760e+01
5.028491347406981760e+01
5.028491347406981760e+01
5.028491347406981760e+01
5.028491347406981760e+01
5.028491347406981760e+01
5.028491347406981760e+01
4.843947821154804245e+01
4.843947821154804245e+01
4.843947821154804245e+01
4.843947821154804245e+01
4.843947821154804245e+01
4.843947821154804245e+01
4.843947821154804245e+01
4.843947821154804245e+01
4.843947821154804245e+01
5.151933474220434306e+01
5.151933474220434306e+01
5.151933474220434306e+01
5.151933474220434306e+01
5.151933474220434306e+01
5.151933474220434306e+01
5.151933474220434306e+01
5.151933474220434306e+01
5.151933474220434306e+01
4.213962976780064906e+01
4.213962976780064906e+01
4.213962976780064906e+01
4.213962976780064906e+01
4.213962976780064906e+01
4.213962976780064906e+01
4.213962976780064906e+01
4.213962976780064906e+01
4.213962976780064906e+01
5.071049070470555620e+01
5.071049070470555620e+01
5.071049070470555620e+01
5.071049070470555620e+01
5.071049070470555620e+01
5.071049070470555620e+01
5.071049070470555620e+01
5.071049070470555620e+01
5.071049070470555620e+01
5.092371912269353373e+01
5.092371912269353373e+01
5.092371912269353373e+01
5.092371912269353373e+01
5.092371912269353373e+01
5.092371912269353373e+01
5.092371912269353373e+01
5.092371912269353373e+01
5.092371912269353373e+01
5.155603318768400811e+01
5.155603318768400811e+01
5.155603318768400811e+01
5.155603318768400811e+01
5.155603318768400811e+01
5.155603318768400811e+01
5.155603318768400811e+01
5.155603318768400811e+01
5.155603318768400811e+01
5.576667916193545693e+01
5.576667916193545693e+01
5.576667916193545693e+01
5.576667916193545693e+01
5.576667916193545693e+01
5.576667916193545693e+01
5.576667916193545693e+01
5.576667916193545693e+01
5.576667916193545693e+01
5.267633678353926996e+01
5.267633678353926996e+01
5.267633678353926996e+01
5.267633678353926996e+01
5.267633678353926996e+01
5.267633678353926996e+01
5.267633678353926996e+01
5.267633678353926996e+01
5.267633678353926996e+01
5.086505074902118650e+01
5.086505074902118650e+01
5.086505074902118650e+01
5.086505074902118650e+01
5.086505074902118650e+01
5.086505074902118650e+01
5.086505074902118650e+01
5.086505074902118650e+01
5.086505074902118650e+01
5.205117723090457105e+01
5.205117723090457105e+01
5.205117723090457105e+01
5.205117723090457105e+01
5.205117723090457105e+01
5.205117723090457105e+01
5.205117723090457105e+01
5.205117723090457105e+01
5.205117723090457105e+01
5.202796213108382517e+01
5.202796213108382517e+01
5.202796213108382517e+01
5.202796213108382517e+01
5.202796213108382517e+01
5.202796213108382517e+01
5.202796213108382517e+01
5.202796213108382517e+01
5.202796213108382517e+01
5.585897680303729373e+01
5.585897680303729373e+01
5.585897680303729373e+01
5.585897680303729373e+01
5.585897680303729373e+01
5.585897680303729373e+01
5.585897680303729373e+01
5.585897680303729373e+01
5.585897680303729373e+01
