-7.662163615804517961e-07
-7.271905468475741061e-07
-7.555520560056872500e-07
-7.043148849301671863e-07
-6.694607417566019117e-07
-7.068565735742929712e-07
-7.874242085275152954e-07
-7.466916957981398024e-07
-7.351564859598230946e-07
-6.342792507324272901e-07
-6.528661770690318596e-07
-6.818656356701729431e-07
-6.220001093265278224e-07
-6.757165008213699411e-07
-6.687292024215768711e-07
-7.066076052722068423e-07
-6.554875507012863787e-07
-6.430131259329810550e-07
-7.355936936277290105e-07
-7.556311313346652293e-07
-8.607820388031446137e-07
-7.705504055477410167e-07
-8.301312054124797531e-07
-8.317382678750127967e-07
-8.349826967394622666e-07
-7.919412913547125770e-07
-7.603502174248707690e-07
-7.584578801198967884e-07
-7.029127291828556582e-07
-7.048361713884807929e-07
-7.144676705210566946e-07
-7.521985869048801408e-07
-7.216632516810188361e-07
-7.265718883425079830e-07
-7.346067012538782030e-07
-7.049594080371394871e-07
-7.033267356597364928e-07
-7.295982313870700326e-07
-6.876937263249227937e-07
-7.119596297571154317e-07
-6.572808004141457054e-07
-7.117132687399638083e-07
-7.244370926196095574e-07
-7.540031527270871535e-07
-7.278522933962157571e-07
-7.212376076151448863e-07
-6.377620690470302362e-07
-6.959403578207906438e-07
-7.033756797755670685e-07
-7.200815354987844925e-07
-6.634269247416818656e-07
-6.903249758007730347e-07
-6.060745396240591218e-07
-6.530456351742189900e-07
-6.274701206201034553e-07
-7.483506781672664800e-07
-7.276315685429722413e-07
-6.879585306324417446e-07
-7.461817398325237862e-07
-7.507840030533219605e-07
-7.680270565132623577e-07
-7.454359658200240420e-07
-7.170456299229285865e-07
-6.282341822868325513e-07
-6.925752110691607866e-07
-6.214740591181384637e-07
-7.003994194372654149e-07
-7.240247158600224605e-07
-6.414195199609926387e-07
-6.299106373183627745e-07
-6.733381704562607013e-07
-6.829604650948386941e-07
-7.359990109572670143e-07
-6.693499376218638277e-07
-7.537667984223748163e-07
-6.896874329216085659e-07
-7.629910110280009435e-07
-7.107898591918406728e-07
-7.293460352412559139e-07
-6.899444816431534387e-07
-6.963939330450424896e-07
-6.728165441809910577e-07
-6.927277938402080565e-07
-7.060011898723209776e-07
-6.699532911774293817e-07
-6.450266150217589554e-07
-7.033763555682659360e-07
-6.659028555116304861e-07
-6.414543932171227784e-07
-6.845749485391470032e-07
-7.545337883127164086e-07
-7.171847907393441218e-07
-6.989635936108633968e-07
-7.163350807111138194e-07
-7.693504250323470734e-07
-7.269206842201478268e-07
-7.275758569014358718e-07
-6.779831654977787438e-07
-7.346924093253324643e-07
-8.065038312077229214e-07
-7.786995959361136732e-07
-7.672874200612704941e-07
-7.862799577142768646e-07
-7.642236593312943670e-07
-7.978095435492698487e-07
-7.665247623391717122e-07
-7.680894858148739408e-07
-7.290888729809685599e-07
-7.064361426333641739e-07
-6.854795046918632034e-07
-7.251206918180732507e-07
-7.130066557781674672e-07
-6.582913556521983152e-07
-7.268054310194423482e-07
-6.869630083986761847e-07
-6.958507741403477768e-07
-6.706546903682403272e-07
-7.361007008104277089e-07
-6.904335070248697198e-07
-7.154380448292157196e-07
-6.924558548894598647e-07
-6.873715469104677641e-07
-6.645594844357201511e-07
-6.937293878874162012e-07
-7.638840000025843898e-07
-7.604279273969028422e-07
-6.788605926139497648e-07
-7.794875690523144719e-07
-6.976245963720068833e-07
-7.165149940741830517e-07
-7.083481479543195317e-07
-7.328754168260851640e-07
-7.383623083120237072e-07
-7.169903738955477054e-07
-7.041898265185266889e-07
-7.896009769600536881e-07
-7.058369801252657732e-07
-7.012915983482338544e-07
-6.932264641316737652e-07
-7.126346116045600717e-07
-6.918384659904036201e-07
-6.982038644345704449e-07
-7.062210351349652530e-07
-7.304054769984445212e-07
-7.387246973831122924e-07
-7.409027845647838984e-07
-7.361936327605475180e-07
-7.090745301951368603e-07
-7.333868529900661008e-07
-7.071802570855138418e-07
-7.411176406971372560e-07
-7.159586223073616189e-07
-6.741153902692919540e-07
-7.358238213740307154e-07
-7.348465952083912567e-07
-7.408237493296134809e-07
-7.763420133197192814e-07
-7.279412218703644442e-07
-7.117671082458899769e-07
-7.179983028971200487e-07
-7.351670716044688111e-07
-6.953189628770769960e-07
-7.446741199860533645e-07
-6.434554299135757048e-07
-6.896160653368622206e-07
-7.257909033056684978e-07
-6.761282146555734711e-07
-6.140417776578640190e-07
-7.067868242846867261e-07
-6.864842836539930423e-07
-6.856350952487582096e-07
-6.543857204638418172e-07
-6.902083804073097530e-07
-6.774585966294708624e-07
-7.001113355050591832e-07
-6.985480492129707464e-07
-6.545889458264543595e-07
-6.330900386829236939e-07
-6.871135353116944944e-07
-6.913542389869256011e-07
-6.970156231902347937e-07
-6.906102301668919093e-07
-7.527950665158144906e-07
-7.371427399653124474e-07
-6.899532627947638494e-07
-6.716013646827983707e-07
-7.343855469727333678e-07
-6.666385096385077660e-07
-6.194289020351028148e-07
-6.922720338515117470e-07
-7.205418460767308005e-07
-6.553746734370007440e-07
-6.922017272234093163e-07
-7.279102941050675738e-07
-7.168501013870760699e-07
-6.924142078037775210e-07
-6.385822394475333124e-07
-6.613330691659759163e-07
-6.384856104916740439e-07
-6.593719670736148353e-07
-6.181068758060699182e-07
-6.593607354130190509e-07
-6.539036118589731160e-07
-6.412188471317872823e-07
-6.198703117012326047e-07
-6.239043215124438944e-07
-6.260726879742686780e-07
-6.707704874440027961e-07
-7.088310751070838742e-07
-6.548211696381282472e-07
-6.895661789183261811e-07
-6.632705776001981874e-07
-6.455416587001916609e-07
-6.890882373128414502e-07
-6.978534937547373625e-07
-6.198511798204159133e-07
-9.493268818012361585e-07
-8.305077340315741349e-07
-9.019678932484779649e-07
-9.296849873263127020e-07
-8.880578991965114067e-07
-8.294680368182780296e-07
-8.581848388096479299e-07
-8.350472898369957813e-07
-8.891012419546484195e-07
-6.544979404367985684e-07
-6.173927550991587454e-07
-6.304768315722385819e-07
-6.556999108418437252e-07
-7.036908548409841767e-07
-6.825951156272016384e-07
-6.491221730431088150e-07
-6.657150224617106744e-07
-6.279480055255749680e-07
-8.487559465432186365e-07
-8.780070306202583894e-07
-8.769078186412880170e-07
-8.259980040791612347e-07
-9.117424973882103293e-07
-8.736978676063960618e-07
-9.114061756229819610e-07
-8.730539886173127547e-07
-8.510140313395412628e-07
-7.330987175795113796e-07
-6.940679864975162039e-07
-7.407653556362021786e-07
-7.349163618377422668e-07
-7.816300787351638337e-07
-7.133531224984864212e-07
-7.481110091376501604e-07
-6.861779715585480499e-07
-7.345838538021706989e-07
-8.437593206577426841e-07
-8.382187896778422970e-07
-8.047506297082566127e-07
-8.393569490127821144e-07
-8.155166826432258292e-07
-8.058742049493698856e-07
-7.950481459417174233e-07
-8.046075053387411863e-07
-8.484803323273366483e-07
-7.903962190506366149e-07
-8.204194627541115181e-07
-8.030859272945021015e-07
-8.015897222672890458e-07
-7.867137676130065200e-07
-8.232366678033472609e-07
-8.319103207523997650e-07
-8.002780084124988418e-07
-7.682951093876722199e-07
-7.729991120618587183e-07
-7.857031378598444251e-07
-7.977608987904925911e-07
-8.268453287654082620e-07
-7.901014953794674626e-07
-7.236509022394928892e-07
-7.548465849149059712e-07
-7.682476921858646572e-07
-8.225282647387202998e-07
-7.542277854473223445e-07
-7.688068166579030940e-07
-7.449686266537121545e-07
-7.509318256717442609e-07
-7.702416213514051154e-07
-7.625645990235013798e-07
-7.494532558731099479e-07
-7.454637100521780411e-07
-7.369297264502338323e-07
-8.332404483669881410e-07
-7.460458544053245704e-07
-7.637490040323140753e-07
-8.359824997838092017e-07
-7.919241173788581624e-07
-7.569042097214518720e-07
-8.155181057358382679e-07
-7.568079517250142949e-07
-7.524235304613494159e-07
-8.628184362611351595e-07
-8.991137868516208266e-07
-8.923603209955525256e-07
-8.918910559233570115e-07
-9.073779370971463117e-07
-9.066792648794602208e-07
-8.977847459050630058e-07
-9.038929421898925652e-07
-8.911906640818015201e-07
-6.989273004885373948e-07
-6.693581062718728713e-07
-6.396248963533611601e-07
-6.373010835362384869e-07
-6.790273475902063878e-07
-6.673376896585697841e-07
-6.632239484065542221e-07
-6.718628867489129905e-07
-6.874022313262618654e-07
-8.871149644844635794e-07
-8.735785625180063237e-07
-8.715759917640708238e-07
-8.693590427122277228e-07
-8.746702509016743446e-07
-8.903400268124238218e-07
-8.771012875464339202e-07
-8.613367108109304830e-07
-8.510241978633297397e-07
-8.691548997517198839e-07
-8.746468816046521155e-07
-9.423330788235963827e-07
-8.543777955313581144e-07
-8.764673450798547889e-07
-9.427356771061399234e-07
-8.614818317027192657e-07
-8.964610395779910687e-07
-9.338005066898738120e-07
-8.641514609499030021e-07
-8.755630872543586616e-07
-8.786759817513096050e-07
-8.521544094042059984e-07
-8.520784808163203094e-07
-8.842693580909000457e-07
-8.918794474255660506e-07
-8.601824718103906004e-07
-8.703262895982413946e-07
-8.217993428591651678e-07
-8.230562354275881218e-07
-8.476279292683111646e-07
-8.239927125312261357e-07
-8.503629119084104078e-07
-8.236074406329141676e-07
-8.090468127641156063e-07
-8.151281308007160344e-07
-8.219942955358315401e-07
-8.881890953206907639e-07
-9.367335227046952167e-07
-8.745845011374599568e-07
-9.112327787733918562e-07
-8.855172661525863015e-07
-9.276764408223985915e-07
-9.067759796954252161e-07
-9.248100451413408263e-07
-8.909957630519950186e-07
-6.907023619282600178e-07
-6.272123019372907119e-07
-6.989111613960302867e-07
-6.913945544611261145e-07
-6.213324848328067941e-07
-6.287174793884945148e-07
-6.744970831157726399e-07
-6.673376587704600770e-07
-6.160333800649426216e-07
-8.640712001955886355e-07
-8.194562900712117496e-07
-8.295394032878521367e-07
-8.844500874798351185e-07
-8.769021022993751386e-07
-8.374318965924160054e-07
-8.446400011254554016e-07
-8.392675659693809588e-07
-8.451681029227579980e-07
-7.823976474082369050e-07
-7.775919488473799022e-07
-7.806119046736996964e-07
-7.619784890481700980e-07
-8.075700443672420120e-07
-7.972344297076998638e-07
-7.776936090890537485e-07
-8.158702175660700597e-07
-7.671025885626120928e-07
-9.319321698194629125e-07
-8.899790795538675122e-07
-8.930166547004887539e-07
-9.055857264180349583e-07
-9.197151841423835712e-07
-9.207026011732278108e-07
-9.393606632129775258e-07
-9.113895229245689373e-07
-8.833739404990595308e-07
-7.545806830565847262e-07
-7.861221917527934459e-07
-7.715261579189190022e-07
-7.871970004808659821e-07
-8.078283575214871338e-07
-7.653456166384607055e-07
-7.484633435463095928e-07
-7.593831383718286328e-07
-7.715511297900732798e-07
-7.916739094565416395e-07
-8.061959981193241725e-07
-8.389619880246516248e-07
-8.115645735531284107e-07
-8.667490509958798738e-07
-8.174139834246781870e-07
-8.230047507438759510e-07
-8.051585773562359231e-07
-8.290231192157070313e-07
-7.051834176057386975e-07
-7.304195871084610163e-07
-7.287603925173323752e-07
-7.417475689532114922e-07
-7.472440926280601937e-07
-6.881768304512783498e-07
-7.120911552166345262e-07
-7.489560186523133727e-07
-6.599347627859640124e-07
-8.066232386943951211e-07
-8.424827010778232843e-07
-7.952491479562444058e-07
-8.268143601216131428e-07
-8.465353258263026537e-07
-7.992938077987966428e-07
-8.110870918046270117e-07
-7.889061684882824235e-07
-8.215117633271654089e-07
-8.755277826968216132e-07
-8.685232580652163594e-07
-8.513241886854816098e-07
-8.397515268522218865e-07
-8.510115709415759318e-07
-8.462451357938513269e-07
-8.349073488692480983e-07
-8.488292343156294491e-07
-8.371034835317413771e-07
-8.075224468046584296e-07
-7.820903392564328682e-07
-7.673288806991323024e-07
-7.904677481408669727e-07
-7.837172301551715024e-07
-7.573870457615814665e-07
-7.884848207707656158e-07
-7.832288168686457334e-07
-7.667039088987734170e-07
