-6.679055802745324942e-07
-7.057597506064505840e-07
-6.915942616161910707e-07
-6.973747588922159131e-07
-6.482847342179303533e-07
-6.870114687632475586e-07
-6.724364893530659117e-07
-7.170090383609912979e-07
-6.926532421834665485e-07
-7.286443881845143495e-07
-7.412849443139530983e-07
-7.896559932031629317e-07
-7.307787601177695401e-07
-7.517941531557683144e-07
-7.680531914990127651e-07
-7.507789960611785571e-07
-7.224952117100055254e-07
-7.622015949915490974e-07
-6.955774073199639987e-07
-6.489185279026275513e-07
-6.544837879331034534e-07
-6.529427166610200397e-07
-7.130683004322869632e-07
-6.491902115263090332e-07
-6.682387006859694233e-07
-6.644305769612548103e-07
-6.324752192432494173e-07
-6.575146627639429194e-07
-7.383053455062182296e-07
-6.906545788335392796e-07
-6.867111147400213497e-07
-7.034033062624146589e-07
-7.235137249453548980e-07
-6.927744337973080526e-07
-7.086121317314418994e-07
-6.919688738531029538e-07
-7.845964616215530395e-07
-8.526669416449761417e-07
-7.913578065098398204e-07
-8.334570131516656605e-07
-7.761276872942481577e-07
-7.556736848294978426e-07
-7.596824114321010944e-07
-8.126218923847456193e-07
-7.896388092658935844e-07
-6.835956295260089754e-07
-6.883442992443591706e-07
-6.947531453862077137e-07
-5.729563657254964904e-07
-6.782609661100162360e-07
-7.193528741856648465e-07
-6.423746253505293877e-07
-6.295163990250792180e-07
-6.797911394888993474e-07
-7.411511117854691065e-07
-6.844107585278919188e-07
-6.500918215776271383e-07
-6.889020642829629539e-07
-7.005448376952893456e-07
-7.134926683836918517e-07
-7.299587847248492809e-07
-6.993659260487624031e-07
-6.815614037854614112e-07
-7.748014268343698717e-07
-7.551018390811534647e-07
-7.348016040726539703e-07
-7.035288716267603697e-07
-7.058399992372005877e-07
-7.072670326586196133e-07
-7.998131981614497408e-07
-6.907300899806174516e-07
-7.048769446511972636e-07
-7.328252231207852183e-07
-7.286016227046434864e-07
-7.895273518409365623e-07
-7.728877750689449446e-07
-7.255567668122185843e-07
-7.511736248378475494e-07
-7.138090710690172262e-07
-7.658256052444636227e-07
-7.528988975419649731e-07
-7.318330502465852227e-07
-7.823859081000658643e-07
-7.820191996025247805e-07
-7.462573724967966914e-07
-7.228249323675196620e-07
-7.427255935234551206e-07
-7.076024011053701949e-07
-6.721553966525106461e-07
-6.708840775798470469e-07
-6.482078539116921596e-07
-7.044163714930841054e-07
-6.717489091227496088e-07
-6.674543306005173438e-07
-6.215568160379325236e-07
-6.789933638617136600e-07
-6.561666080350304862e-07
-6.894606711228805319e-07
-6.683226820630534829e-07
-6.945780644846110888e-07
-6.598737860219145568e-07
-7.054922931644941749e-07
-6.645105463545704084e-07
-6.742024491352781813e-07
-6.510681821023022990e-07
-6.371697682024114792e-07
-6.793381589529199360e-07
-6.597526135239645929e-07
-7.067352882821362400e-07
-7.699545387634592568e-07
-7.372916393373624988e-07
-6.836205792643600538e-07
-6.599097664373953030e-07
-6.634628147637934083e-07
-7.230715850458695418e-07
-7.194291432209978762e-07
-7.265331548339498229e-07
-7.401443429296630593e-07
-6.637418891110650872e-07
-6.514400420528280773e-07
-6.490271625373483952e-07
-7.462190396669685417e-07
-6.589454998384558244e-07
-7.119950437150182445e-07
-6.802083083526199524e-07
-6.592819510241286281e-07
-6.911061106512664509e-07
-6.902825369615103489e-07
-6.990659518276268421e-07
-7.747623828952191648e-07
-7.492230955988336445e-07
-7.282557499450376992e-07
-6.964329400808653561e-07
-7.079257933440239131e-07
-6.902191461800140574e-07
-8.075500513826076159e-07
-8.143979427618851050e-07
-8.314551134976317664e-07
-8.590714099828948134e-07
-8.271502040740256940e-07
-7.953212690525954536e-07
-8.608631704959350430e-07
-7.927279801725220923e-07
-7.230795188193543843e-07
-7.418299448103160027e-07
-7.705444842068055059e-07
-7.380863950169942993e-07
-7.662844925751870858e-07
-8.010586722827749098e-07
-7.775338158109561431e-07
-8.084420106322206178e-07
-7.794625371235383369e-07
-7.737254748552276473e-07
-8.221005407456592861e-07
-7.914121374422596587e-07
-7.935957100336374929e-07
-7.898706179613499759e-07
-7.950310316933297403e-07
-7.826316792598162029e-07
-7.732548951605334305e-07
-7.865089883182873486e-07
-7.331230062942740043e-07
-6.987634631230148137e-07
-6.398653180969219383e-07
-7.583375452711940503e-07
-7.574505274068589906e-07
-6.479544681909306331e-07
-7.203960382812609361e-07
-7.134716565930248335e-07
-7.122587196982373283e-07
-7.075916495221961278e-07
-7.445789805447923415e-07
-7.177248339141638083e-07
-7.987033044056884347e-07
-7.086983131727739770e-07
-7.089494611729074386e-07
-7.504135887327371799e-07
-7.477969413168936407e-07
-6.821213651036892184e-07
-7.012999536537457475e-07
-6.675267807417882715e-07
-7.332312739452187506e-07
-6.809147274962589967e-07
-6.401207625028365053e-07
-6.659043759810225899e-07
-6.260570099648012701e-07
-6.572650113410608501e-07
-6.911791205620510513e-07
-6.678573618791900323e-07
-7.426591115397723929e-07
-7.937013825500979811e-07
-7.377706609306595904e-07
-7.534782236378503860e-07
-7.589143511335333857e-07
-7.448182786774058864e-07
-7.858064333539023277e-07
-7.609375423632903272e-07
-7.234042608091585313e-07
-7.878392745173731829e-07
-7.604890679677709355e-07
-7.570605211137662275e-07
-7.516792894198984584e-07
-7.383773909309351938e-07
-7.869352882023340799e-07
-7.571252749810417252e-07
-7.729860973894275451e-07
-7.872043145367785828e-07
-8.804260412781047278e-07
-8.760157192747592906e-07
-8.989260320479806799e-07
-8.695215566023305813e-07
-9.108694204888624881e-07
-9.029216079148421639e-07
-9.081093739864778096e-07
-8.944077468566070692e-07
-8.733392490827537815e-07
-7.468384226226146674e-07
-6.997503281102423716e-07
-8.100422751466393100e-07
-7.498301334463773016e-07
-7.494576439580835876e-07
-7.579329937710218145e-07
-7.568862425818912760e-07
-7.170658125773005493e-07
-7.599984285731935923e-07
-6.705457783451606485e-07
-6.635709736819274203e-07
-6.995624449444788703e-07
-6.496995881399925121e-07
-6.402353910747584703e-07
-6.521160399001427834e-07
-6.223056808645743821e-07
-6.438195474209616652e-07
-6.279999432698057921e-07
-8.298458679272315343e-07
-8.560451668879430307e-07
-8.537772805740351209e-07
-8.545577557258368322e-07
-8.520340964710541553e-07
-8.513759657850075487e-07
-8.547334021361741886e-07
-8.170686545852602584e-07
-8.286911484283149944e-07
-7.138476575300732455e-07
-7.118143050266188757e-07
-6.426251495048154999e-07
-6.815825596748233250e-07
-7.370658371122223975e-07
-6.533159648208961047e-07
-7.288711520754760200e-07
-7.144105026163653060e-07
-6.611377641611899379e-07
-8.755925150180423164e-07
-9.183551614044618804e-07
-9.161019695583727479e-07
-8.990613671727643745e-07
-9.377596987593215910e-07
-9.154139342296644002e-07
-9.275652015499693829e-07
-9.137503466777895415e-07
-9.322917846223645570e-07
-7.277400691378566396e-07
-6.889040436796835193e-07
-7.314333286101948931e-07
-6.699035113484716449e-07
-7.101667570385690110e-07
-7.544916734333494762e-07
-7.630316829862925596e-07
-6.891743551916667658e-07
-7.496224677381658811e-07
-8.444138272077512295e-07
-8.245995207010633008e-07
-8.464599780790942924e-07
-8.203619147437064982e-07
-8.316528489165190506e-07
-7.996869427225782977e-07
-8.491067003135990245e-07
-8.291361302125351933e-07
-8.274691413625926675e-07
-7.976846880121613207e-07
-7.973108037825701253e-07
-8.128496824200209678e-07
-7.697747463693093306e-07
-8.095762095283562163e-07
-8.120103077522760383e-07
-8.055015628868046462e-07
-7.921336153661085749e-07
-7.976199442317654992e-07
-8.265693311798166022e-07
-8.247850774955919876e-07
-8.558342548336054441e-07
-8.627554023501736123e-07
-8.490140496522622480e-07
-8.278337489302941276e-07
-8.607693620840381749e-07
-8.307138133131687996e-07
-8.530784949111431267e-07
-6.765567484293081940e-07
-6.622658617699605007e-07
-7.427572402433644330e-07
-6.893374326715080859e-07
-6.925625835917349424e-07
-7.043410762343467044e-07
-6.445284223285388892e-07
-6.593729529984697548e-07
-6.807590878898741128e-07
-7.856588942096823910e-07
-7.825919424796517017e-07
-7.837270916670540366e-07
-8.012422963147870471e-07
-8.589036584194471979e-07
-7.901047017124561083e-07
-8.020762307149554991e-07
-7.891076168795098690e-07
-8.211697409522338011e-07
-8.217839304690809760e-07
-8.174746995161629517e-07
-8.471497993087374983e-07
-8.117247965285364347e-07
-8.456023045470982578e-07
-8.349029928070321266e-07
-8.326159458841121403e-07
-8.533824923855220392e-07
-8.289057238650216230e-07
-8.057255024286717723e-07
-8.493757595786950480e-07
-8.141313672258582986e-07
-8.375646251153277037e-07
-8.475153833206860804e-07
-8.211655103754273479e-07
-8.112832318771821489e-07
-8.014261624711424872e-07
-8.690858768511337293e-07
-7.753941727448282081e-07
-7.815350296536693702e-07
-7.965870666574796916e-07
-7.574670888411650114e-07
-7.596677477617707221e-07
-7.862942951822798470e-07
-7.930142880076452355e-07
-7.823490510198302717e-07
-7.646511342339678035e-07
-8.283745837543068747e-07
-7.958295761076424263e-07
-8.579579265770725703e-07
-7.984860285975562172e-07
-8.617801308573051010e-07
-7.930984756851013722e-07
-8.117033577976100543e-07
-8.168412840593015176e-07
-8.329297208245478469e-07
-8.992178302612324695e-07
-8.727641929498162140e-07
-8.648956606109351147e-07
-8.482788459183489016e-07
-8.710003239007367529e-07
-8.856068332947521662e-07
-9.002247327968850067e-07
-8.616578236892186839e-07
-8.661780761830135914e-07
-7.918949460758068819e-07
-8.185717657066496776e-07
-8.228911267943071450e-07
-8.405890196198881717e-07
-8.318362339690557292e-07
-7.995195454411521156e-07
-8.190758846850826808e-07
-8.122492109436714957e-07
-8.366053990000642265e-07
-8.634703093848145304e-07
-8.604399370127994922e-07
-8.680165162061897108e-07
-8.702537832519882905e-07
-8.700782922487441070e-07
-8.955664741574409646e-07
-8.766934151781752307e-07
-8.409458125678808761e-07
-8.686040602224045339e-07
