6050.52 0.129009 7364.79 -0.000747113 
12101 -0.200736 14729.6 -0.00563806 
18151.5 0.0645505 22094.4 -0.0369528 
24202.1 -0.0244093 29459.1 -0.00321841 
30252.6 -0.0468434 36823.9 -0.0318923 
13632.6 -0.0196894 16912.6 0.0662203 
27265.3 0.0237101 33825.2 -0.0943884 
40897.9 -0.0293021 50737.8 -0.0158516 
54530.5 -0.00339228 67650.5 0.022598 
68163.1 -0.0140321 84563.1 -0.0380435 
11650.8 0.0290079 14495.4 0.0566666 
23301.5 -0.0478119 28990.8 -0.0741105 
34952.3 -0.00425267 43486.2 -0.0344557 
46603.1 -0.00350369 57981.6 0.0307331 
58253.8 -0.0244772 72477.1 -0.040248 
13769.8 0.0982933 17078.2 0.0879541 
27539.6 -0.0468509 34156.4 -0.0569588 
41309.3 -0.00872279 51234.7 -0.00366667 
55079.1 0.033034 68312.9 0.0252686 
68848.9 -0.026563 85391.1 -0.0262888 
13389.3 0.0333524 16547.1 0.0610947 
26778.7 -0.0494212 33094.2 -0.0893507 
40168 -0.0117526 49641.3 -0.00778574 
53557.3 0.00574376 66188.4 0.0152053 
66946.7 -0.0261472 82735.5 -0.0338368 
12251.5 0.0354014 15201 0.0652865 
24503.1 -0.0461251 30402 -0.0991444 
36754.6 -0.031358 45603 -0.00136966 
49006.2 0.0187322 60804 0.0107707 
61257.7 -0.0331026 76005 -0.0349762 
13676.2 -0.00786864 17069.5 0.0495192 
27352.4 -0.000298213 34139 -0.0796338 
41028.6 -0.0041058 51208.6 0.00717938 
54704.8 -0.0161863 68278.1 0.000504983 
68381 -0.0111566 85347.6 -0.025918 
14170.4 0.0216988 17553.1 0.04664 
28340.9 -0.0373288 35106.3 -0.0658985 
42511.3 -0.00457125 52659.4 -0.0219874 
56681.7 -0.00341132 70212.5 0.0198807 
70852.2 -0.0202143 87765.7 -0.0326213 
14722 0.00850403 18261 0.073286 
29444 -0.019879 36522 -0.113112 
44166.1 -0.00730883 54782.9 -0.0223201 
58888.1 -0.00648449 73043.9 0.0262547 
73610.1 -0.0166141 91304.9 -0.046751 
15362.7 0.0535951 19132.2 0.0983932 
30725.3 -0.0794327 38264.5 -0.143819 
46088 -0.00577283 57396.7 -0.035066 
61450.6 0.0104404 76529 0.0445162 
76813.3 -0.030935 95661.2 -0.0592435 
14125.8 0.0111486 17592.4 0.0530949 
28251.7 -0.0199289 35184.9 -0.0705504 
42377.5 -0.0155641 52777.3 -0.0380349 
56503.4 1.40107e-05 70369.8 0.0329136 
70629.2 -0.0197442 87962.2 -0.0397902 
13905.9 0.0548007 17287.9 0.0787924 
27811.9 -0.0792321 34575.9 -0.106244 
41717.8 -0.00639038 51863.8 -0.0408475 
55623.8 0.0108133 69151.8 0.0436247 
69529.7 -0.0315212 86439.7 -0.0505195 
13628.9 0.096947 17039.2 0.127823 
27257.9 -0.0349639 34078.3 -0.10601 
40886.8 -0.0174566 51117.5 -0.0186696 
54515.7 0.0392272 68156.6 0.0492133 
68144.7 -0.0266032 85195.8 -0.0452934 
15748.6 0.0991138 19669.5 0.116518 
31497.2 -0.142282 39339 -0.175392 
47245.8 -0.00398569 59008.5 -0.0411816 
62994.4 0.0262088 78677.9 0.0523843 
78743 -0.0466078 98347.4 -0.0710843 
14548.4 0.0610785 18175 0.0904499 
29096.8 -0.0841995 36349.9 -0.136352 
43645.1 -0.0188058 54524.9 -0.0130497 
58193.5 0.0219919 72699.9 0.0273681 
72741.9 -0.0370418 90874.8 -0.0489745 
15761.9 0.0704853 19628.9 0.073435 
31523.8 -0.0948684 39257.8 -0.109477 
47285.7 -0.0274253 58886.8 -0.0245157 
63047.6 0.0320114 78515.7 0.0295834 
78809.5 -0.0425124 98144.6 -0.0456671 
15798.8 0.0362223 19679.2 0.0764628 
31597.5 -0.0488061 39358.5 -0.115281 
47396.3 -0.037201 59037.7 -0.0517449 
63195.1 0.024707 78717 0.0455973 
78993.8 -0.0346266 98396.2 -0.058808 
14032.5 -0.00295947 17386.1 0.0230594 
28065.1 0.000428536 34772.1 -0.0336514 
42097.6 -0.0204701 52158.2 -0.0236867 
56130.1 -0.00197434 69544.3 0.0120524 
70162.7 -0.0163393 86930.3 -0.0249233 
14824.3 0.067439 18464.7 0.0776828 
29648.5 -0.0928378 36929.5 -0.115338 
44472.8 -0.0194803 55394.2 -0.0235182 
59297.1 0.0249446 73859 0.0300726 
74121.4 -0.0394463 92323.7 -0.0471298 
14072.4 0.0148589 17534.9 0.0807071 
28144.9 -0.0279635 35069.7 -0.123378 
42217.3 -0.00773047 52604.6 -0.00792066 
56289.7 -0.00418874 70139.5 0.0204291 
70362.2 -0.019125 87674.4 -0.0437041 
14085.7 0.0488139 17508.3 0.0832237 
28171.4 -0.0522266 35016.6 -0.112419 
42257.2 -0.0250909 52524.9 -0.0179726 
56342.9 0.0213349 70033.2 0.0283098 
70428.6 -0.0320765 87541.5 -0.0451012 
13402 0.0412741 16657.8 0.0435244 
26804 -0.0633863 33315.6 -0.0628136 
40206 -0.00923797 49973.5 -0.0352646 
53608 0.00607345 66631.3 0.025363 
67010.1 -0.0292815 83289.1 -0.0378529 
15120.6 0.0561892 18830.9 0.0601001 
30241.1 -0.0798256 37661.8 -0.0898264 
45361.7 -0.0144694 56492.8 -0.0243672 
60482.2 0.0173187 75323.7 0.0247635 
75602.8 -0.0342237 94154.6 -0.0404306 
15627.7 0.0544003 19532.1 0.0926998 
31255.4 -0.077722 39064.2 -0.135745 
46883.2 -0.0131921 58596.3 -0.0373591 
62510.9 0.0161327 78128.4 0.043998 
78138.6 -0.0329754 97660.6 -0.057923 
15675.2 0.0684897 19521.6 0.0744769 
31350.5 -0.0928531 39043.3 -0.110697 
47025.7 -0.0310549 58564.9 -0.0427958 
62701 0.0330331 78086.5 0.0403814 
78376.2 -0.0436529 97608.1 -0.0535925 
16158.9 0.0543526 20118.7 0.0885598 
32317.9 -0.0752842 40237.5 -0.133767 
48476.8 -0.0259429 60356.2 -0.0332598 
64635.8 0.0245983 80474.9 0.0390096 
80794.7 -0.0370293 100594 -0.0561732 
15170.7 0.0714539 18800.2 0.0711505 
30341.4 -0.0975496 37600.4 -0.104571 
45512.1 -0.0191365 56400.6 -0.0179871 
60682.8 0.0267797 75200.7 0.0253374 
75853.4 -0.0402542 94000.9 -0.0415883 
14515 0.0716797 18020.3 0.0563179 
29030.1 -0.101368 36040.6 -0.0810703 
43545.1 -0.00771174 54060.9 -0.0246623 
58060.2 0.0185864 72081.2 0.024489 
72575.2 -0.0373993 90101.5 -0.0378921 
13762.9 0.00395006 17075.4 0.0285695 
27525.7 -0.00117049 34150.9 -0.0385998 
41288.6 -0.04265 51226.3 -0.0316735 
55051.4 0.0157225 68301.7 0.0194166 
68814.3 -0.0247681 85377.1 -0.0292139 
15571.8 0.0357765 19368.5 0.0831633 
31143.6 -0.0559403 38737 -0.127429 
46715.4 -0.0062087 58105.5 -0.0168951 
62287.2 0.00394835 77474 0.0270335 
77859 -0.0250164 96842.4 -0.0480705 
15635.3 0.0547969 19543.3 0.0862031 
31270.6 -0.0800648 39086.7 -0.12697 
46905.9 -0.00862959 58630 -0.0409526 
62541.2 0.0130509 78173.4 0.0435754 
78176.6 -0.031999 97716.7 -0.057125 
15113.8 0.0453943 18791.5 0.0634467 
30227.5 -0.0713267 37583 -0.0951375 
45341.3 0.00265166 56374.6 -0.0190555 
60455.1 0.00134008 75166.1 0.0226842 
75568.8 -0.0259476 93957.6 -0.0397471 
13752.4 0.0155383 17099.9 0.0689188 
27504.9 -0.0217969 34199.9 -0.105496 
41257.3 -0.027962 51299.8 -0.00636262 
55009.8 0.00989392 68399.7 0.015612 
68762.2 -0.0248865 85499.6 -0.0382123 
13593.4 0.0768441 16840.3 0.0872797 
27186.7 -0.107772 33680.7 -0.12146 
40780.1 -0.01193 50521 -0.0351818 
54373.4 0.0223972 67361.3 0.0419357 
67966.8 -0.0412019 84201.7 -0.0529169 
14856.1 0.0460461 18500 0.0929319 
29712.2 -0.0616459 37000 -0.141202 
44568.3 -0.0332804 55500 -0.0268332 
59424.4 0.0256694 73999.9 0.0357432 
74280.5 -0.0366698 92499.9 -0.0561391 
13704.1 0.0365164 17065.6 0.0698957 
27408.1 -0.0580999 34131.2 -0.0997969 
41112.2 -0.00201152 51196.7 -0.0322719 
54816.2 2.76428e-05 68262.3 0.0332469 
68520.3 -0.024929 85327.9 -0.0463101 
16281.9 0.0368734 20279.7 0.0864023 
32563.8 -0.0527594 40559.4 -0.136306 
48845.7 -0.0230321 60839 -0.0124291 
65127.6 0.0160642 81118.7 0.0244359 
81409.5 -0.0300958 101398 -0.0490691 
16226.8 0.0332893 20190.1 0.0741591 
32453.5 -0.046257 40380.2 -0.112727 
48680.3 -0.0281359 60570.3 -0.031055 
64907.1 0.0181793 80760.3 0.0329748 
81133.8 -0.0302583 100950 -0.0494896 
13274.7 0.0592115 16472.9 0.0878731 
26549.4 -0.0937644 32945.9 -0.126574 
39824.1 0.0135909 49418.8 -0.026104 
53098.8 -0.00257565 65891.8 0.0352345 
66373.5 -0.0288134 82364.7 -0.0513567 
14521.2 0.0309792 18030.6 0.0613967 
29042.5 -0.0509886 36061.3 -0.0866455 
43563.7 -0.00241334 54091.9 -0.0365011 
58085 -0.00129887 72122.5 0.0335729 
72606.2 -0.0228891 90153.2 -0.0440389 
13004.5 0.0705521 16193.2 0.0746321 
26009 -0.102274 32386.4 -0.110577 
39013.5 -0.000341367 48579.7 -0.0131444 
52017.9 0.0118291 64772.9 0.0220449 
65022.4 -0.0358104 80966.1 -0.0422334 
14235.6 0.0314025 17740 0.081492 
28471.2 -0.0450739 35480 -0.117837 
42706.8 -0.0207709 53220 -0.0355103 
56942.5 0.0114576 70959.9 0.0388938 
71178.1 -0.0280138 88699.9 -0.0525296 
15717.6 0.0516085 19556.8 0.100541 
31435.2 -0.0793416 39113.5 -0.145562 
47152.8 -0.00227806 58670.3 -0.0582554 
62870.3 0.00700418 78227.1 0.0590727 
78587.9 -0.0297556 97783.8 -0.0690294 
13347.8 0.0476408 16592.9 0.117542 
26695.7 -0.0522316 33185.8 -0.158587 
40043.5 -0.0163455 49778.8 -0.025751 
53391.3 0.0144189 66371.7 0.0449299 
66739.1 -0.0292835 82964.6 -0.0607772 
15888.2 0.0469342 19689.5 0.0573099 
31776.4 -0.0647399 39379.1 -0.0852182 
47664.6 -0.0241894 59068.6 -0.0235648 
63552.7 0.0208354 78758.2 0.0239433 
79440.9 -0.0335717 98447.7 -0.0385172 
15185.9 0.039693 18885.2 0.0732801 
30371.8 -0.055393 37770.5 -0.1083 
45557.8 -0.0173497 56655.7 -0.0120789 
60743.7 0.0136209 75540.9 0.0224882 
75929.6 -0.0286706 94426.2 -0.0402182 
12941.7 0.0360507 16031.9 0.0399699 
25883.4 -0.0558851 32063.8 -0.0549022 
38825.1 -0.0078481 48095.6 -0.0324665 
51766.8 0.00306191 64127.5 0.0231889 
64708.5 -0.026946 80159.4 -0.0343267 
15351.2 0.0501672 19146.4 0.0442151 
30702.3 -0.0744014 38292.8 -0.0673191 
46053.5 -0.00392347 57439.2 -0.0175789 
61404.7 0.00824546 76585.6 0.0154796 
76755.8 -0.0287936 95732 -0.0314786 
14656.2 0.030355 18206.3 0.0803302 
29312.4 -0.0512822 36412.6 -0.121347 
43968.6 -0.00276366 54618.9 -0.0315064 
58624.8 -0.00164172 72825.2 0.034587 
73281 -0.0232436 91031.5 -0.0525201 
14421.8 0.0269781 17927.5 0.0352034 
28843.6 -0.0472418 35855.1 -0.0548102 
43265.3 0.00384947 53782.6 -0.0144573 
57687.1 -0.00700635 71710.1 0.00990809 
72108.9 -0.0196519 89637.6 -0.027235 
16210.8 0.0424428 20173.1 0.0838977 
32421.6 -0.0639857 40346.1 -0.127011 
48632.4 -0.00794478 60519.2 -0.0258453 
64843.1 0.00820563 80692.2 0.0332356 
81053.9 -0.0274122 100865 -0.0512336 
15563.7 0.0496069 19378.6 0.0835656 
31127.4 -0.072502 38757.1 -0.125053 
46691.1 -0.0132965 58135.7 -0.0352568 
62254.9 0.013918 77514.2 0.0386995 
77818.6 -0.0319088 96892.8 -0.0545912 
14823 0.0243999 18507.9 0.110236 
29646.1 -0.0327164 37015.8 -0.161457 
44469.1 -0.0287524 55523.8 -0.0322698 
59292.2 0.014854 74031.7 0.0464518 
74115.2 -0.0273312 92539.6 -0.0631237 
15534 0.079422 19322.5 0.105142 
31067.9 -0.10973 38645 -0.169475 
46601.9 -0.03876 57967.5 -0.0262788 
62135.9 0.0406713 77290.1 0.036059 
77669.8 -0.0516794 96612.6 -0.0650858 
14440.5 0.052028 17948.8 0.0677923 
28880.9 -0.0753572 35897.5 -0.093175 
43321.4 -0.0084226 53846.3 -0.0354075 
57761.8 0.0113897 71795.1 0.0360928 
72202.3 -0.0310598 89743.9 -0.0449461 
13809.9 0.00510139 17175.1 0.0487011 
27619.9 -0.00596171 34350.2 -0.0705156 
41429.8 -0.0330481 51525.3 -0.0159688 
55239.8 0.00954571 68700.5 0.0163301 
69049.7 -0.0225503 85875.6 -0.0317547 
16434.2 0.0812623 20523.9 0.0969642 
32868.4 -0.121829 41047.8 -0.156001 
49302.6 -0.00192406 61571.6 -0.0249865 
65736.8 0.0174485 82095.5 0.0336333 
82171 -0.0407935 102619 -0.060312 
12961.7 0.0608144 16098.1 0.0878055 
25923.4 -0.092277 32196.2 -0.129206 
38885.1 0.00336196 48294.3 -0.0154075 
51846.8 0.00490024 64392.4 0.027854 
64808.4 -0.032242 80490.5 -0.0481911 
14232.6 0.0420829 17753.6 0.0678653 
28465.2 -0.0553338 35507.3 -0.103012 
42697.8 -0.0293205 53260.9 -0.0142971 
56930.4 0.0218199 71014.6 0.0204596 
71163 -0.033519 88768.2 -0.0404661 
15614.7 0.0583793 19450.3 0.11102 
31229.4 -0.0888816 38900.5 -0.179078 
46844 -0.00783393 58350.8 -0.018004 
62458.7 0.0124869 77801 0.0330014 
78073.4 -0.0346599 97251.3 -0.0643904 
16305.4 0.0777506 20269.7 0.0614084 
32610.8 -0.112765 40539.4 -0.0949068 
48916.2 -0.00707241 60809.1 -0.0247354 
65221.6 0.020566 81078.8 0.0248588 
81527 -0.0398823 101348 -0.0421004 
16363.4 0.045391 20401 0.0757691 
32726.7 -0.0716402 40802 -0.117009 
49090.1 0.00293445 61203 -0.020954 
65453.4 0.00186666 81604 0.027149 
81816.8 -0.0254494 102005 -0.0467114 
15391.3 0.0326112 19133 0.0733508 
30782.5 -0.0473747 38265.9 -0.105344 
46173.8 -0.0166526 57398.9 -0.029724 
61565.1 0.0101443 76531.8 0.0337725 
76956.4 -0.0264701 95664.8 -0.046197 
14685.1 0.0858838 18266 0.112381 
29370.1 -0.127224 36531.9 -0.171201 
44055.2 0.00255592 54797.9 -0.0190722 
58740.3 0.0157768 73063.8 0.0371604 
73425.4 -0.0409247 91329.8 -0.0614327 
13250.4 0.0540191 16428.6 0.05016 
26500.7 -0.0793815 32857.3 -0.0654559 
39751.1 -0.00379776 49285.9 -0.042578 
53001.5 0.00807117 65714.6 0.0341604 
66251.9 -0.0310598 82143.2 -0.0405696 
14971.9 0.0736684 18609.7 0.0668308 
29943.7 -0.102506 37219.4 -0.100837 
44915.6 -0.0165676 55829.1 -0.016795 
59887.4 0.0252828 74438.9 0.0221749 
74859.3 -0.0409005 93048.6 -0.0405379 
15303.7 0.0949396 19092.6 0.143196 
30607.4 -0.135127 38185.1 -0.223493 
45911 -0.0256954 57277.7 -0.0536482 
61214.7 0.0372499 76370.2 0.0648101 
76518.4 -0.0537072 95462.8 -0.0910543 
16349.9 0.061062 20410.1 0.107772 
32699.7 -0.0970565 40820.2 -0.166168 
49049.6 0.0147068 61230.3 -0.0239942 
65399.4 -0.00055681 81640.4 0.0386814 
81749.3 -0.0278909 102050 -0.0617889 
14439.5 0.0479426 18013.8 0.0704053 
28879 -0.0733343 36027.6 -0.104961 
43318.4 -0.0034664 54041.4 -0.0309806 
57757.9 0.00579705 72055.2 0.0315629 
72197.4 -0.0290818 90068.9 -0.0475799 
14857 0.0401659 18430.6 0.0636575 
29714 -0.0608525 36861.2 -0.0881502 
44571 -0.0125193 55291.8 -0.058188 
59428 0.00907428 73722.4 0.0474956 
74284.9 -0.0290638 92153 -0.0530671 
15416.9 0.0614998 19176 0.0944309 
30833.8 -0.0861597 38352.1 -0.144587 
46250.8 -0.0265625 57528.1 -0.0351289 
61667.7 0.026701 76704.1 0.0408204 
77084.6 -0.0406305 95880.2 -0.0605182 
14821.2 0.0528514 18408 0.0972261 
29642.5 -0.0709524 36816.1 -0.147642 
44463.7 -0.0301464 55224.1 -0.0118282 
59284.9 0.026353 73632.2 0.0285351 
74106.2 -0.0378183 92040.2 -0.0517002 
17093.5 0.0599633 21308.1 0.121732 
34187 -0.0952365 42616.1 -0.209305 
51280.6 -0.0110295 63924.2 -0.0529713 
68374.1 0.0142365 85232.3 0.0518094 
85467.6 -0.0378094 106540 -0.0891395 
15803.5 0.0547667 19710.5 0.0828683 
31607 -0.0769783 39421 -0.1343 
47410.6 -0.0330404 59131.5 -0.0276059 
63214.1 0.0281318 78842 0.0304943 
79017.6 -0.0407565 98552.5 -0.0555004 
13465.6 0.0133987 16698 0.0375127 
26931.1 -0.0262561 33396.1 -0.0507784 
40396.7 -0.00657123 50094.1 -0.0287264 
53862.2 -0.00598847 66792.2 0.0208188 
67327.8 -0.0185758 83490.2 -0.0313016 
14334.9 0.0648202 17810.8 0.0628113 
28669.9 -0.0979892 35621.6 -0.0919117 
43004.8 0.00535173 53432.5 -0.0282865 
57339.7 0.0063318 71243.3 0.0281035 
71674.7 -0.0321953 89054.1 -0.0426423 
14633.5 0.0362282 18338.6 0.0866364 
29267 -0.0555071 36677.2 -0.133131 
43900.4 -0.00837925 55015.8 -0.0182907 
58533.9 0.00506644 73354.4 0.0283119 
73167.4 -0.0260461 91693 -0.0506106 
13460.6 0.0337888 16736.5 0.0809047 
26921.2 -0.0521051 33473.1 -0.114058 
40381.8 -0.00796774 50209.6 -0.0198912 
53842.4 0.0029981 66946.1 0.0303618 
67303 -0.0255782 83682.7 -0.0448764 
14705.7 0.0441531 18229.5 0.0455984 
29411.4 -0.0634673 36459 -0.0658156 
44117.1 -0.0107601 54688.5 -0.0221717 
58822.8 0.0104884 72918 0.019434 
73528.5 -0.028611 91147.5 -0.0326859 
15654.8 0.0630233 19448.3 0.0847031 
31309.7 -0.0874425 38896.6 -0.116115 
46964.5 -0.0173376 58344.8 -0.0532583 
62619.3 0.0224205 77793.1 0.053258 
78274.2 -0.0368803 97241.4 -0.0579318 
14740.1 0.0355302 18338.9 0.101347 
29480.2 -0.0497826 36677.8 -0.148672 
44220.3 -0.0238408 55016.7 -0.0377582 
58960.4 0.0154236 73355.6 0.0464561 
73700.5 -0.030114 91694.5 -0.0620015 
15771.1 0.0503029 19692.9 0.102159 
31542.2 -0.0779943 39385.8 -0.16332 
47313.4 -0.00539385 59078.7 -0.0194525 
63084.5 0.00814621 78771.6 0.0320023 
78855.6 -0.030746 98464.5 -0.0601718 
16534 0.0741643 20612.5 0.0862201 
33068.1 -0.112805 41225 -0.137732 
49602.1 -0.000919892 61837.5 -0.0352132 
66136.1 0.0140697 82450 0.0368523 
82670.2 -0.0380878 103063 -0.0591513 
15330.8 0.0755704 19091.6 0.124178 
30661.7 -0.110206 38183.3 -0.196502 
45992.5 -0.0141459 57274.9 -0.0291833 
61323.4 0.023053 76366.5 0.0442513 
76654.2 -0.042636 95458.2 -0.0736134 
16314 0.0613078 20337.5 0.0965919 
32627.9 -0.0938069 40675 -0.154856 
48941.9 -0.0078163 61012.6 -0.0373035 
65255.8 0.0136649 81350.1 0.0406572 
81569.8 -0.0358231 101688 -0.0650801 
14733.5 0.0165985 18344.4 0.0946969 
29467 -0.016905 36688.8 -0.14028 
44200.4 -0.0471218 55033.2 -0.0236549 
58933.9 0.0242243 73377.6 0.0357282 
73667.4 -0.0299903 91722 -0.0540457 
14843.4 0.0194782 18557.4 0.0891308 
29686.7 -0.0295191 37114.8 -0.139183 
44530.1 -0.0204702 55672.3 -0.00717334 
59373.4 0.00707734 74229.7 0.0220184 
74216.8 -0.0236436 92787.1 -0.0479474 
15700.7 0.0278898 19574.1 0.122423 
31401.3 -0.0424579 39148.2 -0.192447 
47102 -0.0194935 58722.3 -0.0356973 
62802.6 0.00970039 78296.5 0.0481354 
78503.3 -0.0265035 97870.6 -0.074852 
17519.8 0.0624051 21793 0.0858353 
35039.6 -0.0941735 43585.9 -0.137645 
52559.3 -0.00907253 65378.9 -0.0265863 
70079.1 0.0158464 87171.9 0.0320434 
87598.9 -0.035812 108965 -0.0553362 
15380 0.0707163 19217.3 0.0919429 
30759.9 -0.108869 38434.5 -0.146336 
46139.9 0.00445087 57651.8 -0.0302742 
61519.9 0.00876396 76869.1 0.0352961 
76899.8 -0.0354235 96086.4 -0.059838 
17142.8 0.0557288 21325.9 0.0992806 
34285.5 -0.081775 42651.7 -0.150234 
51428.3 -0.0123634 63977.6 -0.0437262 
68571 0.0162593 85303.4 0.0487 
85713.8 -0.0335019 106629 -0.0648764 
14938.2 0.0480808 18605.4 0.104781 
29876.3 -0.0703111 37210.7 -0.152073 
44814.5 -0.00904298 55816.1 -0.023237 
59752.6 0.0105243 74421.5 0.0400551 
74690.8 -0.0298174 93026.8 -0.0565425 
16064.6 0.0457174 19977.5 0.10284 
32129.1 -0.0690119 39954.9 -0.162269 
48193.7 -0.0147346 59932.4 -0.0308663 
64258.2 0.0129627 79909.9 0.0395735 
80322.8 -0.0317017 99887.4 -0.064234 
16696.1 0.0855384 20849.1 0.0942135 
33392.2 -0.124786 41698.2 -0.151685 
50088.3 -0.0139665 62547.4 -0.034683 
66784.4 0.0270814 83396.5 0.0384545 
83480.5 -0.0459907 104246 -0.0630489 
17038 0.0309904 21178 0.0831346 
34076.1 -0.0515686 42356.1 -0.125559 
51114.1 -0.00145777 63534.1 -0.0406686 
68152.1 -0.000426325 84712.1 0.0419042 
85190.1 -0.0216997 105890 -0.0567184 
16624.6 0.0978149 20749.8 0.12475 
33249.2 -0.149105 41499.6 -0.211536 
49873.8 -0.0122754 62249.4 -0.0685497 
66498.3 0.0278513 82999.1 0.0622686 
83122.9 -0.0529814 103749 -0.0960159 
15064.2 0.0447988 18730.3 0.0410952 
30128.3 -0.0671369 37460.7 -0.0615952 
45192.5 -0.0170449 56191 -0.0427909 
60256.6 0.0135087 74921.3 0.0290233 
75320.8 -0.0324885 93651.6 -0.0403509 
14804.1 0.0277647 18363 0.0537538 
29608.3 -0.0468918 36726.1 -0.0809048 
44412.4 -0.00128618 55089.1 -0.0159571 
59216.6 -0.00302009 73452.2 0.0175033 
74020.7 -0.0212633 91815.2 -0.0346819 
16012.5 0.0934555 19970.7 0.104929 
32024.9 -0.13585 39941.5 -0.166176 
48037.4 -0.0169369 59912.2 -0.0512079 
64049.9 0.0311503 79883 0.0515265 
80062.3 -0.0504196 99853.7 -0.0739219 
14633.7 0.0267435 18266.9 0.0617096 
29267.4 -0.0279239 36533.9 -0.0951557 
43901.2 -0.050769 54800.8 -0.0110172 
58534.9 0.0310128 73067.7 0.0163692 
73168.6 -0.0339608 91334.6 -0.0369744 
16683.8 0.0800273 20795.9 0.101227 
33367.5 -0.122291 41591.8 -0.15984 
50051.3 -0.00429123 62387.7 -0.0660443 
66735.1 0.0176936 83183.6 0.0593699 
83418.9 -0.0421738 103980 -0.0780204 
17056.7 0.0591871 21265.6 0.0795373 
34113.4 -0.0847546 42531.2 -0.12633 
51170.1 -0.0139057 63796.8 -0.0129548 
68226.7 0.0189981 85062.4 0.0227787 
85283.4 -0.0346556 106328 -0.0463368 
16004.7 0.0649219 20010.9 0.0850011 
32009.4 -0.0925505 40021.8 -0.131039 
48014 -0.0233793 60032.7 -0.0547618 
64018.7 0.0258943 80043.5 0.0490961 
80023.4 -0.0410264 100054 -0.064815 
17079.9 0.0461133 21296.6 0.0904653 
34159.9 -0.0701363 42593.1 -0.148791 
51239.8 -0.00802075 63889.7 0.00127273 
68319.8 0.0096492 85186.3 0.0159755 
85399.7 -0.0289191 106483 -0.0475877 
17019.5 0.0431338 21285.6 0.106444 
34039 -0.0628797 42571.1 -0.172431 
51058.4 -0.021757 63856.7 -0.0249565 
68077.9 0.0175 85142.3 0.0361174 
85097.4 -0.0322131 106428 -0.0650282 
16471.1 0.0618158 20502.1 0.100822 
32942.1 -0.0833241 41004.2 -0.154241 
49413.2 -0.0261863 61506.3 -0.0143515 
65884.3 0.0284599 82008.3 0.0315653 
82355.3 -0.0387493 102510 -0.0542062 
17234.8 0.0281879 21498.7 0.088799 
34469.6 -0.0401218 42997.4 -0.13715 
51704.4 -0.0253122 64496 -0.0420532 
68939.2 0.0150233 85994.7 0.0434827 
86174 -0.0272642 107493 -0.0609253 
17617.9 0.0569146 22031.9 0.0994023 
35235.8 -0.083354 44063.8 -0.160948 
52853.8 -0.0167547 66095.8 -0.0295472 
70471.7 0.0194525 88127.7 0.0370598 
88089.6 -0.0355751 110160 -0.0634492 
17265.6 0.0797728 21544.7 0.0861825 
34531.2 -0.120338 43089.5 -0.144185 
51796.8 -0.0200846 64634.2 -0.0539744 
69062.5 0.0274794 86179 0.045426 
86328.1 -0.0477554 107724 -0.0695753 
17213 0.0625114 21472.3 0.0978913 
34426 -0.0873295 42944.5 -0.155731 
51639 -0.0288462 64416.8 -0.0179986 
68852 0.029547 85889 0.0308955 
86065 -0.0411637 107361 -0.05684 
16643.3 0.0581549 20747.9 0.0705575 
33286.5 -0.086303 41495.9 -0.112144 
49929.8 -0.00728208 62243.8 -0.012617 
66573.1 0.0135371 82991.8 0.0197918 
83216.4 -0.0329588 103740 -0.0422688 
16327.4 0.0654208 20376.2 0.107504 
32654.9 -0.0939622 40752.4 -0.169259 
48982.3 -0.0175515 61128.6 -0.0263661 
65309.8 0.022693 81504.8 0.0386413 
81637.2 -0.0389694 101881 -0.06419 
15675.4 0.0573191 19567.5 0.103651 
31350.9 -0.0790289 39134.9 -0.158556 
47026.3 -0.0212627 58702.4 -0.0188216 
62701.7 0.022796 78269.8 0.0346078 
78377.2 -0.0361957 97837.3 -0.0575122 
17222.7 0.0645547 21551.4 0.123457 
34445.4 -0.0986851 43102.9 -0.206544 
51668.1 -0.0111607 64654.3 -0.0461948 
68890.7 0.0170821 86205.8 0.0505665 
86113.4 -0.0382311 107757 -0.0846451 
16282 0.0429022 20362.2 0.0864347 
32563.9 -0.064004 40724.4 -0.129559 
48845.9 -0.0105137 61086.5 -0.0341848 
65127.9 0.0100629 81448.7 0.0393278 
81409.9 -0.0283449 101811 -0.0551714 
17016.2 0.0168156 21197.4 0.0506494 
34032.4 -0.0293366 42394.7 -0.0737457 
51048.6 -0.00955783 63592.1 -0.052062 
68064.8 -8.84468e-06 84789.5 0.0391327 
85081 -0.0187638 105987 -0.0466067 
17128.5 0.0470046 21338.3 0.11765 
34257.1 -0.0652945 42676.6 -0.178441 
51385.6 -0.027673 64015 -0.0542518 
68514.1 0.0234101 85353.3 0.0603186 
85642.7 -0.0347812 106692 -0.0771849 
15458.8 0.061576 19262.8 0.0735304 
30917.5 -0.086289 38525.6 -0.108253 
46376.3 -0.0171873 57788.4 -0.0304575 
61835.1 0.0213966 77051.2 0.0333772 
77293.8 -0.0367429 96314.1 -0.0476953 
14602.9 0.0653358 17996.1 0.087759 
29205.9 -0.0984165 35992.2 -0.128068 
43808.8 0.00681077 53988.4 -0.0130186 
58411.8 0.00596918 71984.5 0.0279435 
73014.7 -0.0315156 89980.6 -0.0460533 
15653.5 0.0654837 19453.5 0.0859159 
31307 -0.0928799 38907 -0.124876 
46960.4 -0.0179749 58360.5 -0.0451862 
62613.9 0.0229616 77814 0.0464725 
78267.4 -0.0389318 97267.5 -0.0580744 
15085.8 0.00804902 18767.3 0.081856 
30171.6 -0.0118644 37534.7 -0.127717 
45257.4 -0.0271422 56302 -0.000944026 
60343.2 0.00756273 75069.4 0.0164492 
75429.1 -0.0213325 93836.7 -0.0420252 
14990.5 0.0827144 18735.9 0.0978984 
29981 -0.11039 37471.7 -0.148475 
44971.5 -0.0216061 56207.6 -0.0116334 
59962 0.0331797 74943.4 0.028873 
74952.5 -0.0443047 93679.3 -0.0517314 
15172.7 0.0395675 19040.1 0.0577888 
30345.4 -0.0576522 38080.2 -0.0830845 
45518.1 -0.0111288 57120.3 -0.0245848 
60690.7 0.00913379 76160.4 0.0254805 
75863.4 -0.0270927 95200.5 -0.0380903 
15967.1 0.0619486 19876.8 0.0888652 
31934.2 -0.0895542 39753.5 -0.141602 
47901.3 -0.0127587 59630.3 -0.00592863 
63868.3 0.0183691 79507.1 0.0207831 
79835.4 -0.0360245 99383.9 -0.0481832 
14511.9 0.0177733 18140.5 0.0520214 
29023.8 -0.0200855 36280.9 -0.0728418 
43535.7 -0.0385618 54421.4 -0.0329854 
58047.6 0.0190751 72561.9 0.0285594 
72559.5 -0.0276434 90702.4 -0.0387596 
15525.2 0.0200912 19310 0.0840466 
31050.4 -0.030328 38619.9 -0.127419 
46575.7 -0.0213315 57929.9 -0.027963 
62100.9 0.00826689 77239.9 0.0340713 
77626.1 -0.0239049 96549.8 -0.0524847 
14978.3 0.0359895 18645.2 0.0829158 
29956.5 -0.0451469 37290.3 -0.117413 
44934.8 -0.0355553 55935.5 -0.0350268 
59913 0.024339 74580.7 0.040458 
74891.3 -0.032765 93225.9 -0.051535 
14081.9 0.0563653 17603.6 0.045373 
28163.9 -0.0844974 35207.1 -0.0673919 
42245.8 0.00639651 52810.7 -0.0148094 
56327.8 0.00312246 70414.2 0.014161 
70409.7 -0.0280228 88017.8 -0.0305543 
14690 0.0420593 18281.2 0.0660718 
29379.9 -0.0661114 36562.3 -0.0978708 
44069.9 0.00100625 54843.5 -0.0201632 
58759.9 0.000976798 73124.7 0.0243586 
73449.8 -0.0253468 91405.9 -0.0409296 
16469.2 0.067587 20570.4 0.139939 
32938.3 -0.103016 41140.7 -0.228513 
49407.5 -0.00974321 61711.1 -0.0517746 
65876.6 0.0169202 82281.4 0.0596485 
82345.8 -0.0390835 102852 -0.0928449 
15089.7 0.0346153 18795.7 0.0718657 
30179.4 -0.0590552 37591.3 -0.102368 
45269.1 0.00971418 56387 -0.0319945 
60358.8 -0.0075756 75182.7 0.0347156 
75448.5 -0.0202206 93978.3 -0.0462972 
17405.6 0.101255 21837.5 0.146527 
34811.3 -0.149491 43674.9 -0.251721 
52216.9 -0.0255204 65512.4 -0.0643192 
69622.6 0.0386583 87349.9 0.064452 
87028.2 -0.0575814 109187 -0.106347 
16310.7 0.0752726 20463.3 0.124455 
32621.5 -0.110355 40926.5 -0.197094 
48932.2 -0.0141126 61389.8 -0.0700372 
65242.9 0.0232954 81853.1 0.0680547 
81553.7 -0.0423435 102316 -0.0904764 
16050.4 0.0609847 20039.7 0.103357 
32100.8 -0.074078 40079.4 -0.148379 
48151.1 -0.0126655 60119.1 -0.0284241 
64201.5 0.01885 80158.9 0.0402531 
80251.9 -0.0322523 100199 -0.0592798 
15478.3 0.0542158 19273.5 0.0824296 
30956.6 -0.0737901 38547 -0.120072 
46434.9 -0.0251665 57820.5 -0.0413349 
61913.1 0.0241683 77094 0.042927 
77391.4 -0.0363738 96367.5 -0.0552505 
16516.9 0.0719428 20639.6 0.105478 
33033.8 -0.105809 41279.3 -0.165114 
49550.7 -0.00481428 61918.9 -0.0223014 
66067.5 0.0168918 82558.6 0.0362119 
82584.4 -0.0372026 103198 -0.0611146 
16228.9 0.0600682 20216.3 0.0885568 
32457.7 -0.0935115 40432.7 -0.132598 
48686.6 0.00939661 60649 -0.0284632 
64915.5 0.00283696 80865.4 0.0367412 
81144.3 -0.028849 101082 -0.053642 
14822.1 0.0906932 18476 0.0525188 
29644.1 -0.12634 36952 -0.0753607 
44466.2 -0.00473907 55428.1 -0.0295175 
59288.3 0.0245132 73904.1 0.0262422 
74110.3 -0.0423928 92380.1 -0.0381849 
15402.3 0.149789 19191.6 0.174102 
30804.6 -0.207553 38383.3 -0.269365 
46206.9 -0.0350997 57574.9 -0.0459176 
61609.2 0.0638155 76766.5 0.0705496 
77011.5 -0.0761319 95958.2 -0.100459 
16808.1 0.104054 21082.9 0.178984 
33616.3 -0.147894 42165.8 -0.299215 
50424.4 -0.0342818 63248.8 -0.0421117 
67232.6 0.0463083 84331.7 0.0624005 
84040.7 -0.0600844 105415 -0.110234 
15621.3 0.0729459 19393.2 0.0804609 
31242.7 -0.101327 38786.4 -0.11316 
46864 -0.0171173 58179.6 -0.0442231 
62485.4 0.0258371 77572.8 0.0454472 
78106.7 -0.0405033 96966 -0.0538865 
17833.3 0.0617213 22304.8 0.124201 
35666.6 -0.0932567 44609.7 -0.203586 
53499.9 -0.0159403 66914.5 -0.065704 
71333.2 0.0196411 89219.3 0.063632 
89166.6 -0.038329 111524 -0.0911506 
14987 0.0616762 18610.8 0.104723 
29974 -0.0761237 37221.5 -0.142484 
44961 -0.00347024 55832.3 -0.0196086 
59948 0.0124277 74443 0.037691 
74935 -0.0297904 93053.8 -0.0532834 
17033.6 0.0379676 21285.9 0.129816 
34067.3 -0.0592781 42571.8 -0.210091 
51100.9 -0.0119102 63857.7 -0.0393573 
68134.5 0.00875407 85143.6 0.0508196 
85168.2 -0.0277606 106429 -0.0818854 
17049.4 0.0288418 21195.5 0.0920897 
34098.7 -0.0375337 42391 -0.142132 
51148.1 -0.038837 63586.5 -0.0409221 
68197.4 0.0240955 84782 0.0437757 
85246.8 -0.0316775 105978 -0.061913 
16246.8 0.0582673 20307.1 0.114342 
32493.6 -0.0890162 40614.2 -0.18385 
48740.3 -0.00444285 60921.2 -0.0299427 
64987.1 0.0108013 81228.3 0.0412717 
81233.9 -0.0330766 101535 -0.0704354 
15937.4 0.0397863 19898.1 0.0837852 
31874.9 -0.054402 39796.3 -0.125865 
47812.3 -0.0299807 59694.4 -0.04926 
63749.8 0.0217344 79592.5 0.0467427 
79687.2 -0.0331545 99490.6 -0.0605823 
18108.5 0.0920558 22723.3 0.170241 
36217 -0.135583 45446.7 -0.300336 
54325.4 -0.0380677 68170 -0.0851503 
72433.9 0.0432259 90893.3 0.079365 
90542.4 -0.0587017 113617 -0.130413 
15389.8 0.0511426 19088.4 0.0898378 
30779.6 -0.0790431 38176.8 -0.130942 
46169.4 0.00294792 57265.2 -0.0260509 
61559.3 0.00350557 76353.6 0.0366314 
76949.1 -0.0276954 95441.9 -0.0519176 
15564.9 0.0687372 19344.4 0.0718308 
31129.9 -0.101713 38688.8 -0.108697 
46694.8 -0.00140734 58033.2 -0.0201073 
62259.7 0.0130757 77377.6 0.0258575 
77824.7 -0.0351379 96722 -0.0439476 
14451.2 0.0237964 17936.5 0.0499387 
28902.4 -0.0328187 35873 -0.0762416 
43353.6 -0.0232208 53809.5 -0.00369499 
57804.7 0.0108683 71746 0.00873508 
72255.9 -0.0253921 89682.5 -0.0285859 
15945.3 0.0144217 19799.4 0.0645866 
31890.6 -0.0154498 39598.9 -0.100748 
47836 -0.0425066 59398.3 -0.0134278 
63781.3 0.0210867 79197.8 0.0188658 
79726.6 -0.0274256 98997.2 -0.0392971 
18434.8 0.0373136 23074.7 0.091961 
36869.5 -0.0574351 46149.3 -0.14823 
55304.3 -0.0134326 69224 -0.0556752 
73739.1 0.0104482 92298.7 0.0504165 
92173.9 -0.0272965 115373 -0.0703554 
16052.4 0.0195581 20040.8 0.0516772 
32104.9 -0.0257571 40081.7 -0.0821304 
48157.3 -0.0304138 60122.5 -0.0147865 
64209.7 0.0149701 80163.3 0.015336 
80262.1 -0.0256134 100204 -0.0347555 
17837 0.081956 22372.9 0.111829 
35673.9 -0.114393 44745.8 -0.186352 
53510.9 -0.0408741 67118.7 -0.0550451 
71347.9 0.0436771 89491.5 0.053163 
89184.8 -0.0531353 111864 -0.0821283 
18411.1 0.12073 23010.5 0.121805 
36822.1 -0.179855 46020.9 -0.208359 
55233.2 -0.0189693 69031.4 -0.0465455 
73644.3 0.0412329 92041.9 0.0491147 
92055.4 -0.0631337 115052 -0.0856749 
18596.4 0.080819 23381 0.176195 
37192.8 -0.118987 46761.9 -0.32088 
55789.2 -0.0443952 70142.9 -0.0809366 
74385.6 0.0434009 93523.9 0.0747867 
92982 -0.0566359 116905 -0.13608 
16536 0.0582612 20601.1 0.0855958 
33071.9 -0.0820202 41202.3 -0.129426 
49607.9 -0.021073 61803.4 -0.0392788 
66143.9 0.0229714 82404.6 0.0416249 
82679.9 -0.0368587 103006 -0.0573733 
16176.3 0.0330034 20105.4 0.0884371 
32352.6 -0.0494582 40210.8 -0.135285 
48528.9 -0.0194939 60316.3 -0.0371964 
64705.2 0.0118458 80421.7 0.0405808 
80881.5 -0.0281408 100527 -0.0585053 
15359.5 0.0193014 19125.1 0.0712869 
30718.9 -0.0257215 38250.2 -0.106044 
46078.4 -0.0285925 57375.3 -0.0179383 
61437.9 0.0132734 76500.4 0.025033 
76797.3 -0.0251869 95625.5 -0.0420825 
15994.9 0.0791608 19881.7 0.0791537 
31989.8 -0.11584 39763.4 -0.116838 
47984.6 4.05782e-05 59645.1 -0.0290515 
63979.5 0.0163693 79526.7 0.0345519 
79974.4 -0.0380317 99408.4 -0.049344 
17940.2 0.080021 22364.9 0.0917387 
35880.4 -0.124635 44729.9 -0.144693 
53820.7 0.0100491 67094.8 -0.0478747 
71760.9 0.00934639 89459.7 0.0468712 
89701.1 -0.0367928 111825 -0.0657561 
16587.7 0.0729093 20741.5 0.103364 
33175.3 -0.106497 41483.1 -0.163774 
49763 -0.0116345 62224.6 -0.0345878 
66350.7 0.0214167 82966.1 0.0418887 
82938.3 -0.0400913 103708 -0.0661289 
16814.5 0.0770657 21027.3 0.124082 
33628.9 -0.108578 42054.7 -0.194216 
50443.4 -0.0207854 63082 -0.0331874 
67257.8 0.0295648 84109.4 0.04805 
84072.3 -0.0437391 105137 -0.0738197 
14997.5 0.00791686 18714 0.083989 
29995 -0.0104905 37428 -0.125073 
44992.5 -0.0303854 56142 -0.020043 
59990 0.00973868 74856 0.0301068 
74987.4 -0.02216 93570 -0.0483471 
15773.6 0.0973038 19599.6 0.0555076 
31547.2 -0.132554 39199.2 -0.0770478 
47320.8 -0.0129444 58798.9 -0.041263 
63094.4 0.0332702 78398.5 0.0354116 
78868 -0.0465331 97998.1 -0.0427952 
15971.5 0.0353055 19823.2 0.0846701 
31943 -0.0499911 39646.4 -0.12567 
47914.4 -0.0209306 59469.6 -0.021042 
63885.9 0.0143373 79292.8 0.0315416 
79857.4 -0.0285123 99116 -0.0485611 
16670.4 0.0606653 20787.7 0.101368 
33340.8 -0.0935874 41575.5 -0.162476 
50011.2 -0.00555761 62363.2 -0.0380993 
66681.6 0.0120687 83151 0.0426374 
83352 -0.0347932 103939 -0.067488 
16504.1 0.0699522 20568.3 0.0803848 
33008.3 -0.0982383 41136.5 -0.11699 
49512.4 -0.0157403 61704.8 -0.0491961 
66016.5 0.0241408 82273.1 0.047257 
82520.6 -0.0389439 102841 -0.0573334 
16431.4 0.0529976 20489.7 0.079728 
32862.7 -0.0718651 40979.4 -0.121713 
49294.1 -0.0309684 61469.1 -0.0328722 
65725.4 0.0276794 81958.7 0.0356716 
82156.8 -0.0378488 102448 -0.0527649 
15535.2 0.010009 19287.4 0.0674836 
31070.3 -0.0159931 38574.9 -0.0960951 
46605.5 -0.0218434 57862.3 -0.0349177 
62140.7 0.00506018 77149.8 0.035078 
77675.8 -0.0202656 96437.2 -0.0456829 
15362.8 0.0510497 19301.7 0.0377452 
30725.7 -0.0720643 38603.5 -0.0554688 
46088.5 -0.0119971 57905.2 -0.0251238 
61451.4 0.0144801 77207 0.0185607 
76814.2 -0.0309356 96508.7 -0.0309579 
15690.8 0.0563359 19532.5 0.0695053 
31381.5 -0.0831834 39065 -0.105166 
47072.3 -0.00369829 58597.5 -0.0184643 
62763.1 0.0104785 78130 0.0242654 
78453.8 -0.0309151 97662.5 -0.0422241 
16403.2 0.0403224 20398.8 0.106097 
32806.4 -0.0562936 40797.6 -0.164567 
49209.6 -0.0226171 61196.4 -0.00479504 
65612.8 0.0176319 81595.2 0.0268782 
82016 -0.0306093 101994 -0.0534884 
16929.6 0.0449641 21074.5 0.0999808 
33859.2 -0.0652262 42149 -0.144862 
50788.8 -0.0148817 63223.5 -0.0552417 
67718.4 0.0142846 84298 0.057745 
84648 -0.0299757 105372 -0.0672344 
17836 0.0729514 22283.3 0.10475 
35672.1 -0.0995885 44566.6 -0.166078 
53508.1 -0.0302448 66849.8 -0.0238489 
71344.1 0.0352078 89133.1 0.0366546 
89180.2 -0.0443994 111416 -0.0619825 
16821.8 0.0483273 20979.8 0.0848712 
33643.6 -0.079742 41959.7 -0.122535 
50465.5 0.0162834 62939.5 -0.0566217 
67287.3 -0.00588357 83919.3 0.0535149 
84109.1 -0.0225423 104899 -0.0616855 
19127.3 0.120891 24090.8 0.211881 
38254.5 -0.190777 48181.6 -0.40783 
57381.8 -0.0143161 72272.3 -0.147817 
76509.1 0.0350465 96363.1 0.112074 
95636.4 -0.0656925 120454 -0.193305 
19889.4 0.137616 25270.1 0.215511 
39778.7 -0.211995 50540.2 -0.44067 
59668.1 -0.0444086 75810.2 -0.161157 
79557.4 0.0592496 101080 0.110966 
99446.8 -0.0833069 126350 -0.212187 
19407.6 0.0837952 24463.9 0.196322 
38815.1 -0.131671 48927.8 -0.380335 
58222.7 -0.0263993 73391.6 -0.121494 
77630.3 0.0314528 97855.5 0.0937653 
97037.9 -0.0537155 122319 -0.173978 
18233.6 0.054346 22801.2 0.120189 
36467.1 -0.0794017 45602.4 -0.192653 
54700.7 -0.0195252 68403.6 -0.0447404 
72934.3 0.0205517 91204.7 0.0523797 
91167.9 -0.035421 114006 -0.0784973 
18372.2 0.0612213 22929.5 0.143317 
36744.5 -0.0865159 45859 -0.225701 
55116.7 -0.0289905 68788.5 -0.0691672 
73488.9 0.0293667 91717.9 0.0743249 
91861.2 -0.0407927 114647 -0.0975649 
16771.1 0.0467598 21013.7 0.0922652 
33542.1 -0.0632878 42027.5 -0.14745 
50313.2 -0.0334887 63041.2 -0.0377682 
67084.3 0.0270726 84055 0.0401323 
83855.3 -0.0365253 105069 -0.0629162 
18581.3 0.138576 23157.1 0.129637 
37162.6 -0.219959 46314.2 -0.212781 
55743.8 0.0341952 69471.3 -0.0886766 
74325.1 0.0119009 92628.5 0.0783122 
92906.4 -0.0541502 115786 -0.103277 
18436.4 0.0890049 23037.7 0.12048 
36872.7 -0.131903 46075.3 -0.193064 
55309.1 -0.0106451 69113 -0.0648182 
73745.4 0.0264934 92150.6 0.0639685 
92181.8 -0.0463017 115188 -0.086932 
0 inf 0 inf 
0 inf 0 inf 
0 inf 0 inf 
0 inf 0 inf 
0 nan 0 nan 
0 -inf 0 inf 
0 -inf 0 inf 
0 nan 0 nan 
0 nan 0 nan 
0 -inf 0 nan 
18426.3 0.0708104 22930.4 0.128429 
36852.6 -0.105704 45860.9 -0.210895 
55278.8 -0.0181804 68791.3 -0.0344011 
73705.1 0.0245551 91721.8 0.0470362 
92131.4 -0.0423471 114652 -0.0801572 
19610.1 0.230441 24410.8 -0.0250551 
39220.1 -0.31738 48821.5 0.00344811 
58830.2 -0.00543088 73232.3 0.0995854 
78440.2 0.078935 97643 -0.0835893 
98050.3 -0.0910614 122054 0.0328989 
15607.4 0.0152399 19400.6 0.14701 
31214.8 -0.0410609 38801.2 -0.335334 
46822.3 0.041796 58201.9 -0.264001 
62429.7 -0.0356867 77602.5 0.146478 
78037.1 -0.00337564 97003.1 -0.226739 
17457.4 0.0227229 21899.6 0.177625 
34914.9 -0.0127685 43799.3 -0.263396 
52372.3 -0.0757791 65698.9 -0.0402926 
69829.8 0.0490413 87598.5 0.0735849 
87287.2 -0.0376178 109498 -0.0940225 
0 inf 0 inf 
0 inf 0 inf 
0 inf 0 inf 
0 inf 0 inf 
0 nan 0 nan 
24303.8 0.11676 30826.7 0.189872 
48607.5 -0.198327 61653.3 -0.437366 
72911.3 -0.0629239 92480 -0.0909004 
97215 0.0580887 123307 0.0508512 
121519 -0.0890978 154133 -0.186974 
17598.7 -0.0488297 21448.1 -0.0827644 
35197.4 0.0650793 42896.2 0.143821 
52796.1 0.037959 64344.3 -0.032745 
70394.8 -0.0491824 85792.5 -0.00802794 
87993.4 0.0267864 107241 0.0245947 
16844.6 0.0910253 20969.6 0.109019 
33689.2 -0.129567 41939.1 -0.16888 
50533.8 -0.0186264 62908.7 -0.0435596 
67378.4 0.0328264 83878.2 0.0501221 
84223.1 -0.0486638 104848 -0.0706984 
17411.6 0.0512319 21750.1 0.111167 
34823.3 -0.0717245 43500.1 -0.178686 
52234.9 -0.0264104 65250.2 -0.0148422 
69646.5 0.0241677 87000.3 0.0323361 
87058.2 -0.0359564 108750 -0.0623122 
16621.5 0.0456178 20687 0.078084 
33242.9 -0.0659198 41373.9 -0.119764 
49864.4 -0.0181464 62060.9 -0.0308744 
66485.8 0.0162849 82747.9 0.0338965 
83107.3 -0.031595 103435 -0.0514259 
17297.5 0.0491189 21611.1 0.124582 
34595 -0.0737424 43222.1 -0.184825 
51892.5 -0.00568617 64833.2 -0.060167 
69190 0.00974043 86444.2 0.067468 
86487.5 -0.028735 108055 -0.0807287 
17193 0.0682518 21488.5 0.120751 
34386 -0.0964583 42977.1 -0.194264 
51579 -0.0240233 64465.6 -0.025008 
68771.9 0.0284162 85954.1 0.0406395 
85964.9 -0.0417684 107443 -0.0711134 
16346.5 0.0650888 20303.4 0.0810062 
32693 -0.092494 40606.8 -0.123923 
49039.5 -0.0185337 60910.2 -0.0266555 
65386 0.0235171 81213.7 0.0323657 
81732.5 -0.0388144 101517 -0.0508784 
18914.1 0.100024 23731.9 0.130104 
37828.2 -0.140215 47463.8 -0.21348 
56742.3 -0.0368253 71195.7 -0.066354 
75656.4 0.0481089 94927.6 0.0659342 
94570.5 -0.0580799 118659 -0.0940555 
18898.1 0.104092 23628.6 0.136151 
37796.2 -0.144376 47257.2 -0.224858 
56694.3 -0.0508397 70885.8 -0.0607332 
75592.5 0.0581008 94514.4 0.0638046 
94490.6 -0.0647754 118143 -0.0952543 
19120 0.100251 23957.2 0.125577 
38240.1 -0.150447 47914.5 -0.215401 
57360.1 -0.0156878 71871.7 -0.0462294 
76480.1 0.0326587 95828.9 0.0499158 
95600.2 -0.0536101 119786 -0.0875437 
19577.2 0.0917463 24539 0.179632 
39154.4 -0.132959 49077.9 -0.310215 
58731.6 -0.0358919 73616.9 -0.0519675 
78308.7 0.0433459 98155.9 0.0655942 
97885.9 -0.0563073 122695 -0.118314 
19356.9 0.0877865 24234.3 0.144137 
38713.8 -0.123838 48468.6 -0.243817 
58070.6 -0.0413281 72702.8 -0.0630364 
77427.5 0.0462466 96937.1 0.065268 
96784.4 -0.0556044 121171 -0.102473 
16976.5 0.040123 21193.7 0.11252 
33952.9 -0.0597172 42387.4 -0.177943 
50929.4 -0.0162533 63581.1 -0.0320817 
67905.8 0.0128964 84774.8 0.043373 
84882.3 -0.0292733 105968 -0.0689712 
19104.6 0.0819846 23889.7 0.139202 
38209.3 -0.12197 47779.5 -0.241555 
57313.9 -0.0299148 71669.2 -0.0635535 
76418.5 0.0353115 95558.9 0.0620035 
95523.1 -0.0514776 119449 -0.102944 
18582.6 0.095603 23227.5 0.15948 
37165.2 -0.124884 46455 -0.254409 
55747.8 -0.0373392 69682.5 -0.0694887 
74330.4 0.0462673 92910 0.075103 
92913 -0.0551846 116137 -0.108258 
15964.4 0.0607091 19913.2 0.0606159 
31928.9 -0.0776514 39826.5 -0.0900984 
47893.3 -0.036222 59739.7 -0.0263846 
63857.7 0.0349505 79652.9 0.0267241 
79822.1 -0.0409211 99566.1 -0.0409748 
16710.2 0.0413189 20866 0.0843106 
33420.4 -0.0522613 41732 -0.133939 
50130.6 -0.0407531 62598 -0.0103393 
66840.8 0.0304258 83464 0.022528 
83550.9 -0.0360553 104330 -0.0475246 
17674.1 0.0633796 22076.6 0.14059 
35348.2 -0.0909018 44153.3 -0.230883 
53022.3 -0.0299333 66229.9 -0.0354404 
70696.4 0.02983 88306.5 0.0506114 
88370.5 -0.0427996 110383 -0.0865819 
17818.4 0.0886129 22260.8 0.12442 
35636.8 -0.123492 44521.5 -0.200955 
53455.2 -0.0330866 66782.3 -0.034805 
71273.6 0.0417101 89043 0.0472219 
89092 -0.0522891 111304 -0.0770822 
16975.2 0.0811107 21164.8 0.0724852 
33950.4 -0.113261 42329.6 -0.10879 
50925.6 -0.0208297 63494.4 -0.04739 
67900.8 0.0314998 84659.2 0.0426121 
84876 -0.0447883 105824 -0.0547478 
16870.2 0.0573978 21131.4 0.131409 
33740.4 -0.0859908 42262.7 -0.209477 
50610.5 -0.00835218 63394.1 -0.0181471 
67480.7 0.0137344 84525.4 0.0403052 
84350.9 -0.0333637 105657 -0.0724311 
18024.5 0.0653148 22498.9 0.0974921 
36048.9 -0.0964704 44997.8 -0.153931 
54073.4 -0.0140589 67496.6 -0.054027 
72097.9 0.0206251 89995.5 0.0520317 
90122.3 -0.0380409 112494 -0.0709536 
17600.9 0.0713768 21963.6 0.100119 
35201.7 -0.100344 43927.3 -0.161373 
52802.6 -0.0294 65890.9 -0.0338008 
70403.5 0.0329785 87854.6 0.0399319 
88004.3 -0.0448208 109818 -0.0652527 
19061.1 0.0850615 23871.7 0.141195 
38122.3 -0.116555 47743.4 -0.236282 
57183.4 -0.0502544 71615.2 -0.0550418 
76244.6 0.0514804 95486.9 0.0608219 
95305.7 -0.056881 119359 -0.0966148 
18831.9 0.0735349 23571.8 0.136596 
37663.9 -0.106117 47143.5 -0.227596 
56495.8 -0.0272755 70715.3 -0.0373875 
75327.7 0.0321159 94287.1 0.0499045 
94159.6 -0.0455531 117859 -0.0866198 
17749.9 0.0430954 22146.3 0.117938 
35499.8 -0.0608713 44292.5 -0.184851 
53249.7 -0.0246467 66438.8 -0.0343139 
70999.7 0.0202276 88585 0.0471566 
88749.6 -0.032308 110731 -0.071422 
15010.4 0.0441386 18635.4 0.0548673 
30020.8 -0.0650618 37270.8 -0.0738351 
45031.2 -0.00896917 55906.2 -0.0444221 
60041.6 0.00906401 74541.6 0.0373464 
75052 -0.0284093 93177.1 -0.0431215 
18685.7 0.104858 23325.4 0.127338 
37371.3 -0.153203 46650.7 -0.208583 
56057 -0.0223834 69976.1 -0.0588171 
74742.7 0.0392289 93301.5 0.0609206 
93428.3 -0.0566278 116627 -0.0895104 
17078.1 0.0600805 21211.5 0.103382 
34156.2 -0.0887819 42423 -0.164602 
51234.3 -0.0100712 63634.5 -0.00873431 
68312.3 0.0161387 84846 0.0270651 
85390.4 -0.0345883 106058 -0.0555988 
15169 0.138957 18769.1 0.0512547 
30338 -0.209935 37538.3 -0.0702159 
45507.1 0.0537787 56307.4 -0.0337008 
60676.1 0.00280665 75076.5 0.0295297 
75845.1 -0.0427996 93845.6 -0.0379035 
19933.8 0.162247 25227 0.177788 
39867.6 -0.250984 50454 -0.332164 
59801.5 -0.0171481 75681 -0.0558981 
79735.3 0.0509221 100908 0.058288 
99669.1 -0.0830788 126135 -0.129875 
19463.3 0.0656858 24419 0.141506 
38926.6 -0.0963377 48838 -0.243903 
58389.9 -0.0277656 73257 -0.0587031 
77853.2 0.0294437 97676.1 0.0605201 
97316.5 -0.0431844 122095 -0.101298 
18615.1 0.0712205 23305.6 0.0972661 
37230.2 -0.099304 46611.1 -0.163662 
55845.2 -0.042381 69916.7 -0.0443812 
74460.3 0.0411054 93222.3 0.0430209 
93075.4 -0.0494982 116528 -0.0710697 
15103.1 0.130109 18282.8 -0.137147 
30206.3 -0.212901 36565.6 0.13475 
45309.4 0.103263 54848.5 0.0543539 
60412.5 -0.0340853 73131.3 -0.109222 
75515.6 -0.025601 91414.1 0.0433449 
21648.3 0.12181 27071.5 0.0676936 
43296.5 -0.204493 54143.1 -0.138054 
64944.8 -0.0367185 81214.6 0.0040984 
86593 0.0445288 108286 4.75923e-05 
108241 -0.0801695 135358 -0.0461518 
17369.7 0.039368 21679.6 0.0920282 
34739.4 -0.0593826 43359.1 -0.149845 
52109.1 -0.0172861 65038.7 -0.0337288 
69478.8 0.0131688 86718.2 0.0369756 
86848.5 -0.0296001 108398 -0.0621806 
17587.2 0.0482758 21971.2 0.115883 
35174.3 -0.0479235 43942.5 -0.175492 
52761.5 -0.0528531 65913.7 -0.0380604 
70348.7 0.0414402 87884.9 0.0476777 
87935.9 -0.0398149 109856 -0.0714821 
0 inf 0 inf 
0 nan 0 nan 
0 inf 0 inf 
0 inf 0 inf 
0 inf 0 inf 
16686.5 0.0546713 20789.2 0.081396 
33373 -0.0811677 41578.3 -0.126057 
50059.5 -0.00950437 62367.5 -0.0294591 
66746 0.0136899 83156.7 0.0336853 
83432.5 -0.0324612 103946 -0.0527614 
