5960.82 0.0748258 7311.59 -0.0014088 
11921.6 -0.103258 14623.2 -0.0109035 
17882.5 -0.0194794 21934.8 -0.0243969 
23843.3 0.0115841 29246.3 -0.0130442 
29804.1 -0.0525243 36557.9 -0.0291956 
13775.5 0.0226382 17150.7 0.0770671 
27551 -0.0300673 34301.4 -0.105416 
41326.4 -0.0281709 51452.2 -0.0376371 
55101.9 0.0131455 68602.9 0.0404397 
68877.4 -0.0268811 85753.6 -0.0492532 
11845.5 -0.00204374 14748 0.0555294 
23691.1 -0.00518112 29496.1 -0.0881693 
35536.6 -0.0157761 44244.1 0.00744044 
47382.1 -0.00807985 58992.2 0.000982746 
59227.7 -0.0179231 73740.2 -0.0290433 
15047.3 0.027764 18693.1 0.0949311 
30094.7 -0.0385408 37386.2 -0.144095 
45142 -0.0318456 56079.3 -0.0358626 
60189.3 0.0175815 74772.4 0.041646 
75236.7 -0.0302543 93465.5 -0.0606305 
13682.7 0.0195567 17071.4 0.040251 
27365.3 -0.0306673 34142.8 -0.064254 
41048 -0.0163453 51214.2 -0.00249428 
54730.7 0.00345963 68285.6 0.0035885 
68413.3 -0.0229886 85357 -0.0254505 
13043.5 0.0389415 16136 0.079674 
26087 -0.0535515 32272.1 -0.122087 
39130.4 -0.0237005 48408.1 -0.00119007 
52173.9 0.0155253 64544.1 0.015379 
65217.4 -0.0317997 80680.1 -0.0410891 
13639.8 -0.00499451 16908.2 0.0801312 
27279.5 -0.00816821 33816.5 -0.110076 
40919.3 0.00693458 50724.7 -0.0205713 
54559 -0.0228778 67633 0.0316256 
68198.8 -0.00931678 84541.2 -0.0435542 
15249.8 0.118016 19020.5 0.13514 
30499.5 -0.0796557 38040.9 -0.129865 
45749.3 -0.00252518 57061.4 -0.0196136 
60999.1 0.0370573 76081.8 0.0507881 
76248.8 -0.0320361 95102.3 -0.0521324 
0 inf 0 inf 
0 inf 0 inf 
0 inf 0 inf 
0 nan 0 nan 
0 nan 0 nan 
15282.1 0.0416388 19084 0.0639471 
30564.2 -0.0636192 38167.9 -0.0940803 
45846.3 -0.00594035 57251.9 -0.0351885 
61128.4 0.00587596 76335.8 0.0328218 
76410.6 -0.0269832 95419.8 -0.0458103 
15293.4 0.0423861 19009.1 0.0790334 
30586.9 -0.0624428 38018.1 -0.114643 
45880.3 -0.0128221 57027.2 -0.0352887 
61173.8 0.0108902 76036.3 0.0384191 
76467.2 -0.0291626 95045.4 -0.0512507 
14545.5 0.0681881 18172.4 0.0798333 
29090.9 -0.0988467 36344.8 -0.117506 
43636.4 -0.00307281 54517.3 -0.0288975 
58181.9 0.0138946 72689.7 0.0340515 
72727.3 -0.0351837 90862.1 -0.0498906 
14463.8 0.060891 18053.2 0.117326 
28927.6 -0.0838455 36106.4 -0.174769 
43391.3 -0.024934 54159.6 -0.039457 
57855.1 0.0253964 72212.8 0.0516104 
72318.9 -0.0395252 90265.9 -0.0703681 
14635.5 0.0530214 18230.8 0.105804 
29271.1 -0.0768441 36461.6 -0.153685 
43906.6 -0.00922273 54692.4 -0.027142 
58542.2 0.0123278 72923.3 0.0423894 
73177.7 -0.0317141 91154.1 -0.0587384 
14796.3 0.0767344 18455.4 0.0755809 
29592.7 -0.0994272 36910.7 -0.1119 
44389 -0.030791 55366.1 -0.022196 
59185.4 0.0370326 73821.5 0.0287377 
73981.7 -0.0448555 92276.9 -0.0455814 
15598.3 0.0314213 19416.4 0.0625875 
31196.5 -0.0492415 38832.7 -0.0934886 
46794.8 -0.00854012 58249.1 -0.0218652 
62393.1 0.00391974 77665.4 0.0244431 
77991.4 -0.0240832 97081.8 -0.0402372 
14805.9 0.062668 18456.6 0.0814633 
29611.8 -0.0847587 36913.2 -0.118451 
44417.7 -0.0246994 55369.8 -0.0355141 
59223.5 0.0267326 73826.4 0.039009 
74029.4 -0.0392489 92283 -0.0525855 
15599.7 0.0645667 19442.7 0.0753962 
31199.4 -0.0860799 38885.5 -0.117365 
46799.1 -0.0308195 58328.2 -0.0119136 
62398.7 0.0319167 77771 0.0211554 
77998.4 -0.0415701 97213.7 -0.0434298 
15179.6 0.0764849 18919.3 0.0983703 
30359.1 -0.106678 37838.6 -0.146909 
45538.7 -0.015859 56757.9 -0.0234717 
60718.3 0.0259645 75677.2 0.0366612 
75897.8 -0.0416655 94596.5 -0.055816 
14832 0.0489719 18485.8 0.0805531 
29663.9 -0.0837619 36971.7 -0.120132 
44495.9 0.021753 55457.5 -0.035451 
59327.8 -0.0111704 73943.3 0.037601 
74159.8 -0.0226713 92429.2 -0.0534991 
13175 0.0851182 16344.7 0.0607899 
26349.9 -0.123249 32689.5 -0.0898371 
39524.9 0.00480305 49034.2 -0.0160664 
52699.8 0.0140425 65379 0.0193591 
65874.8 -0.0392483 81723.7 -0.0376431 
13578.6 0.067926 16897.2 0.05222 
27157.2 -0.0955277 33794.4 -0.0759421 
40735.9 -0.0119014 50691.6 -0.0266584 
54314.5 0.0191005 67588.8 0.0233359 
67893.1 -0.0379788 84486 -0.0378316 
14920.8 0.0266916 18538 0.0857971 
29841.5 -0.0415301 37075.9 -0.118087 
44762.3 -0.0110302 55613.9 -0.041567 
59683.1 0.00362564 74151.8 0.0463802 
74603.9 -0.0231934 92689.8 -0.0539061 
15971 0.0537318 19915.4 0.0696237 
31942.1 -0.079567 39830.8 -0.105632 
47913.1 -0.0107167 59746.1 -0.0322282 
63884.1 0.013713 79661.5 0.0321932 
79855.2 -0.0327639 99576.9 -0.0480353 
14737.7 0.0124969 18355.8 0.0789522 
29475.3 -0.0172532 36711.5 -0.10667 
44213 -0.0271343 55067.3 -0.0468988 
58950.7 0.00920395 73423 0.0475688 
73688.4 -0.0227854 91778.8 -0.0528373 
16379.7 0.0848371 20403.7 0.0936436 
32759.3 -0.127593 40807.5 -0.138319 
49139 0.00862242 61211.2 -0.0423907 
65518.6 0.0123843 81615 0.0470648 
81898.3 -0.0380788 102019 -0.0606867 
16418.4 0.0558854 20450.3 0.101414 
32836.7 -0.0687771 40900.5 -0.14966 
49255.1 -0.015655 61350.8 -0.0264934 
65673.5 0.0183439 81801.1 0.0372196 
82091.8 -0.0321776 102251 -0.0593431 
15917.7 0.0625776 19834.2 0.0735174 
31835.3 -0.0957515 39668.4 -0.109345 
47753 0.00183089 59502.7 -0.0445472 
63670.7 0.0083154 79336.9 0.0411791 
79588.3 -0.0325062 99171.1 -0.0538817 
14865.4 0.0545058 18491.3 0.0801369 
29730.9 -0.0746263 36982.7 -0.114863 
44596.3 -0.0250326 55474 -0.0426299 
59461.8 0.0235762 73965.3 0.0432414 
74327.2 -0.036876 92456.7 -0.0542953 
16431 0.0546907 20479.7 0.0861017 
32862 -0.0775517 40959.4 -0.130153 
49292.9 -0.0197441 61439 -0.0428532 
65723.9 0.0206963 81918.7 0.0437912 
82154.9 -0.0352463 102398 -0.0590909 
16294.1 0.0483833 20294 0.0611706 
32588.2 -0.0695383 40588.1 -0.0934377 
48882.4 -0.0200104 60882.1 -0.0370125 
65176.5 0.0182011 81176.2 0.0321803 
81470.6 -0.0334081 101470 -0.046628 
15081.2 0.0462908 18808.7 0.0697903 
30162.4 -0.0731654 37617.5 -0.103481 
45243.7 0.00600803 56426.2 -0.0227476 
60324.9 -0.000502379 75234.9 0.0272506 
75406.1 -0.0251481 94043.6 -0.0434108 
16132.8 0.0483277 20126.6 0.0849589 
32265.6 -0.0739078 40253.1 -0.131225 
48398.4 -0.00986137 60379.7 -0.0524882 
64531.1 0.0107206 80506.3 0.047744 
80663.9 -0.0311593 100633 -0.0639293 
15459.1 0.0556479 19342.7 0.126366 
30918.3 -0.0801607 38685.5 -0.202079 
46377.4 -0.02775 58028.2 -0.066594 
61836.5 0.0245379 77370.9 0.0654891 
77295.6 -0.0398801 96713.7 -0.0910487 
15094.2 0.0411169 18835.8 0.0793844 
30188.3 -0.0636919 37671.5 -0.118653 
45282.5 -0.00704448 56507.3 -0.0487704 
60376.7 0.00592547 75343 0.0448607 
75470.9 -0.0276856 94178.8 -0.0585788 
15150.4 0.0522927 18906.6 0.0752295 
30300.7 -0.0782255 37813.1 -0.118058 
45451.1 -0.0119829 56719.7 -0.0309007 
60601.4 0.013145 75626.2 0.0313416 
75751.8 -0.0333952 94532.8 -0.0518362 
16601.9 0.0322139 20737.8 0.090067 
33203.7 -0.0473239 41475.5 -0.138648 
49805.6 -0.0193642 62213.3 -0.0395741 
66407.5 0.0121142 82951 0.0423614 
83009.3 -0.0271844 103689 -0.0604202 
16709.6 0.0622453 20813.7 0.0496186 
33419.3 -0.0858795 41627.5 -0.0762856 
50128.9 -0.0281975 62441.2 -0.0334269 
66838.6 0.0291702 83255 0.0265772 
83548.2 -0.0404998 104069 -0.0402785 
14025.3 0.0470569 17525.7 0.0956293 
28050.7 -0.0689341 35051.5 -0.142481 
42076 -0.0156808 52577.2 -0.0437334 
56101.3 0.0132498 70102.9 0.0467413 
70126.7 -0.0326737 87628.7 -0.063404 
15145.8 0.0684837 18878.1 0.0613985 
30291.5 -0.085178 37756.2 -0.0903787 
45437.3 -0.0450037 56634.3 -0.0278163 
60583.1 0.0433885 75512.4 0.0276838 
75728.9 -0.0463623 94390.5 -0.0417913 
14586.9 0.0478093 18185.9 0.11071 
29173.8 -0.0647243 36371.7 -0.16723 
43760.7 -0.0318716 54557.6 -0.037456 
58347.6 0.0251002 72743.4 0.0475753 
72934.5 -0.0371365 90929.3 -0.0677837 
14496.4 0.0384826 18013.8 0.0697671 
28992.8 -0.0600981 36027.6 -0.106608 
43489.2 -0.00802683 54041.5 -0.0194155 
57985.6 0.00503173 72055.3 0.0238202 
72482 -0.0274224 90069.1 -0.0436246 
16319.5 0.0753443 20331.3 0.0919584 
32639 -0.112011 40662.6 -0.144097 
48958.5 -0.00694342 60993.9 -0.031473 
65278 0.0186843 81325.3 0.0372613 
81597.6 -0.0400576 101657 -0.0590682 
14600.1 0.0599331 18241.5 0.0996539 
29200.3 -0.0899796 36483.1 -0.152301 
43800.4 -0.0129084 54724.6 -0.0633916 
58400.5 0.0156033 72966.1 0.0582059 
73000.6 -0.0373372 91207.7 -0.0746956 
16351.2 0.0336878 20340.8 0.0715788 
32702.4 -0.0505526 40681.5 -0.103418 
49053.6 -0.0150646 61022.3 -0.0471598 
65404.9 0.00962746 81363 0.0433404 
81756.1 -0.0265444 101704 -0.0527219 
15594.7 0.0386674 19434.5 0.0756831 
31189.4 -0.0583559 38869.1 -0.114781 
46784 -0.009527 58303.6 -0.0195693 
62378.7 0.00745474 77738.1 0.026717 
77973.4 -0.0267544 97172.7 -0.0454368 
14028.8 0.0211566 17420.8 0.0675295 
28057.5 -0.0271295 34841.6 -0.104092 
42086.3 -0.0370108 52262.3 -0.0172405 
56115.1 0.0181769 69683.1 0.0212744 
70143.8 -0.0294978 87103.9 -0.0423492 
16969.6 0.0673439 21183.5 0.0826051 
33939.2 -0.0971073 42367 -0.13016 
50908.8 -0.0211535 63550.5 -0.0409892 
67878.4 0.0256007 84734.1 0.0399301 
84848 -0.0411371 105918 -0.0589743 
14437.6 0.044393 17959.8 0.0539319 
28875.2 -0.0623489 35919.5 -0.0865957 
43312.7 -0.0249874 53879.3 -0.0099476 
57750.3 0.0189572 71839 0.0119872 
72187.9 -0.0341095 89798.8 -0.034737 
14516.1 0.0293186 18108.7 0.0643283 
29032.1 -0.0501325 36217.5 -0.0943859 
43548.2 0.00283167 54326.2 -0.0243499 
58064.3 -0.00540863 72435 0.0263946 
72580.4 -0.0207274 90543.7 -0.0416184 
17113.3 0.065754 21288.9 0.0863657 
34226.7 -0.0861513 42577.7 -0.126646 
51340 -0.00652321 63866.6 -0.0235535 
68453.4 0.0159327 85155.5 0.0313415 
85566.7 -0.033232 106444 -0.0513834 
14952.4 0.0628303 18619.6 0.060033 
29904.7 -0.0856311 37239.2 -0.0840992 
44857.1 -0.0235835 55858.8 -0.0434538 
59809.5 0.0260198 74478.4 0.037561 
74761.8 -0.0390536 93098 -0.0459722 
15329.6 0.0441707 19115.1 0.0782683 
30659.2 -0.0642967 38230.2 -0.112136 
45988.9 -0.0149293 57345.3 -0.0467223 
61318.5 0.0130013 76460.4 0.0452222 
76648.1 -0.0304127 95575.5 -0.0550744 
14980.7 0.0699122 18614.9 0.0895395 
29961.5 -0.103909 37229.8 -0.141179 
44942.2 -0.00913205 55844.6 -0.0182976 
59922.9 0.017306 74459.5 0.0280097 
74903.6 -0.0392889 93074.4 -0.0533407 
15936.8 0.0485321 19770 0.0936452 
31873.7 -0.0636903 39540 -0.137791 
47810.5 -0.040118 59310 -0.0501808 
63747.4 0.0316968 79080 0.0514534 
79684.2 -0.0393545 98850 -0.0638669 
15496 0.0629543 19260.8 0.0753321 
30991.9 -0.0972638 38521.6 -0.114375 
46487.9 0.00503635 57782.4 -0.0253856 
61983.9 0.00598281 77043.2 0.0297992 
77479.8 -0.0319102 96304 -0.0478134 
15140.9 0.0673498 18833.5 0.0695804 
30281.9 -0.0933032 37666.9 -0.103485 
45422.8 -0.014347 56500.4 -0.0168029 
60563.8 0.0220023 75333.9 0.0236965 
75704.7 -0.0373889 94167.3 -0.0409785 
0 inf 0 inf 
0 nan 0 nan 
0 nan 0 nan 
0 nan 0 nan 
0 nan 0 nan 
14134.2 0.037816 17642.1 0.076548 
28268.4 -0.0551108 35284.3 -0.102305 
42402.6 -0.0163317 52926.4 -0.0632512 
56536.8 0.0107366 70568.6 0.0560032 
70671 -0.029062 88210.7 -0.058536 
15595.9 0.0777047 19504.3 0.092645 
31191.8 -0.111521 39008.5 -0.146131 
46787.8 -0.0191654 58512.8 -0.0420609 
62383.7 0.0273949 78017 0.0427859 
77979.6 -0.0446675 97521.3 -0.064412 
16905.8 0.054117 20992 0.0766289 
33811.7 -0.0749893 41984 -0.11649 
50717.5 -0.0253731 62975.9 -0.0303189 
67623.4 0.0245945 83967.9 0.0336313 
84529.2 -0.0364354 104960 -0.0500446 
17437 0.0696712 21704.9 0.0973376 
34874 -0.0990661 43409.8 -0.155559 
52310.9 -0.0251483 65114.6 -0.031162 
69747.9 0.0294709 86819.5 0.0380427 
87184.9 -0.0429538 108524 -0.0623325 
18036.5 0.031457 22513.5 0.0904994 
36073 -0.0474709 45027 -0.152289 
54109.6 -0.023033 67540.6 -0.02672 
72146.1 0.0142524 90054.1 0.0310427 
90182.6 -0.028463 112568 -0.0605158 
15368.5 0.053424 19143.3 0.105657 
30737 -0.0780544 38286.7 -0.168378 
46105.6 -0.0194512 57430 -0.0164682 
61474.1 0.0185649 76573.3 0.0312606 
76842.6 -0.0360643 95716.6 -0.0604489 
13900 0.0439515 17294.3 0.0785404 
27800.1 -0.066555 34588.6 -0.112258 
41700.1 -0.00569399 51883 -0.0307425 
55600.1 0.00563894 69177.3 0.0354815 
69500.1 -0.0282786 86471.6 -0.0489785 
15359.5 0.0551656 19172.3 0.0771886 
30718.9 -0.0785041 38344.7 -0.114686 
46078.4 -0.0127535 57517 -0.0236785 
61437.8 0.0161088 76689.4 0.0302837 
76797.3 -0.033072 95861.7 -0.0468232 
14855.9 0.159734 18548.6 0.154813 
29711.8 -0.139756 37097.2 -0.172792 
44567.8 -0.0181863 55645.9 -0.0312671 
59423.7 0.0604859 74194.5 0.0591216 
74279.6 -0.0546759 92743.1 -0.0708802 
17047.2 0.0601326 21268.4 0.0744501 
34094.4 -0.0856232 42536.7 -0.115654 
51141.6 -0.0216247 63805.1 -0.0358684 
68188.8 0.0238998 85073.4 0.0352941 
85236.1 -0.0380301 106342 -0.0524443 
14964.7 0.0413998 18670.5 0.0791858 
29929.5 -0.0676993 37341 -0.122786 
44894.2 0.00393233 56011.5 -0.0257819 
59858.9 -0.00163808 74682 0.0300178 
74823.7 -0.0248418 93352.5 -0.050888 
16207.9 0.0416185 20281.3 0.0803041 
32415.7 -0.0644622 40562.6 -0.133629 
48623.6 -0.0134821 60843.8 -0.0261613 
64831.4 0.0104433 81125.1 0.0279185 
81039.3 -0.0301116 101406 -0.0550706 
16326.8 0.0520951 20337.8 0.0916787 
32653.6 -0.076289 40675.5 -0.14596 
48980.3 -0.0225388 61013.3 -0.037415 
65307.1 0.0204358 81351 0.0397185 
81633.9 -0.0365091 101689 -0.0624207 
15348.7 0.0978632 19161.8 0.0846029 
30697.3 -0.125798 38323.6 -0.119887 
46046 -0.00437387 57485.3 -0.0191017 
61394.7 0.0265542 76647.1 0.0285525 
76743.3 -0.0429917 95808.9 -0.0477686 
16996.1 0.0965068 21283.8 0.104966 
33992.2 -0.137607 42567.7 -0.17538 
50988.3 -0.0408836 63851.5 -0.0637817 
67984.5 0.0473665 85135.3 0.0558262 
84980.6 -0.0600718 106419 -0.082856 
14851 0.0711476 18500.4 0.0807411 
29702 -0.104076 37000.9 -0.121558 
44553 -0.00952149 55501.3 -0.0369579 
59404 0.0184287 74001.7 0.038109 
74255 -0.0392905 92502.2 -0.0546983 
15370.7 0.0465434 19106.4 0.0723126 
30741.3 -0.0680024 38212.8 -0.10583 
46112 -0.0151043 57319.3 -0.0403847 
61482.6 0.0138089 76425.7 0.038753 
76853.3 -0.0315133 95532.1 -0.0511025 
14779.2 0.0451243 18399.5 0.0947721 
29558.5 -0.0625817 36799.1 -0.146895 
44337.7 -0.0300803 55198.6 -0.0264066 
59117 0.0226676 73598.2 0.0349749 
73896.2 -0.0359978 91997.7 -0.0580335 
14348 0.0289991 17884.8 0.0641874 
28695.9 -0.0493869 35769.6 -0.0941493 
43043.9 0.00105868 53654.4 -0.0299227 
57391.8 -0.00454574 71539.2 0.0294439 
71739.8 -0.0212964 89424 -0.0439466 
14405.2 0.0753198 17852.7 0.0560733 
28810.4 -0.10534 35705.4 -0.0752586 
43215.6 -0.0102011 53558.2 -0.0410407 
57620.8 0.0216483 71410.9 0.0356013 
72026 -0.0393641 89263.6 -0.0422952 
17221.7 0.0514115 21468.4 0.0872177 
34443.3 -0.0738464 42936.7 -0.138792 
51665 -0.0244704 64405.1 -0.0417129 
68886.7 0.0223398 85873.4 0.0413095 
86108.3 -0.03609 107342 -0.0618827 
15059.8 0.0705161 18787.5 0.0561661 
30119.6 -0.085875 37575 -0.0695469 
45179.4 -0.0100029 56362.5 -0.0360369 
60239.3 0.0203323 75150.1 0.0316112 
75299.1 -0.0346235 93937.6 -0.0397968 
15629.3 0.0539774 19483.4 0.0932871 
31258.6 -0.0783336 38966.9 -0.142762 
46887.9 -0.0192799 58450.3 -0.0496141 
62517.2 0.0190222 77933.8 0.0488481 
78146.6 -0.0358753 97417.2 -0.0659439 
15764 0.0724647 19665.1 0.0825319 
31528.1 -0.110453 39330.2 -0.133644 
47292.1 0.000724267 58995.2 -0.0181277 
63056.2 0.012032 78660.3 0.025039 
78820.2 -0.0370794 98325.4 -0.0513568 
16438 0.0648651 20540.4 0.0968357 
32875.9 -0.0945353 41080.8 -0.15447 
49313.9 -0.0186124 61621.2 -0.0406636 
65751.8 0.0226856 82161.6 0.0429878 
82189.8 -0.0397507 102702 -0.0662028 
16214.1 0.074468 20305.8 0.107424 
32428.3 -0.110737 40611.5 -0.174329 
48642.4 -0.0157304 60917.3 -0.0655602 
64856.6 0.0233268 81223 0.0589809 
81070.7 -0.0434096 101529 -0.0827767 
16317 0.0402372 20402.3 0.116399 
32633.9 -0.0601232 40804.5 -0.187586 
48950.9 -0.0211489 61206.8 -0.0495931 
65267.8 0.0152763 81609.1 0.052876 
81584.8 -0.0317098 102011 -0.0797364 
15168.1 0.0380521 18919.5 0.0568788 
30336.1 -0.0548786 37838.9 -0.0847167 
45504.2 -0.0194563 56758.4 -0.0352937 
60672.3 0.0135683 75677.9 0.0301052 
75840.3 -0.0297129 94597.3 -0.0435007 
16551.4 0.0288084 20621.3 0.110696 
33102.8 -0.0431368 41242.7 -0.177797 
49654.2 -0.0226669 61864 -0.0308095 
66205.5 0.0125463 82485.3 0.0409095 
82756.9 -0.0275622 103107 -0.0689434 
16241.5 0.0712826 20315.2 0.122387 
32483.1 -0.109095 40630.4 -0.198755 
48724.6 -0.00461288 60945.5 -0.0487711 
64966.1 0.014864 81260.7 0.0535086 
81207.6 -0.0388063 101576 -0.0828645 
0 inf 0 inf 
0 nan 0 nan 
0 inf 0 inf 
0 inf 0 -inf 
0 -inf 0 -inf 
17207.9 0.0462544 21659 0.104385 
34415.9 -0.0667601 43318 -0.166536 
51623.8 -0.0182995 64977.1 -0.0256377 
68831.8 0.0169304 86636.1 0.0370086 
86039.7 -0.031661 108295 -0.0631528 
15857.5 0.0645606 19817 0.130031 
31715 -0.0799746 39633.9 -0.194408 
47572.5 -0.0180613 59450.9 -0.0444793 
63430 0.0226387 79267.8 0.0555632 
79287.4 -0.0363127 99084.8 -0.0797654 
17786 0.0496138 22202.8 0.0942346 
35572.1 -0.0753891 44405.5 -0.154877 
53358.1 -0.0131355 66608.3 -0.0283216 
71144.2 0.0140518 88811 0.0341396 
88930.2 -0.0322691 111014 -0.0614816 
15081.7 0.0585013 18744.3 0.0887217 
30163.4 -0.0807548 37488.6 -0.133845 
45245.1 -0.0206883 56232.8 -0.0114701 
60326.8 0.0224471 74977.1 0.0261574 
75408.5 -0.0366808 93721.4 -0.0474654 
16076.1 0.0630535 20102.3 0.0864515 
32152.2 -0.0892563 40204.7 -0.133718 
48228.4 -0.023063 60307 -0.0481874 
64304.5 0.0253461 80409.3 0.0456804 
80380.6 -0.0398778 100512 -0.0628756 
17019.9 0.102199 21221.6 0.116206 
34039.8 -0.152558 42443.1 -0.193494 
51059.7 -0.0106885 63664.7 -0.0262714 
68079.6 0.029708 84886.3 0.0376072 
85099.6 -0.0526449 106108 -0.0724481 
17550.4 0.068527 21843.6 0.0810543 
35100.9 -0.100138 43687.2 -0.129193 
52651.3 -0.0150168 65530.8 -0.0285701 
70201.7 0.022386 87374.4 0.0321183 
87752.1 -0.0394313 109218 -0.0536033 
16711.3 0.107773 20964.6 0.14645 
33422.5 -0.15892 41929.1 -0.260095 
50133.8 -0.0398088 62893.7 -0.0503892 
66845.1 0.0486121 83858.3 0.0530925 
83556.4 -0.0663364 104823 -0.10441 
14844.6 0.056931 18377.1 0.0739977 
29689.2 -0.07845 36754.2 -0.105972 
44533.7 -0.0230568 55131.4 -0.0293649 
59378.3 0.0231287 73508.5 0.0335245 
74222.9 -0.0371501 91885.6 -0.0463802 
16743.2 0.080522 20908.5 0.117954 
33486.3 -0.118101 41817.1 -0.200253 
50229.5 -0.0360698 62725.6 -0.0657517 
66972.7 0.0377631 83634.2 0.058957 
83715.8 -0.0534532 104543 -0.0915084 
0 inf 0 inf 
0 nan 0 nan 
0 inf 0 inf 
0 inf 0 -inf 
0 inf 0 -inf 
15150.5 0.0454773 18852.8 0.111522 
30301 -0.0627859 37705.5 -0.164997 
45451.5 -0.0222994 56558.3 -0.0181803 
60602 0.0187248 75411 0.0384329 
75752.5 -0.0325931 94263.8 -0.0583919 
17322.8 0.0661832 21576.1 0.113871 
34645.6 -0.100332 43152.2 -0.189679 
51968.4 -0.0222196 64728.3 -0.0542836 
69291.2 0.0242622 86304.4 0.0530247 
86614 -0.0431414 107881 -0.0829427 
17991.7 0.073318 22417.1 0.100408 
35983.5 -0.107631 44834.2 -0.1642 
53975.2 -0.0215314 67251.3 -0.0404048 
71966.9 0.0277369 89668.4 0.0430343 
89958.6 -0.0441273 112085 -0.0690724 
15410.5 0.0615634 19195.6 0.0750319 
30821 -0.0875623 38391.3 -0.117873 
46231.5 -0.0183404 57586.9 -0.0196088 
61642 0.0215761 76782.6 0.0249386 
77052.5 -0.0378067 95978.2 -0.0470146 
17302.3 0.0682279 21600.1 0.0920087 
34604.6 -0.104499 43200.1 -0.144721 
51906.9 0.00274594 64800.2 -0.0350814 
69209.2 0.0102916 86400.2 0.0395727 
86511.5 -0.0340767 108000 -0.0605331 
17225.3 0.0697507 21550.8 0.129659 
34450.6 -0.0970722 43101.5 -0.212624 
51675.9 -0.0345251 64652.3 -0.0343868 
68901.2 0.0355307 86203 0.0470321 
86126.5 -0.0460575 107754 -0.0808994 
18478.3 0.0586711 23114.5 0.105893 
36956.7 -0.0838416 46229 -0.178602 
55435 -0.0338402 69343.5 -0.0390358 
73913.4 0.0309482 92458 0.0419594 
92391.7 -0.0422208 115573 -0.0733387 
17699.2 0.0466117 22075.5 0.100995 
35398.4 -0.0627493 44151 -0.161624 
53097.6 -0.037435 66226.6 -0.0292464 
70796.8 0.029842 88302.1 0.0380633 
88496 -0.0376394 110378 -0.0632364 
17044.2 0.041443 21221.7 0.0943826 
34088.4 -0.0594246 42443.3 -0.146877 
51132.6 -0.0213915 63665 -0.0251659 
68176.8 0.0171072 84886.7 0.035092 
85221 -0.030953 106108 -0.0568655 
647.064 -0.143085 817.62 0.0447748 
1294.13 0.0427262 1635.24 -0.235925 
1941.19 -0.234892 2452.86 -0.175364 
2588.26 -0.220109 3270.48 -0.141675 
3235.32 -0.270879 4088.1 -0.28999 
0 inf 0 inf 
0 nan 0 nan 
0 nan 0 nan 
0 nan 0 nan 
0 nan 0 nan 
16889 0.0454852 21037.3 0.0980163 
33778.1 -0.0650137 42074.7 -0.151262 
50667.1 -0.0210047 63112 -0.0304463 
67556.1 0.0182396 84149.4 0.0395631 
84445.1 -0.0323163 105187 -0.0601517 
17490.6 0.0521857 21802.8 0.0834551 
34981.3 -0.0755185 43605.6 -0.137768 
52471.9 -0.0229327 65408.3 -0.0136264 
69962.5 0.0216672 87211.1 0.0225667 
87453.2 -0.0359004 109014 -0.0505499 
17008.7 0.0417913 21222.8 0.108339 
34017.4 -0.0536925 42445.6 -0.167962 
51026.1 -0.0479411 63668.5 -0.0569984 
68034.8 0.0345733 84891.3 0.0575788 
85043.4 -0.0394495 106114 -0.0759974 
16161.6 0.0782414 20174 0.108742 
32323.3 -0.117429 40348 -0.167898 
48484.9 0.0028582 60522.1 -0.0378083 
64646.5 0.0135494 80696.1 0.0466605 
80808.2 -0.0377091 100870 -0.0681294 
17280.5 0.0722411 21575.1 0.136888 
34561 -0.109064 43150.2 -0.225532 
51841.5 -0.0140837 64725.3 -0.0546184 
69122 0.0216741 86300.4 0.0600941 
86402.5 -0.0421319 107876 -0.0932354 
18102.8 0.0686959 22587.8 0.0970996 
36205.5 -0.101992 45175.6 -0.157499 
54308.3 -0.0110296 67763.4 -0.0387433 
72411.1 0.0198671 90351.2 0.0417159 
90513.8 -0.0383578 112939 -0.0662098 
17420.1 0.0706381 21706.1 0.0952503 
34840.1 -0.10023 43412.1 -0.153864 
52260.2 -0.0230051 65118.2 -0.013847 
69680.2 0.0286311 86824.3 0.0270063 
87100.3 -0.0423395 108530 -0.0548725 
17636.1 0.0476732 21911.9 0.090821 
35272.3 -0.0679813 43823.9 -0.14179 
52908.4 -0.0268917 65735.8 -0.0420919 
70544.5 0.0228281 87647.7 0.0437085 
88180.6 -0.0352909 109560 -0.0623955 
14693.7 0.0403291 18239.2 0.0818506 
29387.4 -0.0592669 36478.4 -0.118674 
44081.1 -0.0107944 54717.6 -0.0179101 
58774.8 0.00868147 72956.8 0.0291572 
73468.5 -0.0276962 91196 -0.0453281 
15086.4 0.0463484 18720.7 0.0899537 
30172.8 -0.0693369 37441.5 -0.127025 
45259.1 -0.00741721 56162.2 -0.0437826 
60345.5 0.00857959 74882.9 0.0480834 
75431.9 -0.0290615 93603.7 -0.0576811 
16600.2 0.0453156 20689 0.110454 
33200.3 -0.0665204 41378.1 -0.178896 
49800.5 -0.0246332 62067.1 -0.0349908 
66400.6 0.0194902 82756.2 0.042733 
83000.8 -0.0346364 103445 -0.0712159 
14067.2 0.0289832 17475 0.0848996 
28134.5 -0.0483296 34950 -0.126151 
42201.7 -0.00208707 52425 -0.00222933 
56269 -0.00263946 69900 0.0197668 
70336.2 -0.022286 87375 -0.0415702 
14864.5 0.0645735 18466.2 0.0536278 
29729 -0.0905431 36932.3 -0.0722667 
44593.6 -0.0113219 55398.5 -0.042727 
59458.1 0.018692 73864.7 0.0358325 
74322.6 -0.0357109 92330.9 -0.0420849 
17241.3 0.0458701 21469.2 0.0803259 
34482.7 -0.0662208 42938.3 -0.127097 
51724 -0.0187109 64407.5 -0.0188886 
68965.4 0.0170458 85876.7 0.0266231 
86206.7 -0.0316771 107346 -0.0489104 
15965.5 0.0728731 19863.1 0.110124 
31931.1 -0.100289 39726.3 -0.166427 
47896.6 -0.0307987 59589.4 -0.0419934 
63862.1 0.0341156 79452.6 0.0506428 
79827.6 -0.0456125 99315.7 -0.0689818 
14976.6 0.0435508 18632.3 0.0473806 
29953.1 -0.0633916 37264.6 -0.0732726 
44929.7 -0.0109712 55896.9 -0.0124733 
59906.3 0.0102763 74529.2 0.0129198 
74882.9 -0.0286726 93161.5 -0.0313398 
15776.9 0.0516165 19644.5 0.0920079 
31553.7 -0.0817801 39289.1 -0.138531 
47330.6 0.00623386 58933.6 -0.0325174 
63107.4 0.00131117 78578.2 0.0396568 
78884.3 -0.0272408 98222.7 -0.0572453 
16041.9 0.0281451 19931.2 0.0721918 
32083.8 -0.0425572 39862.5 -0.115381 
48125.7 -0.0191838 59793.7 -0.0105152 
64167.6 0.00989651 79725 0.0185212 
80209.5 -0.0262125 99656.2 -0.0426166 
14350.1 0.0412281 17869.7 0.0558602 
28700.3 -0.0629515 35739.5 -0.0778509 
43050.4 -0.00210781 53609.2 -0.0270807 
57400.5 0.00289162 71478.9 0.0265693 
71750.7 -0.0256282 89348.7 -0.0376594 
15481.5 0.0352826 19246.4 0.101504 
30963 -0.0597484 38492.8 -0.153218 
46444.5 0.00557374 57739.2 -0.0292487 
61926.1 -0.00461829 76985.6 0.0404839 
77407.6 -0.0219179 96232 -0.0601287 
16436.9 0.057774 20577.3 0.139741 
32873.8 -0.0798796 41154.7 -0.225718 
49310.7 -0.0380941 61732 -0.0603768 
65747.6 0.0329544 82309.4 0.0654089 
82184.5 -0.0431676 102887 -0.0952624 
14208.7 0.0723988 17626.7 0.0916859 
28417.5 -0.104026 35253.4 -0.125443 
42626.2 -0.000611003 52880.1 -0.0331062 
56835 0.0139706 70506.7 0.0435451 
71043.7 -0.0355809 88133.4 -0.0524775 
17051.1 0.0950439 21296.4 0.165101 
34102.1 -0.142533 42592.8 -0.273745 
51153.2 -0.0134028 63889.2 -0.0569263 
68204.2 0.0287462 85185.5 0.0681429 
85255.3 -0.0511016 106482 -0.108558 
16757.4 0.0995734 21005 0.173785 
33514.8 -0.146319 42010 -0.28829 
50272.3 -0.0182286 63015 -0.0577241 
67029.7 0.0338449 84020 0.0707421 
83787.1 -0.0537876 105025 -0.113238 
14719.1 0.0768997 18318.3 0.0791704 
29438.2 -0.110824 36636.6 -0.115477 
44157.4 0.00360734 54954.9 -0.0174537 
58876.5 0.0133935 73273.2 0.0277652 
73595.6 -0.0354715 91591.5 -0.044353 
15617.7 0.042387 19451.2 0.0801265 
31235.5 -0.0611959 38902.3 -0.12444 
46853.2 -0.0208212 58353.5 -0.0218517 
62471 0.0160918 77804.6 0.0283532 
78088.7 -0.0318052 97255.8 -0.0495312 
17021.4 0.0584242 21221.2 0.104981 
34042.8 -0.0880515 42442.4 -0.162875 
51064.2 -0.0117039 63663.6 -0.0628331 
68085.5 0.0158638 84884.8 0.0598466 
85106.9 -0.0353586 106106 -0.0770142 
16920.8 0.0994987 21127.5 0.102201 
33841.6 -0.139877 42255 -0.156763 
50762.4 -0.0125747 63382.5 -0.0271763 
67683.2 0.0329766 84510 0.0393697 
84604 -0.0485943 105638 -0.0601746 
15202.8 0.0348464 18941.1 0.0883683 
30405.7 -0.0536584 37882.2 -0.12914 
45608.5 -0.00731054 56823.3 -0.0300949 
60811.3 0.0043489 75764.4 0.0382145 
76014.1 -0.024863 94705.5 -0.0531977 
16950.9 0.100337 21214.4 0.126318 
33901.9 -0.141639 42428.9 -0.204047 
50852.8 -0.0279401 63643.3 -0.0450244 
67803.8 0.041842 84857.7 0.0531798 
84754.7 -0.0555521 106072 -0.0824593 
16470.7 0.0739714 20524.7 0.0894309 
32941.5 -0.108623 41049.4 -0.140591 
49412.2 -0.0085778 61574.1 -0.02364 
65882.9 0.0197495 82098.8 0.0319608 
82353.7 -0.0395331 102624 -0.0548265 
17167.5 0.0732951 21504.5 0.134592 
34335.1 -0.104086 43009.1 -0.217006 
51502.6 -0.0272983 64513.6 -0.0523854 
68670.2 0.0318291 86018.1 0.0599235 
85837.7 -0.0452599 107523 -0.0891472 
14995.9 0.0648075 18656.1 0.0909754 
29991.8 -0.0858014 37312.3 -0.134962 
44987.7 -0.0342438 55968.4 -0.030741 
59983.6 0.0337518 74624.6 0.0386177 
74979.4 -0.0430784 93280.7 -0.05547 
16439.7 0.0207836 20540.8 0.110926 
32879.4 -0.0303876 41081.7 -0.176657 
49319.2 -0.0237493 61622.5 -0.0103381 
65758.9 0.01076 82163.3 0.0298875 
82198.6 -0.0244014 102704 -0.0598881 
16524.5 0.0625002 20607.8 0.0886102 
33049 -0.0785875 41215.6 -0.121542 
49573.5 -0.00954926 61823.5 -0.0509625 
66098 0.0171158 82431.3 0.0503921 
82622.5 -0.0322815 103039 -0.0602836 
16195.7 0.0561255 20191.6 0.0970936 
32391.4 -0.0809385 40383.2 -0.149802 
48587.1 -0.0170767 60574.7 -0.0331246 
64782.8 0.0190503 80766.3 0.0405106 
80978.6 -0.0353583 100958 -0.0610557 
15812.5 0.0610805 19706.1 0.0987618 
31625 -0.087951 39412.3 -0.14935 
47437.6 -0.0155843 59118.4 -0.0386526 
63250.1 0.01968 78824.6 0.0450771 
79062.6 -0.036764 98530.7 -0.0628936 
18179.8 0.115891 22920.5 0.200115 
36359.6 -0.174223 45841 -0.362986 
54539.5 -0.0238474 68761.5 -0.104923 
72719.3 0.0417643 91682 0.0936503 
90899.1 -0.0639315 114602 -0.158839 
16257.7 0.0304702 20225.5 0.0898746 
32515.4 -0.0489812 40451.1 -0.138775 
48773.1 -0.00794426 60676.6 -0.0253592 
65030.7 0.00330996 80902.2 0.0338841 
81288.4 -0.0236885 101128 -0.0547247 
15351.1 0.0377883 19095.6 0.0657133 
30702.2 -0.0519735 38191.2 -0.0981154 
46053.4 -0.0241989 57286.9 -0.0227643 
61404.5 0.0172271 76382.5 0.0258067 
76755.6 -0.0304119 95478.1 -0.0419648 
16303.8 0.0678461 20300.1 0.0810821 
32607.5 -0.099475 40600.1 -0.123718 
48911.3 -0.0067406 60900.2 -0.0251833 
65215.1 0.0166306 81200.2 0.0316708 
81518.8 -0.0363029 101500 -0.0501601 
16476.8 0.0715052 20429.1 0.10664 
32953.6 -0.106466 40858.2 -0.161815 
49430.3 -0.00326896 61287.3 -0.0260589 
65907.1 0.0153772 81716.3 0.0404865 
82383.9 -0.0369627 102145 -0.0610232 
18339.9 0.0645112 22891.7 0.0925644 
36679.8 -0.0912168 45783.5 -0.152515 
55019.7 -0.0292025 68675.2 -0.0254718 
73359.6 0.0306066 91566.9 0.0321513 
91699.5 -0.0421571 114459 -0.0595243 
15995.6 0.0379216 19902.1 0.0998462 
31991.2 -0.0581802 39804.2 -0.152136 
47986.7 -0.00979782 59706.3 -0.0252467 
63982.3 0.00728521 79608.5 0.0374537 
79977.9 -0.0268002 99510.6 -0.0582114 
17985.2 0.0772895 22465 0.136949 
35970.4 -0.117928 44929.9 -0.226121 
53955.6 -0.00761819 67394.9 -0.0594868 
71940.8 0.0194994 89859.8 0.0629684 
89926 -0.0418683 112325 -0.0953153 
18417.3 0.0670092 23062.5 0.16233 
36834.7 -0.101991 46124.9 -0.271334 
55252 -0.0101811 69187.4 -0.0526675 
73669.3 0.0180638 92249.9 0.0647692 
92086.6 -0.0383017 115312 -0.106025 
18468.1 0.119786 23301.1 0.183523 
36936.2 -0.178233 46602.2 -0.344063 
55404.4 -0.0465749 69903.3 -0.0962747 
73872.5 0.0567359 93204.3 0.0813248 
92340.6 -0.074135 116505 -0.150872 
16125.4 0.0431987 20057.4 0.0851275 
32250.8 -0.0596242 40114.7 -0.122934 
48376.2 -0.0267035 60172.1 -0.0478544 
64501.7 0.0210402 80229.5 0.0482639 
80627.1 -0.0331805 100287 -0.0583709 
16970 0.0689801 21173.9 0.108755 
33940 -0.103347 42347.7 -0.175926 
50910 -0.0132128 63521.6 -0.0425009 
67879.9 0.0202866 84695.5 0.0467889 
84849.9 -0.0401658 105869 -0.073342 
16433 0.0582379 20438 0.0971953 
32866 -0.0826683 40876 -0.14904 
49299 -0.0172314 61314 -0.0184606 
65732 0.0204701 81752.1 0.0326097 
82165 -0.0355856 102190 -0.0545237 
16648.4 0.0645503 20728.7 0.0999699 
33296.7 -0.0990095 41457.3 -0.157673 
49945.1 0.00228247 62186 -0.0154064 
66593.4 0.00901461 82914.7 0.0302571 
83241.8 -0.0329853 103643 -0.0562844 
18817.7 0.0866718 23576.3 0.128488 
37635.3 -0.126817 47152.7 -0.214097 
56453 -0.0190157 70729 -0.0495947 
75270.6 0.0312584 94305.3 0.0547299 
94088.3 -0.0480156 117882 -0.0877499 
15796.9 0.0855159 19758.9 0.0952501 
31593.9 -0.126654 39517.8 -0.144953 
47390.8 0.00670456 59276.7 -0.0339927 
63187.7 0.0140717 79035.6 0.0409999 
78984.6 -0.0385486 98794.4 -0.0598545 
17454.5 0.0724187 21847 0.11925 
34908.9 -0.0991377 43694.1 -0.187131 
52363.4 -0.0372723 65541.1 -0.0694197 
69817.8 0.0387222 87388.1 0.0673385 
87272.3 -0.0473808 109235 -0.0868045 
15411 0.0350009 19131.6 0.0509599 
30821.9 -0.0542627 38263.1 -0.0782891 
46232.9 -0.00745458 57394.7 -0.0160149 
61643.9 0.00450621 76526.2 0.016465 
77054.8 -0.0250623 95657.8 -0.0340164 
16787.8 0.0402405 20865.3 0.0893581 
33575.6 -0.0639515 41730.5 -0.140252 
50363.3 -0.00318808 62595.8 -0.0195783 
67151.1 0.00391228 83461.1 0.0298291 
83938.9 -0.0257079 104326 -0.0529203 
14610.6 0.070124 18150.8 0.0909092 
29221.2 -0.0146045 36301.5 -0.0627585 
43831.8 -0.00116439 54452.3 -0.000591305 
58442.5 0.0177704 72603.1 0.0253896 
73053.1 -0.0149546 90753.8 -0.0259281 
17216.3 0.0737806 21607.1 0.117243 
34432.7 -0.103451 43214.1 -0.188461 
51649 -0.0267698 64821.2 -0.0504428 
68865.4 0.0322297 86428.2 0.0542488 
86081.7 -0.0446397 108035 -0.0800047 
16278.4 0.0474051 20272.7 0.067618 
32556.8 -0.0628569 40545.3 -0.103959 
48835.1 -0.0346214 60818 -0.02404 
65113.5 0.0280832 81090.6 0.0265485 
81391.9 -0.0368285 101363 -0.0442796 
16936.2 0.0766277 21102.1 0.0939685 
33872.4 -0.112771 42204.2 -0.150087 
50808.6 -0.013985 63306.2 -0.0307744 
67744.8 0.023855 84408.3 0.0367006 
84681 -0.0427822 105510 -0.0607237 
15454.7 0.0476726 19179.4 0.050564 
30909.3 -0.0628063 38358.7 -0.0685341 
46364 -0.0290306 57538.1 -0.0433145 
61818.7 0.0246353 76717.5 0.0352001 
77273.4 -0.0347529 95896.8 -0.0412242 
16180 0.0460593 20154.1 0.0650731 
32360.1 -0.0686557 40308.1 -0.10089 
48540.1 -0.00812305 60462.2 -0.017516 
64720.2 0.00974123 80616.3 0.0216823 
80900.2 -0.0286809 100770 -0.0408515 
16319.5 0.0353469 20255.8 0.0609888 
32639.1 -0.0572737 40511.6 -0.0910645 
48958.6 -0.000304366 60767.5 -0.0303208 
65278.2 0.000196927 81023.3 0.0290462 
81597.7 -0.022936 101279 -0.0428546 
16115.7 0.0724201 20069.5 0.0829838 
32231.4 -0.105024 40139 -0.127886 
48347.1 -0.00778261 60208.4 -0.0216055 
64462.7 0.0190475 80277.9 0.0296692 
80578.4 -0.0381426 100347 -0.0500886 
16957.6 0.045565 21140.8 0.0937354 
33915.2 -0.0651153 42281.6 -0.135722 
50872.8 -0.0179054 63422.5 -0.0566921 
67830.3 0.016565 84563.3 0.0564924 
84787.9 -0.0310318 105704 -0.0653194 
17487.8 0.060682 21772 0.0879326 
34975.6 -0.0852317 43544 -0.135067 
52463.4 -0.022437 65315.9 -0.0313938 
69951.1 0.0252167 87087.9 0.0375304 
87438.9 -0.0379196 108860 -0.0557248 
18352.8 0.0517053 22936.7 0.101779 
36705.6 -0.0745997 45873.3 -0.164222 
55058.3 -0.0215879 68810 -0.0320254 
73411.1 0.0212424 91746.7 0.0396222 
91763.9 -0.0347802 114683 -0.0651615 
18657.7 0.0556959 23282.8 0.132325 
37315.3 -0.088102 46565.6 -0.221218 
55973 -0.00437003 69848.4 -0.0395037 
74630.7 0.0101287 93131.1 0.0496275 
93288.4 -0.0324403 116414 -0.0857865 
16884.5 0.0675626 21097 0.123763 
33769.1 -0.0965233 42194 -0.205971 
50653.6 -0.0306029 63291 -0.0225547 
67538.2 0.0313689 84388.1 0.0374519 
84422.7 -0.0448078 105485 -0.0745702 
18775.3 0.258808 23360.6 0.176391 
37550.6 -0.396632 46721.2 -0.290137 
56325.9 0.0659157 70081.7 -0.0625075 
75101.2 0.0337171 93442.3 0.075785 
93876.5 -0.089311 116803 -0.114921 
18830 0.0810532 23516.9 0.117885 
37659.9 -0.119044 47033.7 -0.195117 
56489.9 -0.0249098 70550.6 -0.0553242 
75319.8 0.0325952 94067.4 0.0556981 
94149.8 -0.0484173 117584 -0.0843967 
1939.22 -0.117138 2376.43 -0.00254211 
3878.44 0.13774 4752.85 -0.0520759 
5817.66 -0.116022 7129.28 -0.115826 
7756.88 -0.0671091 9505.7 -0.0221534 
9696.1 -0.0687521 11882.1 -0.114498 
0 inf 0 -inf 
0 inf 0 nan 
0 nan 0 -inf 
0 nan 0 nan 
0 nan 0 -inf 
18291 0.0943299 22870.1 0.115771 
36582 -0.138962 45740.2 -0.186538 
54872.9 -0.0146192 68610.2 -0.0595831 
73163.9 0.0306979 91480.3 0.0592516 
91454.9 -0.049806 114350 -0.0830612 
0 -inf 0 inf 
0 -inf 0 inf 
0 nan 0 nan 
0 -inf 0 inf 
0 -inf 0 inf 
0 inf 0 inf 
0 inf 0 inf 
0 inf 0 inf 
0 inf 0 inf 
0 nan 0 nan 
0 inf 0 inf 
0 inf 0 inf 
0 inf 0 inf 
0 inf 0 inf 
0 nan 0 nan 
0 inf 0 inf 
0 inf 0 inf 
0 inf 0 inf 
0 inf 0 inf 
0 nan 0 nan 
17182 0.15355 21339.2 0.166511 
34363.9 -0.216375 42678.4 -0.228797 
51545.9 0.0250869 64017.6 -0.0547512 
68727.9 0.0306621 85356.8 0.0846042 
85909.9 -0.0533367 106696 -0.0877581 
21025.8 0.268526 26484.3 0.0966764 
42051.6 -0.420604 52968.6 -0.17439 
63077.3 0.0659089 79452.9 0.0103897 
84103.1 0.0343 105937 0.00826202 
105129 -0.096854 132422 -0.0525322 
17432 0.189755 21564.1 0.0624554 
34864 -0.284738 43128.3 -0.102918 
52296 0.0461127 64692.4 0.0035451 
69728 0.0252509 86256.6 0.00721556 
87160 -0.0656323 107821 -0.0332465 
0 inf 0 inf 
0 inf 0 inf 
0 inf 0 inf 
0 inf 0 inf 
0 nan 0 nan 
22457.5 0.209131 28175.1 0.146731 
44915 -0.355502 56350.3 -0.310637 
67372.5 -0.0326711 84525.4 -0.00917927 
89829.9 0.0630759 112701 0.0131648 
112287 -0.123371 140876 -0.108058 
18946.8 -0.0585598 23050.1 -0.0481286 
37893.7 0.0917476 46100.3 0.0901064 
56840.5 0.0621845 69150.4 -0.0321842 
75787.3 -0.0609738 92200.6 0.00260025 
94734.1 0.0466142 115251 0.010004 
17462.6 0.270709 21611.9 0.141639 
34925.2 -0.421376 43223.9 -0.230815 
52387.8 0.0830126 64835.8 -0.0342432 
69850.4 0.0246514 86447.8 0.0507121 
87313 -0.0905445 108060 -0.0859029 
17631 0.0400861 21926.7 0.107153 
35262.1 -0.0462829 43853.3 -0.157813 
52893.1 -0.0177133 65780 -0.0348679 
70524.2 0.0150577 87706.7 0.0447335 
88155.2 -0.0263896 109633 -0.0645384 
16906.9 0.0324093 21050.9 0.114815 
33813.9 -0.0543153 42101.8 -0.180941 
50720.8 0.00140144 63152.6 -0.0137413 
67627.8 -0.001903 84203.5 0.0338316 
84534.7 -0.0214127 105254 -0.0621324 
17477.3 0.0687568 21803.9 0.0991949 
34954.6 -0.0929428 43607.7 -0.151245 
52431.9 -0.0304696 65411.6 -0.0387522 
69909.1 0.0339436 87215.4 0.0455905 
87386.4 -0.0427131 109019 -0.0631593 
17359 0.0668889 21697.7 0.0936951 
34718 -0.0937964 43395.4 -0.144999 
52077 -0.022903 65093.1 -0.0425028 
69436 0.0276567 86790.8 0.0451838 
86795.1 -0.0404118 108488 -0.0633257 
16338.6 0.0433442 20305.1 0.0634606 
32677.1 -0.0642106 40610.2 -0.0986522 
49015.7 -0.012265 60915.4 -0.016182 
65354.2 0.0114167 81220.5 0.0204352 
81692.8 -0.0290422 101526 -0.039675 
18851.2 0.10684 23561.9 0.130761 
37702.5 -0.146839 47123.8 -0.215903 
56553.7 -0.0546182 70685.7 -0.0614018 
75404.9 0.0616819 94247.6 0.0627491 
94256.2 -0.0667777 117810 -0.0929207 
18611 0.0794653 23320.6 0.113187 
37222.1 -0.115478 46641.3 -0.190602 
55833.1 -0.0257534 69961.9 -0.0380068 
74444.2 0.0329142 93282.5 0.0433821 
93055.2 -0.0476616 116603 -0.0763674 
0 inf 0 inf 
0 inf 0 inf 
0 inf 0 inf 
0 inf 0 inf 
0 nan 0 nan 
19324.6 0.0606377 24237.2 0.124986 
38649.2 -0.091798 48474.4 -0.214888 
57973.8 -0.0197344 72711.7 -0.0602349 
77298.4 0.0220993 96948.9 0.0576218 
96623 -0.0390941 121186 -0.0932524 
19944.1 0.201967 24731.1 0.125525 
39888.2 -0.32384 49462.2 -0.210353 
59832.3 0.0583298 74193.3 -0.0764566 
79776.4 0.0158232 98924.3 0.069107 
99720.5 -0.0739201 123655 -0.0978236 
19542.8 0.0406852 24552.3 0.147324 
39085.6 -0.0599204 49104.6 -0.252991 
58628.3 -0.0283295 73656.9 -0.0642805 
78171.1 0.0214085 98209.2 0.065471 
97713.9 -0.0334689 122761 -0.106183 
17666.6 0.083839 22056.1 0.111246 
35333.2 -0.121872 44112.2 -0.184529 
52999.8 -0.0212487 66168.3 -0.0236396 
70666.4 0.0313272 88224.4 0.0353689 
88333 -0.0478192 110280 -0.0684419 
19005.3 0.0796187 23757 0.0906383 
38010.6 -0.116946 47514 -0.156379 
57016 -0.0369603 71271 -0.0699837 
76021.3 0.0390337 95028.1 0.0546133 
95026.6 -0.0528098 118785 -0.0800713 
17878.2 0.081323 22342 0.0928325 
35756.5 -0.115165 44684 -0.147374 
53634.7 -0.0278378 67026.1 -0.0555844 
71513 0.0354513 89368.1 0.0512294 
89391.2 -0.0481774 111710 -0.0698871 
17195.6 0.0519376 21454.4 0.091537 
34391.1 -0.0707419 42908.8 -0.143929 
51586.7 -0.0327853 64363.1 -0.0327236 
68782.2 0.028627 85817.5 0.0380632 
85977.8 -0.0380888 107272 -0.0593509 
16784 0.0460933 20833.7 0.0969565 
33568 -0.0633715 41667.3 -0.146793 
50352 -0.0295223 62501 -0.0361678 
67136 0.0241755 83334.7 0.0434592 
83920 -0.0350517 104168 -0.0608905 
17863 0.0587901 22289.1 0.1114 
35726 -0.0809858 44578.3 -0.17579 
53589 -0.0338636 66867.4 -0.0449324 
71452 0.0318071 89156.6 0.0508853 
89315.1 -0.0411538 111446 -0.0734256 
17403.7 0.0480261 21710.8 0.11922 
34807.4 -0.0695841 43421.5 -0.190874 
52211.1 -0.0200464 65132.3 -0.0210311 
69614.8 0.018551 86843 0.0383724 
87018.5 -0.0331339 108554 -0.0682966 
17320.1 0.0820467 21627.4 0.112677 
34640.2 -0.118797 43254.7 -0.179905 
51960.3 -0.0132152 64882.1 -0.0354466 
69280.5 0.0261766 86509.4 0.0448659 
86600.6 -0.0436865 108137 -0.071099 
684.321 -0.303369 871.826 0.116779 
1368.64 0.333554 1743.65 -0.340402 
2052.96 -0.432003 2615.48 -0.240796 
2737.28 -0.127532 3487.3 -0.0680834 
3421.6 -0.255835 4359.13 -0.337912 
718.768 -0.100793 911.712 0.163372 
1437.54 0.00437826 1823.42 -0.431397 
2156.31 -0.254038 2735.14 -0.22923 
2875.07 -0.162072 3646.85 -0.05957 
3593.84 -0.269781 4558.56 -0.356588 
16642.7 0.0791073 20714.6 0.105696 
33285.5 -0.114489 41429.2 -0.161487 
49928.2 -0.0141638 62143.8 -0.0426375 
66570.9 0.0252976 82858.4 0.0493161 
83213.7 -0.0431243 103573 -0.0679418 
18027.8 0.0674362 22571 0.0778617 
36055.7 -0.0941835 45142 -0.124875 
54083.5 -0.028435 67713 -0.0389388 
72111.3 0.0314941 90284 0.0370662 
90139.2 -0.0425399 112855 -0.0566555 
18083.8 0.0465833 22646.2 0.129187 
36167.5 -0.0666635 45292.4 -0.213394 
54251.3 -0.0295323 67938.7 -0.0458237 
72335 0.0240896 90584.9 0.0531728 
90418.8 -0.0359315 113231 -0.0858809 
720.84 -0.217615 901.503 -0.0102721 
1441.68 0.197375 1803.01 -0.120452 
2162.52 -0.240689 2704.51 -0.139268 
2883.36 -0.199907 3606.01 -0.149656 
3604.2 -0.207513 4507.51 -0.226086 
18694.4 0.0952153 23398.2 0.102347 
37388.9 -0.138274 46796.5 -0.169872 
56083.3 -0.025744 70194.7 -0.0589318 
74777.8 0.0382916 93592.9 0.0534666 
93472.2 -0.053827 116991 -0.0786178 
19415 0.200978 24045.9 0.121064 
38829.9 -0.32731 48091.8 -0.20066 
58244.9 0.0776748 72137.7 -0.0708043 
77659.9 0.00248018 96183.7 0.0654045 
97074.8 -0.0677418 120230 -0.0924232 
17604.5 0.0930477 21995.6 0.108705 
35209 -0.13659 43991.3 -0.172222 
52813.5 -0.00267206 65986.9 -0.028133 
70418 0.023349 87982.5 0.0402059 
88022.5 -0.0443299 109978 -0.065571 
14851.9 0.0444996 18479.4 0.0753973 
29703.8 -0.0537871 36958.8 -0.104301 
44555.8 -0.036608 55438.3 -0.0299581 
59407.7 0.0290651 73917.7 0.0357432 
74259.6 -0.0350154 92397.1 -0.0455461 
18759.6 0.100509 23525.8 0.110289 
37519.2 -0.148308 47051.6 -0.185535 
56278.9 -0.018761 70577.4 -0.058722 
75038.5 0.0352459 94103.1 0.0545442 
93798.1 -0.054002 117629 -0.0834455 
16484 0.0489425 20511.6 0.0889103 
32968 -0.0720488 41023.2 -0.135756 
49452 -0.0102054 61534.9 -0.0207582 
65936 0.0123018 82046.5 0.0316499 
82419.9 -0.0302106 102558 -0.0516547 
16983.4 0.227463 21446.9 0.22762 
33966.8 -0.357287 42893.7 -0.455316 
50950.3 -0.00604626 64340.6 -0.15347 
67933.7 0.060944 85787.4 0.11067 
84917.1 -0.110155 107234 -0.21318 
21522.6 0.259966 27237.7 0.204001 
43045.2 -0.420977 54475.4 -0.421027 
64567.7 -0.000232961 81713.1 -0.0970634 
86090.3 0.0645241 108951 0.0722037 
107613 -0.126491 136189 -0.17935 
19686.8 0.0759939 24703.5 0.150681 
39373.6 -0.112475 49406.9 -0.263951 
59060.4 -0.029099 74110.4 -0.0651778 
78747.2 0.0333443 98813.9 0.0649116 
98434 -0.0482616 123517 -0.110515 
18091.8 0.0627594 22636.5 0.11402 
36183.6 -0.0920465 45273 -0.184481 
54275.5 -0.0182386 67909.6 -0.0539036 
72367.3 0.0224557 90546.1 0.055174 
90459.1 -0.0384457 113183 -0.0802568 
17091.9 0.176146 21161.6 0.103722 
34183.8 -0.27056 42323.1 -0.151148 
51275.7 0.0940396 63484.7 -0.0261199 
68367.6 -0.0128728 84646.3 0.0388527 
85459.5 -0.045452 105808 -0.0590497 
17184.1 0.0499913 21386.4 0.0976628 
34368.1 -0.0737208 42772.7 -0.151997 
51552.2 -0.0183997 64159.1 -0.0466054 
68736.2 0.0176852 85545.5 0.0483041 
85920.3 -0.0338545 106932 -0.0672122 
17349.4 0.0283487 21688.5 0.122143 
34698.7 -0.0430699 43377 -0.188801 
52048.1 -0.0157686 65065.5 -0.0424196 
69397.4 0.0086775 86754 0.0538285 
86746.8 -0.0244819 108442 -0.0756224 
0 inf 0 inf 
0 inf 0 inf 
0 inf 0 inf 
0 inf 0 inf 
0 nan 0 nan 
0 inf 0 inf 
0 inf 0 inf 
0 inf 0 inf 
0 inf 0 inf 
0 nan 0 nan 
16973 0.0561324 21177 0.0729518 
33946.1 -0.0783652 42354.1 -0.113152 
50919.1 -0.0270872 63531.1 -0.0411292 
67892.1 0.0261293 84708.2 0.0378701 
84865.2 -0.0381176 105885 -0.0539246 
