-5.931041765374963949e-07
-1.402618026879681920e-06
-8.368387487618855218e-07
-1.414377173191715378e-06
-9.933863858559443088e-07
-1.015967794528541097e-06
-8.640832800991629203e-07
-1.437036040869276288e-06
-1.199309203839446845e-06
-5.328840262398762208e-07
-9.490695921264117959e-07
-7.043860217336678462e-07
-8.285466832397691160e-07
-1.033950506637557041e-06
-9.937491294337258990e-07
-9.580320438145916475e-07
-1.220562632765197690e-06
-6.646003205710130255e-07
-9.193654384076338925e-07
-5.954186324319541738e-07
-1.131539341625968331e-06
-1.484064262207605305e-06
-1.477501300980725762e-06
-9.085888942710645423e-07
-1.228049823809381626e-06
-1.209190709965528272e-06
-1.061604567157790036e-06
-9.963588802262446409e-07
-1.114338498091079086e-06
-1.268377353311850333e-06
-1.191582953635252315e-06
-1.256109443608033688e-06
-1.057723286515452192e-06
-9.591895131396711093e-07
-8.780766772029402017e-07
-1.563804650919001413e-06
-1.734286574791257800e-06
-1.210462340321043770e-06
-3.086892151402058637e-06
-1.071215285040517479e-06
-1.049405035007561265e-06
-1.787408696664887006e-06
-1.065874846097823045e-06
-1.292836044154007766e-06
-8.508562939678430693e-07
-2.800755579048213801e-07
-1.028336532604461056e-06
-9.794793556083512085e-07
-6.487081607639847408e-07
-1.419461886328125680e-06
