-7.601768350462352688e-07
-7.370986988009162828e-07
-7.332154341256506714e-07
-6.988831468618245238e-07
-6.603383207391195099e-07
-7.019038943514286187e-07
-7.724330931454010260e-07
-7.545318782357866065e-07
-7.330433926202275680e-07
-6.378031220565366463e-07
-6.517536013948426970e-07
-6.842047920752191374e-07
-6.270450111189539201e-07
-6.807123818222633944e-07
-6.743797742826810020e-07
-6.934065873468142196e-07
-6.607467614469242164e-07
-6.355504534494967200e-07
-7.423962376926385200e-07
-7.628012179762147845e-07
-8.567336929129254616e-07
-7.795762725835979974e-07
-8.206422941148857571e-07
-8.266898618710220039e-07
-8.411011031029106503e-07
-7.895402122553264246e-07
-7.509663141488191130e-07
-7.656116542508258869e-07
-7.098342536025427302e-07
-7.081632626784363171e-07
-7.144736118981750902e-07
-7.541126991662645383e-07
-7.229836292869646128e-07
-7.322225576926722430e-07
-7.407282077152230769e-07
-7.129747713025992976e-07
-7.071140211576736064e-07
-7.443507025811507050e-07
-6.815014884475402925e-07
-7.062018417232924635e-07
-6.554500499535331280e-07
-7.154622081411116570e-07
-7.188442370580470230e-07
-7.462302036114409248e-07
-7.404948454157774326e-07
-7.124968426035993178e-07
-6.351360628619717666e-07
-7.041281745055904586e-07
-7.185577551232482230e-07
-7.191499417353703162e-07
-6.705789273486840629e-07
-6.923416975321219588e-07
-6.046121686443076701e-07
-6.671560573255096697e-07
-6.309199267597216750e-07
-7.457105525016194385e-07
-7.125361745967465611e-07
-6.873788976119172217e-07
-7.556966711877288830e-07
-7.524800353499103628e-07
-7.716760766611801463e-07
-7.580027389811974246e-07
-7.173899400501092393e-07
-6.304605498057337136e-07
-7.031641439783753039e-07
-6.179122072961645052e-07
-7.017874447102512930e-07
-7.196360988529718501e-07
-6.357670089098204098e-07
-6.331984076364963145e-07
-6.785153257117753900e-07
-6.790338779269805172e-07
-7.239512086266150778e-07
-6.735313762046330868e-07
-7.537706519193180358e-07
-6.830151210620704361e-07
-7.691201661984515222e-07
-7.205601592814631548e-07
-7.318855154821241729e-07
-7.070448987057790760e-07
-6.942759214472824915e-07
-6.605115333967671521e-07
-6.860878468692748078e-07
-6.952445840539403047e-07
-6.839656528275639543e-07
-6.366648717510442345e-07
-6.959637541890856052e-07
-6.590721207513888975e-07
-6.596888908637434746e-07
-6.868107316093799589e-07
-7.515846429119016038e-07
-7.328150028938669822e-07
-7.152532780284094669e-07
-7.223584272879429503e-07
-7.540724226663515284e-07
-7.374216799543622895e-07
-7.064028462771881172e-07
-6.658075785591539835e-07
-7.414146280329325608e-07
-8.050978628416495264e-07
-7.712210189786252663e-07
-7.719043522933991709e-07
-7.775906789705607791e-07
-7.654939543630883001e-07
-7.937395494244211222e-07
-7.606648948864978021e-07
-7.638845361523733111e-07
-7.366916960411255927e-07
-7.115003382993817243e-07
-6.885109978682922361e-07
-7.305517235360305503e-07
-7.059599998807047828e-07
-6.783417052248276530e-07
-7.179823014406475131e-07
-6.911757360655920244e-07
-6.930482599981695783e-07
-6.593891840085549617e-07
-7.369470231245032474e-07
-6.957643394720479621e-07
-7.170103236624833608e-07
-6.958227830980319174e-07
-6.852743716132920034e-07
-6.677297658789698535e-07
-6.991748786432367604e-07
-7.577529149060026943e-07
-7.560441218765268519e-07
-6.888039855611569223e-07
-7.793399804436796390e-07
-7.107779840530861044e-07
-7.158023083093960408e-07
-7.109438927410714767e-07
-7.434010322703715248e-07
-7.432042532499779585e-07
-7.161675070600097393e-07
-7.039869015945690342e-07
-7.884473956927746117e-07
-7.085211502856829681e-07
-7.061160467507729231e-07
-6.923454713414814498e-07
-7.073358556940723811e-07
-6.855408378127569667e-07
-6.984942162351718657e-07
-7.125160230607956341e-07
-7.238811931403202529e-07
-7.386362943003872697e-07
-7.244747210203867076e-07
-7.373977420464439683e-07
-7.037656404509737030e-07
-7.276948141073305814e-07
-7.249224983065569114e-07
-7.508945930739530247e-07
-7.131769768681392347e-07
-6.798426251355589126e-07
-7.297941670783093610e-07
-7.228620859499986911e-07
-7.270356476889573453e-07
-7.798606852595493642e-07
-7.271853892666285460e-07
-6.982802824469678452e-07
-7.145654660324183757e-07
-7.275570602547233616e-07
-7.003147652325482130e-07
-7.138959575358913869e-07
-6.853998677258809549e-07
-6.240468043325356390e-07
-6.942500512690957359e-07
-6.747559047976350508e-07
-6.817054105571837854e-07
-6.380438894447296065e-07
-6.792484170970283380e-07
-6.779624936715581157e-07
-7.468419886393707974e-07
-6.432872630680496835e-07
-6.840800277838788197e-07
-7.177838258861802864e-07
-6.831159150946671517e-07
-6.152016505692163112e-07
-7.092101616323614838e-07
-6.806777835930494654e-07
-6.879345926940729066e-07
-6.497677018793659412e-07
-6.967632482518256778e-07
-6.567850392778970546e-07
-7.028922850557466727e-07
-6.902365018806977738e-07
-6.549236515669525034e-07
-6.076780141596817990e-07
-6.790554096252637500e-07
-6.889390091338123910e-07
-6.886026237433733175e-07
-6.876780850475869621e-07
-7.534251403300426722e-07
-7.361873526962281604e-07
-6.922793788396843766e-07
-6.605348369932810396e-07
-7.367120275676456725e-07
-6.650901520405478417e-07
-6.223979823114038809e-07
-6.840472379857288453e-07
-7.285190300545017955e-07
-6.679948219972171360e-07
-6.947069023066774273e-07
-7.226166401024867340e-07
-7.195394361711032645e-07
-7.017396187845515881e-07
-6.450887852164614414e-07
-6.522879805477076016e-07
-6.539457733250320804e-07
-6.620165769532674640e-07
-6.194145044645927463e-07
-6.602712248057794405e-07
-6.462228535593541400e-07
-6.476428250011952412e-07
-6.199249710333158586e-07
-6.279378001154878173e-07
-6.225574405627065014e-07
-6.780919723631591416e-07
-7.287976360078612222e-07
-6.562430846820211575e-07
-6.908457632683721239e-07
-6.590466559194813737e-07
-6.443726156825559857e-07
-6.857566981631795280e-07
-6.858055333116842160e-07
-6.362918037213179759e-07
-9.509772914653813711e-07
-8.315439482997111416e-07
-9.000075368359487592e-07
-9.306851519308522214e-07
-8.813999865452936527e-07
-8.337908123400653958e-07
-8.576205173387566878e-07
-8.358873316846609752e-07
-8.895991164011886798e-07
-6.570241979601158898e-07
-6.201921543604382760e-07
-6.154350765921433057e-07
-6.514957030671984132e-07
-7.008675351226352370e-07
-6.789391207051586352e-07
-6.624192942352335482e-07
-6.648719497647322348e-07
-6.083046287226542260e-07
-8.550206453294506058e-07
-8.800334714840381598e-07
-8.753489359752470155e-07
-8.182309076331609893e-07
-9.126053749234487311e-07
-8.783091168580395621e-07
-9.130433441097507828e-07
-8.697551415548374215e-07
-8.486055723031702489e-07
-7.415632679974511460e-07
-6.862647390510135029e-07
-7.415812540390472625e-07
-7.300209475308020529e-07
-7.866856189064068316e-07
-7.145270407330587772e-07
-7.460878285554613783e-07
-6.879396464109969471e-07
-7.313148047942821817e-07
-8.394309153740005988e-07
-8.280199861089043242e-07
-7.981927609419568945e-07
-8.370436936208518427e-07
-8.129832792845627313e-07
-8.071283749765649111e-07
-7.867671595029119566e-07
-8.122670812514932467e-07
-8.480997069444504941e-07
-7.930337463488682915e-07
-8.262789830874268511e-07
-8.065163373033825306e-07
-8.009409344606215698e-07
-7.837529178719261938e-07
-8.270358633479991992e-07
-8.335065291083243031e-07
-7.981997103526461211e-07
-7.635328274468106669e-07
-7.695367559374716364e-07
-7.789810783479724083e-07
-7.961815291400347831e-07
-8.232152140352232682e-07
-7.933043716883037012e-07
-7.247218110876346097e-07
-7.569934741207729816e-07
-7.689016110028813715e-07
-8.180239543258788917e-07
-7.591382960676495235e-07
-7.708159346568655642e-07
-7.465780913187036796e-07
-7.436365635875589424e-07
-7.709655228076575449e-07
-7.581193619625466682e-07
-7.551973795410183740e-07
-7.479063937234428695e-07
-7.367526873480745139e-07
-8.324915160451300267e-07
-7.527655770262802358e-07
-7.550218685622628993e-07
-8.262904327882997370e-07
-7.892352726404547869e-07
-7.586056663456169078e-07
-8.143173757980397235e-07
-7.556502450306347023e-07
-7.548650535943630559e-07
-6.851293974295817897e-07
-6.746202566427791749e-07
-6.474972010177729273e-07
-6.394816431284632241e-07
-6.865314059617238637e-07
-6.630198979660481842e-07
-6.669058149090834476e-07
-6.651345618375988024e-07
-6.836634460834527320e-07
-8.843807124099280244e-07
-8.707343776144415757e-07
-8.697593242432663375e-07
-8.761809909524545018e-07
-8.769195816685492439e-07
-8.963412435539189963e-07
-8.830763071645183501e-07
-8.623141108679077866e-07
-8.508494893979336680e-07
-8.697485335135338297e-07
-8.777726767725666517e-07
-9.386110194619437669e-07
-8.472824123828685953e-07
-8.764461035349323702e-07
-9.335144791410306095e-07
-8.571965165386740843e-07
-8.996205478329813362e-07
-9.307140668034722991e-07
-8.635853410618045594e-07
-8.771403813834908685e-07
-8.735480896504186404e-07
-8.505122131029790806e-07
-8.504384549022968582e-07
-8.816939389833863991e-07
-8.833940354650702659e-07
-8.602307307672967814e-07
-8.643213923953860000e-07
-8.647872294766912004e-07
-8.950149266760695581e-07
-8.903338108135331210e-07
-8.636151069182939698e-07
-8.890216107667144439e-07
-8.601496093900295494e-07
-8.477435055294508627e-07
-8.489752008727725592e-07
-9.038103975740883877e-07
-8.942797745168460169e-07
-9.361337208133324182e-07
-8.717928135819857897e-07
-9.093550780329123361e-07
-8.781549701749423084e-07
-9.268629174599351013e-07
-9.051070374555307537e-07
-9.278397138806680895e-07
-8.963935949454867193e-07
-6.969928501552853440e-07
-6.371888750665612243e-07
-6.971918994654016354e-07
-6.902260963615558880e-07
-6.210064958942083591e-07
-6.296860449767052927e-07
-6.820659450136587505e-07
-6.684339225625751929e-07
-6.117407278890433866e-07
-8.651149545437148096e-07
-8.216918101449878430e-07
-8.302459614853154409e-07
-8.816895630515719240e-07
-8.795320209912498459e-07
-8.400829153455426193e-07
-8.337635764936369029e-07
-8.485185922136530545e-07
-8.479070489741591583e-07
-7.819038771784224763e-07
-7.804022878745660819e-07
-7.880200418480960543e-07
-7.637559087835821696e-07
-8.026969270814029675e-07
-7.937589251824016631e-07
-7.813641499178506381e-07
-8.181795238405706169e-07
-7.666635885465519827e-07
-9.312941200085592014e-07
-8.853283100344826166e-07
-8.892927880762848391e-07
-9.069742636985213704e-07
-9.195800033142781720e-07
-9.172351761255839608e-07
-9.357165332333847222e-07
-9.095881259669332753e-07
-8.806896646333724652e-07
-7.585785057242624935e-07
-7.831853370842819353e-07
-7.722114647292615600e-07
-7.915521259592147813e-07
-8.080093001930676035e-07
-7.578134262644017261e-07
-7.497176922317771307e-07
-7.638285288762032120e-07
-7.744539341513057400e-07
-7.919326221111007127e-07
-8.106519616711014936e-07
-8.375386556897241710e-07
-8.114260080079836878e-07
-8.617513984341117304e-07
-8.172136784910573436e-07
-8.268228638905826144e-07
-8.058743171308311131e-07
-8.272109720943948199e-07
-7.045022812571635483e-07
-7.312197955779345006e-07
-7.301694372643011749e-07
-7.361020922845217540e-07
-7.513896539250456004e-07
-6.904375254698473253e-07
-7.171871572963468534e-07
-7.512930651996555658e-07
-6.621104618276509498e-07
-8.078486370174539112e-07
-8.456330661854956499e-07
-7.983923538341325858e-07
-8.253502225485483042e-07
-8.466068634677330605e-07
-7.998752231434619395e-07
-8.153504511086989971e-07
-7.921708483365300392e-07
-8.193139610953480284e-07
-8.737881604426655992e-07
-8.683876202767708790e-07
-8.523428694273681962e-07
-8.426160961391192690e-07
-8.506332153320036197e-07
-8.477233052098458429e-07
-8.392162352138157535e-07
-8.607055487398156023e-07
-8.437928863181369995e-07
-8.064487579977693052e-07
-7.840272022277910103e-07
-7.775913147513592180e-07
-7.984704542237511992e-07
-7.794078502383705284e-07
-7.524186342077822956e-07
-7.885907232944275653e-07
-7.833538329887941951e-07
-7.678589597016118731e-07
