1.492632760416690019e-02 3.255968548356635850e-03 -5.510086127357149977e-03 -1.267221002516605299e-02
1.517487785457527494e-02 3.665700530376181376e-03 -5.717262575276493841e-03 -1.312331580967496247e-02
1.629578180642932139e-02 3.743974924273585358e-03 -4.581942467995259172e-03 -1.545781426270764758e-02
1.431072935143262725e-02 3.787635564683089484e-03 -3.247884437879933195e-03 -1.485048047823545048e-02
1.720604861897689908e-02 4.735874655553917734e-03 -6.053033485291070548e-03 -1.588888978923996831e-02
1.469700625576320085e-02 3.872277305462246133e-03 -3.292241521673844318e-03 -1.527704203955237983e-02
1.709643192069254525e-02 6.069766148548483287e-03 -6.855783411276794581e-03 -1.631041465796423395e-02
1.563299683296737186e-02 6.634152243036650631e-03 -6.702932322617316530e-03 -1.556421675338615085e-02
1.585707621041287929e-02 2.976195884553334281e-03 -2.842757753808711207e-03 -1.599051434115739134e-02
1.673147575265176989e-02 7.236192247057404714e-03 -5.471788149149947600e-03 -1.849587985055956008e-02
1.594728284496937931e-02 4.830999737251095993e-03 -3.070084042864462681e-03 -1.770819853935601262e-02
1.746631891907357570e-02 6.715400591172482336e-03 -8.240407653036574409e-03 -1.594131185720903954e-02
1.747678107259487135e-02 6.238829889312791366e-03 -6.171332992012223961e-03 -1.754427796989532773e-02
1.515630093629938280e-02 5.584705878640683352e-03 -4.859628558463002790e-03 -1.588137825647739643e-02
1.831630564476882661e-02 4.217043561982602995e-03 -5.435435660244181122e-03 -1.709791354650724848e-02
1.476193371600253990e-02 6.414183332969836115e-03 -5.806567290546960081e-03 -1.536954975842541593e-02
1.787474882985562452e-02 4.003151214211353448e-03 -6.352298915618947994e-03 -1.552560112844769691e-02
1.480723534812100617e-02 4.655443680570803267e-03 -4.118578868588684827e-03 -1.534410016010279154e-02
1.513338270981212652e-02 4.022662413544875193e-03 -4.272744342139422891e-03 -1.488330078121768985e-02
1.308044725088919336e-02 5.574205716992963744e-03 -2.882352297240764472e-03 -1.577230067064105956e-02
1.707171760832992824e-02 5.587342518147631054e-03 -7.506737834932053488e-03 -1.515232229154594989e-02
1.500451542097924751e-02 3.539084319847729532e-03 -4.812135762531366545e-03 -1.373146397829527743e-02
1.581091781441879007e-02 6.276513610544931510e-03 -7.224337456493312715e-03 -1.486309396847018682e-02
1.499014085234784410e-02 5.732771166242267569e-03 -4.770432552798298254e-03 -1.595247946579136933e-02
1.622211664750317084e-02 5.775228945372079536e-03 -5.376141674586887298e-03 -1.662120391828847410e-02
1.352847215655761381e-02 6.858392869106166856e-03 -4.453405641933527725e-03 -1.593345938373003090e-02
1.549847283237371087e-02 6.216692861056083430e-03 -7.043936409399487175e-03 -1.467122928403019610e-02
1.598620184882570960e-02 9.276317652767485100e-03 -6.948600353574363453e-03 -1.831391914801849818e-02
1.826806499189403965e-02 4.183843477355564389e-03 -7.494360282004675078e-03 -1.495754818724526203e-02
1.522703512308321017e-02 5.824792953640134385e-03 -4.860828812812578725e-03 -1.619099926391087685e-02
1.655516636465148572e-02 4.356742623067511033e-03 -5.119137345566016073e-03 -1.579277164215298068e-02
1.441410103089602046e-02 6.468750186419347514e-03 -3.820585553183097893e-03 -1.706226566413260315e-02
1.549096380586312272e-02 3.361899950664382075e-03 -4.412929037401092103e-03 -1.443993471912674575e-02
1.623515879085957181e-02 7.512659364910634352e-03 -8.281624157118416818e-03 -1.546619399865201139e-02
1.503341953833703393e-02 6.630818500370949664e-03 -5.752475923980426842e-03 -1.591176211472755675e-02
1.527431897064257527e-02 6.015139251596357539e-03 -6.921627451551781718e-03 -1.436783077068726211e-02
1.567837989145459687e-02 9.800981264453501041e-03 -9.644607449481479300e-03 -1.583475370642661861e-02
1.461358411526081369e-02 6.634768496283971473e-03 -4.410938581620671428e-03 -1.683741402992422476e-02
1.599872841718497085e-02 5.428295549231743067e-03 -6.267161228940110185e-03 -1.515986273747649271e-02
1.385252536307346460e-02 3.253982946991085257e-03 -2.423455787104678016e-03 -1.468305252295920571e-02
1.127665680132050596e-02 4.254705079610010543e-03 -2.676416430826944470e-03 -1.285494545010323897e-02
1.402077501194542997e-02 5.708386203175264129e-03 -5.152302255337137815e-03 -1.457685895978366730e-02
1.323171380940357800e-02 5.082955668522126658e-03 -4.425231293047282577e-03 -1.388943818487864412e-02
1.693605192589320296e-02 5.123610061624539469e-03 -6.472601810605604911e-03 -1.558706017691269263e-02
1.408898504312872113e-02 6.832123553805358185e-03 -6.859449500856040771e-03 -1.406165909607803854e-02
1.705467281532291324e-02 6.534502394507812895e-03 -6.786940389277851260e-03 -1.680223482055287487e-02
1.439208654704859924e-02 6.398685752529109649e-03 -3.794907248942935851e-03 -1.699586505063477304e-02
1.481736278034118115e-02 5.007063939976186262e-03 -5.603099926944521414e-03 -1.422132679337240191e-02
1.816537752593849753e-02 4.132941554564339981e-03 -4.451363538273467313e-03 -1.784695554222959224e-02
1.640421488378240866e-02 6.072177118691346465e-03 -7.064616315854532758e-03 -1.541177568661888930e-02
1.349229309195876247e-02 6.959645209538622979e-03 -5.767689790986962883e-03 -1.468424851051075564e-02
1.618599531646980338e-02 3.039928528321800272e-03 -4.058383878141169632e-03 -1.516753996665054505e-02
1.807737567297196257e-02 5.814204993183968995e-03 -6.753235162112791734e-03 -1.713834550404291779e-02
1.620389326346050041e-02 4.213863223506031375e-03 -3.917404833201465486e-03 -1.650035165376517732e-02
1.408985167564780205e-02 5.451343209294190473e-03 -3.459149178183240636e-03 -1.608204570675886291e-02
1.455395185907071287e-02 4.653983751523593781e-03 -6.172697888227607343e-03 -1.303523772236658829e-02
1.552445400483559723e-02 7.789038125073144414e-03 -6.933964314869034418e-03 -1.637952781503970723e-02
1.222541733229642880e-02 3.470808100265232454e-03 -2.198988016183123229e-03 -1.349723741637831598e-02
1.552748544631454841e-02 6.218821777243643822e-03 -5.501760674106570548e-03 -1.624454654945239884e-02
1.848735860272388010e-02 4.426874329419794307e-03 -5.908506534167301538e-03 -1.700572639797626184e-02
1.355771218366519371e-02 4.903142511317071239e-03 -4.177111468896432811e-03 -1.428374322608538805e-02
1.466088110327112837e-02 5.962116923549309888e-03 -3.777938941303626841e-03 -1.684505908551647835e-02
1.576361748377363980e-02 6.726564059033490750e-03 -4.963966456127288929e-03 -1.752621508668028572e-02
1.427276369772045861e-02 6.678534982586192825e-03 -4.340640298781672790e-03 -1.661065838152442353e-02
1.698035175046741507e-02 4.083239126127624630e-03 -4.461903253217047727e-03 -1.660168762337799198e-02
1.496329516569949725e-02 4.111046978308996458e-03 -5.285397044805351108e-03 -1.378894509920325362e-02
1.607667990825878412e-02 4.485192317040143095e-03 -4.812189316186987753e-03 -1.574968290911171742e-02
1.776410195047817275e-02 6.317951038074198777e-03 -6.525365839055830008e-03 -1.755668714949698561e-02
1.665208663229345021e-02 4.381860348469324151e-03 -4.801960503890811971e-03 -1.623198647687174034e-02
1.328432516428024179e-02 5.138467524765655270e-03 -2.811878384359700611e-03 -1.561091430468641850e-02
1.449856232627189101e-02 5.805679624270032591e-03 -5.569021019145026230e-03 -1.473522093139623124e-02
1.728660078478361228e-02 4.969253351942759522e-03 -5.574832341524671442e-03 -1.668102179520158934e-02
1.667243654214400905e-02 5.098198107627682774e-03 -6.087446630255288760e-03 -1.568318801951684716e-02
1.691286319172125019e-02 6.780541507486192998e-03 -6.765964493187448525e-03 -1.692744020602021671e-02
1.685648167958708754e-02 3.817050469493876719e-03 -2.926661629052640379e-03 -1.774687052002832388e-02
1.766012828294094561e-02 3.475999213443214941e-03 -4.475606018259248309e-03 -1.666052147812513429e-02
1.676582486789346405e-02 4.361166762690160681e-03 -5.725763612173362382e-03 -1.540122801841015132e-02
1.443870370995647967e-02 6.477838285817050235e-03 -5.022333594761341224e-03 -1.589420840101218868e-02
1.411190679476348464e-02 4.735291507177441517e-03 -4.675650290770216877e-03 -1.417154801117082030e-02
1.533107259168797754e-02 4.614179411302155032e-03 -5.269803109240633887e-03 -1.467544889375005379e-02
1.621890605037767941e-02 3.526207849485540891e-03 -5.448288662600164756e-03 -1.429682523726272247e-02
1.894625824303597383e-02 3.403003185229458438e-03 -5.281607398395893327e-03 -1.706765402986931690e-02
1.836719998865721237e-02 5.607268867185100092e-03 -2.827246126088311939e-03 -2.114722272975411155e-02
1.554165081380287639e-02 7.555099099080919700e-03 -6.915072030161950600e-03 -1.618167788272217855e-02
1.507964538723038928e-02 5.134586614102820690e-03 -7.422474754804730956e-03 -1.279175724652859003e-02
1.555503535009949978e-02 5.510727034567786120e-03 -7.325687977187245181e-03 -1.374007440748026276e-02
1.237846586572466379e-02 6.169580743921709853e-03 -2.927502328706421686e-03 -1.562054428094006298e-02
1.495875205546082221e-02 5.313100040495122300e-03 -5.864167399394548674e-03 -1.440768469656150685e-02
1.679963183108412750e-02 2.426929460322746479e-03 -4.102951198950544054e-03 -1.512361009245621890e-02
1.334104315682060893e-02 6.490168141208840780e-03 -4.296449986758599238e-03 -1.553476131127096149e-02
1.484888602591105666e-02 6.488975456910628381e-03 -4.821880269279321674e-03 -1.651598121354236337e-02
1.577283081542879550e-02 5.643942232106402557e-03 -5.399572225521120927e-03 -1.601720082201452122e-02
1.522020456713679692e-02 2.904278968245410653e-03 -2.540582080800879439e-03 -1.558390145458155018e-02
1.568779646457407750e-02 3.161152814588730209e-03 -4.891057029449918936e-03 -1.395789224971255571e-02
1.436477699735871916e-02 6.324859845219465981e-03 -4.130795021133337741e-03 -1.655884182144451433e-02
1.618659284241874552e-02 5.503352725888088770e-03 -5.077985121469619223e-03 -1.661196044683699302e-02
1.395845077304391779e-02 4.903011332421103319e-03 -4.936674068096946755e-03 -1.392478803736840742e-02
1.753681740700097080e-02 4.606269202430679499e-03 -3.564187226621551297e-03 -1.857889938281054309e-02
1.487823537480337244e-02 4.969841648733819284e-03 -4.141018777149230168e-03 -1.570705824638807258e-02
1.577811004035467590e-02 5.243716637973294681e-03 -3.719242820417689721e-03 -1.730258385791005882e-02
1.448099029188276710e-02 3.110364925988262641e-03 -1.945446374458370542e-03 -1.564590884341265919e-02
1.652081360907842189e-02 5.640740019246193171e-03 -7.498181804134529393e-03 -1.466337182419019669e-02
1.541440408424721298e-02 5.130314456226692243e-03 -5.249426725884687173e-03 -1.529529181458955112e-02
1.432213464869658281e-02 5.150197342630891129e-03 -4.115152709849523305e-03 -1.535717928147839473e-02
1.537773831469491093e-02 6.030701944149674532e-03 -5.117238239856103377e-03 -1.629120201898814901e-02
1.690534147424926914e-02 6.733658129013608828e-03 -7.098545054461058434e-03 -1.654045454880170851e-02
1.603578818654849414e-02 5.347903387972419154e-03 -7.312213411601264923e-03 -1.407147816291942632e-02
1.636916949590805359e-02 3.611809052492143124e-03 -3.287064036815889878e-03 -1.669391451158397377e-02
1.484582975875725630e-02 3.179448846941657081e-03 -5.476336734095976766e-03 -1.254894187160282559e-02
1.663957045061570383e-02 6.341310964178559217e-03 -7.554817454253570652e-03 -1.542606396054080342e-02
1.763221326036035208e-02 5.154167171113055446e-03 -6.343176469624456359e-03 -1.644320396184884014e-02
1.901877790296291337e-02 4.261312081287993436e-03 -5.418788202715685287e-03 -1.786130178153488846e-02
1.504554534892088569e-02 5.204774766218278614e-03 -5.426884938264042724e-03 -1.482343517687467749e-02
1.483293512999717123e-02 3.516453231995564366e-03 -4.062277343846787403e-03 -1.428711101814528206e-02
1.707407762597346057e-02 5.913816908617919310e-03 -5.239232941601001947e-03 -1.774866159299071100e-02
1.580841819371903156e-02 5.195555257797357385e-03 -5.316652607678551412e-03 -1.568732084383805958e-02
1.326082745075085612e-02 2.562543665074912269e-03 -3.605930533117418513e-03 -1.221744058270857192e-02
1.457468389542637688e-02 4.456446782732603751e-03 -4.129098934645858421e-03 -1.490203174351312221e-02
1.704199759412405868e-02 4.054207832539180600e-03 -3.792532818462146516e-03 -1.730367260820120379e-02
1.446403827172204615e-02 6.664887975365685335e-03 -6.600895342836143875e-03 -1.452803090425169863e-02
1.436173401693907614e-02 4.607939307074371271e-03 -6.289613953264661106e-03 -1.268005937074845324e-02
1.657067891810948268e-02 4.860692394103027780e-03 -6.038739902148426708e-03 -1.539263141006408375e-02
1.544952605606808582e-02 4.524872837099680467e-03 -3.605126515547785182e-03 -1.636927237761998111e-02
1.635885288731309117e-02 4.586544475008835775e-03 -4.969129313838416273e-03 -1.597626804848339965e-02
1.561603115163889832e-02 5.457832747824742370e-03 -4.145948995720405428e-03 -1.692791490374301322e-02
1.877024836980800693e-02 5.855247690692788609e-03 -5.484040672586787402e-03 -1.914145538791334200e-02
1.574293750376010159e-02 3.644328149071451861e-03 -5.175586411669041986e-03 -1.421167924116262249e-02
1.610867218298928094e-02 5.877276928653474286e-03 -6.669846418225655604e-03 -1.531610269341665553e-02
1.720257047178508358e-02 4.239537308740937149e-03 -2.830312872650897482e-03 -1.861179490787578938e-02
1.560224873522542133e-02 5.385956751621456817e-03 -6.260436972233107689e-03 -1.472776851461354841e-02
1.736167429571455756e-02 6.780681863378212881e-03 -6.896390750695813310e-03 -1.724596540839729020e-02
1.356498811671436044e-02 5.645840021430981182e-03 -4.051709861979224669e-03 -1.515911827616611696e-02
1.610644011100692552e-02 5.213194089563888411e-03 -4.619368911793153565e-03 -1.670026528877777139e-02
1.565841717949556511e-02 5.867657901045042479e-03 -7.051218514674828519e-03 -1.447485656586589009e-02
1.739808225202899017e-02 4.549691621587248491e-03 -5.914507689705250648e-03 -1.603326618391098801e-02
1.678362892187168498e-02 5.308715673882913322e-03 -4.976905799424224952e-03 -1.711543879633015131e-02
1.540315355431132183e-02 4.369732479206911435e-03 -6.305154616165320469e-03 -1.346773141735291279e-02
1.765524147427899315e-02 2.144134559151300579e-03 -4.157493152536884118e-03 -1.564188288089296552e-02
1.561906008179181349e-02 6.845221277841373464e-03 -6.593260156974700692e-03 -1.587102120265859728e-02
1.722368686332909071e-02 5.317592998628439815e-03 -4.421654658549933892e-03 -1.811962520340781868e-02
1.659811146220158129e-02 6.623642207082447442e-03 -4.628341148691150764e-03 -1.859341252059298899e-02
1.767387347478877047e-02 3.952997459132578939e-03 -7.674957562099682384e-03 -1.395191337182166702e-02
1.751011448752959332e-02 3.472171038343851990e-03 -3.292881485906562489e-03 -1.768940403996666078e-02
1.613379205992693244e-02 7.719910037826238636e-03 -5.270521422790053201e-03 -1.858318067496300685e-02
1.728943185922182657e-02 3.863163785808421125e-03 -4.416861903419722069e-03 -1.673573374161052563e-02
1.187878143268927822e-02 3.456064465159114363e-03 -4.252113515272770705e-03 -1.108273238257551085e-02
1.789656246691784247e-02 6.050963209970561252e-03 -5.105832983840929984e-03 -1.884169269304758476e-02
1.925255356818245112e-02 4.923738095953478222e-03 -6.143217188545935237e-03 -1.803307447558977206e-02
1.783214887131556736e-02 4.793918003896058266e-03 -3.584630134243149691e-03 -1.904143674096836492e-02
1.600396691195737908e-02 4.824018651019335024e-03 -4.577424144995734245e-03 -1.625056141798086884e-02
7.881703334593259669e-03 4.290424071573761822e-03 -4.574635270042426427e-03 -7.597492136124706086e-03
1.610773179690716539e-02 6.213529612849377770e-03 -6.967667804998356473e-03 -1.535359360475785362e-02
1.338420638390380724e-02 4.020768965937282502e-03 -1.333701295015643495e-03 -1.607127405482566829e-02
1.737599727644822956e-02 6.684445029351282486e-03 -4.668497517410274966e-03 -1.939194478838912605e-02
1.862552788325277930e-02 2.446179434881345927e-03 -4.327274397340707957e-03 -1.674443292079297319e-02
1.591561833759014277e-02 6.166858877292069607e-03 -4.908806533044929310e-03 -1.717367068183706103e-02
1.712492302800550092e-02 6.457072502020766436e-03 -7.910079498520183883e-03 -1.567191603150586143e-02
6.759155603929922762e-03 2.072495040424726653e-03 -1.245667123563887202e-03 -7.585983520791095280e-03
1.650702035665108092e-02 3.258715881893969879e-03 -2.684814339229957270e-03 -1.708092189931531557e-02
1.579095384430551086e-02 6.900853340275903136e-03 -6.708033007597036246e-03 -1.598377417698404468e-02
1.527318736054694703e-02 5.417229454924177290e-03 -3.134543155337343734e-03 -1.755587366013366957e-02
1.686040168150526597e-02 5.591292939234770998e-03 -6.915340825267790592e-03 -1.553635379547202433e-02
1.696815343590785119e-02 4.177087426621817201e-03 -4.225754268884718279e-03 -1.691948659364506113e-02
1.745462546516018953e-02 7.203705881562605384e-03 -9.450005028807328955e-03 -1.520832631791579903e-02
1.626772574345669575e-02 4.634904311116683218e-03 -4.548348511482447343e-03 -1.635428154309159776e-02
1.654637578747242266e-02 4.549958017901145624e-03 -4.088444707012750534e-03 -1.700788909836015161e-02
1.707869475836099049e-02 5.577235834995253327e-03 -7.000465248211518166e-03 -1.565546534514472565e-02
1.659857902233774496e-02 2.452223209238768575e-03 -3.930216893011873047e-03 -1.512058533856475151e-02
1.451311347570372057e-02 7.086578838437995742e-03 -5.921098540890401551e-03 -1.567859377325109271e-02
1.536210108911117977e-02 7.049709562546802033e-03 -4.900358729338694097e-03 -1.751145192231939873e-02
1.363928403058234373e-02 6.999119130560504942e-03 -4.561620342637406900e-03 -1.607678281850533075e-02
1.512473814686132734e-02 5.609234808621632595e-03 -7.900755422781791104e-03 -1.283321753270105781e-02
1.428721765804197297e-02 7.538854592515464859e-03 -5.927185215799046780e-03 -1.589888703475828002e-02
1.244106278289236478e-02 5.795229392226985965e-03 -5.177763452391848098e-03 -1.305852872272728060e-02
1.836663783899039615e-02 6.153870754902701634e-03 -5.746535884866510457e-03 -1.877397270902669835e-02
1.932714177567840252e-02 4.983488335477570530e-03 -6.787649187010469376e-03 -1.752298092414572572e-02
1.617179337525631588e-02 5.004907610112185878e-03 -3.784355887925028306e-03 -1.739234509744325141e-02
1.423082653133667108e-02 4.281213477224543595e-03 -3.286261112472654844e-03 -1.522577889608855983e-02
1.684950025080933500e-02 7.562171089538161084e-03 -5.961374500560334688e-03 -1.845029683978738344e-02
1.515688615765431457e-02 6.286207798739118502e-03 -6.012902188883617605e-03 -1.543019176750981547e-02
1.646487464222023966e-02 6.432334160329400419e-03 -8.116466209509898277e-03 -1.478074259303974181e-02
1.789610949423847686e-02 3.682718803035056609e-03 -8.752941978588335559e-03 -1.282588631868508688e-02
1.573451962909699908e-02 6.498488438026583935e-03 -3.988807913086755974e-03 -1.824420015403704909e-02
1.420173336811747511e-02 4.626459523818349240e-03 -3.581711462836811855e-03 -1.524648142909879045e-02
1.770623488737577134e-02 5.064919870050976769e-03 -4.649777544602939905e-03 -1.812137721282414127e-02
1.403492019334318108e-02 6.497161730683487235e-03 -5.062077873041803677e-03 -1.547000405098508669e-02
1.619165802411681732e-02 5.550606093644772088e-03 -4.825768671728902781e-03 -1.691649544603313071e-02
1.503493024095181596e-02 2.911631964993777189e-03 -1.567616177811426148e-03 -1.637894602813405598e-02
1.791206040630766161e-02 6.310960014129340934e-03 -6.291741987997867547e-03 -1.793127843243935704e-02
1.739494699911503517e-02 6.228293153455854991e-03 -7.363313193861187322e-03 -1.625992695870970284e-02
1.830609447095143949e-02 5.487427295713942499e-03 -7.126505504444713424e-03 -1.666701626222022448e-02
1.634730111109683470e-02 7.545981777624444220e-03 -7.423310114700987228e-03 -1.646997277401995863e-02
1.552296157940036281e-02 6.413006749293348463e-03 -6.698226071130353176e-03 -1.523774225756335809e-02
1.378910171258129758e-02 5.709115430529321245e-03 -2.932766106490070079e-03 -1.656545103662043772e-02
1.794479670074089483e-02 5.487940978844640938e-03 -7.236368760462630334e-03 -1.619636891912290544e-02
1.884011419473652360e-02 7.406883627073979071e-03 -7.677148207841821836e-03 -1.856984961396868083e-02
1.755999821298348529e-02 5.916168214500139300e-03 -5.732719866762603367e-03 -1.774344656072113224e-02
1.727490201663761660e-02 4.121247662316473992e-03 -4.045256784022122076e-03 -1.735089289493196851e-02
1.384751330752997944e-02 6.659263745308452442e-03 -5.769213796038119568e-03 -1.473756325680031232e-02
1.733702868589404034e-02 4.787626317155790900e-03 -4.443182634676468012e-03 -1.768147236837314118e-02
1.803540773053713409e-02 3.479968617112749740e-03 -3.225389899816244466e-03 -1.828998644783319527e-02
1.448758868237409736e-02 5.218172083875316503e-03 -5.547504224056032385e-03 -1.415825654219315943e-02
1.488466840206359443e-02 5.357339369998381784e-03 -5.523087057395681398e-03 -1.471892071466596175e-02
1.683107050686771800e-02 5.124733607882347997e-03 -5.103069889573763618e-03 -1.685273422517574726e-02
1.666809031236882177e-02 4.925678004277234123e-03 -4.388437277224488398e-03 -1.720533103942178954e-02
1.559928006612443241e-02 6.110089302151289203e-03 -6.477043659775860718e-03 -1.523232570849974987e-02
1.655351523761416921e-02 5.033080184349003616e-03 -6.319973908774589866e-03 -1.526662151318869398e-02
1.660207139922431629e-02 4.264203939955413247e-03 -2.647057465941404786e-03 -1.821921787323832476e-02
1.492158335852256101e-02 4.705644635806249809e-03 -4.919545840056271935e-03 -1.470768215427264991e-02
1.580256938282387225e-02 5.614998370659041171e-03 -6.032787668497241462e-03 -1.538478008498589400e-02
1.729538856103096656e-02 3.105655650367467047e-03 -3.377155735246106794e-03 -1.702388847615232681e-02
1.845614792853478292e-02 3.904460317583957618e-03 -7.495123497196831686e-03 -1.486548474892179783e-02
1.473225383720322412e-02 3.763777984519656172e-03 -4.858483442113925577e-03 -1.363754837960928779e-02
1.702663160321460367e-02 6.458823811294811534e-03 -5.566841968219549130e-03 -1.791861344629019914e-02
1.711041999635942723e-02 5.901548709647208568e-03 -5.829397712439066126e-03 -1.718257099356734763e-02
1.743931341962845494e-02 3.056492628620288698e-03 -3.994930842466049015e-03 -1.650087520578280564e-02
1.821839624024734761e-02 7.541378222778227780e-03 -7.338522370642586168e-03 -1.842125209238343331e-02
1.769794895867149442e-02 2.445888086654912641e-03 -4.594921857059897086e-03 -1.554891518826673202e-02
1.669082827736767527e-02 7.356164561395539536e-03 -5.140551752640609706e-03 -1.890644108612316021e-02
1.518495445600565041e-02 5.449483845941127669e-03 -6.757083743193170733e-03 -1.387735455875382939e-02
1.545771369344106638e-02 4.024518263310739030e-03 -4.505354193574451216e-03 -1.497687776317757624e-02
1.589975652739039624e-02 4.574003336053511504e-03 -4.880392845225900444e-03 -1.559336701821845139e-02
1.622037680232102375e-02 6.645186761554899846e-03 -4.882475054734491948e-03 -1.798308850914143164e-02
1.682727662010718994e-02 7.088608142859831318e-03 -5.059783897983671785e-03 -1.885610086498268334e-02
1.535228204929861562e-02 5.039829860787436999e-03 -4.498112391962516554e-03 -1.589399951812375811e-02
1.511353043215035719e-02 7.127959124328064888e-03 -6.850671588975898452e-03 -1.539081796750263464e-02
1.664624037313289229e-02 6.358911190295524207e-03 -3.286664071760370121e-03 -1.971848749166749126e-02
1.576855458512826935e-02 4.476652810072812017e-03 -4.189510536017460041e-03 -1.605569685918439848e-02
1.583915799906843169e-02 3.879704743983580784e-03 -4.174809649780564236e-03 -1.554405309327144824e-02
1.574306474387232591e-02 6.520617869976597092e-03 -7.330120699526876393e-03 -1.493356191432182456e-02
1.295080948662974407e-02 6.522343595538160343e-03 -3.779610860537463424e-03 -1.569354222163032997e-02
1.546608695823725732e-02 6.754116126452158753e-03 -5.467728277030681205e-03 -1.675247480765906793e-02
1.381930059424418822e-02 5.440215362676914523e-03 -4.373287375042278491e-03 -1.488622858187871323e-02
1.608924636205455450e-02 9.428861519298559202e-03 -9.761806525130367618e-03 -1.575630135622296812e-02
1.425877841408196289e-02 6.525429851732988951e-03 -5.651768059077855177e-03 -1.513244020673742973e-02
1.505106425443569762e-02 5.900823776464170223e-03 -5.175938254509793168e-03 -1.577594977638985263e-02
1.641514507459862493e-02 5.468578297314063974e-03 -6.438017911440163665e-03 -1.544570546047296933e-02
1.648946992156941072e-02 4.446245544919458226e-03 -5.823694290737257973e-03 -1.511202117575172199e-02
1.791175289701141260e-02 2.022033855844984629e-03 -5.197125975901828454e-03 -1.473666077695445775e-02
1.540379985031248289e-02 5.653684915635226460e-03 -4.233814025270454806e-03 -1.682367074067714352e-02
1.721361621992145707e-02 6.233185980974775831e-03 -5.431501906052349504e-03 -1.801530029484399442e-02
1.646968692312578142e-02 6.754042096261070327e-03 -3.382247874951893607e-03 -1.984148114443551325e-02
1.538483060380202438e-02 6.254032494609429449e-03 -5.878800889134838670e-03 -1.576006220927661516e-02
1.634777295102640693e-02 5.567513813612423590e-03 -6.422763883433435517e-03 -1.549252288120483989e-02
1.493809681836433256e-02 5.631970314359024954e-03 -7.203660216222207424e-03 -1.336640691650148316e-02
1.596341850836191512e-02 7.215739671309506775e-03 -5.000172341331099446e-03 -1.817898583833998938e-02
1.421266590602954238e-02 5.475866234357917861e-03 -5.101653888075152743e-03 -1.458687825231219648e-02
1.491969674223736497e-02 4.845468061348112698e-03 -4.609608565398493063e-03 -1.515555623818742870e-02
1.418847022409774894e-02 4.418402857968350972e-03 -4.686391309644655223e-03 -1.392048177242144469e-02
1.560024370286439144e-02 5.129066658235759135e-03 -5.462529400087512421e-03 -1.526678096101263815e-02
1.761671879481463421e-02 4.017868438210614457e-03 -6.127859124229306786e-03 -1.550672810879649699e-02
1.547040855898007550e-02 7.355136253332172913e-03 -7.342877303106565279e-03 -1.548266750920612722e-02
1.378863722603163033e-02 7.300571501901220728e-03 -6.877075343451055645e-03 -1.421213338448179542e-02
1.472834512516030259e-02 9.029909693037962981e-03 -6.592136505431112070e-03 -1.716611831276748656e-02
1.994283545948416503e-02 5.890736632923720961e-03 -6.461115858007793200e-03 -1.937245623439987074e-02
1.452986054459115550e-02 5.225778901338351545e-03 -5.644626652737572137e-03 -1.411101279319237900e-02
1.556843833657040044e-02 4.523826746678283328e-03 -5.513565178146828671e-03 -1.457869990510196612e-02
1.824670575470532796e-02 4.066439187214054840e-03 -5.449875185382202503e-03 -1.686326975653706928e-02
1.354061955938634654e-02 5.324180160485747493e-03 -5.395568406007189566e-03 -1.346923131386479344e-02
1.480755196760719095e-02 6.098436842800536439e-03 -4.571514718621050299e-03 -1.633447409178667709e-02
1.476036777162703650e-02 5.690645432332441800e-03 -2.629429056908105800e-03 -1.782158414705126148e-02
1.255428308061534715e-02 5.626649654910442777e-03 -5.000436448425737979e-03 -1.318049628710005194e-02
1.542236404188046528e-02 5.291385612975707531e-03 -4.170813010249019293e-03 -1.654293664460715352e-02
1.325169466836095822e-02 7.158628197790450898e-03 -5.991359365035142659e-03 -1.441896350111637748e-02
1.838163726015418220e-02 4.508438599266639812e-03 -5.147050633822924937e-03 -1.774302522559756401e-02
1.715704142935003951e-02 7.254148439360230682e-03 -8.454181441445829392e-03 -1.595700842726477386e-02
1.644779007441798946e-02 6.658977786070385818e-03 -4.879290110003653425e-03 -1.822747775048483287e-02
1.533233759142538233e-02 4.066125613321647236e-03 -3.045792923378143335e-03 -1.635267028136899725e-02
1.560435874334942241e-02 4.593620478686499808e-03 -4.314842927240936099e-03 -1.588313629479487510e-02
1.175714046003428770e-02 7.387506542640531748e-03 -4.580737617323693556e-03 -1.456390938535090385e-02
1.400213095889646375e-02 5.490191683475753592e-03 -4.676922607407596466e-03 -1.481540003496495395e-02
1.496074780705547447e-02 3.965034395911448684e-03 -3.901729609543824751e-03 -1.502405259342332045e-02
1.763657298599996537e-02 6.558765546900158228e-03 -6.060529341408660287e-03 -1.813480919149201842e-02
1.459100585318573451e-02 6.238334830475977810e-03 -5.162329140893540114e-03 -1.566701154276850527e-02
1.502724007120082028e-02 7.043388055191224240e-03 -5.418085957990981250e-03 -1.665254216840084123e-02
1.542187294835883904e-02 6.571249496515996213e-03 -6.476299981297617414e-03 -1.551682246357710682e-02
1.834348016100451062e-02 6.538332162237869838e-03 -6.962115093197218663e-03 -1.791969723004560588e-02
1.822654981577054301e-02 4.848733737192079118e-03 -5.737221010272186561e-03 -1.733806254269087965e-02
1.496551886686181554e-02 5.510001211838533308e-03 -5.484331232739281248e-03 -1.499118884596106760e-02
1.678537871040042262e-02 4.045731256671514231e-03 -4.358066656701020669e-03 -1.647304331037091618e-02
1.204390273167454950e-02 4.307872487620212354e-03 -3.683504298794715304e-03 -1.266827092049982451e-02
1.598761034313689322e-02 4.902617636136419321e-03 -6.705132114189993331e-03 -1.418509586508354126e-02
1.581507443569352134e-02 6.530099638141662055e-03 -3.230232897944218529e-03 -1.911494117589063180e-02
1.687951744942961518e-02 6.824208863853709062e-03 -6.034756549402997550e-03 -1.766896976387988261e-02
1.871624684599115795e-02 4.453381911348142097e-03 -4.727551086664449898e-03 -1.844207767067485015e-02
1.430716001112775082e-02 6.236578879620813254e-03 -6.603091613496925305e-03 -1.394064727725119468e-02
1.673787418946082184e-02 6.167062819551150099e-03 -7.748840582143090572e-03 -1.515609642686921443e-02
1.719107410341802478e-02 7.475284896437894844e-03 -6.790851465394820430e-03 -1.787550753446165430e-02
1.533929237740649931e-02 6.860844874770899438e-03 -6.628776512062728443e-03 -1.557136074011533644e-02
1.431881533864731715e-02 4.509918548799118909e-03 -4.653084992356393279e-03 -1.417564889509004278e-02
1.425704402748206867e-02 3.183854837194965981e-03 -2.223875078013470841e-03 -1.521702378666367483e-02
1.796052179126350623e-02 7.471752576331702755e-03 -8.081417158861570194e-03 -1.735085720873397186e-02
1.538667382348180013e-02 3.697800531484496389e-03 -3.030682657885641618e-03 -1.605379169707998877e-02
1.644245898289753427e-02 3.983751378588307190e-03 -4.052309674158593999e-03 -1.637390068732669235e-02
1.232403298201956154e-02 7.559925341979578661e-03 -6.159696551912063889e-03 -1.372426177208785347e-02
1.349511043636408836e-02 4.228751751813142334e-03 -4.430589556448594202e-03 -1.329327263172896956e-02
1.584037897578283172e-02 5.848288522997346917e-03 -5.723665864232785339e-03 -1.596500163454750432e-02
1.651671326269532614e-02 5.641855341803614365e-03 -6.122528898069856673e-03 -1.603603970642963894e-02
1.412622420552689384e-02 6.055747995654003901e-03 -4.273537531973237158e-03 -1.590843466920766058e-02
1.641749618967591751e-02 5.319670384893449011e-03 -6.064394146303775379e-03 -1.567277242826514705e-02
1.596128696000276292e-02 5.128846029995859368e-03 -6.514759302728601043e-03 -1.457537368726991023e-02
1.550354361664707525e-02 3.620880287129812913e-03 -3.723329165013167241e-03 -1.540109473876394297e-02
1.604288334897385759e-02 4.308954975481338323e-03 -5.597308832099967546e-03 -1.475452949235522837e-02
1.518531881706852715e-02 4.851575125112361775e-03 -5.236358629767234873e-03 -1.480053531241365405e-02
1.543804767952128287e-02 6.380945754634659295e-03 -3.817339484632586988e-03 -1.800165394952346620e-02
1.765346347074259192e-02 6.540225218799378126e-03 -5.483519121429636378e-03 -1.871016956811266674e-02
1.470253297854684504e-02 4.912812334593841257e-03 -2.719265054091701828e-03 -1.689608025904865141e-02
1.526629393895717612e-02 4.445948940122734783e-03 -4.421589987094298735e-03 -1.529065289198583422e-02
1.547068684878238898e-02 4.446390763211294228e-03 -3.460358097861160331e-03 -1.645671951413263390e-02
1.650732976307356381e-02 4.011082143548172496e-03 -4.669931038942753965e-03 -1.584848086767898234e-02
1.608997141698131905e-02 6.248290234717179814e-03 -4.693313326259107576e-03 -1.764494832543983538e-02
1.497064397988778772e-02 5.646686167983139271e-03 -4.009364721810571019e-03 -1.660796542606035597e-02
1.434423983577048922e-02 5.697603852283128489e-03 -2.985906455950426697e-03 -1.705593723210285795e-02
1.513467135186541412e-02 5.663631261759727309e-03 -2.908192702062661894e-03 -1.789010991156270158e-02
1.555432013323443385e-02 4.719765872262193795e-03 -5.417356138343487615e-03 -1.485672986715291799e-02
1.557603018950692864e-02 6.238684058172960789e-03 -4.051580162546586372e-03 -1.776313408513274794e-02
1.587936407117895854e-02 7.264894462091664451e-03 -6.720527930874187206e-03 -1.642373060239687987e-02
1.780660113162690905e-02 4.586762920037124047e-03 -5.360738016053412380e-03 -1.703262603561095379e-02
1.779785237758568783e-02 3.072439391687664667e-03 -4.571080937626370577e-03 -1.629921083164720397e-02
1.578373631098450858e-02 2.680799891081608877e-03 -5.502139883384549179e-03 -1.296239631868201236e-02
1.597541495160981206e-02 4.846848880868614984e-03 -6.333952989683755419e-03 -1.448831084279467163e-02
1.408552475828628303e-02 6.076826459354034426e-03 -4.566281623747281415e-03 -1.559606959389325809e-02
1.792629759928554556e-02 4.705630759821444187e-03 -5.385344774298528314e-03 -1.724658358480890552e-02
1.337255855852381714e-02 5.371751590939721765e-03 -3.922350035207355923e-03 -1.482196011425651605e-02
1.152789635227446929e-02 5.837011413580395214e-03 -4.013615715094176473e-03 -1.335129205076079906e-02
1.394669252219160605e-02 4.722674106834023888e-03 -5.309219906881157414e-03 -1.336014672214413945e-02
1.463672087662026833e-02 6.289065717833830504e-03 -8.524097987082646100e-03 -1.240168860737123069e-02
1.526548047266307329e-02 4.459882148635907484e-03 -3.750862639137819698e-03 -1.597449998216171618e-02
1.597773204617514153e-02 6.360151722319296042e-03 -6.326231086587141839e-03 -1.601165268190762880e-02
1.705582195516863742e-02 5.161791227481726807e-03 -5.316501423389352610e-03 -1.690111175926078957e-02
1.433506951238050497e-02 6.095464419207274887e-03 -6.935588850369045488e-03 -1.349494508121873437e-02
1.506348975490823250e-02 6.303291032193847343e-03 -6.518992652106980756e-03 -1.484778813499532113e-02
1.634547435752331523e-02 6.369497238389865146e-03 -5.367809217011632050e-03 -1.734716237890110424e-02
1.665035605549292086e-02 4.884641646266452142e-03 -3.578047286225682910e-03 -1.795695041553369009e-02
1.299306655415866096e-02 5.712726267373513522e-03 -3.295497534101854420e-03 -1.541029528743087518e-02
1.382778588256883268e-02 4.769124766487831124e-03 -6.558508084378078529e-03 -1.203840256467869629e-02
1.872683528432417255e-02 3.948130099547642047e-03 -4.996036255906610712e-03 -1.767892912796531490e-02
1.753597732956624355e-02 4.033945492277313249e-03 -5.311830309873255551e-03 -1.625809251197030125e-02
1.499425739797244361e-02 5.653596522737558416e-03 -6.435558085230996817e-03 -1.421229583547911623e-02
1.609554378800059915e-02 6.025717434687161145e-03 -5.893007475959666230e-03 -1.622825374672864918e-02
1.409389416610040691e-02 8.350440231657652035e-03 -8.564989782270382435e-03 -1.387934461548745446e-02
1.477920936969057131e-02 5.909292224753670553e-03 -6.212417346154519571e-03 -1.447608424829005536e-02
1.402528082275922294e-02 6.647647439600667951e-03 -4.133405725541217102e-03 -1.653952253681889584e-02
1.514209381765851958e-02 5.889338918511732857e-03 -4.495429263575601020e-03 -1.653600347259409631e-02
1.609566718657573503e-02 6.446271570294870301e-03 -6.795316986440869123e-03 -1.574662177043006928e-02
1.526113904879400351e-02 5.216581843724421574e-03 -5.895096351128281675e-03 -1.458262454138947728e-02
1.526417472800201125e-02 2.118825814847236089e-03 -4.271304267183251291e-03 -1.311169627566599605e-02
1.741111148467955339e-02 4.615045737178080643e-03 -6.749760320426845261e-03 -1.527639690143067774e-02
1.592511194814960618e-02 5.713823364201342514e-03 -4.594264157614436073e-03 -1.704467115473640160e-02
1.534236201585859050e-02 4.616186978187108991e-03 -3.217732838924125538e-03 -1.674081615512157395e-02
1.670029520666993506e-02 7.904483536396389454e-03 -8.516356487246579121e-03 -1.608842225581985641e-02
1.788769665641676276e-02 5.820795296608727298e-03 -6.127937107908820735e-03 -1.758055484511666933e-02
1.536338617361621139e-02 4.050279589939087543e-03 -4.924285044461518268e-03 -1.448938071909378067e-02
1.603998381280424823e-02 4.378438295866038388e-03 -6.432373073252839468e-03 -1.398604903541789124e-02
1.681654188293246754e-02 5.704050782203262671e-03 -8.605926759619797473e-03 -1.391466590551571070e-02
1.571926994848826808e-02 5.729943092276368333e-03 -5.567513787133937520e-03 -1.588169925363092094e-02
1.581322762798675896e-02 3.616901140744976928e-03 -2.976269322158220376e-03 -1.645385944657418165e-02
1.642998045225718684e-02 4.165295763640664006e-03 -2.665273547104662910e-03 -1.793000266879274385e-02
1.382945197260920800e-02 3.471469543677718761e-03 -2.224466755664011863e-03 -1.507645476062269285e-02
1.610602489832291262e-02 5.241865599787232100e-03 -5.324332587924418547e-03 -1.602355791018572617e-02
1.438338062744803914e-02 6.918484539054192695e-03 -4.811247387243033913e-03 -1.649061777925964201e-02
1.452095685942156322e-02 4.630948400538681398e-03 -2.140420624396455196e-03 -1.701148463556345636e-02
1.421925079267793990e-02 4.350850676791306881e-03 -3.424141810058234370e-03 -1.514595965941112343e-02
1.345045629877583693e-02 4.963423931729327165e-03 -2.428821685578230749e-03 -1.598505854492693334e-02
1.494541251333059151e-02 8.298298832734030128e-03 -6.005262979565939574e-03 -1.723844836649857104e-02
1.556846303755765604e-02 3.579662461731469847e-03 -4.792418425134559179e-03 -1.435570707415501079e-02
1.507423519945438883e-02 6.616289512103357140e-03 -6.638842919257981201e-03 -1.505168179230009784e-02
1.690040384000246476e-02 2.099416428020139946e-03 -6.350321894129096201e-03 -1.264949837389339748e-02
1.354688379229540551e-02 5.198417894050733068e-03 -5.071141494413566875e-03 -1.367416019193268273e-02
1.425803524719393423e-02 6.848654090636507874e-03 -6.154690813627960999e-03 -1.495199852420303621e-02
1.620639980995552953e-02 6.818753832808166493e-03 -7.297696478185455859e-03 -1.572745716457857323e-02
1.807244666227214580e-02 1.426429744726398496e-03 -3.574994710011658583e-03 -1.592388169698710776e-02
1.419649423193147797e-02 4.125826428152290504e-03 -5.539272726625354970e-03 -1.278304793345808044e-02
1.469029174071034838e-02 2.762865763533017827e-03 -2.991534971663489806e-03 -1.446162253257965435e-02
1.398259686898972731e-02 4.679397986856681513e-03 -3.731976357218669271e-03 -1.493001849862773955e-02
1.831871388342376505e-02 2.763641644471404035e-03 -5.200202960103261773e-03 -1.588215256779146323e-02
1.489289609706956341e-02 6.162728064359690450e-03 -4.775926523232221221e-03 -1.627969763819725468e-02
1.477915953894104462e-02 7.153997177709259248e-03 -7.199393187517499904e-03 -1.473376352913247089e-02
1.297746394371457335e-02 5.321938615063581679e-03 -3.407038488853153524e-03 -1.489236406992477946e-02
1.804909811192501046e-02 4.300509863029322588e-03 -3.990264385704822558e-03 -1.835934358924973253e-02
1.741735620093920467e-02 3.231810368421683677e-03 -2.549561664379251802e-03 -1.809960490498119245e-02
1.713636290935638407e-02 6.406237382294177607e-03 -4.907362992728203643e-03 -1.863523729892224701e-02
1.683100818447558211e-02 4.606769690286949270e-03 -6.660470727076650554e-03 -1.477730714768565878e-02
1.906837883724654681e-02 7.461920401186095120e-03 -6.866536040356363557e-03 -1.966376319807627837e-02
1.441556983719527452e-02 7.097261706533908310e-03 -6.809248484645369359e-03 -1.470358305908381347e-02
1.716311870437814413e-02 5.690636737932575073e-03 -6.679145259158136838e-03 -1.617461018315302645e-02
1.618403096550480313e-02 5.234620023471858730e-03 -5.697300598188403953e-03 -1.572135039078847996e-02
1.751037651015163732e-02 5.586111370650792551e-03 -5.624693425795745938e-03 -1.747179445500657291e-02
1.474559594609381463e-02 7.808067634268889279e-03 -7.153905941608140751e-03 -1.539975763875500725e-02
1.705169061723554869e-02 5.909106708674061181e-03 -6.699205825571263873e-03 -1.626159150033812395e-02
1.798016546666558746e-02 6.088845676091025894e-03 -7.043094928279258760e-03 -1.702591621447735459e-02
1.733341090536733020e-02 6.753371935279028904e-03 -4.949652923766589829e-03 -1.913712991687976928e-02
1.556392429480357720e-02 5.408567035374067800e-03 -6.537969916531105596e-03 -1.443452141364587327e-02
1.696676796847462754e-02 4.986450695325661542e-03 -4.767808242530757745e-03 -1.718541042126942031e-02
1.281970046915126282e-02 3.156779336624504495e-03 -1.786431830548496080e-03 -1.419004797522716022e-02
1.627011272772227457e-02 6.821076885212606911e-03 -7.708702506672993060e-03 -1.538248710626199944e-02
1.598579691829193905e-02 6.653017805408945051e-03 -6.843090197634293936e-03 -1.579572452606636812e-02
1.509858933596719410e-02 6.701083246754668821e-03 -4.993247971506242777e-03 -1.680642461121550912e-02
1.575479068228458068e-02 5.143454945988334970e-03 -5.820062044515905697e-03 -1.507818358375767609e-02
1.801691986111619848e-02 6.404567831345131523e-03 -9.247877116236979944e-03 -1.517361057622479414e-02
1.541766519237142141e-02 6.218201603419126755e-03 -5.334117370285995641e-03 -1.630174942550444150e-02
1.453745016933249978e-02 4.104781068125618049e-03 -3.890850377495147505e-03 -1.475138085996297033e-02
1.791159337384273798e-02 4.581874384959494506e-03 -7.835346333120218887e-03 -1.465812142568267973e-02
1.478057181683078980e-02 4.772694234631114085e-03 -4.655414335927532399e-03 -1.489785171553448251e-02
1.402801886181204161e-02 5.307748913224941134e-03 -5.154954580306680967e-03 -1.418081319473052382e-02
1.505693514910011466e-02 6.177474118903569789e-03 -4.911707291313849311e-03 -1.632270197669005718e-02
1.551348310530120678e-02 7.672067586568687148e-03 -5.766253557287659426e-03 -1.741929713458212348e-02
1.436378287996697978e-02 5.116282183702081099e-03 -3.741027293128973419e-03 -1.573903777053964337e-02
1.869323442140791158e-02 5.520641363170541993e-03 -3.345868645348137882e-03 -2.086800713923098183e-02
1.491674665390374521e-02 5.164086621653574127e-03 -6.803072285031075417e-03 -1.327776099052579983e-02
1.684778623126526043e-02 6.350241307240489519e-03 -7.983871744993042974e-03 -1.521415579351248493e-02
1.626450889924768717e-02 4.942994132240974281e-03 -6.809551271011238249e-03 -1.439795176047720116e-02
1.581792374469492835e-02 5.905332750925085250e-03 -5.769202436676335033e-03 -1.595405405894356754e-02
1.466937906427556726e-02 3.973319605596881132e-03 -4.423758116553710984e-03 -1.421894055331907047e-02
1.447180512224166549e-02 7.231344041845444437e-03 -5.796186704339900686e-03 -1.590696245974698719e-02
1.490642841816769426e-02 4.534331733641705497e-03 -6.104709451080658766e-03 -1.333605070072829690e-02
1.494154592653362812e-02 4.117709120806445355e-03 -3.809705179186106960e-03 -1.524954986815418856e-02
1.664780510091468102e-02 6.158857360933689407e-03 -6.474425995165344894e-03 -1.633223646668269247e-02
1.592483162549762632e-02 5.414813878324986618e-03 -6.841277480305829606e-03 -1.449836802351667231e-02
1.302576544166567096e-02 5.521693125053461770e-03 -5.350979674852207602e-03 -1.319647889186670309e-02
1.375868933278945327e-02 4.239580406962595305e-03 -4.279489735329100597e-03 -1.371878000442305900e-02
1.685428494561924673e-02 4.964963266704591760e-03 -5.924959466687140797e-03 -1.589428874563703076e-02
1.873701640329716867e-02 4.633510721802291954e-03 -5.716875418298239531e-03 -1.765365170680144313e-02
1.624436911411875073e-02 5.526229672925930814e-03 -6.908875799017111241e-03 -1.486172298802745928e-02
1.866462101385479855e-02 3.530141789239937822e-03 -4.082087133240319687e-03 -1.811267566985452770e-02
1.501073018768095402e-02 6.392852257234737934e-03 -6.349006907320098314e-03 -1.505457553759581568e-02
1.487532857364470829e-02 5.995010937995592926e-03 -4.633963386491801728e-03 -1.623637612514894357e-02
1.578131657577341862e-02 5.531905518722179949e-03 -4.389002594878288477e-03 -1.692421949961764316e-02
1.452212680498954356e-02 5.031083533002078667e-03 -5.715133764467195121e-03 -1.383807657352442710e-02
1.682473757540781101e-02 6.785102858075209298e-03 -3.970313698781202660e-03 -1.963952673470192867e-02
1.654622635097791061e-02 3.450546213696670250e-03 -5.544452193270488216e-03 -1.445232037140342651e-02
1.488590030352177074e-02 5.699786103128712256e-03 -4.245706295244233708e-03 -1.633998011140613826e-02
1.718954623894042300e-02 6.892106877012249555e-03 -7.167607641234030602e-03 -1.691404547471864195e-02
1.547183733788570770e-02 4.851094381224996255e-03 -3.386016026158844561e-03 -1.693691569295141530e-02
1.782153609585845899e-02 4.541086780558201141e-03 -5.309767275822774302e-03 -1.705285560059388583e-02
1.528394634018703790e-02 6.263069884009597743e-03 -5.907891267825426951e-03 -1.563912495637087563e-02
1.641157507798030046e-02 6.705393261160708107e-03 -3.729241483545364666e-03 -1.938772685559608799e-02
1.532767048973182611e-02 5.430371342555639913e-03 -7.288560223826512363e-03 -1.346948160846095366e-02
1.461509760950607806e-02 5.125086724807381700e-03 -5.576272948763727477e-03 -1.416391138554995432e-02
1.379544539177990359e-02 5.244071670736261126e-03 -5.866798685971286176e-03 -1.317271837654454547e-02
1.669853695807188565e-02 6.298954087892161269e-03 -6.520483319879422091e-03 -1.647700772608462483e-02
1.782042173290854237e-02 3.193944673990145589e-03 -5.618853926676381505e-03 -1.539551248022175134e-02
1.642818932121126174e-02 6.566517427204487944e-03 -4.622133598287891942e-03 -1.837257315012796877e-02
1.651603174642124472e-02 6.868630775581197057e-03 -5.748607584971643369e-03 -1.763605493703113147e-02
1.924823193235147833e-02 1.492721964167831317e-03 -6.964139157316195927e-03 -1.377681473920333577e-02
1.548895529649807479e-02 4.865467317741956066e-03 -4.113642427294394999e-03 -1.624078018694585790e-02
1.572428919724533358e-02 5.710565178578708156e-03 -5.153508457837352452e-03 -1.628134591798691133e-02
1.568260888164085820e-02 6.071598261657484841e-03 -4.393265663416245914e-03 -1.736094147988254122e-02
1.289503042459272386e-02 8.116601118790534031e-03 -6.924875415488140895e-03 -1.408675612789589415e-02
1.407968483012700389e-02 4.158808486037557373e-03 -4.107232285724737864e-03 -1.413126103043971238e-02
1.398931747016529670e-02 4.995988236453863252e-03 -4.252301173435890647e-03 -1.473300453318360237e-02
1.449396869499941509e-02 5.756968934286010864e-03 -6.431871039598635598e-03 -1.381906658968690138e-02
1.606221880924874057e-02 6.092748823060212260e-03 -6.163308867305761218e-03 -1.599165876500363570e-02
1.524808818673695221e-02 5.721537226422768185e-03 -5.197626787541764770e-03 -1.577199862561806665e-02
1.644699144670047630e-02 6.970623149602950264e-03 -5.936984260115463208e-03 -1.748063033618818540e-02
1.364489779163391425e-02 6.157984525118731511e-03 -4.202263933650085548e-03 -1.560061838310267124e-02
1.467864726865975022e-02 4.673016555272857531e-03 -6.355119155698196742e-03 -1.299654466823429999e-02
1.455850460583252293e-02 4.739510753044129387e-03 -4.484215420714865452e-03 -1.481379993816200891e-02
1.691406285310570468e-02 5.316601713752477920e-03 -7.684099764292073864e-03 -1.454656480256621975e-02
1.567160048635618530e-02 5.267570376894958883e-03 -6.130750009366692233e-03 -1.480842085388422991e-02
1.772303646168116309e-02 5.285223736041899656e-03 -8.819889390682233987e-03 -1.418837080704071774e-02
1.486612559806976819e-02 8.097874894297252268e-03 -5.760751801651475823e-03 -1.720324869071532259e-02
1.369591605814313162e-02 5.314949520714540299e-03 -4.946767626473502766e-03 -1.406409795238416915e-02
1.445281588944502538e-02 7.171666670271026334e-03 -7.107495347681958009e-03 -1.451698721203342757e-02
1.530248402462497381e-02 6.648779791445624809e-03 -6.287020608337745564e-03 -1.566424320773296408e-02
1.725638080856661816e-02 3.483237812253126009e-03 -4.555656115616701918e-03 -1.618396250520326429e-02
1.573463331944657817e-02 6.144462139252127031e-03 -4.843930447734123845e-03 -1.703516501096391522e-02
1.444854334223122372e-02 4.098490341190474950e-03 -3.979981728651327266e-03 -1.456705195477081549e-02
1.386003773064925504e-02 6.603281965564811173e-03 -7.203346593039894330e-03 -1.325997310317406086e-02
1.559064933336751224e-02 6.578843002129852735e-03 -6.137233463540892053e-03 -1.603225887195580679e-02
1.675793504604805584e-02 4.281172121195941926e-03 -5.924004284395989473e-03 -1.511510288284823034e-02
1.505804571218605226e-02 4.734701062716784037e-03 -6.430244110420257897e-03 -1.336250266448257840e-02
1.599779642122989287e-02 4.713919979757008605e-03 -4.350507782368340237e-03 -1.636120861861856124e-02
1.637883118932315085e-02 4.666511316930854747e-03 -4.726237227538954144e-03 -1.631910527871549554e-02
1.598204501510669395e-02 6.188425485118997926e-03 -5.134399986136961580e-03 -1.703607051408939643e-02
1.464807120609035174e-02 2.881811155779123723e-03 -3.568866118539792964e-03 -1.396101624332990454e-02
1.761412352415447913e-02 8.514316190587178923e-03 -7.544010209965645863e-03 -1.858442950477590117e-02
1.567034815397172487e-02 6.848732247358935155e-03 -5.651305830139952135e-03 -1.686777457119070789e-02
1.630222014423443611e-02 5.768730494416063337e-03 -4.904081862477815967e-03 -1.716686877617290552e-02
1.489093555737874830e-02 5.103854527444440237e-03 -4.899276675392361113e-03 -1.509551340943093845e-02
1.708120386949807390e-02 5.327522886798163881e-03 -5.581581610969332807e-03 -1.682714514532712702e-02
1.435104982003143625e-02 5.428475641678476293e-03 -3.822409001860593847e-03 -1.595711645984942972e-02
1.642799808828532271e-02 5.340756286033476741e-03 -3.960821905485634176e-03 -1.780793246883272118e-02
1.737504760626329414e-02 6.558115238466388774e-03 -5.702038162098022056e-03 -1.823112468263166086e-02
1.461152005572108337e-02 7.185308129020739898e-03 -6.356293140895363791e-03 -1.544053504384623743e-02
1.516547618295183142e-02 8.165309544881482751e-03 -7.110078876774728052e-03 -1.622070685105869714e-02
1.474397087864764977e-02 5.637097328297979715e-03 -7.700032186874872231e-03 -1.268103602007020214e-02
1.679077362943748319e-02 7.504425018417526516e-03 -5.783469113673223028e-03 -1.851172953418189771e-02
1.622236646694963369e-02 7.782687105381658199e-03 -8.186568207231514904e-03 -1.581848536509988801e-02
1.523028442626661594e-02 6.822213540385702046e-03 -5.444704966930280499e-03 -1.660779299972237055e-02
1.573277891354618596e-02 7.515960507201935314e-03 -5.789647981881862471e-03 -1.745909143886681392e-02
1.579770260061064135e-02 6.180400386267992374e-03 -4.088852655969366090e-03 -1.788925033090993377e-02
1.299294998470434948e-02 6.215416972590537270e-03 -5.277844133984688213e-03 -1.393052282330997649e-02
1.517538663346540417e-02 5.123522611378383829e-03 -6.430883930221620304e-03 -1.386802531462183463e-02
1.604848117426160847e-02 4.127627584863624577e-03 -4.180112743907726802e-03 -1.599599601521750625e-02
1.579473162211031401e-02 5.595330551225963234e-03 -3.838397511403024431e-03 -1.755166466193314179e-02
1.731455148635996366e-02 7.147157588940578066e-03 -6.185326993195738865e-03 -1.827638208210413673e-02
1.426332449065559338e-02 4.575443167037285264e-03 -1.402065123587314943e-03 -1.743670253410523063e-02
1.760461360086651439e-02 4.638642365247802601e-03 -1.689004671177052330e-03 -2.055425129493759773e-02
1.507826793298505663e-02 5.487374939803002505e-03 -5.975957992639391314e-03 -1.458968488014866782e-02
1.556550691481861648e-02 4.159867454070820258e-03 -5.434940086323281072e-03 -1.429043428256593362e-02
1.634032970626431158e-02 4.590422255722037548e-03 -3.321917732698964620e-03 -1.760883422928727349e-02
1.660890985909002637e-02 3.314447557324351479e-03 -6.307024933312255222e-03 -1.361633248310245570e-02
1.595628155513084678e-02 4.830555448019246967e-03 -5.364068711128600064e-03 -1.542276829202138266e-02
1.293212731898751855e-02 2.601712283705648332e-03 -4.868766353266940072e-03 -1.066507324942622681e-02
1.398708163331985332e-02 7.485255716238370383e-03 -6.413082350642307361e-03 -1.505925499891624941e-02
1.560003279904931262e-02 5.220482930436975977e-03 -4.392791275752983005e-03 -1.642772445373330559e-02
1.672893855570567467e-02 4.008021183206089688e-03 -5.232145395292708834e-03 -1.550481434361883348e-02
1.715107500287782472e-02 5.237497384395606304e-03 -5.759003469342771631e-03 -1.662956891793021530e-02
1.482097620337685662e-02 5.452335051823187229e-03 -4.805256456111517416e-03 -1.546805479908908154e-02
1.303008341495703881e-02 4.808044002785116788e-03 -5.556121333761265824e-03 -1.228200608398100080e-02
1.570898475243742709e-02 4.056178923254272206e-03 -4.475737610587060544e-03 -1.528942606510441671e-02
1.673975362507595932e-02 7.174469180383225009e-03 -6.606446283482281245e-03 -1.730777652197701411e-02
1.773669788285947568e-02 6.211173810696024589e-03 -5.898965602111116979e-03 -1.804890609144438329e-02
1.652667113045813707e-02 8.509832080563883849e-03 -7.874399993130776210e-03 -1.716210321789113369e-02
1.838581926873872341e-02 6.745515526911605164e-03 -4.227234213306840793e-03 -2.090410058234337676e-02
1.580383977714872046e-02 4.923766909692428584e-03 -7.107975113632258868e-03 -1.361963157320911222e-02
1.614790420590161979e-02 8.318498583425926185e-03 -5.554405322645727949e-03 -1.891199746668170700e-02
1.690614529507117325e-02 6.762415426745160829e-03 -7.462733810128296952e-03 -1.620582691168770406e-02
1.557950834694876718e-02 6.807197059522263061e-03 -4.673941640524481578e-03 -1.771276376594632662e-02
1.639278748339223490e-02 5.093253001522635159e-03 -3.227048157872558498e-03 -1.825899232704242259e-02
1.528061763478705259e-02 5.095472305953752112e-03 -3.756622797424058469e-03 -1.661946714331707931e-02
1.488800249139177190e-02 4.890295237638397907e-03 -4.249748081615267736e-03 -1.552854964741501309e-02
1.606409856839130512e-02 6.190732461550885191e-03 -7.776833692898277306e-03 -1.447799733704391301e-02
1.489004886443789921e-02 4.049467043524934695e-03 -4.874464197769934337e-03 -1.406505171019301059e-02
1.379372744563855946e-02 7.927691056583752172e-03 -6.795605103262269964e-03 -1.492581339896037473e-02
1.371627888161319753e-02 4.324945103319599582e-03 -4.196183973065426009e-03 -1.384504001186692701e-02
1.735974218940206093e-02 8.090318248989536443e-03 -6.505030368110675809e-03 -1.894503007028069952e-02
1.774915011886957217e-02 5.054249304179858626e-03 -6.260029489898233379e-03 -1.654336993315097537e-02
1.670237248834349764e-02 4.215949891481773903e-03 -4.357793919566366192e-03 -1.656052846025868330e-02
1.084476928335509349e-02 6.518587053736091264e-03 -5.010962001394614340e-03 -1.235239433569645939e-02
1.320728122879710753e-02 5.391711552974243205e-03 -4.785491497336757938e-03 -1.381350128443459280e-02
1.989090924415104489e-02 5.105520576645039554e-03 -4.251389648972092594e-03 -2.074504017182376980e-02
1.257387866100878604e-02 5.423351669867848557e-03 -4.182964995733118307e-03 -1.381426533514307220e-02
1.624945213949113842e-02 3.512313924196597270e-03 -5.119681893272387541e-03 -1.464208417041457100e-02
1.826450972874993361e-02 5.798928851946660856e-03 -4.036319074778305094e-03 -2.002711950591784529e-02
1.550772568150193820e-02 5.563914797952485003e-03 -4.260336938832876008e-03 -1.681130354062176924e-02
1.554246955351934467e-02 7.872211151705554855e-03 -5.761841822538138480e-03 -1.765283888268687207e-02
1.688210923633293170e-02 5.496263614495955352e-03 -6.265961831180111297e-03 -1.611241101964888678e-02
1.754496792146098549e-02 6.037313301257674070e-03 -6.901669786605557633e-03 -1.668061143611321295e-02
1.775070696135960802e-02 7.637678751294174617e-03 -7.658477052266743357e-03 -1.772990866038715030e-02
9.584469168275155937e-03 4.872839457972233390e-03 -3.290241868370014089e-03 -1.116706675787759728e-02
1.771012365699053959e-02 7.736350623220866751e-03 -7.338709330487080962e-03 -1.810776494972443640e-02
1.464943428975384876e-02 4.823743609516428776e-03 -6.322080671871455060e-03 -1.315109722739882248e-02
1.518191102536348147e-02 6.542299772976711836e-03 -4.868002527433801241e-03 -1.685620827090583695e-02
1.590203259901956656e-02 5.425316731153984051e-03 -4.811409167955194022e-03 -1.651594016221780148e-02
1.709745799473849637e-02 4.519865710640447176e-03 -6.486774374392934028e-03 -1.513054933098578747e-02
1.777112536793246100e-02 7.031143148417129396e-03 -5.866265552223248747e-03 -1.893600296412645267e-02
1.610348752857038157e-02 6.088657342009140550e-03 -4.574316046465187746e-03 -1.761782882411400131e-02
1.756285150864789202e-02 3.963863185246108145e-03 -5.607105906181186761e-03 -1.591960878771281340e-02
1.753246411042796993e-02 3.574743268262459139e-03 -4.542617919701563700e-03 -1.656458945898897639e-02
1.449679592329311539e-02 6.631220754250044536e-03 -5.200932478931830083e-03 -1.592708419861121882e-02
1.678036459195575425e-02 6.330317472738045126e-03 -3.181481809160113805e-03 -1.992920025553346353e-02
1.508298067722257940e-02 7.122049050873657805e-03 -5.217652106821901725e-03 -1.698737762127444650e-02
1.400573471384669588e-02 6.475956747840516670e-03 -6.736132657870097518e-03 -1.374555880381700401e-02
1.579790569037564651e-02 5.665207948286621331e-03 -5.549425678632258219e-03 -1.591368796002956554e-02
1.618178432498829089e-02 6.550538297776631325e-03 -5.208057001266919173e-03 -1.752426562149866918e-02
1.641574104622289809e-02 6.003083925619767669e-03 -6.068941489548063117e-03 -1.634988348229449162e-02
1.550643095752635148e-02 8.631091185291372980e-03 -8.058760356201233321e-03 -1.607876178661671318e-02
1.560099736478526289e-02 4.376023162522724164e-03 -5.861196717857786176e-03 -1.411582380945042292e-02
1.498665955704181485e-02 2.639363127108884655e-03 -5.076465069625446525e-03 -1.254955761452536400e-02
1.657053141748376923e-02 6.414024863361955653e-03 -1.784369493999848899e-03 -2.120018678684576496e-02
1.779820272060317343e-02 4.162750114199198492e-03 -8.367737777653538878e-03 -1.359321505714872202e-02
1.845282126613922991e-02 4.495114585817416852e-03 -4.850216406616980613e-03 -1.809771944533944410e-02
1.552924577881853452e-02 4.954601650712042726e-03 -5.852845856293531490e-03 -1.463100157323682371e-02
1.618312467978921809e-02 5.163216052585850591e-03 -4.412974496311283801e-03 -1.693336623606389590e-02
1.626546650321203380e-02 6.706796403058268297e-03 -5.052241268168056187e-03 -1.792002163810246795e-02
1.955711447817942705e-02 5.431601494248150530e-03 -4.625242846248656114e-03 -2.036347312617858840e-02
1.687429254866268380e-02 6.875629685381356992e-03 -7.050800850633698325e-03 -1.669912138341100860e-02
1.788144382084322359e-02 4.927716304154117211e-03 -6.825263602272202412e-03 -1.598389652272536043e-02
1.710062085450436697e-02 6.533381344243860411e-03 -7.696535760867484477e-03 -1.593746643788085393e-02
1.710927797353134494e-02 5.304334314712999543e-03 -4.327032008912046201e-03 -1.808658027933229828e-02
1.546648239491377197e-02 4.892862554066956804e-03 -5.238729409376752244e-03 -1.512061553960375448e-02
1.436862822666262751e-02 4.251527801816257224e-03 -4.701449209912667015e-03 -1.391870681856643976e-02
1.852969109855351348e-02 6.357001522763194856e-03 -5.616410872630206441e-03 -1.927028174868594679e-02
1.787235968422162813e-02 6.270805760482778268e-03 -6.931385474164275529e-03 -1.721177997054024189e-02
1.609943865222485115e-02 5.427803120492624700e-03 -6.444457152171900738e-03 -1.508278462054568614e-02
1.419958400834975265e-02 5.610959414552141311e-03 -4.417314223532087247e-03 -1.539322919937013978e-02
1.492264239853557939e-02 4.556076997196845113e-03 -5.619116611845109688e-03 -1.385960278388720379e-02
1.716160881771688906e-02 5.263065257739896197e-03 -6.063720413493345340e-03 -1.636095366196366196e-02
1.415216512642580859e-02 5.687602952646031440e-03 -8.797514525989869050e-03 -1.104225355308208201e-02
1.548235636224259970e-02 5.591506741425389393e-03 -4.968073815737050758e-03 -1.610578928793171549e-02
1.408235819926617616e-02 6.306089309435547463e-03 -4.068460020621555984e-03 -1.631998748808005661e-02
1.458231929291975426e-02 6.905806954328408409e-03 -4.829056216469673757e-03 -1.665907003077871096e-02
1.690729923811629121e-02 4.628453605264537529e-03 -5.322102351192237180e-03 -1.621365049218859156e-02
1.443773429085126736e-02 5.656902005707342695e-03 -3.803814333832256089e-03 -1.629082196272679806e-02
1.628374754451300532e-02 4.762935602489637432e-03 -5.654130057596185033e-03 -1.539255308940645772e-02
1.822909589255239382e-02 5.645760972775804021e-03 -6.117792698194790546e-03 -1.775706416713285218e-02
1.552021651008339553e-02 5.876856764051696658e-03 -5.635748897614978326e-03 -1.576132437652000284e-02
1.641107853483858570e-02 4.911200025124129454e-03 -5.322252321818710108e-03 -1.600002623814422709e-02
1.468503026422807167e-02 4.357776532791346469e-03 -4.367399879341649083e-03 -1.467540691767765804e-02
1.477537074909096582e-02 5.874490069285975835e-03 -3.329714496781099875e-03 -1.732014632159628587e-02
1.571082001133738970e-02 8.006996305784497281e-03 -7.262964694909612717e-03 -1.645485162221216324e-02
1.569096774685196927e-02 7.289222748023460596e-03 -4.666397829047319590e-03 -1.831379266582811027e-02
1.601022014598152410e-02 6.647531711746923477e-03 -5.462319165458140446e-03 -1.719543269227008508e-02
1.628658386923564905e-02 4.700548165040396853e-03 -5.382383473241603156e-03 -1.560474856103455377e-02
1.796570419227583315e-02 7.394637738515452696e-03 -8.094923872978054824e-03 -1.726541805781323102e-02
1.672301123112962529e-02 5.965309042788913274e-03 -6.050147819714801756e-03 -1.663817245420395885e-02
1.803819026490360855e-02 6.731925109601855084e-03 -5.715281877492595086e-03 -1.905483349701286855e-02
1.454777046177890831e-02 5.695943906988132355e-03 -4.282851418347610739e-03 -1.596086295041976300e-02
1.592565986380689580e-02 4.051660913507726391e-03 -3.184282614033251413e-03 -1.679303816328214793e-02
1.679206743076067099e-02 3.618652977942282689e-03 -6.056046585211083411e-03 -1.435467382349198129e-02
1.426641060860966981e-02 3.183759000366936931e-03 -1.516125196706852307e-03 -1.593404441226975443e-02
1.658980530701836820e-02 6.030045527192218202e-03 -6.106118246237079994e-03 -1.651373258797317334e-02
1.592834727175507226e-02 7.966424973944841170e-03 -6.835775901304352864e-03 -1.705899634439544954e-02
1.597103293529911205e-02 6.260539244358431787e-03 -3.435691788170602834e-03 -1.879588039148682999e-02
1.471797541499886286e-02 5.347100640525015436e-03 -6.112781451677151701e-03 -1.395229460384694864e-02
1.470776625796976766e-02 5.999746857155541235e-03 -4.299720837718790101e-03 -1.640779227740607471e-02
1.772914837998462723e-02 4.292842348415426557e-03 -4.349292916568492373e-03 -1.767269781183156141e-02
1.586845415274606985e-02 4.231218980981887867e-03 -5.067771098121398587e-03 -1.503190203560655913e-02
1.630977874611794221e-02 4.950480961738445984e-03 -4.010957735888109887e-03 -1.724930197196850035e-02
1.672085799445066634e-02 4.381000908213916745e-03 -1.697068558435432806e-03 -1.940479034422881721e-02
1.555712658948205096e-02 5.258691179205410293e-03 -5.859164349959589124e-03 -1.495665341872787213e-02
1.452948242544671587e-02 4.745261274904155613e-03 -6.147893996491293755e-03 -1.312684970385935568e-02
1.598951792935299210e-02 6.776329968722683006e-03 -5.950503412591845454e-03 -1.681534448548371863e-02
1.715999345627916561e-02 3.841517501690150382e-03 -6.101345937173818790e-03 -1.490016502079549721e-02
1.652507622232723961e-02 4.807930297921370055e-03 -4.301411832539847602e-03 -1.703159468770865104e-02
1.840656356541514604e-02 6.484221395588685155e-03 -7.835015893184582580e-03 -1.705576906781924862e-02
1.599891461159597128e-02 5.677704974102359969e-03 -5.675919035800558454e-03 -1.600070054989766177e-02
1.388857444967483978e-02 7.363678968794751256e-03 -7.018629464944470264e-03 -1.423362395352456566e-02
1.436457686714409654e-02 5.167082403583211914e-03 -2.788532863950643481e-03 -1.674312640677710906e-02
1.385077491584496556e-02 5.250834628438783014e-03 -2.873831564859430365e-03 -1.622777797942454026e-02
1.589964445148472905e-02 5.866111813129126773e-03 -5.201762395210973722e-03 -1.656399386940299312e-02
1.547894608982169906e-02 5.255336419357048428e-03 -8.244656312144549304e-03 -1.248962619703442023e-02
1.378174723059610862e-02 2.935917998119208505e-03 -3.337639934415936871e-03 -1.338002529429938026e-02
1.638968690366593428e-02 6.149089959273323913e-03 -6.528188882774954571e-03 -1.601058798016430362e-02
1.464436305401073390e-02 4.563244931364840440e-03 -3.835178057158383780e-03 -1.537242992821652443e-02
1.911952579151066089e-02 5.359655073762459310e-03 -6.136108898532999234e-03 -1.834307196674012097e-02
1.588953798742576140e-02 4.938969539006077270e-03 -4.981434873907453209e-03 -1.584707265252505159e-02
1.410204366256762043e-02 5.736511183115355905e-03 -4.159421770314697397e-03 -1.567913307536816792e-02
1.725985843721544732e-02 4.376409588575658205e-03 -6.847419845439906005e-03 -1.478884818035142157e-02
1.497883399429889018e-02 6.446016347308347605e-03 -6.742838371106230078e-03 -1.468201197050067464e-02
1.702948740444032438e-02 5.656402424085715808e-03 -5.195321514479989133e-03 -1.749056831404605106e-02
1.474658203200962525e-02 6.164182875178392251e-03 -6.876036073346747379e-03 -1.403472883384115910e-02
1.749207812354902636e-02 3.767422943710574401e-03 -4.614390416666669381e-03 -1.664511065059293138e-02
1.411077147725015024e-02 6.617847507929708328e-03 -4.260868583062848991e-03 -1.646775040211745367e-02
1.575580466066517360e-02 6.685790303565974924e-03 -4.378867907847139307e-03 -1.806272705638367615e-02
1.618902397819010908e-02 4.563831948059648980e-03 -6.199059142973473158e-03 -1.455379678327661797e-02
1.578740786370080862e-02 5.331116748211517375e-03 -4.107122139507701775e-03 -1.701140247240406911e-02
1.636339920440144091e-02 4.955452023512441073e-03 -4.995795176858774944e-03 -1.632305605105455193e-02
1.666217341788556183e-02 5.360878430283655405e-03 -5.592089210461614890e-03 -1.643096263770704724e-02
1.401336477001335901e-02 5.636883542482706844e-03 -6.009384829316233301e-03 -1.364086348318005459e-02
1.289292032715416703e-02 5.213242337671397664e-03 -2.353459414162095698e-03 -1.575270325066346899e-02
1.519802372901546406e-02 6.514675252600632405e-03 -6.597230251661256872e-03 -1.511546872995483959e-02
1.449721604133613617e-02 6.364499318014971152e-03 -3.951859468225737970e-03 -1.690985589112536935e-02
1.585856550537667609e-02 6.132694809639183120e-03 -5.894555223361130913e-03 -1.609670509165517238e-02
1.385913018370388272e-02 5.979685472606188767e-03 -6.366063927308207582e-03 -1.347275172900241902e-02
1.498788605517331618e-02 8.727757026487203973e-03 -7.419186117432641225e-03 -1.629645696422754586e-02
1.767340303577458194e-02 6.748373877671909327e-03 -6.305292052630195876e-03 -1.811648486081640641e-02
1.411939389937311162e-02 3.537630800390711983e-03 -3.993474465116664263e-03 -1.366355023464749241e-02
1.598040467770722728e-02 6.016942068412634015e-03 -5.418617884376697447e-03 -1.657872886174349691e-02
1.638877706285546410e-02 5.627544924150962302e-03 -4.669259317794161035e-03 -1.734706266921237638e-02
1.424419231236151440e-02 6.098651458016801641e-03 -5.721588376886743710e-03 -1.462125539349146131e-02
1.369392785750855879e-02 6.305509634276340591e-03 -5.134629634690801581e-03 -1.486480785709376473e-02
1.446388518887875563e-02 6.174832300461785550e-03 -2.884161226548553891e-03 -1.775455626279176524e-02
1.548916191293447930e-02 4.228294788470865484e-03 -6.463009772531336239e-03 -1.325444692887445264e-02
1.529165105710350581e-02 2.898521016212463053e-03 -4.333971893852095469e-03 -1.385620017946354032e-02
1.675866448767115990e-02 4.312211141596300479e-03 -5.190783471267446103e-03 -1.588009215800012530e-02
1.599920147804745341e-02 7.113890805093836534e-03 -6.146813461429090353e-03 -1.696627882171242163e-02
1.421649161447047227e-02 1.579393304957488198e-03 -2.269887213649179891e-03 -1.352599770577922467e-02
1.718727911784578843e-02 5.249912910606280292e-03 -6.330018261618941544e-03 -1.610717376683312718e-02
1.854329602893534101e-02 4.769898398602201439e-03 -7.114409190687953632e-03 -1.619878523684958882e-02
1.729339418778641502e-02 5.526855355839410677e-03 -5.000854729611869942e-03 -1.781939481401473291e-02
1.694975222005590254e-02 4.816524203816285876e-03 -7.556636036571529047e-03 -1.420964038730021528e-02
1.681336451295267764e-02 5.261619306519582651e-03 -4.776089935992544611e-03 -1.729889388347971568e-02
1.634866094149267646e-02 6.835510923287380081e-03 -5.646486427173913469e-03 -1.753768543760636511e-02
1.689745810443721297e-02 4.889086976506806792e-03 -6.160054806895076673e-03 -1.562649027404949820e-02
1.454264555010076343e-02 8.582507438341879791e-03 -4.922526739503108040e-03 -1.820262624893975723e-02
1.494232206423418141e-02 6.528032995900323598e-03 -3.390552131929069901e-03 -1.807980292820565715e-02
1.819929624153138192e-02 4.854891483739631752e-03 -5.629817972093165146e-03 -1.742436975317762649e-02
1.537382620690985746e-02 5.469300131458965097e-03 -3.324975502069338340e-03 -1.751815083629970626e-02
1.562481124145986833e-02 3.510130935855615419e-03 -5.336921372075753567e-03 -1.379802080524017427e-02
1.605584397416537357e-02 6.689811041719950779e-03 -6.402032655735023781e-03 -1.634362236014963443e-02
1.144338637556119309e-02 4.183659624846125524e-03 -3.189932402440698311e-03 -1.243711359796650928e-02
1.467508835703879022e-02 5.555501843742316481e-03 -5.050754053546713251e-03 -1.517983614723461550e-02
1.840461515485003474e-02 5.383357286014689436e-03 -6.346678029755303818e-03 -1.744129441110908729e-02
1.546365879859412651e-02 5.838595539391144840e-03 -1.558198452935699585e-03 -1.974405588505001585e-02
1.919259201658718439e-02 7.527032113603171481e-03 -8.413445489033222202e-03 -1.830617864115680060e-02
1.685780028860439650e-02 7.926484304070280373e-03 -5.878889787973018421e-03 -1.890539480470143641e-02
1.913455690482535054e-02 5.234325436350939498e-03 -6.048253610750897735e-03 -1.832062873042505924e-02
1.835961656038809231e-02 3.367119232165594056e-03 -3.793155256653579777e-03 -1.793358053589977352e-02
1.528071607142411636e-02 4.569483396301032840e-03 -5.752188088602894211e-03 -1.409801137912236602e-02
1.578138845069254614e-02 7.714433018845889833e-03 -5.463204844668556603e-03 -1.803261662486987937e-02
1.906097390574479356e-02 6.089239494968312627e-03 -5.729976064824393589e-03 -1.942023733588893464e-02
1.208580787210045138e-02 4.225221810844725923e-03 -3.294893068404025627e-03 -1.301613661454137372e-02
1.532953467951525539e-02 5.950604115103619307e-03 -5.994649471148916220e-03 -1.528548932346951439e-02
1.816785582421487355e-02 7.977322461403035803e-03 -6.274056283688045355e-03 -1.987112200192997502e-02
1.647677512272927025e-02 6.271595526458728642e-03 -4.529207497505849389e-03 -1.821916315168181644e-02
1.622752782240688418e-02 4.677429495656859615e-03 -5.721761767648492203e-03 -1.518319555041502955e-02
1.632197231849508157e-02 2.794265945501361870e-03 -4.907048598463581435e-03 -1.420918966553308405e-02
1.532374258697832836e-02 7.178366423800541796e-03 -5.849380234897338937e-03 -1.665272877588108713e-02
1.628257285413203803e-02 6.886689001976531443e-03 -5.630736903891708778e-03 -1.753852495221652763e-02
1.285444400025537171e-02 3.994561635832116764e-03 -2.544711457258541643e-03 -1.430429417882894683e-02
8.587519435495849507e-03 5.960502624079211387e-03 -3.267665798338925676e-03 -1.128035626123580215e-02
1.751468276290713000e-02 4.521679616037665994e-03 -4.193824095773068805e-03 -1.784253828317117208e-02
1.658661896047375350e-02 2.713965151878161564e-03 -3.961795341705376394e-03 -1.533878877064676072e-02
1.868478126351802437e-02 5.242002811885138058e-03 -4.003769367759035802e-03 -1.992301470764423765e-02
1.905956326762581199e-02 4.753367757423632156e-03 -4.968384338914444420e-03 -1.884454668613488870e-02
1.383663321486072739e-02 5.436354859310155163e-03 -4.457821633245595550e-03 -1.481516644092517598e-02
1.719265895965804702e-02 6.449414885879578563e-03 -6.467213422809425794e-03 -1.717486042272819979e-02
1.091830411561267589e-02 4.108250913543942673e-03 -4.303306804972373278e-03 -1.072324822418424528e-02
1.434011884190988795e-02 5.784845341196609425e-03 -3.251749830170624911e-03 -1.687321435293587246e-02
1.350542514312702558e-02 6.004959585282021450e-03 -4.695018848275722689e-03 -1.481536588013310229e-02
1.399287671296223223e-02 5.796428032921463469e-03 -5.327488533497182210e-03 -1.446181621238651349e-02
1.931080270388174647e-02 4.224885654669385815e-03 -5.753112598336884709e-03 -1.778257576021424757e-02
1.516643066522482819e-02 3.201703329131388998e-03 -6.032139316944240548e-03 -1.233599467741219868e-02
1.809130942829084709e-02 4.776615768150804797e-03 -4.314191432565062101e-03 -1.855373376387636775e-02
1.680620362739437823e-02 4.083200529042319005e-03 -5.240793555656098057e-03 -1.564861060078071020e-02
9.812042543384746907e-03 3.627212200998819469e-03 -4.511501537359574598e-03 -8.927753207023880755e-03
1.771620092776071687e-02 4.060665254545625658e-03 -6.533415456264402010e-03 -1.524345072604194051e-02
1.812690822959450720e-02 4.813068996225799978e-03 -4.837438200963273260e-03 -1.810253902485736699e-02
1.631751640307199658e-02 4.401479118737894325e-03 -2.863143475904883495e-03 -1.785585204590489639e-02
1.779998536683224941e-02 6.760268049462059281e-03 -8.004488015053490280e-03 -1.655576540124059637e-02
1.625378672468991148e-02 3.295387843925468019e-03 -3.665899671320360653e-03 -1.588327489729468578e-02
1.680779197218340570e-02 3.353031115707727494e-03 -1.714510640502320271e-03 -1.844631244738847986e-02
1.644126761094066858e-02 3.500705686305005671e-03 -2.478970312443373736e-03 -1.746300298480230051e-02
1.678956103757345275e-02 6.496560563151954071e-03 -4.257088218115434586e-03 -1.902903338260997224e-02
1.778074807675067426e-02 3.740962368947498007e-03 -4.453830307197259586e-03 -1.706788013850113472e-02
1.394348389658572884e-02 5.682476686823534351e-03 -3.352012533208270639e-03 -1.627394805020077051e-02
1.883690156806938631e-02 5.577034600799279929e-03 -5.924357544135672171e-03 -1.848957862473310509e-02
1.647019021408202555e-02 4.552955185115559189e-03 -3.466553109143344358e-03 -1.755659229005424038e-02
1.667319802785183214e-02 4.903885935688467868e-03 -6.532560355571148669e-03 -1.504452360796948440e-02
1.488238929388807641e-02 3.875452645659471784e-03 -5.279566837757765363e-03 -1.347827510178967181e-02
1.854666542024197007e-02 4.998152362910346369e-03 -7.759930679899107453e-03 -1.578488710325309796e-02
1.437465555383643512e-02 5.475980060801299842e-03 -3.333719317186067954e-03 -1.651691629745211110e-02
1.730128589537049955e-02 5.719476186494931724e-03 -4.046042221226509028e-03 -1.897471986063892224e-02
1.583641148406167432e-02 7.138659290067739249e-03 -7.819082200909988067e-03 -1.515598857321953652e-02
1.807197229571100294e-02 5.113115615317909146e-03 -4.884809254662614286e-03 -1.830027865636596474e-02
1.660707167069230827e-02 6.401807620965316303e-03 -7.529536028946570703e-03 -1.547934326271116490e-02
1.572733100587675459e-02 6.904273877558431138e-03 -5.456039036107696027e-03 -1.717556584732726765e-02
1.646264542773279160e-02 7.196143282697020638e-03 -8.249177449248912275e-03 -1.540961126118101099e-02
1.761799122712326415e-02 6.919197594090098491e-03 -6.926247244745442622e-03 -1.761094157646769798e-02
1.268449481696021230e-02 6.033341123046875865e-03 -7.408508902369881355e-03 -1.130932703763742886e-02
1.670152295847682211e-02 3.321446693265173167e-03 -5.543398669845767124e-03 -1.447957098189622815e-02
1.435196853464670852e-02 5.318143571937161695e-03 -4.573668560983290554e-03 -1.509644354560002455e-02
1.682803316510717018e-02 5.643285343512660646e-03 -5.639892070810503810e-03 -1.683142643780899395e-02
1.431230024792840005e-02 6.131314180444880080e-03 -5.630284873097357590e-03 -1.481332955527547846e-02
1.199567903847986727e-02 6.129061955299386355e-03 -4.503984737602495514e-03 -1.362075625617675811e-02
1.620287342980653023e-02 4.629227571227634286e-03 -5.414744322468689752e-03 -1.541735667856591885e-02
1.223549580729765829e-02 5.879893535030822349e-03 -4.088326775024908599e-03 -1.402706256730379408e-02
9.204113488879617222e-03 2.926465421216661866e-03 -3.679681732192685573e-03 -8.450897177903593516e-03
1.640540906383969322e-02 7.617982714288595858e-03 -5.712499905929036004e-03 -1.831089187219903103e-02
1.628951864576122510e-02 2.858693484110830241e-03 -6.236971851603767547e-03 -1.291124027826773268e-02
1.906619276572163457e-02 6.246149494579578132e-03 -4.767384867964130635e-03 -2.054495739233663798e-02
1.573244026981579502e-02 6.399666825537719816e-03 -6.691335420414112889e-03 -1.544077167493962399e-02
1.533175361802574521e-02 4.760208924118325413e-03 -5.761757585427962347e-03 -1.433020495671610828e-02
1.562506504525407180e-02 4.696109375906143413e-03 -4.411873790401310558e-03 -1.590930063075923773e-02
1.624576668052113426e-02 5.017970942966076819e-03 -5.387538435894678734e-03 -1.587619918759264337e-02
1.617158321954947908e-02 4.109748710094285329e-03 -6.870825811029268593e-03 -1.341050611861482889e-02
1.807532762837160689e-02 4.152664350057566622e-03 -5.409800687448118595e-03 -1.681819129098138799e-02
1.509227015003844485e-02 6.099066153202326035e-03 -3.836592519970927206e-03 -1.735474378327028777e-02
1.628287961824881336e-02 4.162468011116304822e-03 -5.429684636117926289e-03 -1.501566299324730291e-02
1.584508997658651275e-02 4.370618898339229119e-03 -2.908854179708542098e-03 -1.730685469521708875e-02
1.500524207714737379e-02 4.957497690949219660e-03 -5.885810353818965446e-03 -1.407692941427707289e-02
1.687224601407377733e-02 5.895397963316062473e-03 -5.777662022322771485e-03 -1.698998195506706832e-02
1.717198894882221438e-02 5.525918645995053780e-03 -7.633656175348502160e-03 -1.506425141946898805e-02
1.765532816544213013e-02 5.215726433400735829e-03 -5.530505570548127636e-03 -1.734054902829462730e-02
1.646118570517707269e-02 5.921902888273544718e-03 -7.948420508304243626e-03 -1.443466808514637378e-02
1.711570504851844809e-02 4.541250600685886596e-03 -5.800407145693742272e-03 -1.585654850351059242e-02
1.761916355746206975e-02 6.469899959073321938e-03 -4.217618892914165585e-03 -1.987144462362111508e-02
1.742144140559065413e-02 5.656051807011230892e-03 -7.673498628078756489e-03 -1.540399458452323955e-02
1.752316231130968127e-02 5.174922204628451539e-03 -7.170330125411572553e-03 -1.552775439052656026e-02
1.528845336550799239e-02 1.898925895436498479e-03 -2.869021572370566986e-03 -1.431835768857325775e-02
1.649529187805987007e-02 3.191808239388471691e-03 -5.338342415928565288e-03 -1.434875770151977648e-02
1.436378160670059856e-02 8.416634513128906647e-03 -6.729943436382668231e-03 -1.605047268344672595e-02
1.612847203152045772e-02 6.997196270597028089e-03 -5.098480380159919889e-03 -1.802718792195778796e-02
1.698076368021106397e-02 5.365640738479227068e-03 -6.804753967174503870e-03 -1.554165045151578717e-02
1.643525619855590314e-02 5.983646118105534484e-03 -5.088628518406967949e-03 -1.733027379825413661e-02
1.738328487818141532e-02 5.297511409271260518e-03 -4.651077117990620735e-03 -1.802971916946149999e-02
1.561185443560053621e-02 6.374691912483410050e-03 -7.712992966767973080e-03 -1.427355338131630624e-02
1.593002781536778656e-02 6.279411826829894849e-03 -4.908337201118273541e-03 -1.730110244107918582e-02
1.652780017549182467e-02 6.300465166067192868e-03 -7.284738201886797881e-03 -1.554352713967266375e-02
1.551862642794588076e-02 4.032242111555506270e-03 -4.002961030829199629e-03 -1.554790750867207638e-02
1.494861643189104861e-02 7.969777501514840878e-03 -5.304760026158428232e-03 -1.761363390724735023e-02
1.547837991190714746e-02 5.206186727093387034e-03 -5.308929522957805958e-03 -1.537563711604295058e-02
1.585100074414391713e-02 3.206310241556709073e-03 -4.488838578006082436e-03 -1.456847240769476581e-02
1.513121764999092456e-02 4.394658112103044800e-03 -5.418308460289011919e-03 -1.410756730180473539e-02
1.721091840117949801e-02 7.264181903756439240e-03 -6.072158690143214521e-03 -1.840294161479305579e-02
1.128635825434609607e-02 4.329850756009223645e-03 -2.834749638456646181e-03 -1.278145937189834047e-02
1.770520818700349608e-02 3.872627693815466898e-03 -5.018934098924288101e-03 -1.655890178189489692e-02
1.676689766936401149e-02 4.622496659644870221e-03 -5.474392945623351991e-03 -1.591500138338530768e-02
1.439991285268815702e-02 5.205740794077984290e-03 -5.631841103448720354e-03 -1.397381254331764300e-02
1.766781590215549258e-02 2.422928064975904405e-03 -4.343942799455713377e-03 -1.574680116767557259e-02
1.721455144424788308e-02 3.004912965886674669e-03 -4.628491844228754815e-03 -1.559097256590580294e-02
1.380974614953434099e-02 5.749699840728705880e-03 -5.331267007904316735e-03 -1.422817898235839706e-02
1.441909501048677100e-02 6.341632033402655466e-03 -4.326620336057906968e-03 -1.643410670783151950e-02
1.545484926322293617e-02 7.835096711803712921e-03 -5.013922902120548919e-03 -1.827602307290598915e-02
1.496968871303150372e-02 7.307099683487194852e-03 -5.481162752951518335e-03 -1.679562564356740229e-02
1.723319058651240354e-02 4.385578573573800654e-03 -6.361951842971946824e-03 -1.525681731711481248e-02
1.728076359291774722e-02 6.166525191634963932e-03 -6.919964110656762202e-03 -1.652732467389561588e-02
1.478413337443518216e-02 5.993703192556321113e-03 -6.133405341464226446e-03 -1.464443122552749887e-02
1.833859089647127405e-02 9.326511289672767546e-03 -5.313699882223299475e-03 -2.235140230392052008e-02
1.822280449329261032e-02 4.063662043393589940e-03 -7.079295769384374992e-03 -1.520717076730182526e-02
1.535373951427443373e-02 4.343261866960546058e-03 -4.451465556047806693e-03 -1.524553582518684003e-02
1.690444364495902185e-02 4.326366972384532161e-03 -5.623209604175505305e-03 -1.560760101316815973e-02
1.587239393888695282e-02 4.920228872139720266e-03 -5.649800540738936228e-03 -1.514282227028773686e-02
1.517227872045157078e-02 7.219200716283680208e-03 -7.785861343763911258e-03 -1.460561809297133973e-02
1.796580769635003350e-02 3.785881121268985794e-03 -5.622855263805348613e-03 -1.612883355381344863e-02
1.694759530553624494e-02 6.032227175104099004e-03 -7.660469940308223258e-03 -1.531935254033223170e-02
1.651491122012394008e-02 2.402307366575540115e-03 -5.180373987814790304e-03 -1.373684459888413478e-02
1.649984555881078840e-02 3.717226733546574735e-03 -4.209340037115372191e-03 -1.600773225524254606e-02
1.634563657508780743e-02 3.152061714740250764e-03 -5.754309195840634494e-03 -1.374338909398709063e-02
1.458900909545968183e-02 3.429512209742968665e-03 -4.252139303678181825e-03 -1.376638200152413560e-02
1.434392772765780144e-02 3.231407246276019052e-03 -4.662615159644056817e-03 -1.291271981428998572e-02
1.758864368646317899e-02 2.831907036501712938e-03 -4.089058762785091616e-03 -1.633149196017980032e-02
1.567953160363622089e-02 6.474539572772775031e-03 -7.408997789941751400e-03 -1.474507338646668941e-02
1.347015155812747444e-02 6.033498293747774355e-03 -6.328236920345564620e-03 -1.317541293152957316e-02
1.328656732270361296e-02 6.289408970389986919e-03 -4.066477698297710219e-03 -1.550949859479588966e-02
1.673031944877423349e-02 3.291511585392203898e-03 -5.901817870746395300e-03 -1.412001316342004209e-02
1.542419394934912980e-02 7.702247402940010090e-03 -5.160394994580541628e-03 -1.796604635770804315e-02
1.797755900920461336e-02 4.625384734980642065e-03 -5.980028434772188817e-03 -1.662291530941284456e-02
1.714741212454473640e-02 6.164416410179729411e-03 -5.534137669121252934e-03 -1.777769086560299083e-02
1.719879854250239148e-02 5.756618694313209161e-03 -4.295112672324741254e-03 -1.866030456449063735e-02
1.487081048541671890e-02 4.720116940552410156e-03 -4.258487544734790298e-03 -1.533243988123433876e-02
1.571403133445814504e-02 5.248735220918954170e-03 -7.555249730468283076e-03 -1.340751682490881613e-02
1.861112357628158520e-02 6.318138847743570707e-03 -6.108639763705014936e-03 -1.882062266032025200e-02
1.518473092505567834e-02 7.912833372840877288e-03 -6.761666289511802930e-03 -1.633589800838475270e-02
1.642266576381801180e-02 4.249066110834975873e-03 -5.777690858084549852e-03 -1.489404101656832680e-02
1.462787189056080628e-02 6.870763767462317873e-03 -6.906951223750068536e-03 -1.459168443427349970e-02
1.414759393036946200e-02 6.196971080503654861e-03 -3.521832032592042694e-03 -1.682273297828074110e-02
1.448518838124601693e-02 6.497929512311539924e-03 -3.455387510478025170e-03 -1.752773038307975373e-02
1.557388967575179528e-02 5.721853178062508150e-03 -4.750371875956171941e-03 -1.654537097785768740e-02
1.816482726519552671e-02 5.372455497139494440e-03 -6.729933850374902882e-03 -1.680734891196000724e-02
1.772539976891396307e-02 6.675377723989628365e-03 -7.467518317290422480e-03 -1.693325917561316896e-02
1.683162997075982048e-02 6.236249764777213045e-03 -5.462932580868051780e-03 -1.760494715466887072e-02
1.640362068909340110e-02 4.218842475876449782e-03 -4.408708891081469794e-03 -1.621375427388804802e-02
1.664695486505407551e-02 4.497905672163016177e-03 -5.690014355062000817e-03 -1.545484618215486883e-02
1.577743935664388530e-02 5.876362014475056128e-03 -6.345225085785055619e-03 -1.530857628533377479e-02
1.390793781940025120e-02 6.203396319367282530e-03 -4.754684673856091059e-03 -1.535664946491133165e-02
1.828057541620720094e-02 5.356243757534517869e-03 -6.870299094486886915e-03 -1.676652007925494292e-02
1.499102826428821977e-02 6.117633891222995501e-03 -5.618633167218445301e-03 -1.549002898829254793e-02
1.535712799623056846e-02 6.631136023818928749e-03 -1.189120836880053211e-03 -2.079914318316988808e-02
1.641373969284654066e-02 6.019744468116039471e-03 -5.903897241882005709e-03 -1.652958691908090749e-02
1.523768128843183689e-02 4.639505051905024047e-03 -4.062103212810530550e-03 -1.581508312752621936e-02
1.340341290866597923e-02 6.604639879501883470e-03 -6.432694889039747288e-03 -1.357535789912855950e-02
1.763330204501456500e-02 3.416122376797892102e-03 -2.228220138552727825e-03 -1.882120428326017336e-02
1.881595605145625072e-02 4.944272258697424149e-03 -6.085813368645220933e-03 -1.767441494150812087e-02
1.345754856301684121e-02 8.234894330613196090e-03 -6.565324517852411113e-03 -1.512711837577718210e-02
1.392854668771126292e-02 6.730995646113901998e-03 -4.920032194635215461e-03 -1.573951013918983843e-02
1.492774479424863188e-02 4.349900461176670063e-03 -4.704483472314668902e-03 -1.457316178311085508e-02
1.673782044887617282e-02 6.058977223133643619e-03 -5.631942819696478253e-03 -1.716485485231322716e-02
1.559785783510392321e-02 4.173000093866896520e-03 -2.328897540395780119e-03 -1.744196038857492859e-02
1.614734203243761712e-02 6.280786130547166835e-03 -5.734938410291268163e-03 -1.669318975269296068e-02
1.378999400696168109e-02 5.609931279171531671e-03 -5.103311551784783795e-03 -1.429661373434842897e-02
1.523681718719016587e-02 7.472752254283010487e-03 -4.994967516028459009e-03 -1.771460192544493939e-02
1.560612260833904585e-02 6.886314307182450634e-03 -5.456394289473864845e-03 -1.703604262604774267e-02
1.628869399297161458e-02 5.317123664136946815e-03 -4.873970395262827715e-03 -1.673184726184562265e-02
1.581892555502473208e-02 3.995763344228908664e-03 -4.729392183549063766e-03 -1.508529671570413289e-02
1.358773989401340643e-02 5.832576708446168823e-03 -5.551873680122665355e-03 -1.386844292233702092e-02
1.634434835783404871e-02 5.253069309078206572e-03 -4.242520793727222461e-03 -1.735489687318514385e-02
1.612672526707603637e-02 6.469956061941672942e-03 -8.615781981273329393e-03 -1.398089934774471299e-02
1.667550678386042762e-02 5.250900233916500071e-03 -5.012852727492633775e-03 -1.691355429028451596e-02
1.535334438657431910e-02 6.141370115457567280e-03 -5.301360029253077144e-03 -1.619335447277858719e-02
1.493910131866638125e-02 8.720892407824809567e-03 -6.494141699878164253e-03 -1.716585202661258247e-02
1.953701364634308213e-02 3.609597331610370219e-03 -4.499187665209070097e-03 -1.864742331274460430e-02
