-9.835982367155843923e-07
-9.433249136318753424e-07
-9.409254784101875135e-07
-9.487036899470156109e-07
-9.443714687916431964e-07
-9.611030061650192720e-07
-9.630787845408687077e-07
-9.711513469715489310e-07
-9.079511370672604734e-07
-9.680303666352360886e-07
-1.026496584372770025e-06
-9.923769191715951541e-07
-9.459018739101202105e-07
-9.316501836938976853e-07
-9.878321034623251714e-07
-9.884576926662839419e-07
-9.864041075338598401e-07
-9.259107772038035620e-07
-9.614754965016424230e-07
-9.315944968154341150e-07
-9.398660676744373167e-07
-9.077505203363751989e-07
-9.367100601529068450e-07
-9.585973382859855333e-07
-9.674194189518708202e-07
-9.364273904596791524e-07
-9.573398797458216746e-07
-9.861552316207638674e-07
-9.581998280391716760e-07
-9.488364047043033925e-07
-1.007951935391831460e-06
-1.097310406371045443e-06
-9.972114499252749515e-07
-9.886021410445181285e-07
-1.026397358766469080e-06
-1.055419404732773463e-06
-1.029622713463404286e-06
-1.021924085096818966e-06
-1.038157520262858176e-06
-1.014550090570483464e-06
-9.758036941280041442e-07
-1.037869502549257412e-06
-1.037801388423337321e-06
-1.046939215356266651e-06
-9.492802363556408086e-07
-1.074181476164684971e-06
-9.857120029194240488e-07
-1.050599755011510340e-06
-1.021122700718316366e-06
-1.001916819722034405e-06
-1.050471872301377681e-06
-1.036281667641243988e-06
-1.044048950772214088e-06
-1.043436419422749391e-06
-9.899163313526552767e-07
-9.977679520696801092e-07
-1.035925245429684669e-06
-1.009408827442554139e-06
-9.897286386637895899e-07
-1.016196061686188285e-06
-9.727096927474521812e-07
-9.236863992913605353e-07
-9.362764736585992790e-07
-9.380966439976417196e-07
-1.022009162690184159e-06
-9.708878286723501793e-07
-9.688713295181389706e-07
-1.040940092570461250e-06
-9.667664516953619151e-07
-9.720068511024233748e-07
-9.981614489445145256e-07
-9.799612972865072415e-07
-1.039844042987125074e-06
-1.004026671785265100e-06
-1.029211305804868135e-06
-9.729714850986128960e-07
-1.047256514306017045e-06
-1.054092767247792835e-06
-9.768278450522894720e-07
-1.028967749186753846e-06
-1.028498282744146284e-06
-1.039727268540534918e-06
-1.081239115330779738e-06
-9.587466379974006802e-07
-1.016842553582256418e-06
-1.047304304525774166e-06
-9.431720494178969021e-07
-1.013682807217923287e-06
-9.570714090199409115e-07
-9.999964077534647618e-07
-1.025262686314441830e-06
-9.833327838934994692e-07
-9.809414449869030659e-07
-9.827077963264164699e-07
-9.817546205400908555e-07
-9.865111827517287278e-07
-1.014644025960759959e-06
-1.064464898317480519e-06
-9.705673429508255932e-07
-1.010277889813148066e-06
-9.856172349920123563e-07
-1.017531430083327587e-06
-9.859550965794909412e-07
-9.938303465852386583e-07
-9.504607255954951696e-07
-1.014144208083276910e-06
-9.623535277647262999e-07
-9.959633446507202370e-07
-9.115424735494440075e-07
-1.013135229315506309e-06
-1.023491364776187151e-06
-9.807111766959752911e-07
-9.768857816805425894e-07
-9.745129663941627271e-07
-9.834426846083119765e-07
-1.009198786185560197e-06
-9.756964620497145994e-07
-1.007731284707449419e-06
-1.007313235257396922e-06
-9.864006506882111136e-07
-1.024376088233475065e-06
-9.795564584181813643e-07
-9.653081301462636895e-07
-9.386631075332320261e-07
-1.024062300693891407e-06
-9.971267287339903902e-07
-1.028722403630138353e-06
-9.627760500742850682e-07
-9.875592548162169132e-07
-9.671533195655359441e-07
-9.112168487374982239e-07
-8.461579912555318600e-07
-9.485705201400669664e-07
-9.169072464808170730e-07
-8.995640278925232615e-07
-8.899590169526357613e-07
-9.109874043440878513e-07
-8.462524460860354952e-07
-8.502069025396761099e-07
-8.875619002479020309e-07
-9.252221066137871642e-07
-9.118743312550715441e-07
-9.284947165823689060e-07
-9.383357716817421260e-07
-9.291499108588828552e-07
-8.656620545132209918e-07
-8.923956409765890554e-07
-9.872487998633689706e-07
-9.771788302377903222e-07
-9.132798176432314805e-07
-9.655898639204419960e-07
-9.156904055189151501e-07
-8.947330668862402727e-07
-9.894376680068402764e-07
-9.417666914678624691e-07
-9.154307650954541094e-07
-9.136160684235514949e-07
-9.204762486399938911e-07
-9.646378014126283461e-07
-8.817684468143613659e-07
-9.592201494816148808e-07
-9.294065888992953233e-07
-9.566665065350384535e-07
-1.006053932957508234e-06
-9.796789808865312591e-07
-8.935983580929665054e-07
-9.373129829437198370e-07
-9.042239682172588430e-07
-9.549564405380856467e-07
-9.331953751176156829e-07
-9.417831941582331121e-07
-9.011542066202833424e-07
-8.906523113061644165e-07
-9.364692098665934360e-07
-9.624431271624204157e-07
-9.097036653623734071e-07
-9.159700160163393392e-07
-9.340405693400654815e-07
-9.016194629843277270e-07
-9.464333194447614440e-07
-9.864315518157573020e-07
-9.633393582002210090e-07
-9.161192266415758664e-07
-9.310424146055018990e-07
-9.413756800782135158e-07
-9.204900000455468202e-07
-9.221896499216441340e-07
-9.416426503731450498e-07
-9.591877731191960345e-07
-8.858978806372366481e-07
-9.440926973170279893e-07
-9.189391205448752573e-07
-9.096705014705747487e-07
-9.698768125590662855e-07
-9.054587509794221073e-07
-1.005447336555012110e-06
-9.605590029009221357e-07
-9.486881326320564686e-07
-9.222543891436633284e-07
-8.842689902567006457e-07
-9.063578424426991011e-07
-9.095367376559809594e-07
-8.759481863696036102e-07
-9.184907748832420867e-07
-9.348323173040043082e-07
-8.878427932182855867e-07
-9.568451277624431552e-07
-1.051348837652807463e-06
-1.023809059194314422e-06
-1.050352494112797445e-06
-9.953370955463112782e-07
-1.006064835586381652e-06
-1.032218625194836798e-06
-1.043059362376565000e-06
-1.034823931387056910e-06
-1.026271801109589876e-06
-1.043463338215881844e-06
-1.057064239830508594e-06
-1.095346962358262977e-06
-1.011857361055851465e-06
-1.037189349211158967e-06
-1.013164098994375060e-06
-1.077375681271660863e-06
-1.004196204926206017e-06
-9.892503688454821943e-07
-1.016166081429498430e-06
-1.009694008085151710e-06
-1.017277741928981716e-06
-1.056637099981257999e-06
-1.030295249963168925e-06
-9.923667839295137484e-07
-1.057906387683663848e-06
-1.004475998907545451e-06
-1.052342151210660673e-06
-9.348070003661166648e-07
-1.030954385253116713e-06
-1.067278867334607268e-06
-1.040128886466234005e-06
-1.029378618600855513e-06
-1.003754827946768071e-06
-1.069298820322829913e-06
-1.043417088440293424e-06
-1.011690216536350015e-06
-1.038860298272591397e-06
-1.039315277553014032e-06
-9.977194404921663731e-07
-9.986260802181143825e-07
-9.939424047486134400e-07
-1.000453321009950697e-06
-1.078992565460306280e-06
-1.036420152565671030e-06
-1.048697880215237371e-06
-1.070916503930402831e-06
-9.992159545541265824e-07
-1.023812613165381022e-06
-9.466858910977106893e-07
-1.031210694132532714e-06
-1.091164565966726671e-06
-9.921290963619493350e-07
-1.001401983988851621e-06
-1.087975774767864167e-06
-1.001394772622256815e-06
-1.023073957324323485e-06
-1.018568587423069403e-06
-9.822602794277458302e-07
-1.089189930757023823e-06
-1.089806720062193979e-06
-1.035560201910315657e-06
-1.068599340997323870e-06
-1.060131573962024968e-06
-1.090558204084759612e-06
-1.051055981642801309e-06
-1.093883187632174059e-06
-1.075395887843589669e-06
-1.122656899656670441e-06
-1.095297472729708993e-06
-1.119038432939432671e-06
-1.240921655051691607e-06
-1.053873171048850681e-06
-1.063529964831940431e-06
-1.037004248786940551e-06
-1.113976544526741927e-06
-1.189074681703668524e-06
-1.025273137673597676e-06
-1.090253666194468199e-06
-1.029771099378314724e-06
-1.123152687938241139e-06
-1.074121418081106152e-06
-1.092716397668347125e-06
-1.072512819894506307e-06
-1.108271229416723026e-06
-1.142572593633370027e-06
-1.125425897821087354e-06
-1.147058531545860874e-06
-1.067861086973481046e-06
-9.579626889737456282e-07
-1.036021269450440560e-06
-9.847198541965595994e-07
-9.885475930880002627e-07
-1.010023893857063962e-06
-1.049446388842381245e-06
-1.001721424913993102e-06
-1.035547126232784489e-06
-1.024927776632519616e-06
-9.832082321932253344e-07
-1.005368864409015340e-06
-9.727953345317940094e-07
-9.885267254155247209e-07
-1.002165305786107504e-06
-1.007091767474548466e-06
-1.008697172870938637e-06
-1.012823652490318044e-06
-1.000169444635170191e-06
-9.565619640668560603e-07
-1.003915032582986450e-06
-1.064110186138676661e-06
-9.509238533639935577e-07
-1.041011524082292584e-06
-9.867518911819108030e-07
-9.964009208463973060e-07
-1.019493689485081389e-06
-9.698993723397894584e-07
-1.014097375209469198e-06
-1.056583921994204907e-06
-9.324987355992557288e-07
-9.653307605716245054e-07
-1.061265244430459000e-06
-9.994015860175953608e-07
-1.114979290819565536e-06
-1.009402665775797534e-06
-1.027381767953800322e-06
-1.069863218792944917e-06
-1.000229210454543764e-06
-1.041422199728206348e-06
-1.010940938630952288e-06
-9.946791913660306642e-07
-1.090956262108638715e-06
-1.099634806646647687e-06
-1.057194742976208438e-06
-1.052760989018897463e-06
-1.042493285007284554e-06
-1.001028233792916284e-06
-1.028464053622789363e-06
-1.004443962776879441e-06
-1.043734989922965462e-06
-1.013827542094549521e-06
-1.006611205177833206e-06
-1.054441341636088661e-06
-1.083261282692064053e-06
-1.045531377439418231e-06
-1.085368558412528015e-06
-1.077367772533144172e-06
-1.015728778699826739e-06
-1.046667007753747445e-06
-9.501448019641097437e-07
-1.009200736321575351e-06
-1.075603147293723289e-06
-1.077921502319688183e-06
-1.020889813482654238e-06
-1.051770607283613133e-06
-1.064228080760785423e-06
-1.019573741715340164e-06
-1.033832050181837816e-06
-1.039019530887822704e-06
-1.054522068418651784e-06
-1.048548058853007334e-06
-1.023868296158293340e-06
-9.844011982062891089e-07
-1.039217444869401714e-06
-1.046556040387983287e-06
-1.074219328774990086e-06
-1.051799068292001733e-06
-1.039579427123477480e-06
-9.713237621333838993e-07
-9.953264017910760190e-07
-1.019750339025444785e-06
-1.023231914975543879e-06
-1.008010559365469307e-06
-9.817072759733032016e-07
-1.052893568626264476e-06
-1.029200787249041690e-06
-1.074027886098458631e-06
-1.079584617082039590e-06
-1.073248016252475807e-06
-1.067895511809119219e-06
-1.027939540519752126e-06
-1.060096131224015509e-06
-1.022311599708302692e-06
-1.044611545345293379e-06
-1.011640074279315337e-06
-9.885304231229183218e-07
-1.062749111314136742e-06
-1.022382774975671978e-06
-1.088969867143409173e-06
-9.505336381222518323e-07
-1.028367561054423491e-06
-1.057029271281580419e-06
-9.784865143079405514e-07
-1.037514976564521124e-06
-1.083435293454170693e-06
-1.074028396133493340e-06
-9.637674402883495348e-07
-1.047500100103584157e-06
-1.012220555180714422e-06
-1.007098312422916221e-06
-1.010765943720776696e-06
-1.020581401001962784e-06
-1.015360012738612993e-06
-1.052192322785186578e-06
-9.854485675909105290e-07
-9.789720890808005291e-07
-1.034146768767623828e-06
-9.740683520059911606e-07
-1.046549069423457680e-06
-1.027026612842227992e-06
-8.779105253249474113e-07
-9.331388137641423944e-07
-1.010532033018361927e-06
-9.917175563787096128e-07
-9.382601455898936848e-07
-9.157434990481718291e-07
-9.933831186116438147e-07
-1.013014874621009658e-06
-1.003843712813109900e-06
-1.024275498039928218e-06
-9.576738231905677716e-07
-9.726250740980242837e-07
-9.958546048266369618e-07
-9.975389812947177359e-07
-9.724914044849760783e-07
-9.485090200307265502e-07
-9.729091764003624807e-07
-1.000153340800295269e-06
-9.889090273511722332e-07
-9.845237485562882738e-07
-9.542626282239644849e-07
-9.693424869529823047e-07
-9.559886927375714016e-07
-9.511309752343481926e-07
-9.777640607932478893e-07
-9.323256524901577850e-07
-9.899881025491124907e-07
-1.028833170462547798e-06
-9.953287430640221376e-07
-1.076985229943026254e-06
-1.014925686736259902e-06
-9.832419112258292066e-07
-1.062397585812921672e-06
-1.021345628681444352e-06
-1.017686389439239185e-06
-1.044938074244766674e-06
-1.045840032774345831e-06
-1.082802356195202241e-06
-9.902223740780703034e-07
-1.075640995138452060e-06
-1.007514843641355605e-06
-1.022496127417611155e-06
-1.066486307484032385e-06
-1.065841384078011534e-06
-9.742171217735652103e-07
-9.889305925354554563e-07
-1.041225563048097454e-06
-9.722421605809708224e-07
-9.934038221808900093e-07
-1.074922797513233437e-06
-1.026892207340719709e-06
-1.034515003156884379e-06
-1.004270451604641261e-06
-9.604584798238920077e-07
-9.766043477098621977e-07
-1.065462413722027750e-06
-1.012841531256140279e-06
-1.064286966299284549e-06
-1.080657677003098851e-06
-1.105098195718198104e-06
-1.047027533061809606e-06
-1.191747241547139144e-06
-1.065030014788627060e-06
-1.128471785899923494e-06
-1.101272970765922913e-06
-1.077691090354449983e-06
-1.030163495256272710e-06
-1.096715572294686754e-06
-1.186156306309335872e-06
-1.069288653679342340e-06
-1.044229810910490353e-06
-1.038361106449687492e-06
-1.125301638928987472e-06
-1.108285445271248829e-06
-1.075919239605858693e-06
-1.034626464340074496e-06
-1.091031190572247278e-06
-1.064212952701997494e-06
-1.066336223171331752e-06
-1.067076827723779517e-06
-1.046742164096339969e-06
-1.130310633908145879e-06
-1.105145592655259623e-06
-1.158384282997978396e-06
-1.137280151470041448e-06
-1.012097534748453948e-06
-1.068456524229772156e-06
-1.052495524817605273e-06
-9.872271977900567762e-07
-9.839659151559560708e-07
-1.005780514264279159e-06
-9.936690698011708125e-07
-9.821632231181680774e-07
-1.046832099277574763e-06
-1.087115473490843575e-06
-9.603161295064951027e-07
-9.917926291525913145e-07
-1.014290019087914689e-06
-1.088277014334141656e-06
-1.083658204971309092e-06
-1.048315153016582999e-06
-9.978467535024401240e-07
-1.048347908067222145e-06
-1.035592828361045583e-06
-9.955997426432077681e-07
-1.052651779521372695e-06
-1.003483351662217203e-06
-9.707291232942083770e-07
-1.008703400409372319e-06
-1.021276852705157853e-06
-1.084055604808354480e-06
-1.028525695993316715e-06
-9.674680119950368718e-07
-9.463748880350609367e-07
-9.427488021767384966e-07
-8.810390737255556962e-07
-9.629479182857500537e-07
-9.340931287753313300e-07
-8.622696865376297354e-07
-8.488990153800930765e-07
-9.969147485039452854e-07
-9.473091033537179998e-07
-9.489974541563104179e-07
-9.707249370834528773e-07
-9.254782240334605170e-07
-9.169119169172049532e-07
-9.069708972920545772e-07
-9.429700775642970493e-07
-8.878788507282443496e-07
-9.021495487833765848e-07
-9.603640190801244187e-07
-9.188436432278256255e-07
-9.616326382898409660e-07
-9.785098237868971930e-07
-9.161192703566599771e-07
-8.939945499025006460e-07
-1.085155046358333675e-06
-1.099859239795892587e-06
-1.132064363201967950e-06
-1.088450972554839894e-06
-1.041551039909833945e-06
-1.075222069412445968e-06
-1.093390208284022044e-06
-1.071587463864645923e-06
-1.045896019629083614e-06
-1.017781522588574728e-06
-1.105631208319276545e-06
-1.083938726730740182e-06
-1.020711344253759309e-06
-1.073926565185515795e-06
-1.068442037939617600e-06
-1.081864013271991782e-06
-1.103779819873447756e-06
-1.111974624183432782e-06
-1.061636538032459054e-06
-1.056958026746970188e-06
-1.114449101529306440e-06
-1.086473054104962604e-06
-1.057986686832160381e-06
-1.046058120254137566e-06
-1.143760640523304484e-06
-1.029726982028697166e-06
-1.064339586029945520e-06
-1.072603893715103909e-06
-1.049421038227512351e-06
-1.038125779282304309e-06
-1.008491972353900589e-06
-9.969563821922234400e-07
-9.363752069467107240e-07
-9.541408819904515722e-07
-9.197949251179713387e-07
-9.436974819862625396e-07
-1.014218984897198903e-06
-9.548893943095689642e-07
-9.914537866094713570e-07
-9.198273653425065823e-07
-9.731480981071181536e-07
-9.570316551865237048e-07
-9.509707560360180520e-07
-9.687249116703816672e-07
-9.390463350865729885e-07
-1.002075661266198335e-06
-9.314695326570981026e-07
-9.560258187652975389e-07
-9.657819126314200326e-07
-9.664178672658644639e-07
-9.606018189348547951e-07
-9.790622858984982032e-07
-1.017544972496535030e-06
-9.126149819835743212e-07
-9.194782960465106699e-07
-9.767973209790109816e-07
-9.336275799066066096e-07
-9.174810308238263734e-07
-1.001556525076381220e-06
-9.529721645981155383e-07
-9.832306784313465205e-07
-9.668712432249759584e-07
-9.039686647068684614e-07
-9.669996913949630533e-07
-9.657133457808609804e-07
-9.396591731233339288e-07
-9.917797598818643484e-07
-9.895976077463172578e-07
-9.592674881790692034e-07
-9.604825989888162401e-07
-9.870101638697678981e-07
-9.992195257099054012e-07
-9.526209366735937632e-07
-9.280572478750999987e-07
-1.042237576407345016e-06
-9.961995002223192285e-07
-9.952644889378369514e-07
-9.512930752428688846e-07
-1.013658374563204188e-06
-9.767706857661946382e-07
-9.414888000133294761e-07
-9.970104661847503813e-07
-9.322109775318319281e-07
-9.973355712370806409e-07
-9.984003425066404918e-07
-1.000131592110317995e-06
-9.825066714959918640e-07
-1.001216864509789977e-06
-1.017972612857110523e-06
-1.016902412111204648e-06
-9.767888808891283811e-07
-1.011861375634663121e-06
-1.003073067205709789e-06
-9.742833047601823520e-07
-1.014764724762764550e-06
-1.010549525181630840e-06
-9.868134421220545613e-07
-1.072831930839354930e-06
-8.948061330643704855e-07
-1.085857343545617550e-06
-1.074914389535261369e-06
-9.542546763533214041e-07
-1.054779520820831126e-06
-1.000906168254535045e-06
-9.985204088107117193e-07
-9.574954750004196398e-07
-9.985135360704081591e-07
-9.958757178908321433e-07
-9.641323478655716747e-07
-1.015601404781735891e-06
-1.026058798076568441e-06
-1.005810994303911223e-06
-1.032829727334426429e-06
-1.002422413078779799e-06
-1.015210739553633999e-06
-8.920466895068718782e-07
-9.259258303061107135e-07
-8.670095424010460782e-07
-8.933679781114999058e-07
-9.082044306662822794e-07
-9.348678632717005713e-07
-8.883403348959756952e-07
-8.975631220479658290e-07
-9.261933864031226314e-07
-9.183909538721192801e-07
-8.421770955727471470e-07
-9.426327306319233395e-07
-8.869037976528664633e-07
-9.003365254376355812e-07
-8.862123723840729759e-07
-8.400061063570141421e-07
-9.826328459602500729e-07
-9.239499230018386938e-07
-8.796009914621874550e-07
-9.017547727604198420e-07
-9.345256778434465894e-07
-9.247192312618191556e-07
-8.634670074836232394e-07
-9.173837020948343997e-07
-9.473893244775518268e-07
-8.765440209616494325e-07
-8.963492691549321708e-07
-9.049514643619182562e-07
-8.950821553283436141e-07
-9.084793549748568153e-07
-9.308702654969544206e-07
-9.735476707852939838e-07
-8.980253802068115361e-07
-9.487042379247219975e-07
-8.330001256702445034e-07
-9.001802135489132260e-07
-9.704115269193985145e-07
-8.810654927632186068e-07
-9.169708446206068286e-07
-8.720987771171892230e-07
-8.865992310566333387e-07
-9.672054434809035677e-07
-8.970711350734545513e-07
-9.555305587819775278e-07
-9.093593665293165147e-07
-1.090600846268564803e-06
-1.046868860398433919e-06
-1.001659176470711680e-06
-1.071967224487309673e-06
-1.015400869141185704e-06
-9.839017037606372272e-07
-1.006714522988415437e-06
-1.031991838638522303e-06
-1.061676769341845604e-06
-1.078354172758417112e-06
-1.021752604666580754e-06
-1.058885561683328973e-06
-1.058936804282356135e-06
-1.037268495347161287e-06
-1.028835670992125042e-06
-1.000491064226970289e-06
-1.031532986775958418e-06
-1.096344646049200704e-06
-1.021578605058320219e-06
-1.065438909184118919e-06
-1.029416375112450660e-06
-1.013321434852211850e-06
-9.793529959814828608e-07
-1.056395897929194934e-06
-1.013097558191218874e-06
-1.023694101738496823e-06
-1.044596894861639904e-06
-9.493561803142993428e-07
-9.852302801134349154e-07
-9.421336608150880212e-07
-9.924868215969356412e-07
-9.172127903349240287e-07
-9.907691982355680943e-07
-9.875852271210403348e-07
-9.484956638811600573e-07
-9.002785350514554963e-07
-9.626106343900518285e-07
-9.481351147560575616e-07
-9.889737815308006594e-07
-9.901433410416717384e-07
-9.677911908073554769e-07
-9.826348987353807547e-07
-9.341469684148055835e-07
-9.356076037768276125e-07
-9.269973692777428058e-07
-9.358355017072399327e-07
-9.584956043942935739e-07
-9.879075388045060958e-07
-9.573768872896641426e-07
-9.608143736122067408e-07
-9.006206570554509870e-07
-8.991530615398733773e-07
-9.255452010899515456e-07
-9.565869518027207055e-07
-9.880410057177694640e-07
-9.311811715902606966e-07
-9.490299915647567715e-07
-9.870235591242208224e-07
-9.269697035513112754e-07
-9.894099770972218986e-07
-9.424220562535731147e-07
-9.329788801045224305e-07
-9.747002984233595428e-07
-9.418330080313948689e-07
-8.993095076364966439e-07
-9.286461455255582013e-07
-9.560078274271438403e-07
-9.011027508152813468e-07
-9.939030053228971331e-07
-9.597788728400118051e-07
-9.150204785400721088e-07
-9.634779825498045672e-07
-9.459190833988772362e-07
-9.538344782613541368e-07
-9.507768512739251146e-07
-1.023038496167071192e-06
-9.819477916786011956e-07
-9.397681151081537675e-07
-9.407141856983729987e-07
-9.738484741393176218e-07
-1.023329312626871122e-06
-9.372481657553201562e-07
-9.494329268271820669e-07
-9.458175911815769488e-07
-1.002456735393674450e-06
-1.006441450297486676e-06
-1.009865275773752939e-06
-1.038161975803627688e-06
-9.011704820994002861e-07
-1.047541953446245715e-06
-9.730432026439744318e-07
-9.710717023554416592e-07
-9.547329367163342642e-07
-1.003374747988574884e-06
-9.845145483934151460e-07
-9.857607756365612074e-07
-1.013944833879955259e-06
-9.840178286474111064e-07
-1.023903375167935416e-06
-9.698417622787389489e-07
-1.031403884422855886e-06
-9.877812509057315393e-07
-9.294032364624750494e-07
-1.012830297751045655e-06
-1.020655677673296825e-06
-1.058308703856827413e-06
-1.010809643919445435e-06
-9.432202600461967948e-07
-9.932134715171906174e-07
-1.009833722633026671e-06
-9.686209392683639322e-07
-9.241028158211314378e-07
-9.953071644043660837e-07
-9.609782324673231237e-07
-9.666889044572232802e-07
-9.748864936419480598e-07
-9.285548761862907014e-07
-8.782144819105833174e-07
-9.266096825589477459e-07
-9.217556824246206571e-07
-9.537222445066015982e-07
-8.982952925241803159e-07
-9.551411848547448335e-07
-9.657829729579830310e-07
-9.269514331543707841e-07
-9.837961218181855653e-07
-9.531231810846666067e-07
-9.240606039274998011e-07
-9.194754616801113120e-07
-9.482833391016926655e-07
-9.509170987913104107e-07
-9.451663688256386348e-07
-8.345777652571032375e-07
-9.424970801627026128e-07
-9.941463150348540474e-07
-9.499038382873207242e-07
-9.348516802116311715e-07
-9.063381299198799419e-07
-9.568201792632814792e-07
-9.091686932691913633e-07
-9.842977616616397462e-07
-9.070071583526193734e-07
-9.042032352313489896e-07
-9.816749628929955774e-07
