5990.67 6.42318e-09 6402.83 3.00486e-09 -0.00604131 0.000674709 -1.00845e-06
5994 1.92398e-08 6306.05 9.14387e-09 -0.00612178 0.000696397 -1.02132e-06
6222.55 1.18172e-08 6637.74 5.53904e-09 -0.00669131 0.000791014 -1.07533e-06
5588.65 5.24203e-09 5901.87 2.48191e-09 -0.00576085 0.000750052 -1.03081e-06
6208.69 -8.16479e-09 6616.79 -3.83061e-09 -0.00709364 0.000841976 -1.14253e-06
5563.93 2.28661e-08 5990.98 1.06181e-08 -0.00592035 0.000772306 -1.06406e-06
6471.31 -3.39259e-09 6884.32 -1.59453e-09 -0.00715467 0.000919639 -1.1056e-06
5991.04 2.24653e-08 6399.69 1.05154e-08 -0.00650344 0.000909162 -1.08553e-06
5883.47 -1.42993e-09 6292.28 -6.68516e-10 -0.00647157 0.000820175 -1.09996e-06
5994.24 -7.9312e-09 6395.14 -3.71701e-09 -0.00703932 0.00104878 -1.17435e-06
5885.13 -1.36055e-09 6296.95 -6.35784e-10 -0.00658114 0.000936849 -1.11827e-06
5838.78 3.15495e-09 6252.11 1.47319e-09 -0.00712992 0.000943446 -1.22113e-06
6836.07 -1.02722e-09 7242.66 -4.84779e-10 -0.00743751 0.000979258 -1.08798e-06
6691.54 2.36113e-09 7005.17 1.12771e-09 -0.00644325 0.000881149 -9.62895e-07
6050.28 1.06552e-08 6461.38 4.98864e-09 -0.00747272 0.000872714 -1.2351e-06
6077.64 -2.70758e-09 6508.86 -1.2641e-09 -0.00613534 0.000880975 -1.00949e-06
6268.92 2.71263e-09 6682.53 1.27237e-09 -0.00730952 0.000822541 -1.16599e-06
6140.1 -5.61211e-10 6553.49 -2.62905e-10 -0.00614542 0.000808763 -1.00087e-06
6597.04 9.99927e-09 7005.79 4.70794e-09 -0.00634443 0.000781188 -9.61708e-07
6014.25 -4.60843e-11 6424.34 -2.15713e-11 -0.00553311 0.000898269 -9.20001e-07
6599.27 -7.49329e-09 6913.63 -3.57629e-09 -0.00709555 0.000877636 -1.0752e-06
5790.84 -1.7173e-09 6193.88 -8.0278e-10 -0.00609363 0.000704272 -1.05229e-06
6142.74 4.06262e-10 6561.11 1.90178e-10 -0.00654478 0.000879002 -1.06545e-06
5914.4 -4.65254e-09 6326.4 -2.17477e-09 -0.0062201 0.000869084 -1.05169e-06
6093.93 5.4628e-09 6404.09 2.59911e-09 -0.00673722 0.000898384 -1.10556e-06
6159.9 3.28615e-09 6560.67 1.54271e-09 -0.0058064 0.000958316 -9.42612e-07
6297.65 -5.77458e-09 6694.15 -2.71627e-09 -0.00652096 0.000880485 -1.03546e-06
5762.13 -1.42549e-08 6177.66 -6.64803e-09 -0.00672293 0.00115708 -1.16674e-06
6218.73 -4.99856e-09 6615 -2.34956e-09 -0.00747068 0.000842101 -1.20132e-06
6191.45 -4.53877e-10 6595.92 -2.13022e-10 -0.0064012 0.00089383 -1.03388e-06
5965.45 -5.85351e-09 6356.49 -2.74671e-09 -0.00685244 0.000822721 -1.14869e-06
5470.9 5.05945e-09 5850.85 2.36544e-09 -0.0060707 0.000973611 -1.10964e-06
5635.35 8.88607e-09 6023.42 4.15679e-09 -0.00630875 0.00073361 -1.1195e-06
5195.89 -1.62215e-08 5588.42 -7.54106e-09 -0.00659258 0.000961442 -1.26881e-06
5429.5 -2.39882e-09 5813.89 -1.12011e-09 -0.00624637 0.000909884 -1.15045e-06
5543.49 2.23331e-09 5835.81 1.06072e-09 -0.0062543 0.000836844 -1.12823e-06
5690.02 -1.01376e-09 5973.82 -4.82799e-10 -0.00662069 0.00118147 -1.16356e-06
6342.85 -1.15784e-09 6734.41 -5.4526e-10 -0.00630747 0.000987528 -9.94422e-07
6037.83 -8.18973e-09 6412.94 -3.85535e-09 -0.00672186 0.000849201 -1.11329e-06
5792.56 -6.71316e-09 6189.1 -3.14152e-09 -0.00572209 0.000766926 -9.87835e-07
5964.76 8.97423e-09 6370.84 4.2011e-09 -0.00474705 0.000709055 -7.95849e-07
5303.37 1.59705e-09 5692.44 7.43946e-10 -0.00576584 0.00080731 -1.0872e-06
5967.13 8.04628e-10 6354.4 3.77794e-10 -0.00558629 0.000773155 -9.36177e-07
5422.51 -1.37293e-08 5798.47 -6.41956e-09 -0.00691339 0.000837315 -1.27494e-06
5802.47 -2.13085e-10 6176.21 -1.00096e-10 -0.00596951 0.000894978 -1.02879e-06
5553.78 -5.51855e-09 5934.86 -2.5821e-09 -0.00707308 0.000944535 -1.27356e-06
5762.8 5.14449e-09 6153.08 2.40909e-09 -0.00607428 0.000969834 -1.05405e-06
5213.4 -1.49716e-08 5592.37 -6.9785e-09 -0.00604334 0.000765961 -1.15919e-06
5627.5 7.16695e-09 6012.24 3.35416e-09 -0.00743608 0.000908139 -1.32138e-06
5924.84 1.02229e-08 6300.99 4.8063e-09 -0.0068684 0.000894183 -1.15925e-06
5510.28 7.88077e-10 5891.42 3.68547e-10 -0.00567075 0.000898086 -1.02912e-06
5595.56 5.32965e-10 5980.14 2.49345e-10 -0.00658538 0.000767797 -1.1769e-06
6042.62 -2.22243e-09 6424.59 -1.04515e-09 -0.00754143 0.000937861 -1.24804e-06
5655.95 2.21761e-09 6044.95 1.03745e-09 -0.00666169 0.00084822 -1.17782e-06
5662.77 2.13576e-09 6043.81 1.00055e-09 -0.00592358 0.000889042 -1.04606e-06
5494.99 -1.01105e-09 5892.29 -4.71439e-10 -0.00590831 0.000724685 -1.07522e-06
5482.23 -2.22981e-10 5869.1 -1.04141e-10 -0.00648931 0.001002 -1.1837e-06
5558.8 4.17707e-09 5957.29 1.94883e-09 -0.00503557 0.000710951 -9.05875e-07
5145.64 -4.11289e-09 5528.88 -1.9139e-09 -0.00634707 0.000887256 -1.23349e-06
6239.15 -4.0021e-09 6610.59 -1.88861e-09 -0.00773787 0.000898275 -1.24021e-06
5689.58 1.89331e-08 6086.57 8.84909e-09 -0.00562367 0.000769283 -9.88416e-07
5766.83 1.45683e-08 6164.56 6.8142e-09 -0.00614656 0.000936697 -1.06585e-06
5345.23 7.59077e-09 5728.09 3.54171e-09 -0.00652083 0.000972472 -1.21993e-06
6087.11 -4.56068e-09 6491.48 -2.13829e-09 -0.00607266 0.000967569 -9.97627e-07
5438.17 7.85699e-09 5825.31 3.66741e-09 -0.00688236 0.000837575 -1.26557e-06
5851.76 7.36808e-09 6255.95 3.44602e-09 -0.00609691 0.000722784 -1.04189e-06
5380.72 -1.80878e-09 5759.09 -8.44971e-10 -0.00655173 0.000808109 -1.21763e-06
5406.36 1.56758e-08 5796.11 7.31084e-09 -0.00724622 0.000944965 -1.34032e-06
6030.84 -5.77759e-09 6409.29 -2.71822e-09 -0.00694471 0.000847804 -1.15153e-06
6170.9 9.00158e-09 6560.3 4.23364e-09 -0.00568286 0.000883441 -9.20912e-07
5884.83 -1.35624e-08 6274.18 -6.36039e-09 -0.00608775 0.000837259 -1.03448e-06
6068.02 3.67372e-09 6459.37 1.72557e-09 -0.00717161 0.000878556 -1.18187e-06
5981.65 -3.603e-09 6358.13 -1.69483e-09 -0.00695982 0.000851619 -1.16353e-06
5930.09 -4.57881e-09 6317.8 -2.14891e-09 -0.00708932 0.000969031 -1.19548e-06
5508.02 -6.26302e-09 5905.27 -2.92086e-09 -0.00685755 0.000912004 -1.24501e-06
6396.51 -1.2672e-09 6779.15 -5.97836e-10 -0.00737087 0.000864373 -1.15233e-06
5417.36 5.04956e-09 5835 2.34407e-09 -0.00668338 0.000783745 -1.2337e-06
5719.65 1.15322e-08 6128.8 5.38118e-09 -0.00601905 0.000904373 -1.05235e-06
5802.42 -4.16494e-09 6189.09 -1.95237e-09 -0.00585652 0.000759384 -1.00932e-06
6196.24 -5.48943e-09 6586.94 -2.58192e-09 -0.00642821 0.00079032 -1.03744e-06
5787.41 -2.37268e-09 6180.98 -1.1108e-09 -0.00660923 0.000744573 -1.142e-06
5976.59 -3.83519e-09 6366.59 -1.80013e-09 -0.00774521 0.000874686 -1.29592e-06
5773.82 -8.65742e-09 6169.2 -4.05128e-09 -0.00762294 0.0011421 -1.32026e-06
5414.28 -1.15144e-08 5802.15 -5.37232e-09 -0.0064426 0.000974597 -1.18993e-06
5360.06 4.97621e-09 5760.83 2.31501e-09 -0.0060632 0.000768809 -1.13118e-06
5896.07 7.03991e-09 6313.95 3.28699e-09 -0.00635479 0.000812461 -1.0778e-06
5602.03 1.01269e-08 5994.56 4.73187e-09 -0.00525709 0.000924222 -9.38426e-07
5848.4 9.17504e-09 6242.3 4.29803e-09 -0.00620058 0.000799509 -1.06022e-06
5742.6 9.95056e-09 6121.01 4.6677e-09 -0.00682466 0.000773877 -1.18843e-06
5864.87 5.7189e-09 6267.56 2.67573e-09 -0.00564167 0.000909878 -9.61943e-07
5246.74 -5.07613e-09 5640.91 -2.36071e-09 -0.00611392 0.000918285 -1.16528e-06
6014.89 4.29086e-09 6401.76 2.01578e-09 -0.00661726 0.000878113 -1.10015e-06
6275.7 6.48461e-09 6677.47 3.04722e-09 -0.00632086 0.000816908 -1.0072e-06
5307.76 2.34265e-09 5696.42 1.09141e-09 -0.00627193 0.000705336 -1.18165e-06
5822.14 -8.46178e-09 6202.8 -3.97124e-09 -0.00612006 0.000951202 -1.05117e-06
5334.91 -1.55209e-08 5719.85 -7.2382e-09 -0.00662357 0.000875332 -1.24155e-06
5792.7 3.00538e-09 6196.46 1.40477e-09 -0.00577072 0.000753647 -9.96205e-07
5705.21 -9.86498e-09 6104.38 -4.60995e-09 -0.0071982 0.000961623 -1.26169e-06
6007.16 7.72521e-09 6400.29 3.62535e-09 -0.00623386 0.000842398 -1.03774e-06
6096.18 -1.23255e-09 6491.95 -5.78703e-10 -0.00664333 0.000935179 -1.08975e-06
6217.08 7.04882e-09 6617.3 3.31125e-09 -0.00605917 0.000839645 -9.74601e-07
5503.47 4.22063e-09 5884.54 1.97366e-09 -0.00674705 0.000848532 -1.22596e-06
6256.01 3.7668e-10 6639.58 1.7746e-10 -0.00651128 0.000836069 -1.0408e-06
5827.28 -2.67573e-09 6227.54 -1.25188e-09 -0.00596335 0.000827971 -1.02335e-06
6002.49 1.16425e-10 6382.41 5.47473e-11 -0.0064961 0.000910377 -1.08223e-06
5617.34 -1.58043e-08 5910.27 -7.51049e-09 -0.00692389 0.000937003 -1.23259e-06
5755.78 1.89606e-09 6160.18 8.85795e-10 -0.0065142 0.000812443 -1.13177e-06
6065.09 -9.60487e-09 6461.2 -4.50802e-09 -0.00678468 0.000865667 -1.11864e-06
5883.22 -5.53155e-09 6283.59 -2.58955e-09 -0.00602517 0.000670919 -1.02413e-06
5817.75 1.85321e-09 6228.81 8.65453e-10 -0.00682049 0.000898357 -1.17236e-06
6072.75 1.07158e-08 6482.55 5.01918e-09 -0.00724763 0.0008745 -1.19347e-06
5785.22 -7.44231e-10 6175.98 -3.48572e-10 -0.00775252 0.000908031 -1.34006e-06
5763.65 -1.55248e-09 6143.75 -7.28215e-10 -0.00626423 0.000809065 -1.08685e-06
5844.97 -3.55099e-09 6251.28 -1.66009e-09 -0.00605902 0.000726805 -1.03662e-06
5779.43 1.23646e-08 6169.43 5.79147e-09 -0.00707678 0.000948654 -1.22448e-06
6560.81 5.64289e-10 6956.5 2.66096e-10 -0.00669246 0.000856879 -1.02007e-06
5569.89 3.46361e-09 5987.23 1.61109e-09 -0.00529978 0.000608935 -9.51506e-07
5769.33 -1.72986e-08 6158.19 -8.10313e-09 -0.00603789 0.000781753 -1.04655e-06
6452.31 -1.66162e-10 6839.4 -7.8379e-11 -0.00718863 0.00091103 -1.11412e-06
6477.12 5.38551e-09 6894.39 2.52978e-09 -0.00611986 0.00089263 -9.44843e-07
6151.43 3.84098e-09 6559.39 1.80104e-09 -0.00593348 0.000728707 -9.64569e-07
6042.94 -1.41708e-08 6441.71 -6.64676e-09 -0.00683884 0.000824528 -1.13171e-06
5955.6 8.46301e-10 6345.96 3.97121e-10 -0.00643332 0.000861808 -1.08021e-06
6210.16 -1.08702e-08 6622.22 -5.0969e-09 -0.00675472 0.000831623 -1.08769e-06
5961.63 1.81606e-09 6360.07 8.51146e-10 -0.00653873 0.000913746 -1.0968e-06
5618.15 -1.12709e-08 6006.61 -5.27098e-09 -0.00769391 0.000996457 -1.36947e-06
6129.55 1.62558e-08 6560.65 7.59384e-09 -0.00639771 0.000732818 -1.04375e-06
5813.99 1.24877e-08 6216.24 5.83983e-09 -0.00663604 0.000860824 -1.14139e-06
5586.88 -5.46149e-09 5983.26 -2.54983e-09 -0.00702283 0.00096705 -1.25702e-06
5870.03 1.17912e-10 6278.97 5.51162e-11 -0.00641267 0.00081391 -1.09244e-06
6222.82 7.0083e-10 6647.82 3.28013e-10 -0.00719709 0.00097104 -1.15656e-06
6185.47 -2.49521e-09 6629.17 -1.1641e-09 -0.00564823 0.000840822 -9.13145e-07
6602.52 2.3822e-09 7036.74 1.1176e-09 -0.00673082 0.000889832 -1.01943e-06
6515.22 8.7605e-09 6950.14 4.10615e-09 -0.00649389 0.000848808 -9.96727e-07
6133.28 1.24574e-08 6568.27 5.81621e-09 -0.00705003 0.000828669 -1.14947e-06
6378.79 3.42668e-09 6812.51 1.60426e-09 -0.00694019 0.000900694 -1.08801e-06
6766.11 6.69646e-09 7210.82 3.14174e-09 -0.0063342 0.000747934 -9.36164e-07
6403.22 1.27688e-09 6859.74 5.95953e-10 -0.00704419 0.000794764 -1.1001e-06
6403.79 -1.67739e-08 6856.97 -7.83266e-09 -0.00647172 0.0009237 -1.01061e-06
6386.93 -7.92044e-10 6847.09 -3.69407e-10 -0.00704901 0.000940295 -1.10366e-06
6323.29 1.0869e-08 6773.17 5.07352e-09 -0.00689343 0.00101918 -1.09017e-06
6251.33 6.9962e-10 6671.08 3.278e-10 -0.00714714 0.00080925 -1.1433e-06
6179.88 -1.65974e-09 6600.39 -7.77001e-10 -0.00716929 0.000907845 -1.1601e-06
6143.04 3.18293e-09 6563.66 1.48948e-09 -0.00680692 0.0010821 -1.10807e-06
6388.3 3.00626e-09 6802.25 1.41166e-09 -0.00712892 0.000857408 -1.11593e-06
6669.39 -2.05538e-09 7096.13 -9.65887e-10 -0.00494771 0.000596492 -7.41854e-07
6312.63 4.04311e-09 6737.63 1.89404e-09 -0.00742734 0.00100284 -1.17658e-06
6238.74 5.92345e-09 6675.92 2.76777e-09 -0.00784411 0.000927325 -1.25732e-06
6576.3 -4.14401e-09 6992.54 -1.94867e-09 -0.00748921 0.00101085 -1.13882e-06
6372.72 -6.23919e-09 6788.97 -2.92832e-09 -0.00665374 0.000854456 -1.0441e-06
6654.23 4.02903e-09 7080.3 1.89329e-09 -0.00335762 0.000544518 -5.04584e-07
5952.27 1.66538e-09 6366.21 7.78548e-10 -0.00662593 0.000879615 -1.11318e-06
6045.33 -1.74489e-08 6468.58 -8.1536e-09 -0.00557576 0.000891464 -9.22326e-07
6145.39 2.49568e-09 6566.31 1.16785e-09 -0.00723899 0.00105894 -1.17795e-06
6349.12 1.2891e-09 6792.41 6.02486e-10 -0.00750288 0.000853618 -1.18172e-06
5656.17 -2.05296e-08 6079.1 -9.55069e-09 -0.00650958 0.000923132 -1.15088e-06
6294.63 2.93191e-09 6731.72 1.37077e-09 -0.00703372 0.000922023 -1.11742e-06
6570.66 -4.97912e-09 6999.63 -2.33699e-09 -0.00285307 0.000412176 -4.34214e-07
6196.67 -1.27647e-08 6625.62 -5.96913e-09 -0.00677172 0.000886124 -1.0928e-06
5461.08 1.75898e-08 5897.48 8.14411e-09 -0.00634191 0.000902883 -1.16129e-06
6015.14 5.91218e-09 6428.2 2.76614e-09 -0.00638635 0.000958104 -1.06171e-06
6637.05 -1.89117e-09 7062.48 -8.88626e-10 -0.00701148 0.000873309 -1.05642e-06
6178.27 1.09142e-08 6601.11 5.10753e-09 -0.00696649 0.000865527 -1.12758e-06
6150.03 -7.80643e-09 6578.27 -3.64912e-09 -0.0071712 0.000996073 -1.16604e-06
6116.46 6.47261e-09 6525.03 3.03366e-09 -0.00673312 0.000851276 -1.10082e-06
6528.96 -1.2291e-09 6942.92 -5.77908e-10 -0.00690547 0.000890592 -1.05767e-06
6315.44 5.93196e-09 6727.35 2.78438e-09 -0.00707476 0.000875905 -1.12023e-06
6485.93 2.80695e-09 6906.37 1.31804e-09 -0.00678834 0.000777002 -1.04663e-06
6450.43 -1.05836e-08 6885.55 -4.95738e-09 -0.00611547 0.000940072 -9.4807e-07
6018.87 -2.58458e-09 6442.86 -1.20725e-09 -0.00642603 0.000999614 -1.06765e-06
6364.23 -5.78184e-09 6789.06 -2.71002e-09 -0.00582351 0.000965816 -9.15037e-07
6288.2 1.15424e-08 6720.21 5.40018e-09 -0.0061935 0.000818641 -9.84939e-07
6041.23 -4.35893e-10 6461.47 -2.03772e-10 -0.00601612 0.000973103 -9.95843e-07
6524.81 2.2978e-09 6945.26 1.07935e-09 -0.0052975 0.00078686 -8.11901e-07
6229.28 -6.78295e-09 6653.27 -3.17535e-09 -0.00759532 0.000997639 -1.21929e-06
6309.6 -9.42971e-09 6712.08 -4.43213e-09 -0.0079684 0.000927979 -1.2629e-06
6068.91 2.33764e-11 6471.3 1.09614e-11 -0.00674679 0.000922966 -1.1117e-06
6082.89 2.76323e-09 6525.01 1.288e-09 -0.00582944 0.00079118 -9.58333e-07
6296.18 -7.49338e-09 6716.55 -3.5122e-09 -0.00708007 0.00105997 -1.1245e-06
6288.85 1.26107e-10 6709.03 5.91048e-11 -0.00632685 0.000882585 -1.00604e-06
6562.47 -4.5441e-09 6977.84 -2.1368e-09 -0.00688891 0.000920799 -1.04974e-06
5967.12 8.83525e-09 6391.16 4.12453e-09 -0.00710585 0.000831872 -1.19083e-06
5813.06 6.45398e-09 6229.29 3.01137e-09 -0.0065379 0.00100911 -1.12469e-06
6499.83 3.39931e-10 6907.64 1.59931e-10 -0.00600677 0.000823603 -9.24144e-07
6446.27 -7.21625e-09 6875.8 -3.38273e-09 -0.00732478 0.000942793 -1.13628e-06
6367.14 7.09206e-09 6777.21 3.33147e-09 -0.00597988 0.000909368 -9.39178e-07
5807.12 -7.66158e-09 6235.23 -3.56777e-09 -0.00661604 0.000889058 -1.1393e-06
6669.84 8.92872e-09 7093.67 4.19762e-09 -0.00628608 0.000890192 -9.42464e-07
5946.49 -8.3749e-09 6386.16 -3.89916e-09 -0.00727283 0.000952558 -1.22305e-06
6080.63 -1.0364e-08 6526.13 -4.82826e-09 -0.00705602 0.0009058 -1.16041e-06
6443.58 -1.50023e-09 6859.13 -7.04672e-10 -0.00756154 0.000911091 -1.1735e-06
6185.58 6.50102e-09 6630.12 3.03257e-09 -0.00675105 0.000986178 -1.09142e-06
6316.25 6.31514e-09 6740.91 2.95866e-09 -0.00646525 0.000889754 -1.02359e-06
6587.08 9.88339e-09 7024.56 4.63393e-09 -0.00588543 0.000947637 -8.93481e-07
6278.83 7.6742e-09 6705.62 3.59288e-09 -0.00733213 0.000887111 -1.16775e-06
6035.03 3.05263e-09 6469.94 1.42372e-09 -0.00770721 0.00103968 -1.27708e-06
6473.44 6.40932e-09 6905.81 3.00402e-09 -0.00728977 0.000950209 -1.1261e-06
6648.53 -1.02687e-08 7081.69 -4.8203e-09 -0.00718499 0.00089922 -1.08069e-06
6380.69 -1.82722e-09 6810.04 -8.56011e-10 -0.00582859 0.000883753 -9.13474e-07
6506.88 -8.13975e-09 6939.51 -3.81615e-09 -0.00719663 0.000920569 -1.106e-06
6019.97 4.54856e-09 6442.05 2.12527e-09 -0.00733726 0.000935286 -1.21882e-06
6411.33 4.13361e-10 6844.85 1.93591e-10 -0.00600366 0.00078202 -9.36414e-07
5689.23 1.11292e-08 6113.41 5.1785e-09 -0.00604454 0.000791342 -1.06245e-06
6444.87 -4.99963e-10 6879.64 -2.34183e-10 -0.00695244 0.000883283 -1.07876e-06
6227.24 6.09658e-09 6654.05 2.85276e-09 -0.0068743 0.00089514 -1.10391e-06
5897.51 2.51892e-09 6312.75 1.17662e-09 -0.00641171 0.000861192 -1.08719e-06
5690.9 -2.88924e-09 6076.78 -1.35289e-09 -0.0067926 0.000824267 -1.19359e-06
5860.38 2.87453e-09 6258.15 1.34591e-09 -0.00689361 0.000967335 -1.17631e-06
6369.07 -5.83685e-09 6776.08 -2.74313e-09 -0.00624882 0.000789548 -9.8112e-07
5748.54 -8.22822e-09 6126.16 -3.86051e-09 -0.00659344 0.000853717 -1.14698e-06
6000.72 8.61413e-09 6385.85 4.04731e-09 -0.00716028 0.000882071 -1.19324e-06
5969.97 -9.9935e-09 6351.72 -4.69644e-09 -0.00755429 0.000841684 -1.26538e-06
5593.21 -4.92824e-09 5978.13 -2.30546e-09 -0.00601513 0.000706216 -1.07544e-06
5772.06 1.67899e-09 6156.16 7.87115e-10 -0.00712211 0.000984323 -1.2339e-06
5991.05 -3.5376e-10 6386.64 -1.65924e-10 -0.00711421 0.000928459 -1.18747e-06
5877.01 9.76413e-09 6244.17 4.595e-09 -0.00721781 0.000851077 -1.22814e-06
6077.68 -7.67314e-09 6459.6 -3.60973e-09 -0.00769481 0.0010696 -1.26608e-06
5266.17 6.37198e-09 5644.47 2.97246e-09 -0.00706045 0.000786994 -1.34072e-06
6153.46 -1.00994e-09 6537.82 -4.75284e-10 -0.00715089 0.0010936 -1.16209e-06
5703.96 9.90803e-09 6099.14 4.63304e-09 -0.0062421 0.000800588 -1.09434e-06
5896.73 7.21804e-09 6288.39 3.38424e-09 -0.0063769 0.000773838 -1.08143e-06
5874.27 3.73592e-10 6270.19 1.75001e-10 -0.00656202 0.000813324 -1.11708e-06
5886.24 -3.57027e-09 6272.55 -1.67519e-09 -0.0068515 0.00100867 -1.16399e-06
5738.82 -1.29402e-08 6111.63 -6.07541e-09 -0.00710898 0.00106407 -1.23875e-06
5928.73 -1.36519e-09 6334.75 -6.38843e-10 -0.00637664 0.000843654 -1.07555e-06
5787.41 1.09358e-09 6189.02 5.11309e-10 -0.00630885 0.000934106 -1.0901e-06
6138.67 -1.47701e-08 6526.76 -6.94594e-09 -0.00710186 0.00111422 -1.15691e-06
5940.25 9.75029e-09 6321.52 4.5811e-09 -0.00659441 0.000843834 -1.11012e-06
6097.02 -1.43424e-08 6479.89 -6.7475e-09 -0.0066294 0.000810342 -1.08732e-06
5604.64 -9.84894e-10 5982.29 -4.6136e-10 -0.00652006 0.000894425 -1.16333e-06
5776.37 -3.12065e-09 6178.16 -1.45885e-09 -0.00550881 0.000930593 -9.53679e-07
6170.91 -2.51694e-09 6534.86 -1.18838e-09 -0.00668342 0.000983797 -1.08305e-06
6027.46 -5.59619e-09 6424.03 -2.62536e-09 -0.00582194 0.000827591 -9.65902e-07
5416.08 -1.16418e-09 5811.06 -5.42526e-10 -0.00666611 0.00113838 -1.2308e-06
5157.05 -2.6382e-08 5549.95 -1.22571e-08 -0.00584188 0.000865127 -1.1328e-06
5581.29 1.71327e-09 5979.12 7.99638e-10 -0.00622072 0.000865032 -1.11457e-06
5842.32 6.97229e-09 6236.83 3.26563e-09 -0.00679104 0.000851166 -1.16239e-06
6193.28 -4.2093e-09 6575.43 -1.98233e-09 -0.00688699 0.000811769 -1.11201e-06
5808.44 7.18709e-09 6193.94 3.36989e-09 -0.00724229 0.000784115 -1.24686e-06
5927.35 4.62848e-09 6303.4 2.17617e-09 -0.00651723 0.000924805 -1.09952e-06
5566.22 -3.28682e-09 5942.65 -1.53931e-09 -0.00715456 0.000973552 -1.28535e-06
5475.39 -6.33922e-09 5842.42 -2.97049e-09 -0.00696657 0.00112449 -1.27234e-06
5619.19 -2.71478e-09 5999.54 -1.27134e-09 -0.00640325 0.000888952 -1.13953e-06
5467.16 6.00131e-09 5849.97 2.8043e-09 -0.00670039 0.000847544 -1.22557e-06
5753.12 -4.04205e-10 6141.26 -1.89329e-10 -0.00617176 0.00081077 -1.07277e-06
5572.26 2.98539e-09 5958.79 1.39586e-09 -0.00669427 0.00103586 -1.20136e-06
5874.44 5.57605e-09 6256.56 2.61775e-09 -0.00596391 0.000813817 -1.01523e-06
5775.25 -1.40375e-09 6168.2 -6.57162e-10 -0.00618235 0.000803252 -1.07049e-06
5496.57 1.68041e-08 5877.18 7.85794e-09 -0.00584226 0.000734066 -1.06289e-06
6047.14 -4.13701e-09 6442.97 -1.94142e-09 -0.0065144 0.000827166 -1.07727e-06
5553.44 3.4228e-09 5926.52 1.60366e-09 -0.0071843 0.000813346 -1.29367e-06
5580.38 -7.12174e-10 5960.99 -3.33351e-10 -0.00647477 0.000960056 -1.16027e-06
6356.89 1.95418e-10 6743.57 9.21066e-11 -0.00595073 0.000943425 -9.36107e-07
5983.17 -1.46626e-08 6367.41 -6.8889e-09 -0.00637458 0.00113918 -1.06542e-06
5831.39 -1.46943e-08 6214.48 -6.89424e-09 -0.00823702 0.00101815 -1.41253e-06
5631.19 -2.4828e-09 6010.17 -1.16312e-09 -0.00602376 0.00078233 -1.06971e-06
6034.47 4.62836e-09 6403.24 2.1809e-09 -0.00654344 0.000789923 -1.08434e-06
5310.48 1.95201e-10 5699.93 9.0932e-11 -0.00732369 0.000847568 -1.3791e-06
5913.86 2.27706e-09 6280.64 1.07204e-09 -0.00572699 0.000775103 -9.68401e-07
5502.45 3.06879e-10 5872.34 1.43775e-10 -0.00620315 0.000910276 -1.12734e-06
6039.72 -1.39256e-09 6412.73 -6.55781e-10 -0.00635046 0.00102276 -1.05145e-06
5741.93 7.38877e-09 6126.38 3.46255e-09 -0.00528336 0.000771503 -9.20136e-07
6068.31 -1.05673e-09 6451.22 -4.97006e-10 -0.00652181 0.000899056 -1.07473e-06
5645.37 -1.84409e-09 6036.79 -8.62262e-10 -0.00559073 0.000907297 -9.90322e-07
5741.53 -7.87598e-09 6122.18 -3.69314e-09 -0.00755739 0.000909972 -1.31627e-06
4473.21 -9.85287e-09 4821.28 -4.57078e-09 -0.00686892 0.000953095 -1.53557e-06
5295.31 4.27013e-09 5671.84 1.99332e-09 -0.00683603 0.00100321 -1.29096e-06
6158.46 -6.58683e-09 6518.52 -3.1115e-09 -0.00653552 0.000880767 -1.06123e-06
5742.85 -4.11854e-09 6100 -1.9387e-09 -0.00655566 0.000841468 -1.14153e-06
5524.58 6.51431e-09 5894.72 3.05263e-09 -0.00508528 0.000950075 -9.20483e-07
5694.85 2.76702e-09 6054.07 1.30142e-09 -0.00594465 0.000832276 -1.04386e-06
5174.26 -1.58148e-08 5541.74 -7.38304e-09 -0.00612003 0.000768489 -1.18278e-06
5426.64 -3.31592e-09 5784.02 -1.55552e-09 -0.00736306 0.000995489 -1.35684e-06
5363.73 9.29034e-10 5726.55 4.35087e-10 -0.00611794 0.000888816 -1.14061e-06
5211.58 -3.37179e-09 5567.23 -1.5782e-09 -0.00631553 0.000968312 -1.21183e-06
5738.07 -4.35643e-09 6110.53 -2.04545e-09 -0.00650225 0.000913458 -1.13318e-06
5217.58 3.02281e-09 5581.31 1.41291e-09 -0.00752838 0.00097715 -1.44289e-06
5164.39 2.0805e-08 5537.06 9.70235e-09 -0.00738717 0.000886383 -1.43041e-06
5948.2 9.90726e-09 6308.38 4.67081e-09 -0.00636154 0.000844235 -1.06949e-06
4701.28 -9.7165e-09 5065.35 -4.50907e-09 -0.00668192 0.000816242 -1.4213e-06
5713.26 5.09357e-09 6077.43 2.39418e-09 -0.00509431 0.000694297 -8.91663e-07
5643.72 6.14455e-09 6009.33 2.88536e-09 -0.00660792 0.000798996 -1.17084e-06
4977.25 1.26951e-08 5342.98 5.91306e-09 -0.00657179 0.00106595 -1.32037e-06
5341.33 -1.78996e-09 5717.48 -8.36102e-10 -0.00698126 0.00097922 -1.30703e-06
4721.57 -1.33252e-08 5090.23 -6.18005e-09 -0.00744528 0.000912788 -1.57686e-06
5458.36 6.36188e-09 5812.71 2.98702e-09 -0.0060046 0.000847098 -1.10007e-06
5375.62 1.00694e-08 5724.09 4.72819e-09 -0.00694989 0.00090193 -1.29285e-06
5165.09 1.1128e-09 5502.07 5.22324e-10 -0.00721375 0.00103551 -1.39664e-06
5425.74 5.2106e-09 5799.41 2.43744e-09 -0.00639165 0.000920725 -1.17802e-06
5130.42 -1.45168e-08 5505.13 -6.76433e-09 -0.00583988 0.00073991 -1.13829e-06
5751.63 3.7962e-09 6122.63 1.78308e-09 -0.00595402 0.000808059 -1.03519e-06
5756.17 1.36965e-09 6099.94 6.46229e-10 -0.00762909 0.00105038 -1.32537e-06
5826.36 -3.42249e-09 6195.67 -1.60924e-09 -0.00644416 0.00084482 -1.10604e-06
5267.23 4.00045e-09 5640.57 1.86783e-09 -0.00671195 0.000832388 -1.27429e-06
5332.29 -4.90231e-09 5695.34 -2.2949e-09 -0.00524503 0.000924315 -9.83635e-07
6216.35 4.13256e-09 6611.46 1.9428e-09 -0.00566579 0.00071467 -9.11433e-07
6084.53 -1.25466e-08 6482.76 -5.88795e-09 -0.0066309 0.000883671 -1.0898e-06
6123.35 -4.81302e-09 6513.42 -2.26239e-09 -0.00689738 0.000881288 -1.12641e-06
5527.75 7.58073e-09 5931.01 3.53265e-09 -0.00583708 0.000881547 -1.05596e-06
5771.03 -5.2584e-09 6172.12 -2.45834e-09 -0.00673808 0.000842013 -1.16757e-06
5834.7 1.13512e-08 6256.12 5.29328e-09 -0.00649371 0.000799239 -1.11295e-06
5909.91 -5.10767e-09 6315.78 -2.38972e-09 -0.00636375 0.000786622 -1.07679e-06
6172.92 3.0738e-09 6568.25 1.44439e-09 -0.00665598 0.00078513 -1.07826e-06
5650.24 -3.79446e-09 6067.67 -1.76671e-09 -0.00617194 0.000776574 -1.09233e-06
5784.11 -8.0478e-09 6172.58 -3.77065e-09 -0.00651757 0.0010125 -1.12681e-06
5612.95 -7.38325e-09 6003.16 -3.45167e-09 -0.00730578 0.00100977 -1.30159e-06
5699.18 2.64766e-09 6084.6 1.23997e-09 -0.00615782 0.000920781 -1.08048e-06
5775.5 -1.10438e-09 6187.77 -5.154e-10 -0.0062425 0.000788507 -1.08086e-06
6154.2 -1.823e-09 6553.12 -8.56012e-10 -0.0064751 0.000870812 -1.05214e-06
5848.35 -5.4168e-09 6240.29 -2.53829e-09 -0.0067966 0.000814152 -1.16214e-06
5557.78 -1.80011e-09 5956.77 -8.3977e-10 -0.00664979 0.00095751 -1.19648e-06
5819.5 -1.90997e-08 6224.15 -8.92898e-09 -0.00623184 0.000902873 -1.07085e-06
5629.08 3.58515e-09 6037.72 1.67126e-09 -0.00597598 0.000945491 -1.06163e-06
5863.63 -1.23837e-08 6256 -5.80351e-09 -0.00637568 0.00099599 -1.08733e-06
5674.75 -4.17951e-09 6086.01 -1.94854e-09 -0.00632702 0.00077832 -1.11494e-06
6133.29 2.2e-09 6531.64 1.03291e-09 -0.00660315 0.000995467 -1.07661e-06
6430.58 1.27522e-08 6830.35 6.0029e-09 -0.00676535 0.000990976 -1.05206e-06
6144.75 4.06321e-09 6547.78 1.90656e-09 -0.00736194 0.000883548 -1.19809e-06
5866.52 -5.18621e-09 6258.29 -2.43077e-09 -0.00724564 0.000828942 -1.23508e-06
5598.34 -8.83996e-09 6000.87 -4.12349e-09 -0.00630936 0.000685462 -1.12701e-06
5954.03 7.97109e-09 6375.02 3.72235e-09 -0.00652046 0.000787677 -1.09513e-06
6168.59 1.20505e-08 6557.1 5.66826e-09 -0.00600995 0.000895946 -9.74283e-07
5509.32 -3.10985e-09 5881.32 -1.45657e-09 -0.007344 0.000886976 -1.33301e-06
5710.5 -1.02519e-08 6110.76 -4.79019e-09 -0.00557236 0.000816456 -9.7581e-07
5645.46 -1.29388e-08 6031.74 -6.05508e-09 -0.00488561 0.000795475 -8.65405e-07
5498.73 1.75559e-09 5883.18 8.20434e-10 -0.00572457 0.000725476 -1.04107e-06
6109.74 6.77158e-09 6493.75 3.18557e-09 -0.00614491 0.000885152 -1.00576e-06
5495.66 -1.31356e-08 5865.11 -6.15408e-09 -0.00631828 0.000834232 -1.14969e-06
5701.36 -8.39264e-09 6081.81 -3.93382e-09 -0.00667362 0.000910138 -1.17053e-06
5883.43 2.53712e-11 6258.18 1.1926e-11 -0.00712423 0.000896859 -1.2109e-06
5533.39 -8.57894e-09 5929.15 -4.00316e-09 -0.00588617 0.000818616 -1.06376e-06
5876.52 8.12987e-09 6244.21 3.82557e-09 -0.00635799 0.000880942 -1.08193e-06
5841.79 -1.8574e-08 6226.14 -8.71368e-09 -0.00686492 0.000961697 -1.17514e-06
5394.66 -3.72025e-09 5780.44 -1.73598e-09 -0.00683864 0.000936254 -1.26767e-06
6323.25 -4.23086e-09 6691.85 -1.99891e-09 -0.0056742 0.00090823 -8.97354e-07
5856.57 1.96426e-09 6247.68 9.20647e-10 -0.00570736 0.000722925 -9.74523e-07
5764.46 -6.01351e-09 6143.43 -2.82128e-09 -0.00771442 0.000905624 -1.33827e-06
5675.03 -1.41722e-08 6053.37 -6.64323e-09 -0.00718588 0.00083523 -1.26623e-06
5874.52 8.069e-09 6265.35 3.78283e-09 -0.00623407 0.000818896 -1.0612e-06
5933.82 -1.14592e-08 6315.76 -5.38312e-09 -0.00675366 0.000904096 -1.13816e-06
5924.27 9.55782e-10 6306.25 4.48944e-10 -0.00602443 0.00103624 -1.01691e-06
5724.55 -5.37089e-09 6093.47 -2.52286e-09 -0.00618749 0.000838944 -1.08087e-06
5744.8 -2.69282e-09 6124.82 -1.26287e-09 -0.00598354 0.000968597 -1.04156e-06
5629.5 3.01614e-09 5988.28 1.41772e-09 -0.00641628 0.000920555 -1.13976e-06
5625.75 2.19805e-09 6003.73 1.02984e-09 -0.00670049 0.000908856 -1.19104e-06
5564.36 5.61233e-09 5924.94 2.63538e-09 -0.00636814 0.000808647 -1.14445e-06
6282.52 1.60497e-08 6686.85 7.53964e-09 -0.00624171 0.000685886 -9.93503e-07
5424.11 8.5401e-09 5812.05 3.98504e-09 -0.00701781 0.000814899 -1.29382e-06
5746.75 1.84277e-09 6121.06 8.65044e-10 -0.00669178 0.000927104 -1.16444e-06
5499.05 -6.43318e-11 5877.42 -3.00952e-11 -0.00635317 0.000883591 -1.15532e-06
5591.64 1.95626e-09 5972.3 9.15788e-10 -0.00696326 0.00102866 -1.2453e-06
5561.13 -8.63974e-09 5938.42 -4.04541e-09 -0.00738425 0.000937645 -1.32783e-06
6029.22 1.27316e-08 6406.5 5.9909e-09 -0.00641206 0.000764217 -1.0635e-06
6049.69 6.61307e-09 6452.33 3.10019e-09 -0.0065921 0.000770403 -1.08966e-06
5512.61 -1.09285e-08 5903.32 -5.10261e-09 -0.00681243 0.000870289 -1.23579e-06
5983.88 1.19838e-08 6366.79 5.63151e-09 -0.00660334 0.000877928 -1.10352e-06
5737.13 -3.87318e-09 6118.81 -1.81579e-09 -0.00654287 0.000855921 -1.14044e-06
5152.95 1.18543e-09 5550.31 5.50283e-10 -0.00662742 0.000922957 -1.28614e-06
5977.8 1.23935e-08 6347.43 5.83589e-09 -0.00585698 0.000814775 -9.79788e-07
5642.55 1.22106e-08 6040.03 5.70352e-09 -0.00659362 0.00084385 -1.16855e-06
5717.47 3.83818e-10 6094.37 1.80041e-10 -0.00612507 0.000971746 -1.07129e-06
5916.27 6.34525e-09 6303.24 2.97785e-09 -0.00613573 0.000942576 -1.0371e-06
5631.92 -1.5653e-08 6019.03 -7.32315e-09 -0.005893 0.000796499 -1.04636e-06
5981.29 -3.76283e-09 6364.88 -1.76803e-09 -0.00572223 0.000899667 -9.56688e-07
5723.16 -1.28247e-08 6084.36 -6.0317e-09 -0.00645258 0.00108962 -1.12745e-06
5792.25 6.24932e-10 6187.28 2.92516e-10 -0.00636307 0.000736968 -1.09855e-06
5464.42 -8.07422e-09 5853.41 -3.76883e-09 -0.00622687 0.000885089 -1.13953e-06
5145.55 -2.90098e-09 5526.97 -1.35039e-09 -0.00663 0.000716054 -1.28849e-06
6287.83 -4.82459e-10 6672.51 -2.27322e-10 -0.00576234 0.000778095 -9.16427e-07
5886.56 -1.29186e-08 6269 -6.06526e-09 -0.00604998 0.000911682 -1.02776e-06
5582.05 -1.36288e-08 5966.66 -6.37516e-09 -0.00670391 0.000928641 -1.20098e-06
5143.02 7.74615e-09 5527.38 3.60375e-09 -0.0071056 0.000818678 -1.3816e-06
6055.56 -4.61484e-09 6421.78 -2.17583e-09 -0.00595232 0.000709692 -9.82952e-07
6488.44 -4.43242e-09 6886.44 -2.08812e-09 -0.00614366 0.000755106 -9.46863e-07
5689.69 -4.02916e-09 6073.5 -1.88727e-09 -0.00583447 0.00079779 -1.02545e-06
5703.42 6.39573e-09 6082.03 2.9988e-09 -0.00743909 0.000820585 -1.30432e-06
5711.65 2.86778e-09 6085.07 1.3459e-09 -0.00628694 0.000916554 -1.10072e-06
6226.08 5.00666e-09 6611.9 2.35726e-09 -0.00629782 0.000943133 -1.01152e-06
5107.12 5.4755e-09 5491.61 2.54607e-09 -0.00535467 0.000816126 -1.04847e-06
5742.32 -4.70024e-09 6143.57 -2.19663e-09 -0.00737947 0.000937222 -1.2851e-06
5918.64 7.9231e-09 6329.9 3.70416e-09 -0.00712768 0.000942739 -1.20428e-06
5446.31 -3.33437e-09 5826.95 -1.55827e-09 -0.00710021 0.00100649 -1.30368e-06
6002.71 1.04395e-08 6400.93 4.89502e-09 -0.00692515 0.00081029 -1.15367e-06
5295.78 5.38405e-09 5667.47 2.51548e-09 -0.00785881 0.00108076 -1.48397e-06
5515.21 6.808e-09 5913.92 3.1745e-09 -0.00597461 0.000905924 -1.0833e-06
5642.48 6.79636e-09 6034.86 3.17724e-09 -0.00702873 0.00088006 -1.24568e-06
5595.06 -1.97543e-09 5980.78 -9.24015e-10 -0.0066498 0.000837571 -1.18851e-06
5561.14 -5.13709e-09 5957.36 -2.39772e-09 -0.00713515 0.000911335 -1.28304e-06
6207.73 1.12828e-08 6601.47 5.30491e-09 -0.00631413 0.00100285 -1.01714e-06
5514.04 5.20371e-09 5877.44 2.44098e-09 -0.0070575 0.000899576 -1.27992e-06
5617.7 -1.31449e-08 5991.2 -6.16272e-09 -0.00742938 0.00093781 -1.32249e-06
5346.69 -8.5666e-10 5742.76 -3.98789e-10 -0.00712922 0.00103395 -1.33339e-06
6296.79 1.83927e-08 6675.45 8.67469e-09 -0.00657628 0.000833701 -1.04439e-06
5498.34 7.80722e-09 5901.91 3.63668e-09 -0.00689523 0.000880792 -1.25406e-06
5414.09 7.40002e-09 5803.22 3.45191e-09 -0.00526775 0.000750294 -9.72971e-07
5810.96 -1.33347e-08 6202.59 -6.24639e-09 -0.00675796 0.000932776 -1.16297e-06
5988.37 1.40908e-09 6402.95 6.58921e-10 -0.00663294 0.000917315 -1.10764e-06
5574.41 3.84807e-10 5945.19 1.80404e-10 -0.00635653 0.000959785 -1.14031e-06
5767.09 6.24965e-09 6151.69 2.92946e-09 -0.00651785 0.000817037 -1.13018e-06
5406.13 -3.34134e-09 5816.4 -1.55283e-09 -0.00721167 0.000935608 -1.33398e-06
5658.86 1.53628e-08 6052.12 7.18229e-09 -0.0064165 0.000905315 -1.13389e-06
6038.17 3.50997e-09 6423.79 1.64963e-09 -0.00607364 0.00077417 -1.00588e-06
5865.64 1.61656e-08 6247.9 7.58829e-09 -0.0073136 0.000845987 -1.24685e-06
6073.23 2.83657e-09 6462.77 1.3328e-09 -0.00618724 0.000798109 -1.01877e-06
5798.47 -4.68996e-09 6195.33 -2.19476e-09 -0.00583281 0.000784577 -1.00592e-06
5928.8 -3.57747e-09 6309.56 -1.68079e-09 -0.00636847 0.000920008 -1.07416e-06
5772.5 2.15427e-09 6158.31 1.00966e-09 -0.00656095 0.00103606 -1.13659e-06
5531.78 -5.83955e-09 5914.06 -2.73105e-09 -0.00597876 0.00084743 -1.0808e-06
5457.02 -2.37616e-08 5849.49 -1.10837e-08 -0.00764623 0.00109621 -1.40117e-06
6153.82 4.36663e-09 6547.51 2.05203e-09 -0.00619459 0.000783346 -1.00663e-06
5795.45 4.16197e-09 6178.13 1.95209e-09 -0.00697276 0.000914768 -1.20314e-06
5901.24 -2.78448e-09 6275.49 -1.30921e-09 -0.00673171 0.000811583 -1.14073e-06
5923.74 -2.51899e-09 6344.81 -1.17591e-09 -0.00651263 0.000871239 -1.09941e-06
6155.93 7.4619e-09 6565.64 3.49813e-09 -0.00607672 0.000740691 -9.87133e-07
5470.16 -1.90099e-09 5870.82 -8.85627e-10 -0.00601482 0.000942404 -1.09957e-06
5636.88 -4.67724e-09 6049.46 -2.17913e-09 -0.00600597 0.000724743 -1.06548e-06
5781.97 -2.86153e-09 6179.89 -1.33864e-09 -0.00614577 0.000786653 -1.06292e-06
6051.43 1.11681e-08 6460.76 5.23028e-09 -0.00688645 0.000906582 -1.13799e-06
6165.59 -1.06895e-08 6565.89 -5.01891e-09 -0.00662151 0.000831046 -1.07395e-06
6184.82 -8.09286e-09 6576.87 -3.80522e-09 -0.00551443 0.000774751 -8.91606e-07
6364 -6.40537e-09 6736.33 -3.02566e-09 -0.0058511 0.000742299 -9.19406e-07
5949.59 -5.87599e-10 6357.7 -2.7494e-10 -0.00689257 0.000837196 -1.1585e-06
5560.39 1.24917e-08 5957.53 5.82952e-09 -0.00756297 0.000894245 -1.36015e-06
6165.86 2.74089e-09 6558.81 1.28834e-09 -0.00676974 0.000850118 -1.09794e-06
5800.77 1.31702e-08 6209.44 6.1517e-09 -0.00754805 0.000912091 -1.30121e-06
5675.79 -7.57515e-09 6087.91 -3.53117e-09 -0.00617696 0.000866706 -1.0883e-06
5947.79 -1.21731e-08 6360.32 -5.69179e-09 -0.00620716 0.000897567 -1.04361e-06
6191.06 -9.345e-09 6600.96 -4.38235e-09 -0.00662176 0.000915565 -1.06957e-06
6429.62 6.81917e-09 6841.19 3.20446e-09 -0.00608323 0.000775122 -9.46126e-07
6139.16 2.36262e-09 6525.06 1.11144e-09 -0.00718699 0.0011137 -1.17068e-06
6228.38 1.04911e-08 6636.75 4.92277e-09 -0.00676853 0.000757011 -1.08672e-06
6325.66 7.71452e-10 6723.97 3.62877e-10 -0.0063338 0.000910253 -1.00129e-06
5981.4 5.32599e-09 6373.02 2.49936e-09 -0.00717561 0.000975282 -1.19965e-06
5758.19 4.98168e-09 6166.91 2.32575e-09 -0.00636901 0.00089102 -1.10608e-06
6007.18 6.07095e-09 6393.18 2.85221e-09 -0.00738965 0.000886163 -1.23014e-06
6082.1 -1.37129e-09 6485.36 -6.43011e-10 -0.00639575 0.000890087 -1.05157e-06
5676.68 -5.60111e-09 6061.04 -2.62296e-09 -0.00691227 0.00108846 -1.21766e-06
5887.84 1.86964e-09 6285.33 8.757e-10 -0.00631276 0.000807805 -1.07217e-06
6115.33 7.92359e-09 6526.34 3.71229e-09 -0.00606215 0.000780178 -9.91303e-07
5551.19 1.87843e-08 5986.64 8.70899e-09 -0.00555392 0.00073297 -1.00049e-06
6043.45 -2.84264e-09 6435.4 -1.33475e-09 -0.0069646 0.000925298 -1.15242e-06
6025.28 1.22543e-10 6443.33 5.7296e-11 -0.00719024 0.000793345 -1.19335e-06
6047.11 -6.69574e-09 6419.9 -3.15347e-09 -0.00702834 0.00103773 -1.16226e-06
5774.01 -1.39485e-08 6175.09 -6.52125e-09 -0.00687012 0.000985349 -1.18984e-06
5626.35 5.59346e-09 6023.37 2.61239e-09 -0.00758166 0.000824571 -1.34753e-06
5650.36 -1.00332e-09 6043.42 -4.69031e-10 -0.00640845 0.000853352 -1.13417e-06
5719.48 3.51504e-09 6099.29 1.64808e-09 -0.00656414 0.000886371 -1.14768e-06
5645.25 8.44206e-09 6035.7 3.94798e-09 -0.006532 0.000948683 -1.15708e-06
5727.35 2.44284e-09 6108.43 1.14522e-09 -0.00551947 0.000986632 -9.63704e-07
6183.47 1.46518e-09 6594.6 6.86918e-10 -0.00585884 0.000742686 -9.475e-07
5628.51 -5.15511e-09 6014.18 -2.41226e-09 -0.00582467 0.000794453 -1.03485e-06
5769.22 -1.55489e-08 6162.8 -7.27793e-09 -0.00601037 0.000808366 -1.0418e-06
5879.61 3.83874e-09 6262.17 1.80212e-09 -0.00672683 0.000898845 -1.14409e-06
5423.77 -2.15052e-09 5799.63 -1.00558e-09 -0.00631886 0.000859877 -1.16503e-06
5642.09 -1.81832e-08 6041.81 -8.49008e-09 -0.0068161 0.000980734 -1.20808e-06
5906.23 3.62291e-09 6294.22 1.69979e-09 -0.00581367 0.000902377 -9.84328e-07
5680.83 1.43028e-08 6060.21 6.70373e-09 -0.00603218 0.000738675 -1.06185e-06
5492.44 2.27313e-09 5887.62 1.06028e-09 -0.00598153 0.00077857 -1.08905e-06
6013.46 1.13652e-08 6412.51 5.32898e-09 -0.00693838 0.000848205 -1.15381e-06
5474.43 -7.42819e-09 5865.58 -3.46642e-09 -0.00640407 0.000805939 -1.16981e-06
5746.48 1.28577e-08 6132.54 6.02414e-09 -0.00720806 0.000884271 -1.25434e-06
5579.3 -1.41609e-08 5967.68 -6.61966e-09 -0.00629002 0.00105476 -1.12738e-06
5871.05 3.3954e-09 6258.07 1.59271e-09 -0.00573266 0.000784297 -9.76429e-07
5420.03 -1.28431e-08 5804.51 -5.99622e-09 -0.00599138 0.000910979 -1.10541e-06
6098.97 -6.1199e-09 6499.62 -2.87133e-09 -0.00645123 0.000919617 -1.05776e-06
5884.27 -2.18505e-09 6258.32 -1.02723e-09 -0.00712411 0.000831054 -1.2107e-06
5606.5 -4.97088e-09 6012.6 -2.31757e-09 -0.00651206 0.000927877 -1.16152e-06
6061.07 3.41861e-09 6448.32 1.60665e-09 -0.0060506 0.000766718 -9.98272e-07
6018.78 -5.07914e-09 6402.78 -2.38726e-09 -0.00586198 0.000869933 -9.73947e-07
5666.9 2.24936e-09 6037.76 1.0556e-09 -0.00654228 0.000923043 -1.15447e-06
5637.08 8.36241e-09 6018.88 3.91598e-09 -0.00685698 0.000795788 -1.21641e-06
5912.54 -4.20634e-11 6266.48 -1.98438e-11 -0.00631895 0.000770433 -1.06874e-06
5466.19 -2.91897e-09 5832.81 -1.36775e-09 -0.00662189 0.000853998 -1.21143e-06
5488.94 1.61187e-09 5873.76 7.53133e-10 -0.00670329 0.000840666 -1.22124e-06
4778.27 4.75526e-09 5154.26 2.20419e-09 -0.00647214 0.000908315 -1.35449e-06
5321.85 3.8881e-09 5695.19 1.81661e-09 -0.00595466 0.000705199 -1.11891e-06
5409.6 9.9006e-09 5780.77 4.63246e-09 -0.00736969 0.00111643 -1.36233e-06
5415.44 3.26953e-09 5784.93 1.53035e-09 -0.00657497 0.000964074 -1.21412e-06
4926.79 8.12957e-09 5302.6 3.7767e-09 -0.00662124 0.000901366 -1.34393e-06
4948.44 2.18228e-08 5330.41 1.01295e-08 -0.00601468 0.00078885 -1.21547e-06
5345.48 -7.72861e-09 5734.15 -3.60237e-09 -0.00694915 0.000875799 -1.30001e-06
5179.97 -1.91196e-08 5549.04 -8.92398e-09 -0.00595674 0.000865522 -1.14996e-06
5134.27 1.50554e-08 5502.04 7.02454e-09 -0.00674134 0.000934359 -1.31301e-06
5209.17 8.95418e-10 5570.65 4.18657e-10 -0.00721743 0.000993958 -1.38552e-06
5186.43 7.31078e-09 5550.53 3.41561e-09 -0.00609387 0.000931643 -1.17496e-06
5239.91 -1.72355e-08 5601.51 -8.06147e-09 -0.00639067 0.00103009 -1.21961e-06
5614.04 -3.01795e-09 5981.22 -1.41634e-09 -0.00612439 0.000818581 -1.09091e-06
5555.13 -1.16627e-08 5922.22 -5.46989e-09 -0.00709502 0.00106586 -1.2772e-06
5786.14 1.52117e-08 6140.96 7.16638e-09 -0.00689987 0.0010272 -1.19248e-06
5010.43 -9.09981e-09 5370.02 -4.24523e-09 -0.0063207 0.000942951 -1.26151e-06
5285.95 6.16013e-09 5652.1 2.88054e-09 -0.00660294 0.00102072 -1.24915e-06
5354.49 -3.07768e-09 5728.09 -1.43848e-09 -0.00659015 0.000982006 -1.23077e-06
5166.48 3.69191e-09 5549.57 1.71853e-09 -0.00537382 0.000815452 -1.04013e-06
5719.66 -2.91461e-09 6091.15 -1.36843e-09 -0.00631407 0.000790598 -1.10393e-06
5393.71 -8.86141e-09 5741.46 -4.16235e-09 -0.00665353 0.000827792 -1.23357e-06
5666.71 1.45597e-09 6024.84 6.84711e-10 -0.00668144 0.000961403 -1.17907e-06
5315.05 8.72545e-09 5681.7 4.08119e-09 -0.00721505 0.00102439 -1.35747e-06
5671.95 -8.86412e-09 6052.55 -4.15337e-09 -0.00602655 0.000988058 -1.06252e-06
5166.36 5.78494e-09 5531.5 2.70153e-09 -0.0072653 0.00112002 -1.40627e-06
5628.29 5.01238e-09 5997.3 2.35199e-09 -0.00630548 0.000821188 -1.12032e-06
5701.71 -2.748e-09 6097.8 -1.28475e-09 -0.00634393 0.000747103 -1.11264e-06
5677.93 -3.65343e-09 6068.67 -1.7091e-09 -0.00675095 0.000922437 -1.18898e-06
5852.44 2.77405e-09 6240.91 1.30069e-09 -0.0067571 0.00074489 -1.15458e-06
5808.42 1.05041e-08 6213.14 4.90995e-09 -0.00654748 0.000810433 -1.12724e-06
5806.73 6.69711e-09 6188.96 3.14175e-09 -0.00527776 0.00058232 -9.08903e-07
5762.33 -1.40867e-08 6159.08 -6.58964e-09 -0.00589393 0.000948414 -1.02284e-06
6068.95 3.44975e-09 6455.97 1.62147e-09 -0.00657245 0.000886205 -1.08296e-06
6163.97 -6.9968e-10 6550.63 -3.2919e-10 -0.00695015 0.000810494 -1.12755e-06
5462.99 -2.01084e-09 5860.24 -9.37267e-10 -0.0069675 0.00086555 -1.2754e-06
6124.23 1.09399e-08 6509.88 5.1459e-09 -0.00625728 0.000852712 -1.02173e-06
5818.42 1.33258e-10 6204.66 6.24816e-11 -0.00540203 0.000702709 -9.28436e-07
6050.36 9.8836e-09 6445.13 4.63911e-09 -0.00650668 0.000792008 -1.07542e-06
5275.54 -7.35895e-09 5659.57 -3.4298e-09 -0.00687937 0.000979128 -1.30401e-06
5642.7 1.08822e-08 6032.7 5.08935e-09 -0.00731123 0.000966325 -1.2957e-06
5561.32 -2.58287e-09 5948.35 -1.20741e-09 -0.00692214 0.00108031 -1.24469e-06
5767.27 -8.63022e-09 6143.02 -4.05117e-09 -0.00775076 0.00115036 -1.34392e-06
5904.1 2.28159e-09 6292.66 1.07035e-09 -0.00651398 0.000793439 -1.1033e-06
5890.32 1.77229e-09 6272.96 8.32092e-10 -0.00692681 0.00114463 -1.17596e-06
5729.36 6.18139e-09 6111.34 2.89752e-09 -0.007021 0.000947993 -1.22544e-06
5955.04 -2.25782e-09 6328.16 -1.06235e-09 -0.00665483 0.00101884 -1.11751e-06
5603.73 1.09408e-08 5977.02 5.12874e-09 -0.00685391 0.000980277 -1.2231e-06
5815.69 4.17695e-09 6189.34 1.9624e-09 -0.00642811 0.000896517 -1.10531e-06
5530.82 -8.59186e-09 5914.97 -4.01693e-09 -0.0061648 0.000821348 -1.11463e-06
5846.57 4.82652e-09 6234.16 2.26322e-09 -0.00665963 0.000883446 -1.13907e-06
5755.28 2.58507e-08 6143.14 1.21093e-08 -0.00612647 0.000734117 -1.06449e-06
6264.24 1.84823e-09 6641.56 8.71615e-10 -0.00598919 0.00100672 -9.56091e-07
5861.56 1.6351e-09 6240.45 7.6791e-10 -0.00573767 0.000737857 -9.78865e-07
6124.41 -4.32242e-09 6573.74 -2.01349e-09 -0.00718255 0.00108814 -1.17277e-06
6178.46 -1.17172e-08 6621.45 -5.46665e-09 -0.00721266 0.00086529 -1.16739e-06
6495.29 7.59616e-09 6926.89 3.56143e-09 -0.00689615 0.000852678 -1.06172e-06
6616.66 4.42117e-09 7037.07 2.07852e-09 -0.00469957 0.000823123 -7.10263e-07
6256 -8.68459e-09 6691.36 -4.05977e-09 -0.00549936 0.000773454 -8.79054e-07
6133.35 -6.75595e-09 6565.96 -3.15541e-09 -0.00809674 0.00106024 -1.32012e-06
6899.96 -8.42655e-09 7228.82 -4.0216e-09 -0.00534835 0.000792304 -7.75127e-07
6091.47 3.53201e-09 6513.91 1.65148e-09 -0.00658171 0.000748523 -1.08048e-06
6093.8 -9.2469e-09 6516.75 -4.32338e-09 -0.00754529 0.0010585 -1.23819e-06
5937.68 9.88779e-09 6358.26 4.61687e-09 -0.00641967 0.000900686 -1.08117e-06
6104.64 5.3204e-09 6529 2.4873e-09 -0.00655453 0.0010529 -1.0737e-06
5993.67 4.40797e-09 6416.09 2.05888e-09 -0.00689854 0.000863095 -1.15097e-06
6103.9 -1.24758e-08 6532.66 -5.8285e-09 -0.00719263 0.000913787 -1.17836e-06
6474.96 -3.18505e-09 6924.48 -1.48915e-09 -0.00734538 0.00103432 -1.13443e-06
6563.83 -1.95943e-09 6980.78 -9.21197e-10 -0.00412822 0.000676214 -6.28934e-07
6663.52 6.92386e-10 7100.94 3.24867e-10 -0.00743685 0.00106217 -1.11605e-06
6569.3 4.51074e-09 7001.64 2.1161e-09 -0.00605027 0.000749923 -9.20993e-07
6211.34 -5.40276e-09 6647.5 -2.52414e-09 -0.00634793 0.000948169 -1.02199e-06
6438.38 1.06041e-08 6861.96 4.97474e-09 -0.00664994 0.000888203 -1.03286e-06
6035.59 -1.92668e-08 6462.18 -8.99748e-09 -0.00693574 0.000805991 -1.14914e-06
6062.86 -5.54857e-09 6496.22 -2.58922e-09 -0.00733906 0.00103555 -1.21049e-06
6412.63 -3.68205e-09 6831.68 -1.7281e-09 -0.00678746 0.000969916 -1.05845e-06
6141.39 4.96343e-09 6559.53 2.32352e-09 -0.00713757 0.000817201 -1.16221e-06
6315.97 -9.10303e-09 6749.45 -4.2592e-09 -0.00713231 0.000837546 -1.12925e-06
5563.66 3.59412e-09 5939.05 1.68347e-09 -0.00611491 0.00092381 -1.09908e-06
4831.27 9.01975e-09 5100.16 4.27211e-09 -0.00686716 0.00108013 -1.4214e-06
5783.35 1.07281e-08 6145.49 5.04794e-09 -0.00648229 0.00100803 -1.12085e-06
5424.94 8.79372e-09 5796.49 4.11503e-09 -0.0058429 0.000851424 -1.07704e-06
5714.48 -2.45075e-12 6094.4 -1.14898e-12 -0.00658229 0.000869543 -1.15186e-06
5669.21 1.14881e-08 6043.57 5.38826e-09 -0.00682358 0.000981338 -1.20362e-06
5060.82 -2.08969e-09 5429.44 -9.73907e-10 -0.00668747 0.000882994 -1.32142e-06
5608.82 9.56028e-09 5988.12 4.47736e-09 -0.00653902 0.00107093 -1.16584e-06
5250.58 5.63631e-09 5631.71 2.62744e-09 -0.00629941 0.000745399 -1.19975e-06
5673.98 7.96504e-09 6034.36 3.74468e-09 -0.00615528 0.000672128 -1.08483e-06
4992.01 1.65323e-08 5365.78 7.69034e-09 -0.00686326 0.00120163 -1.37485e-06
5228.72 -5.29826e-09 5595.48 -2.47549e-09 -0.00713483 0.000828439 -1.36455e-06
5725.77 4.42062e-11 6110.21 2.07124e-11 -0.00758616 0.000926507 -1.32491e-06
5764.88 -1.00023e-08 6144.28 -4.69234e-09 -0.00643671 0.000796841 -1.11654e-06
5365.64 6.23493e-10 5728.5 2.91999e-10 -0.00672533 0.000895265 -1.25341e-06
5466.04 1.12304e-08 5834.81 5.26033e-09 -0.00684045 0.00100298 -1.25145e-06
5266.55 -9.10745e-09 5637.12 -4.25437e-09 -0.00801269 0.00104905 -1.52143e-06
5881.88 -1.44733e-08 6256.29 -6.80356e-09 -0.00711644 0.000975485 -1.20989e-06
5425.29 5.03507e-09 5801.84 2.35414e-09 -0.00726501 0.000853738 -1.3391e-06
5593.53 1.89697e-09 5958.53 8.90387e-10 -0.00710584 0.00093717 -1.27037e-06
5027.88 -6.45619e-10 5388.52 -3.01205e-10 -0.00699237 0.000938032 -1.39072e-06
5238.64 7.51594e-09 5613.79 3.50683e-09 -0.00632221 0.000795177 -1.20684e-06
5634.52 8.77211e-09 6013.99 4.10931e-09 -0.00594151 0.000733282 -1.05448e-06
5617.32 -1.70255e-08 5955.32 -8.02962e-09 -0.00786096 0.00105224 -1.39941e-06
5781.8 6.30568e-10 6147.44 2.96532e-10 -0.00747888 0.000960372 -1.29352e-06
4701.7 -2.52099e-08 5066.87 -1.16965e-08 -0.00641888 0.000806692 -1.36523e-06
5582.07 -1.49479e-08 5943.25 -7.01975e-09 -0.00600656 0.000859247 -1.07605e-06
4785.95 1.20717e-08 5163.64 5.59435e-09 -0.00593032 0.000721973 -1.23911e-06
5267.6 -1.77076e-08 5638.03 -8.27209e-09 -0.00700889 0.000863407 -1.33057e-06
5727.54 4.79783e-09 6091.98 2.25541e-09 -0.00588306 0.00085199 -1.02715e-06
6202.29 -7.09363e-09 6613.4 -3.32633e-09 -0.00648029 0.000877022 -1.04482e-06
6112.83 7.29178e-09 6518.94 3.41876e-09 -0.00598652 0.00093913 -9.79338e-07
6490.2 8.52779e-09 6889.33 4.01687e-09 -0.00628812 0.000989643 -9.68864e-07
6074.05 2.51533e-09 6476.46 1.17952e-09 -0.00697768 0.000845042 -1.14877e-06
5591.39 1.65734e-08 6000.29 7.722e-09 -0.00596964 0.000886315 -1.06765e-06
6696.08 -7.89838e-09 7108.19 -3.72023e-09 -0.00682617 0.000828871 -1.01943e-06
6360.17 7.45419e-09 6775.19 3.49879e-09 -0.00758912 0.000948163 -1.19323e-06
6411.1 -7.88141e-09 6830.18 -3.69891e-09 -0.00650958 0.00087804 -1.01536e-06
6469.87 -1.00444e-08 6886 -4.7187e-09 -0.00684556 0.000850167 -1.05807e-06
5704.15 6.97394e-09 6120.42 3.24981e-09 -0.00596836 0.000754238 -1.04632e-06
6151.06 1.15778e-08 6553.47 5.43343e-09 -0.00627444 0.000975382 -1.02006e-06
6091.91 5.1363e-09 6510.27 2.40312e-09 -0.00659125 0.00102446 -1.08197e-06
5971.66 -8.62463e-09 6375.99 -4.03886e-09 -0.00663367 0.00105768 -1.11086e-06
6199.36 8.23185e-09 6620.15 3.85431e-09 -0.00670362 0.000964949 -1.08134e-06
6530.74 1.29185e-08 6940.8 6.07763e-09 -0.00678975 0.000828581 -1.03966e-06
6048.04 -1.01051e-08 6440.57 -4.74463e-09 -0.00750132 0.00102685 -1.24029e-06
6593.14 5.84604e-09 6989.91 2.7571e-09 -0.00707802 0.000927039 -1.07354e-06
5873.46 -1.5297e-08 6297.3 -7.1337e-09 -0.00741692 0.00102403 -1.26279e-06
6118.1 -1.22901e-08 6525.55 -5.76135e-09 -0.00612346 0.000883633 -1.00088e-06
6253.71 2.98085e-09 6654.01 1.40076e-09 -0.00665672 0.000884035 -1.06444e-06
6731.6 7.91058e-09 7130.73 3.7339e-09 -0.00700529 0.000781868 -1.04066e-06
5927.76 1.92981e-08 6342.38 9.01826e-09 -0.00589295 0.000857311 -9.94128e-07
5451.53 7.49543e-10 5867.01 3.48231e-10 -0.00670145 0.000882914 -1.22928e-06
6340.6 -1.2166e-08 6734.33 -5.72736e-09 -0.00679791 0.00105327 -1.07212e-06
6020.01 2.07953e-09 6423.19 9.74499e-10 -0.00672705 0.00104915 -1.11745e-06
5928.68 1.51686e-08 6344.84 7.08684e-09 -0.00605565 0.00078375 -1.02142e-06
6206.78 2.86652e-09 6607.82 1.34627e-09 -0.00623569 0.000922456 -1.00466e-06
6157.59 -3.44311e-09 6573.07 -1.61274e-09 -0.00730106 0.000906389 -1.1857e-06
6591.75 -8.09653e-09 6992.46 -3.81627e-09 -0.00667573 0.000799074 -1.01274e-06
5830.74 -1.71728e-09 6225.39 -8.04207e-10 -0.00676723 0.0009067 -1.16061e-06
5783.9 -3.04804e-09 6161.03 -1.43073e-09 -0.0069923 0.00106795 -1.20892e-06
6668.93 3.65381e-09 7077.94 1.72134e-09 -0.00655198 0.00083107 -9.82464e-07
5912.77 6.15318e-09 6317.92 2.8793e-09 -0.00595488 0.000736119 -1.00712e-06
6213.09 -1.45858e-08 6626.6 -6.83783e-09 -0.00671609 0.00096016 -1.08096e-06
5666.85 -9.88491e-09 6076.36 -4.60936e-09 -0.00687624 0.000773686 -1.21342e-06
5471.68 9.69784e-09 5861.46 4.52647e-09 -0.00674731 0.000876025 -1.23313e-06
5752.35 8.24484e-09 6166.04 3.84584e-09 -0.00745607 0.000950028 -1.29618e-06
6197.25 6.41329e-09 6597.9 3.01192e-09 -0.00670078 0.000878883 -1.08125e-06
6223.85 3.90815e-09 6628.24 1.83485e-09 -0.00590327 0.00093624 -9.48493e-07
6268.53 -1.01143e-08 6683.1 -4.74343e-09 -0.00606512 0.000927582 -9.67551e-07
6243.91 2.56442e-10 6651.7 1.2036e-10 -0.00588161 0.000909133 -9.41975e-07
5960.9 -1.18222e-08 6369.25 -5.53215e-09 -0.00659893 0.000898669 -1.10703e-06
5865.33 -5.74127e-09 6272.95 -2.6841e-09 -0.00629422 0.00081407 -1.07312e-06
6178.16 3.74957e-09 6567.45 1.76366e-09 -0.00572521 0.000690402 -9.26685e-07
5215.66 2.16832e-08 5625.66 1.00514e-08 -0.0065732 0.000868334 -1.26028e-06
5883.05 -3.67051e-09 6277.69 -1.71988e-09 -0.00609124 0.000811372 -1.03539e-06
6330.57 2.21526e-09 6730.32 1.04184e-09 -0.00796855 0.000968628 -1.25874e-06
6179.21 -1.40438e-08 6579.06 -6.59513e-09 -0.00663632 0.00084331 -1.07398e-06
6261.29 1.25408e-08 6686.39 5.87177e-09 -0.0059278 0.000873553 -9.46738e-07
6162.64 2.32732e-09 6558.21 1.09347e-09 -0.00709901 0.000814804 -1.15194e-06
5830.86 5.08e-09 6236.57 2.37477e-09 -0.0062062 0.00087055 -1.06437e-06
6184.15 -2.14843e-10 6605.79 -1.00565e-10 -0.00706734 0.000930413 -1.14282e-06
5418.47 -6.18202e-10 5812.98 -2.88123e-10 -0.00601075 0.000828502 -1.10931e-06
6281.52 -3.64809e-09 6697.95 -1.71064e-09 -0.00719252 0.00085069 -1.14503e-06
6166.16 -5.40258e-10 6576.02 -2.53293e-10 -0.00601126 0.000960843 -9.74879e-07
5732.33 -1.01483e-08 6134.2 -4.74174e-09 -0.00659281 0.00101059 -1.15011e-06
5739.72 -4.68572e-09 6141.49 -2.18959e-09 -0.00657415 0.000777623 -1.14538e-06
5287.92 5.79107e-09 5689.25 2.69128e-09 -0.0064051 0.000885343 -1.21127e-06
5257.86 3.67158e-09 5665.62 1.70367e-09 -0.0065546 0.000829527 -1.24663e-06
5234.28 -1.60735e-08 5627.44 -7.47527e-09 -0.00673869 0.000855279 -1.28742e-06
5343.06 7.28005e-09 5717.46 3.40166e-09 -0.00577806 0.000784294 -1.08141e-06
5667.2 -2.1097e-10 6092.29 -9.8125e-11 -0.00535885 0.000879889 -9.45589e-07
5711.92 3.6643e-09 6123.21 1.70909e-09 -0.00626244 0.000879326 -1.09638e-06
5523.45 1.02865e-08 5916.27 4.80176e-09 -0.00605538 0.000951782 -1.0963e-06
5951.78 -1.4183e-09 6345.18 -6.65181e-10 -0.00663807 0.000901261 -1.11531e-06
5729.99 -6.38337e-09 6125.48 -2.98561e-09 -0.00576231 0.000808454 -1.00564e-06
6235.47 -8.7445e-09 6624.29 -4.11562e-09 -0.00646859 0.00109734 -1.03739e-06
5614.18 -2.00798e-08 6021.02 -9.3615e-09 -0.00724932 0.000985744 -1.29125e-06
6026.24 7.82257e-10 6412.37 3.67576e-10 -0.00586704 0.000709006 -9.73581e-07
5711.54 6.04605e-09 6108.72 2.82647e-09 -0.00661658 0.000903103 -1.15846e-06
6268.37 2.18041e-09 6661.59 1.02585e-09 -0.00693742 0.000943845 -1.10673e-06
5734.29 -4.18706e-09 6120.35 -1.96147e-09 -0.00595206 0.000844094 -1.03798e-06
5986.92 -9.84164e-10 6371.01 -4.62416e-10 -0.00583863 0.000877528 -9.7523e-07
5525.9 -8.53421e-09 5911.17 -3.98899e-09 -0.00609236 0.00101159 -1.10251e-06
5938.98 -1.76955e-09 6316.08 -8.31949e-10 -0.00640597 0.000748719 -1.07863e-06
5912.91 5.68766e-09 6295.52 2.67099e-09 -0.0062876 0.000713383 -1.06337e-06
5991.76 -4.26029e-09 6388.13 -1.99797e-09 -0.00690396 0.000822934 -1.15224e-06
6048.27 8.12057e-09 6426.8 3.82114e-09 -0.00680994 0.000996167 -1.12593e-06
5648.63 1.51e-08 6039.63 7.0612e-09 -0.00575363 0.000703926 -1.01859e-06
5783.15 -5.32926e-09 6179.75 -2.49362e-09 -0.00705334 0.000861551 -1.21964e-06
6340.31 -6.94397e-09 6723.25 -3.27423e-09 -0.00773784 0.000892191 -1.22042e-06
5793.02 1.22309e-08 6191.92 5.72148e-09 -0.00714516 0.000937414 -1.23341e-06
6042.56 -3.0648e-09 6436.32 -1.43865e-09 -0.006955 0.000825038 -1.151e-06
6570.42 1.52332e-10 6959.88 7.19038e-11 -0.00712912 0.000931267 -1.08503e-06
6299.78 2.17607e-09 6670.08 1.02763e-09 -0.00703123 0.00101342 -1.11611e-06
6611.07 -1.12628e-08 7052.65 -5.27879e-09 -0.006954 0.000834422 -1.05187e-06
5925.57 -5.51337e-09 6365.26 -2.56626e-09 -0.00612529 0.00112212 -1.0337e-06
6310.03 -1.12661e-08 6753.49 -5.26316e-09 -0.00627093 0.00102596 -9.93804e-07
6195.31 1.17223e-08 6638.28 5.47004e-09 -0.00737868 0.00088962 -1.19101e-06
6194.81 5.75866e-09 6620.73 2.6941e-09 -0.00641098 0.000951342 -1.0349e-06
6354.31 6.81455e-09 6818.76 3.1752e-09 -0.00628544 0.000711056 -9.89161e-07
6558.55 1.8585e-09 6988.78 8.72046e-10 -0.00674974 0.000943278 -1.02915e-06
6723.66 1.6255e-09 7142.03 7.6514e-10 -0.0048665 0.000686687 -7.23788e-07
6584.39 -5.65983e-09 7014.77 -2.65629e-09 -0.00616823 0.000841478 -9.36797e-07
6085.09 -4.03323e-09 6548.06 -1.87404e-09 -0.00737037 0.000896107 -1.21122e-06
6150.26 -1.06563e-09 6605.13 -4.96123e-10 -0.00643166 0.00112281 -1.04575e-06
6496.49 1.24345e-08 6946.14 5.81479e-09 -0.00788559 0.00105456 -1.21382e-06
5733.05 -1.34791e-08 6165.64 -6.26669e-09 -0.00691151 0.00106982 -1.20555e-06
6473.24 1.52205e-08 6943.18 7.09515e-09 -0.00774207 0.000936513 -1.19601e-06
6454.58 5.89267e-09 6882.41 2.76318e-09 -0.0075209 0.000916924 -1.1652e-06
6145.15 -2.59771e-09 6567.63 -1.2153e-09 -0.00624164 0.000754235 -1.0157e-06
6320.92 7.53027e-09 6765.75 3.51759e-09 -0.00662623 0.00105444 -1.0483e-06
6410.57 -3.54259e-09 6852.38 -1.65709e-09 -0.00785274 0.00101993 -1.22497e-06
6498.12 1.29649e-08 6933.3 6.07555e-09 -0.00505373 0.000701479 -7.77722e-07
6254.16 5.94368e-09 6701.7 2.77338e-09 -0.00631313 0.000851126 -1.00943e-06
5918.86 3.21691e-09 6348.01 1.49972e-09 -0.00749166 0.00111237 -1.26573e-06
6758.1 -2.77049e-09 7182.07 -1.30347e-09 -0.0070016 0.00101253 -1.03603e-06
6624.96 -6.85458e-09 7037.33 -3.22646e-09 -0.00676116 0.00081453 -1.02056e-06
6277.27 -4.39941e-09 6706.54 -2.05891e-09 -0.00659519 0.0007293 -1.05065e-06
6619.16 -1.14917e-09 7075.1 -5.37555e-10 -0.00644125 0.000975433 -9.73123e-07
6414.62 1.34346e-09 6832.41 6.30653e-10 -0.00686192 0.000995539 -1.06973e-06
6533.97 -7.38494e-10 6950.88 -3.47099e-10 -0.00542985 0.000775626 -8.31018e-07
6710.55 -1.02039e-08 7131.7 -4.80068e-09 -0.0037927 0.000771327 -5.65185e-07
6525.74 -6.2739e-09 6985.12 -2.93065e-09 -0.00716004 0.000911883 -1.0972e-06
6285.53 6.80752e-09 6722.52 3.1825e-09 -0.00671469 0.000776046 -1.06828e-06
6437.09 9.73044e-10 6864.29 4.56243e-10 -0.00774324 0.00104369 -1.20291e-06
5983.14 -6.58073e-09 6431.24 -3.06111e-09 -0.00766282 0.000944292 -1.28073e-06
6233.44 1.10671e-08 6681.03 5.16284e-09 -0.00574085 0.00081162 -9.20975e-07
6364.64 1.09357e-08 6793.1 5.12299e-09 -0.00714425 0.000952496 -1.12249e-06
6526.76 -1.45235e-09 6965.41 -6.80443e-10 -0.00454883 0.000602713 -6.96951e-07
6507.87 1.39977e-08 6957.09 6.54692e-09 -0.006028 0.000943077 -9.26263e-07
6701.85 -6.7365e-10 7124.8 -3.1683e-10 -0.00577482 0.000862888 -8.61675e-07
6546.27 9.40761e-09 6989.91 4.40526e-09 -0.00584867 0.000821326 -8.93435e-07
6233.78 -1.4882e-08 6668.01 -6.95641e-09 -0.0078199 0.000901788 -1.25444e-06
5951.46 7.58349e-09 6403.92 3.52385e-09 -0.0059915 0.000666255 -1.00673e-06
6569.04 -3.2613e-09 7007.3 -1.52866e-09 -0.00747917 0.000960444 -1.13855e-06
5866.99 1.5776e-08 6289.99 7.35754e-09 -0.00679193 0.000795432 -1.15765e-06
6597.18 7.50366e-09 7040.86 3.51541e-09 -0.00407309 0.000529238 -6.17398e-07
6667.74 1.23276e-08 7110.43 5.78005e-09 -0.00722709 0.000814424 -1.08389e-06
6544.2 -1.12827e-09 6973.51 -5.29407e-10 -0.00749326 0.000935831 -1.14502e-06
5693.5 1.45716e-10 6079.01 6.82378e-11 -0.00677538 0.00094544 -1.19002e-06
5997.38 -1.07702e-08 6379.58 -5.06249e-09 -0.00744837 0.000979628 -1.24194e-06
5313.58 -1.92616e-09 5709.38 -8.96315e-10 -0.00653122 0.000793693 -1.22916e-06
5975.03 -7.35397e-09 6355.84 -3.45668e-09 -0.00704064 0.00100607 -1.17834e-06
5585.42 9.13907e-10 5957.56 4.2841e-10 -0.0067944 0.000918386 -1.21645e-06
6366.27 2.27182e-09 6760.69 1.06964e-09 -0.00716154 0.00106633 -1.12492e-06
5378.92 1.05199e-08 5762.12 4.91012e-09 -0.0071745 0.000855336 -1.33382e-06
6004.22 4.77712e-09 6388.09 2.24503e-09 -0.00595725 0.000924396 -9.92177e-07
5275.27 1.03351e-08 5659.17 4.817e-09 -0.00763355 0.000950823 -1.44704e-06
6073.85 -2.0948e-09 6457.19 -9.85218e-10 -0.00692492 0.000932793 -1.14012e-06
5621.96 5.05842e-10 6012.78 2.36482e-10 -0.00680981 0.000814821 -1.21129e-06
5923.47 6.72805e-09 6312.21 3.15685e-09 -0.00612771 0.000714529 -1.03448e-06
5339.91 1.22737e-09 5724.23 5.72483e-10 -0.00744053 0.000866955 -1.39338e-06
5364.92 6.84391e-09 5765.16 3.18439e-09 -0.00592214 0.000893998 -1.10386e-06
5681.56 -1.00716e-10 6068.79 -4.71448e-11 -0.00720335 0.00101367 -1.26785e-06
5976.77 -1.22484e-08 6369.43 -5.74668e-09 -0.00664626 0.000954247 -1.11201e-06
5586.16 5.81551e-09 5969.35 2.7211e-09 -0.00743237 0.000945598 -1.3305e-06
5672.5 -3.38714e-10 6073.33 -1.5818e-10 -0.0068291 0.000904359 -1.2039e-06
5501.48 -6.87383e-09 5885.02 -3.21292e-09 -0.00657219 0.000974706 -1.19462e-06
5791.76 6.79962e-10 6173.49 3.18959e-10 -0.00687809 0.000971706 -1.18756e-06
5030.64 -4.44075e-09 5412.3 -2.0638e-09 -0.00712649 0.000965945 -1.41662e-06
5521.98 -4.64727e-09 5912.09 -2.17031e-09 -0.0052483 0.000791306 -9.50438e-07
5642.72 -5.23504e-09 6036.22 -2.44689e-09 -0.00675173 0.000750268 -1.19654e-06
5435.74 -1.55725e-08 5819 -7.27342e-09 -0.005932 0.000814813 -1.0913e-06
5624.72 -1.26243e-08 5993.93 -5.92335e-09 -0.00700317 0.000905469 -1.24507e-06
5712.83 1.35413e-08 6097.48 6.34353e-09 -0.00600881 0.000855477 -1.05181e-06
5845.91 1.95227e-09 6226.11 9.16526e-10 -0.0051424 0.000828898 -8.79659e-07
5461.55 -7.16683e-10 5858.08 -3.34085e-10 -0.0065536 0.000795065 -1.19995e-06
6119.9 -6.2916e-10 6495.21 -2.96403e-10 -0.00529416 0.000839612 -8.65072e-07
6402.52 -6.36997e-09 6817.62 -2.99106e-09 -0.00383072 0.000470352 -5.98314e-07
6797.04 1.34646e-08 7199.55 6.35589e-09 -0.00709656 0.00108987 -1.04406e-06
6011.08 -9.17327e-10 6432.4 -4.28621e-10 -0.00652712 0.000711634 -1.08585e-06
6121.84 -2.81968e-09 6537.03 -1.3203e-09 -0.00792195 0.00109134 -1.29405e-06
6337.79 -2.02897e-10 6739.31 -9.54046e-11 -0.00663247 0.000906451 -1.0465e-06
6066.64 5.77243e-09 6489.43 2.69818e-09 -0.00626462 0.000767677 -1.03263e-06
6656.46 -6.10516e-10 7084.86 -2.868e-10 -0.00653451 0.000840971 -9.8168e-07
6167.95 -1.30242e-08 6561.16 -6.12182e-09 -0.00679285 0.000849947 -1.10131e-06
6486.87 -1.32159e-09 6897.27 -6.21477e-10 -0.00667175 0.00076819 -1.0285e-06
6169.41 -1.03228e-09 6570.39 -4.8464e-10 -0.00743805 0.000866558 -1.20563e-06
6404.02 -5.97661e-09 6827.43 -2.80298e-09 -0.00639994 0.000975144 -9.99363e-07
6067.59 -5.7429e-09 6508.46 -2.67694e-09 -0.00658286 0.000771403 -1.08492e-06
6464.01 -1.12512e-08 6892.37 -5.27598e-09 -0.00661245 0.000920019 -1.02296e-06
6103.89 2.32121e-09 6501.68 1.0896e-09 -0.00621967 0.000776856 -1.01897e-06
6150.04 -1.44853e-08 6555.36 -6.79484e-09 -0.00702402 0.000921313 -1.14211e-06
6000.65 1.2228e-09 6397.28 5.73496e-10 -0.0070687 0.00086947 -1.17799e-06
6837.23 3.93803e-10 7245.66 1.85802e-10 -0.00744293 0.000927181 -1.08859e-06
5985.73 -4.18389e-09 6413.67 -1.95237e-09 -0.00669646 0.000863334 -1.11874e-06
6355.22 -2.52841e-09 6778.35 -1.18529e-09 -0.00703264 0.000830648 -1.10659e-06
6371.75 -4.92512e-09 6787.24 -2.31181e-09 -0.00742064 0.00109094 -1.16461e-06
5836.14 8.05586e-09 6253.69 3.75899e-09 -0.00705171 0.000869753 -1.20828e-06
6183.21 -2.7997e-09 6607.57 -1.30994e-09 -0.00713329 0.000852545 -1.15366e-06
6055.48 -2.56184e-09 6468.51 -1.19913e-09 -0.00619454 0.000737289 -1.02296e-06
6472.05 2.66232e-08 6895.14 1.24948e-08 -0.00675217 0.000749855 -1.04328e-06
6543.4 -1.32463e-08 6954.83 -6.23135e-09 -0.00620851 0.00106455 -9.48821e-07
5812.98 3.14853e-09 6242.3 1.46599e-09 -0.00664884 0.00100065 -1.14379e-06
6356.72 -6.46886e-09 6767.9 -3.03792e-09 -0.00704473 0.000862799 -1.10823e-06
6694.58 8.29231e-09 7114.34 3.90153e-09 -0.0069542 0.000953352 -1.03878e-06
6456.91 -6.66476e-09 6870.81 -3.13164e-09 -0.00726286 0.000953247 -1.12482e-06
5366.04 7.62094e-09 5799.9 3.52543e-09 -0.00620434 0.000846401 -1.15622e-06
6458.6 -6.81124e-09 6879.43 -3.19729e-09 -0.00674071 0.000965255 -1.04368e-06
6582.23 -2.72884e-09 6985.32 -1.28569e-09 -0.00697955 0.000920198 -1.06036e-06
5976.71 9.77832e-09 6397.76 4.56739e-09 -0.00634984 0.000794574 -1.06243e-06
6084.95 -2.75361e-09 6505.09 -1.28788e-09 -0.00633534 0.00106546 -1.04115e-06
6440.3 -2.05611e-10 6871.17 -9.63587e-11 -0.0064276 0.000827973 -9.98028e-07
6257.93 -1.24385e-08 6669.98 -5.83505e-09 -0.00649927 0.000745991 -1.03857e-06
6493.11 6.49835e-09 6921.51 3.04807e-09 -0.00626711 0.000755055 -9.65194e-07
6534.47 -1.33325e-08 6963.27 -6.25576e-09 -0.00725262 0.00104618 -1.1099e-06
6262.61 -8.74297e-09 6674.7 -4.1016e-09 -0.00477995 0.000710161 -7.63253e-07
6187.66 -1.06367e-09 6604.07 -4.983e-10 -0.00721192 0.000841062 -1.16553e-06
6563.74 2.12151e-09 6988.18 9.9633e-10 -0.00696235 0.000838466 -1.06073e-06
6762.59 -8.31001e-09 7176.03 -3.91562e-09 -0.00609311 0.000792493 -9.01002e-07
6127.86 -2.80295e-09 6557.3 -1.30969e-09 -0.00708783 0.000798888 -1.15666e-06
6439.33 -7.16743e-09 6864.15 -3.36192e-09 -0.00704045 0.00079824 -1.09335e-06
5868.57 1.99703e-09 6282.57 9.32715e-10 -0.00572611 0.000804398 -9.75726e-07
6567.18 -5.89358e-09 6970.9 -2.77613e-09 -0.00620041 0.000953057 -9.44151e-07
6399.74 2.52057e-09 6813.08 1.18383e-09 -0.00664073 0.0010997 -1.03766e-06
6127.42 3.23619e-09 6552.23 1.51319e-09 -0.00630812 0.000990463 -1.02949e-06
6365.66 6.23194e-09 6781.88 2.92474e-09 -0.00707569 0.000816109 -1.11154e-06
5629.09 -1.96625e-09 6033.32 -9.17258e-10 -0.00704331 0.000907605 -1.25123e-06
5378.1 3.4793e-10 5798.47 1.61353e-10 -0.00595716 0.000815065 -1.10767e-06
5901.34 -1.89888e-08 6299.23 -8.8947e-09 -0.00778662 0.00132634 -1.31947e-06
6217.03 2.48579e-09 6613.34 1.16842e-09 -0.00745908 0.000835224 -1.19978e-06
6656.87 -1.43223e-08 7073.67 -6.73918e-09 -0.00642903 0.000803223 -9.65774e-07
6342.73 3.14813e-09 6757.76 1.47739e-09 -0.00696213 0.000816482 -1.09766e-06
5863.16 -1.30706e-09 6285.11 -6.09656e-10 -0.00646249 0.000798357 -1.10222e-06
5754.81 -1.48124e-08 6163.9 -6.91464e-09 -0.00627363 0.00092981 -1.09016e-06
5623.98 7.73291e-09 6013.73 3.61587e-09 -0.00726071 0.000822635 -1.29103e-06
5270.38 -1.16936e-08 5668.2 -5.43646e-09 -0.00682282 0.000872132 -1.29456e-06
6134.31 1.51499e-08 6520.92 7.12587e-09 -0.00675452 0.000732 -1.1011e-06
6370.58 -1.06934e-08 6679.58 -5.09934e-09 -0.00682934 0.000823328 -1.07201e-06
6299.12 -6.26117e-09 6696.22 -2.94493e-09 -0.00671832 0.000738994 -1.06655e-06
5935.39 3.53363e-09 6327.64 1.65729e-09 -0.00600872 0.000708335 -1.01235e-06
6534.22 1.33068e-09 6942.1 6.26248e-10 -0.00595128 0.00067889 -9.10788e-07
6217.53 -1.82556e-09 6601.69 -8.59666e-10 -0.00728272 0.000845501 -1.17132e-06
6121.42 6.02936e-09 6428.25 2.87078e-09 -0.00649881 0.000890019 -1.06165e-06
6502.18 3.57847e-09 6910.71 1.68346e-09 -0.00571171 0.000817694 -8.78429e-07
5743.6 -1.01111e-08 6157.28 -4.71587e-09 -0.00557002 0.000892841 -9.69779e-07
6401.53 7.80931e-09 6810.49 3.67019e-09 -0.00687974 0.0007586 -1.0747e-06
5936.36 9.13154e-09 6326.89 4.28395e-09 -0.00656899 0.00106895 -1.10657e-06
6146.17 -1.11753e-08 6549.37 -5.24364e-09 -0.00741092 0.000870426 -1.20578e-06
5976.22 1.11493e-08 6379.8 5.22199e-09 -0.00714282 0.000963117 -1.19521e-06
6034.78 1.38548e-08 6427.74 6.50388e-09 -0.00720923 0.00100308 -1.19461e-06
5930.08 1.5875e-08 6328.55 7.43774e-09 -0.00618098 0.000810573 -1.04231e-06
5871.66 7.8268e-09 6279.55 3.6592e-09 -0.00639847 0.000803067 -1.08972e-06
4951.36 1.53315e-08 5333.22 7.11688e-09 -0.00745579 0.00097404 -1.50581e-06
6149.63 1.29903e-08 6561.45 6.08747e-09 -0.00643088 0.00101953 -1.04573e-06
5552.31 9.07777e-09 5953.4 4.2331e-09 -0.00661633 0.000771049 -1.19163e-06
5907.75 1.20394e-08 6311.66 5.63448e-09 -0.00609965 0.000897991 -1.03248e-06
5839.69 2.46383e-09 6222.28 1.15617e-09 -0.0060281 0.000966965 -1.03226e-06
6084.76 7.57405e-10 6483.56 3.55409e-10 -0.00618375 0.00101612 -1.01627e-06
5899.86 -7.17559e-09 6300.79 -3.3595e-09 -0.00650193 0.00089887 -1.10205e-06
5936.64 -9.273e-09 6334.26 -4.34545e-09 -0.00745852 0.000899695 -1.25635e-06
5533.84 -2.25891e-09 5922.01 -1.05542e-09 -0.00726217 0.000954846 -1.31232e-06
5888.58 -1.25702e-08 6281.32 -5.89212e-09 -0.00702851 0.000961099 -1.19358e-06
6010.27 6.78369e-09 6298.49 3.23663e-09 -0.00681134 0.000840509 -1.13329e-06
6042.32 1.26056e-08 6433.01 5.92e-09 -0.00687462 0.000815256 -1.13774e-06
6313.12 1.11885e-08 6742.58 5.23795e-09 -0.00653919 0.000859586 -1.03581e-06
6303.79 -3.3276e-09 6714.79 -1.56196e-09 -0.00590653 0.000887714 -9.36981e-07
6860.76 3.27861e-09 7275.95 1.54576e-09 -0.00764433 0.000917419 -1.11421e-06
6781.14 1.16476e-08 7103.19 5.55976e-09 -0.00631378 0.000881712 -9.31079e-07
5829.4 -3.47223e-09 6236.98 -1.62266e-09 -0.00650274 0.00124034 -1.11551e-06
6761.16 1.2673e-08 6967.21 6.14909e-09 -0.00688256 0.000914959 -1.01796e-06
6178.19 2.49342e-09 6604.83 1.16618e-09 -0.00630319 0.00082779 -1.02023e-06
5934.29 5.39805e-09 6380.28 2.51036e-09 -0.00552192 0.000836855 -9.30511e-07
6266.18 -5.12304e-09 6489.12 -2.47351e-09 -0.00716472 0.000982779 -1.1434e-06
6302.19 5.68533e-09 6725.1 2.6639e-09 -0.00772414 0.000917933 -1.22563e-06
5890.78 -5.79125e-09 6327.25 -2.69588e-09 -0.00564126 0.000994794 -9.57642e-07
6800.44 9.76904e-09 7209.9 4.60712e-09 -0.00602989 0.00094781 -8.86692e-07
6271.47 -1.07032e-08 6698.46 -5.01045e-09 -0.00614678 0.000760716 -9.80119e-07
6274.9 -2.11114e-08 6687.78 -9.90405e-09 -0.00698361 0.000935717 -1.11294e-06
6772.82 -4.92382e-09 7199.82 -2.3159e-09 -0.00659723 0.000950173 -9.74075e-07
6022.76 8.06076e-09 6442.17 3.76799e-09 -0.00668881 0.000919521 -1.11059e-06
6640.08 4.14461e-09 7060.3 1.94896e-09 -0.00582704 0.00081434 -8.77555e-07
6143.67 -6.20326e-09 6560.02 -2.90478e-09 -0.00646604 0.00104422 -1.05247e-06
6625.69 -3.04589e-09 7061.44 -1.42897e-09 -0.00661181 0.000981979 -9.97905e-07
6240.53 7.99161e-09 6648.66 3.75052e-09 -0.00678918 0.000891188 -1.08792e-06
5516.63 5.99079e-09 5939.16 2.78229e-09 -0.00631206 0.00075438 -1.14419e-06
6553.76 -5.12069e-09 6971.47 -2.40694e-09 -0.00575053 0.000814536 -8.77439e-07
6271.7 -7.0396e-09 6687.59 -3.30091e-09 -0.00680472 0.000920557 -1.08499e-06
6471.83 1.33034e-09 6894.11 6.24426e-10 -0.00668443 0.000914992 -1.03285e-06
5842.71 5.31185e-09 6272.13 2.47409e-09 -0.00677857 0.000875029 -1.16018e-06
5984.95 -1.75265e-08 6299.09 -8.32625e-09 -0.00632689 0.000888899 -1.05713e-06
6637.18 -1.86522e-09 7054.47 -8.77443e-10 -0.00645235 0.00111557 -9.72152e-07
6437.49 -9.51425e-09 6871.34 -4.45677e-09 -0.0079727 0.000946927 -1.23848e-06
