9.334312707706171608e-02 2.036149105311846341e-02 -3.445781730315733427e-02 -7.924680082702195705e-02
9.337287906528057846e-02 2.255550361541480697e-02 -3.517901574837356549e-02 -8.074936693232181995e-02
1.053127435765643938e-01 2.419572597624863874e-02 -2.961115569332051223e-02 -9.989731385949340847e-02
8.238410821653374683e-02 2.180468727922679761e-02 -1.869744416473828608e-02 -8.549135133102048201e-02
1.106214431386893793e-01 3.044797213600336505e-02 -3.891627382542672819e-02 -1.021531414492669043e-01
8.584188273211523779e-02 2.261709416034118902e-02 -1.922923660174014060e-02 -8.922974029072072710e-02
1.142717809404105722e-01 4.057004355668780704e-02 -4.582374753881346408e-02 -1.090180769582858034e-01
9.725468286923799610e-02 4.127182902910586648e-02 -4.169971786569970362e-02 -9.682679403264060625e-02
9.717651977198649149e-02 1.823894609465792627e-02 -1.742120056713591936e-02 -9.799426529950849840e-02
1.036805630130226419e-01 4.484078376209499339e-02 -3.390723474598100751e-02 -1.146141120291384041e-01
9.762513925274163284e-02 2.957413038095513258e-02 -1.879426013296114917e-02 -1.084050095007365044e-01
1.059149695250898304e-01 4.072188606301541114e-02 -4.996946004991276169e-02 -9.666739553818892716e-02
1.227800973758244041e-01 4.382981843963218438e-02 -4.335563068224690397e-02 -1.232542851332096845e-01
1.033437377230326248e-01 3.807950119281766632e-02 -3.313553757529064114e-02 -1.082877013405623146e-01
1.148607332595252828e-01 2.644489151419104900e-02 -3.408537385370191686e-02 -1.072202509200144149e-01
9.351705704569290845e-02 4.063394133795839025e-02 -3.678468519074051812e-02 -9.736631319291078057e-02
1.161055993119530783e-01 2.600250640087686804e-02 -4.126141741218347647e-02 -1.008466883006438053e-01
9.454600797172396653e-02 2.972557705655809457e-02 -2.629762959708603631e-02 -9.797395543119424843e-02
1.033918790049481728e-01 2.748299131226694669e-02 -2.919156110121523540e-02 -1.016833092160007723e-01
8.194349768131914402e-02 3.492005315143575928e-02 -1.805672422780801867e-02 -9.880682660494510827e-02
1.146873442088969242e-01 3.753561822503037604e-02 -5.043006484249268340e-02 -1.017928975914372813e-01
9.065146704743209938e-02 2.138177585863143548e-02 -2.907305929353487528e-02 -8.296018361252777140e-02
1.008714360206912630e-01 4.004327569913179730e-02 -4.609025877485617428e-02 -9.482445294496510968e-02
9.227320015426521138e-02 3.528860378776332851e-02 -2.936483933690592352e-02 -9.819696460512084002e-02
1.009315244934017031e-01 3.593258971199375651e-02 -3.344952985479121566e-02 -1.034145843506042439e-01
8.642676879381738786e-02 4.381490592107084581e-02 -2.845062290155997431e-02 -1.017910518133273712e-01
1.009453750609647926e-01 4.049085347217484809e-02 -4.587889467839367796e-02 -9.555733385474596275e-02
9.561566031921220343e-02 5.548292496790185879e-02 -4.156052934800946730e-02 -1.095380559391028186e-01
1.174006856657943132e-01 2.688769134431368002e-02 -4.816290264591494008e-02 -9.612547436419394131e-02
9.769869825420940401e-02 3.737265229711450587e-02 -3.118772916786838323e-02 -1.038836213834555267e-01
1.023670146224340272e-01 2.693942941908478161e-02 -3.165361168624158950e-02 -9.765283235527633110e-02
8.204141358858851873e-02 3.681848825034172989e-02 -2.174580564181027853e-02 -9.711409619712174646e-02
9.097737822894025328e-02 1.974421005771631599e-02 -2.591683249438325731e-02 -8.480475579227508831e-02
8.802403334869168816e-02 4.073225195965246570e-02 -4.490143708344529472e-02 -8.385484822489974732e-02
8.497671226129455135e-02 3.748083756499820396e-02 -3.251598813799727594e-02 -8.994156168829547937e-02
8.676363279180776544e-02 3.416815729854771888e-02 -3.931733674557857938e-02 -8.161445334477690494e-02
9.079416001791607016e-02 5.675789637821004874e-02 -5.585232901235492875e-02 -9.169972738377119015e-02
9.574814832326339342e-02 4.347097830773183347e-02 -2.890045304606569943e-02 -1.103186735849304156e-01
9.982913949468752435e-02 3.387157150693109742e-02 -3.910593993754662989e-02 -9.459477106407110369e-02
8.374129037593824876e-02 1.967097866275757667e-02 -1.465027563293030965e-02 -8.876199340576285124e-02
7.037024324507790141e-02 2.655083298741178766e-02 -1.670176529983269376e-02 -8.021931093265610713e-02
7.778519227863256447e-02 3.166928490303710930e-02 -2.858421315994164047e-02 -8.087026402172803330e-02
8.211491993097386199e-02 3.154440186249729550e-02 -2.746261886698064814e-02 -8.619670292649139753e-02
9.541770473438404565e-02 2.886641551250601623e-02 -3.646663408508832305e-02 -8.781748616180440337e-02
8.474371921864332080e-02 4.109448326748932345e-02 -4.125884587964012695e-02 -8.457935660649162912e-02
9.819589683321439111e-02 3.762378381196374022e-02 -3.907724912083487823e-02 -9.674243152434236492e-02
8.613445717860468420e-02 3.829516464821303146e-02 -2.271194484985095130e-02 -1.017176769769667644e-01
8.074188730342601872e-02 2.728419343953536469e-02 -3.053207710156158328e-02 -7.749400364139713560e-02
1.059568712431175896e-01 2.410704404722618932e-02 -2.596436834894699786e-02 -1.040995469413985575e-01
1.004506522781216660e-01 3.718277019912985537e-02 -4.325993789095150532e-02 -9.437348458629823966e-02
7.744899938692295649e-02 3.995003324438606285e-02 -3.310792317077204672e-02 -8.429110946053874898e-02
9.430590057745291688e-02 1.771180529520943736e-02 -2.364572205996395837e-02 -8.837198381269928404e-02
1.126289299372489339e-01 3.622470975127267678e-02 -4.207522505938587898e-02 -1.067784146291339553e-01
9.529236497222282054e-02 2.478101933334997398e-02 -2.303759751066536410e-02 -9.703578679490831860e-02
8.294602617650070897e-02 3.209169741060602377e-02 -2.036378273434280572e-02 -9.467394085276392701e-02
8.365974212696691836e-02 2.675225837530081918e-02 -3.548220569624493947e-02 -7.492979480602279807e-02
8.844985142575900738e-02 4.437768083165494204e-02 -3.950593774509858491e-02 -9.332159451231536451e-02
7.127875083592360994e-02 2.023610802426833999e-02 -1.282092174331150858e-02 -7.869393711687866499e-02
8.340429172956387305e-02 3.340376183360049822e-02 -2.955214183751397883e-02 -8.725591172565394515e-02
1.186001258676014913e-01 2.839928969581873019e-02 -3.790425845575029484e-02 -1.090951571076690385e-01
8.053023462383457343e-02 2.912373499905029917e-02 -2.481124854128591295e-02 -8.484272108159629511e-02
8.789695913220452184e-02 3.574491491194997650e-02 -2.265002644715785607e-02 -1.009918475969939777e-01
8.760475192034888892e-02 3.738221739232994167e-02 -2.758675477742311699e-02 -9.740021453525748996e-02
9.012477241984573340e-02 4.217133122575944526e-02 -2.740879253445438479e-02 -1.048873111111472411e-01
9.613274982678721159e-02 2.311689481839884763e-02 -2.526066806484372762e-02 -9.398897658034321978e-02
9.130134235543341248e-02 2.508432156482864883e-02 -3.224983800215053265e-02 -8.413582591811241684e-02
9.004932142440136289e-02 2.512263271472559012e-02 -2.695422095614308233e-02 -8.821773318298298250e-02
9.977318873630380835e-02 3.548516683285196649e-02 -3.665012502453102172e-02 -9.860823054462652948e-02
1.037697212599422159e-01 2.730615309668404933e-02 -2.992406381213807975e-02 -1.011518105444864091e-01
8.502473435101354227e-02 3.288814680923834999e-02 -1.799709128623216969e-02 -9.991578987402149892e-02
8.861385714830216642e-02 3.548377096270094455e-02 -3.403733569860101227e-02 -9.006029241239765781e-02
1.084376096056960392e-01 3.117177065164256078e-02 -3.497052431497049696e-02 -1.046388559423672149e-01
1.030712713538743941e-01 3.151775442292503726e-02 -3.763342339874853337e-02 -9.695560237805356252e-02
1.036491844126423700e-01 4.155402838420751976e-02 -4.146469427051524548e-02 -1.037385185263364207e-01
9.672419536594567546e-02 2.190262133883447149e-02 -1.679348019114268453e-02 -1.018333365136383506e-01
1.163757143924399884e-01 2.290594299265524825e-02 -2.949309537106525880e-02 -1.097885620140308660e-01
9.514454202567179664e-02 2.474922752702468642e-02 -3.249319141289230828e-02 -8.740057813980328660e-02
8.613835780804457443e-02 3.864546037478344687e-02 -2.996221661634290712e-02 -9.482160156648422600e-02
8.519923308689669739e-02 2.858885129571042683e-02 -2.822877338617146847e-02 -8.555931099643654392e-02
9.842004187460418052e-02 2.962139329530710796e-02 -3.383026461981408772e-02 -9.421117055010164165e-02
9.768368501426660799e-02 2.123774413601431377e-02 -3.281410669320994344e-02 -8.610732245707009014e-02
1.170818594576141791e-01 2.102947904308738458e-02 -3.263865651976871618e-02 -1.054726819809319593e-01
1.096480050600634470e-01 3.347411938139366328e-02 -1.687801612280726005e-02 -1.262441083186507385e-01
8.752135291389606664e-02 4.254583393180322304e-02 -3.894158135629410822e-02 -9.112560548940695782e-02
8.468067346314445132e-02 2.883358602088037514e-02 -4.168136218457174635e-02 -7.183289729945396829e-02
9.567127981229095468e-02 3.389373898722247702e-02 -4.505666033594302178e-02 -8.450835846357218628e-02
7.236995183648176067e-02 3.607008058447824794e-02 -1.711546526264662305e-02 -9.132456715831249738e-02
9.098125481168395368e-02 3.231502914361072953e-02 -3.566669909659481164e-02 -8.762958485870075975e-02
1.001523780744868475e-01 1.446833831326177489e-02 -2.446007887733259167e-02 -9.016063751041514251e-02
8.148457576316658901e-02 3.964072309800226179e-02 -2.624190629948586206e-02 -9.488339256168298874e-02
8.142474054225079527e-02 3.558267886506705224e-02 -2.644106427692616279e-02 -9.056635513039257290e-02
9.819273330522104715e-02 3.513599561628399925e-02 -3.361468601972461556e-02 -9.971404290178309537e-02
9.913745926893291482e-02 1.891714639248132102e-02 -1.654819102094062799e-02 -1.015064146404753842e-01
8.712069950530132445e-02 1.755516430061021538e-02 -2.716202436003278819e-02 -7.751383944587608710e-02
8.668910477795499503e-02 3.816950572424016030e-02 -2.492867953808985959e-02 -9.992993096410351939e-02
8.992689809349219132e-02 3.057465178567664310e-02 -2.821146210226377349e-02 -9.229008777690417276e-02
8.440300454423699250e-02 2.964719326660247845e-02 -2.985074279214838811e-02 -8.419945501869197102e-02
1.038743629497753673e-01 2.728392888362041191e-02 -2.111145192463670384e-02 -1.100468399087608518e-01
9.274661854290222607e-02 3.098055622875417470e-02 -2.581391403134247753e-02 -9.791326074031481141e-02
9.959397302183692346e-02 3.309918437891301579e-02 -2.347645999241709802e-02 -1.092166974083310649e-01
9.352485082950412476e-02 2.008815763735682935e-02 -1.256458144785899123e-02 -1.010484270190019629e-01
9.450665900526988850e-02 3.226762955810702493e-02 -4.289305161904710673e-02 -8.388123694432980670e-02
9.965458136707461279e-02 3.316763571413172684e-02 -3.393770008402618998e-02 -9.888451699718192600e-02
8.691708498050143561e-02 3.125512719129108774e-02 -2.497372679164744369e-02 -9.319848538014774419e-02
9.542310911705520482e-02 3.742216949543930582e-02 -3.175387517637329182e-02 -1.010914034361194425e-01
9.691074556736722911e-02 3.860104397609909199e-02 -4.069277717455399568e-02 -9.481901236891232543e-02
9.612228774264774955e-02 3.205659131303395526e-02 -4.383112781292375359e-02 -8.434775124275617486e-02
1.029174868220019690e-01 2.270844044081599122e-02 -2.066667889147577597e-02 -1.049592483713395197e-01
9.109033278127842692e-02 1.950831029556532314e-02 -3.360144522988939286e-02 -7.699719784695258085e-02
1.006751270717138880e-01 3.836711344290133496e-02 -4.570924528778519402e-02 -9.333299522683091709e-02
1.109915160446117710e-01 3.244452751460880080e-02 -3.992912078059429604e-02 -1.035069227786253876e-01
1.138297999780304437e-01 2.550449373413243848e-02 -3.243213524999166708e-02 -1.069021584621703269e-01
9.001986515956872381e-02 3.114098637006268433e-02 -3.246990647727265866e-02 -8.869094505235608494e-02
9.046681858608085491e-02 2.144702540780585309e-02 -2.477603416257956326e-02 -8.713780983130270386e-02
1.021726163398275489e-01 3.538874306094452749e-02 -3.135197982483539647e-02 -1.062093795759402326e-01
1.070488666392455102e-01 3.518241326192672602e-02 -3.600244053467083205e-02 -1.062288393665031805e-01
7.771448974492134454e-02 1.501767322740565902e-02 -2.113239558222179681e-02 -7.159976739010609492e-02
8.750282725270963624e-02 2.675541341330323064e-02 -2.479009722475300492e-02 -8.946814344125986196e-02
1.133127063859635797e-01 2.695653835290912070e-02 -2.521665405384787562e-02 -1.150525906850257130e-01
9.713787779098215225e-02 4.476018809403914389e-02 -4.433042509138385157e-02 -9.756764079363833275e-02
9.199185551038180364e-02 2.951543918283316970e-02 -4.028714480593897918e-02 -8.122014988727421780e-02
1.038037266233846623e-01 3.044884201614816988e-02 -3.782848663293414404e-02 -9.642408200659957629e-02
9.542566055983847662e-02 2.794836410272338867e-02 -2.226745195285850798e-02 -1.011065727097033573e-01
1.053574869555538029e-01 2.953916164082404094e-02 -3.200315941891052063e-02 -1.028934891774664351e-01
9.658471146849656463e-02 3.375654134351790958e-02 -2.564257740179609613e-02 -1.046986754102174899e-01
1.090758298468053056e-01 3.402544219117498159e-02 -3.186832030620401213e-02 -1.112329517317736105e-01
1.007239128730317290e-01 2.331655009620270391e-02 -3.311359869600494221e-02 -9.092686427323037890e-02
9.733954622501084231e-02 3.551450192635829950e-02 -4.030374548351645103e-02 -9.255030266785091442e-02
9.988925856054908792e-02 2.461749766434628839e-02 -1.643462846480847617e-02 -1.080721277600904529e-01
9.534628062310446239e-02 3.291390571825658640e-02 -3.825790695351116710e-02 -9.000227938784810533e-02
1.118619605126083272e-01 4.368820390997640857e-02 -4.443372088971120348e-02 -1.111164435328761968e-01
8.764160310016588795e-02 3.647702939861741100e-02 -2.617756422234318592e-02 -9.794106827644011304e-02
1.102079351854632350e-01 3.567115715031743406e-02 -3.160792242854082446e-02 -1.142711699072398446e-01
1.059146159043367064e-01 3.968924353740099775e-02 -4.769492932001373475e-02 -9.790893012172485754e-02
1.110006510351544406e-01 2.902726430934432500e-02 -3.773486034836626146e-02 -1.022930549961325042e-01
1.110194648637907733e-01 3.511581291340704070e-02 -3.292097442702246468e-02 -1.132143033501744611e-01
1.083147850167165416e-01 3.072790467205166465e-02 -4.433776916779219590e-02 -9.470492052097778668e-02
1.178364396340798592e-01 1.431060475240997221e-02 -2.774837102124738664e-02 -1.043986733652397803e-01
1.040300818298307561e-01 4.559230363082455995e-02 -4.391412735872890494e-02 -1.057082581019264111e-01
1.143978751817593675e-01 3.531888061781263133e-02 -2.936815455015029386e-02 -1.203486012494225932e-01
1.090116911938414646e-01 4.350220448279706886e-02 -3.039763271802620181e-02 -1.221162629586132198e-01
1.146739353636778702e-01 2.564835466135839681e-02 -4.979766255827566823e-02 -9.052462746676059879e-02
1.122641742568362133e-01 2.226144293778276051e-02 -2.111194768053614723e-02 -1.134136695140801621e-01
1.026351946151331518e-01 4.911024427490939814e-02 -3.352844699758250613e-02 -1.182169918924591556e-01
1.143050002276995158e-01 2.554039606460190015e-02 -2.920104055396244291e-02 -1.106443557383389731e-01
8.262835427907155861e-02 2.404025367893503073e-02 -2.957754075749896572e-02 -7.709106720050762362e-02
1.167717835931645354e-01 3.948142375336161081e-02 -3.331462259045725460e-02 -1.229385847560680034e-01
1.245138464224551100e-01 3.184375344978374045e-02 -3.973060502574199404e-02 -1.166269948464950801e-01
1.209460937432984551e-01 3.251462627869550204e-02 -2.431266222483241535e-02 -1.291480577971606536e-01
1.056733956563427057e-01 3.185275465558934371e-02 -3.022450342606131102e-02 -1.073016468858698502e-01
5.500362209993525653e-02 2.994135331706004877e-02 -3.192476282811451682e-02 -5.302021258888167665e-02
9.963703815555913224e-02 3.843481471643617198e-02 -4.309966118725583328e-02 -9.497219168473769457e-02
8.446739426333937928e-02 2.537497313968994916e-02 -8.416955767440725822e-03 -1.014254116355894908e-01
1.105133935883024776e-01 4.251385935985041442e-02 -2.969219523916954984e-02 -1.233350577089833422e-01
1.229283117222506050e-01 1.614476164028832983e-02 -2.855997099026197361e-02 -1.105131023722734085e-01
9.392044280882760887e-02 3.639155603064825328e-02 -2.896760109894991331e-02 -1.013443977405241725e-01
1.118830035254605448e-01 4.218627227265780988e-02 -5.167926600150618555e-02 -1.023900097966112810e-01
4.675213589606741493e-02 1.433515892392289715e-02 -8.616105628380665848e-03 -5.247118919161231076e-02
1.064131342642191669e-01 2.100743581679775929e-02 -1.730775770442782857e-02 -1.101128123765899858e-01
9.039856060393702819e-02 3.950535319465675599e-02 -3.840151357222509887e-02 -9.150240022636779713e-02
9.546050616523693577e-02 3.385877836581219213e-02 -1.959152789405482764e-02 -1.097277566369934121e-01
1.157184095541552438e-01 3.837485835164677894e-02 -4.746222877374961513e-02 -1.066310391320515194e-01
1.088676764805294184e-01 2.680019392269361589e-02 -2.711244039422755492e-02 -1.085554300089954793e-01
1.113982952747676336e-01 4.597523770811662303e-02 -6.031148893159343771e-02 -9.706204405129348345e-02
1.032419207595731692e-01 2.941507812233634667e-02 -2.886575812837666177e-02 -1.037912407535355186e-01
1.116550118257624291e-01 3.070313540685543074e-02 -2.758884168798481085e-02 -1.147693055446286081e-01
1.116050115269411336e-01 3.644584545012641286e-02 -4.574629477103986375e-02 -1.023045622060285709e-01
1.116993848662906075e-01 1.650212489022084839e-02 -2.644821636537297849e-02 -1.017532933911393656e-01
9.722709594678313749e-02 4.747482211950693198e-02 -3.966696855979723324e-02 -1.050349495064919481e-01
9.609272092548426514e-02 4.409720842676190244e-02 -3.065263020218456091e-02 -1.095372991500633830e-01
9.015355886499332172e-02 4.626309541800388558e-02 -3.015160525710935957e-02 -1.062650490258869596e-01
9.905167579186713311e-02 3.673479185617090081e-02 -5.174192485511674988e-02 -8.404454279292039587e-02
8.974869815710384557e-02 4.735718328565674540e-02 -3.723308271674330427e-02 -9.987279872601551034e-02
8.443986457673791080e-02 3.933332655017807156e-02 -3.514246751745009334e-02 -8.863072360946588901e-02
1.183092224829458416e-01 3.964033432006264235e-02 -3.701647511476569008e-02 -1.209330816882427939e-01
1.256275351320716993e-01 3.239296131895308406e-02 -4.412011080595501511e-02 -1.139003856450715446e-01
1.016780242403267920e-01 3.146769844834995666e-02 -2.379363999883921110e-02 -1.093520826898357612e-01
9.055913729297149217e-02 2.724388483063577837e-02 -2.091241647908770318e-02 -9.689060564451956736e-02
1.096082141530825282e-01 4.919291705429262862e-02 -3.877952480357738096e-02 -1.200216064037995523e-01
9.893205013908179524e-02 4.103134500455940525e-02 -3.924742421659033198e-02 -1.007159709270499803e-01
1.116912596871371122e-01 4.363443516621323681e-02 -5.505892725254302178e-02 -1.002667676008073272e-01
1.113118554091654389e-01 2.290611057381042315e-02 -5.444234749676191143e-02 -7.977561848621306240e-02
9.510759721701145253e-02 3.928023450682882611e-02 -2.411042378900063454e-02 -1.102774079348405323e-01
9.567221772579515005e-02 3.116687459123834714e-02 -2.412876442764311236e-02 -1.027103278893903848e-01
1.180943327554651034e-01 3.378122657460203015e-02 -3.101237389450517412e-02 -1.208631854355637358e-01
9.262711980309124016e-02 4.287971500497178567e-02 -3.340850444031850941e-02 -1.020983303677454046e-01
9.805254212013547743e-02 3.361305167010986139e-02 -2.922362152424096138e-02 -1.024419722660061538e-01
1.040239336939690062e-01 2.014504926951854458e-02 -1.084604974714675762e-02 -1.133229332163399050e-01
1.108069321289599785e-01 3.904062972610145010e-02 -3.892174387662894475e-02 -1.109258179784333720e-01
1.100924886103467060e-01 3.941882048238642966e-02 -4.660235377381827249e-02 -1.029089553189148631e-01
1.217749208901146574e-01 3.650319984342864643e-02 -4.740659704361416260e-02 -1.108715236899264767e-01
1.051423232131378782e-01 4.853413108570414636e-02 -4.774513334567664913e-02 -1.059313209531627109e-01
1.017490759303933956e-01 4.203563265542609173e-02 -4.390517296743290387e-02 -9.987953561838747163e-02
9.439769653252039205e-02 3.908357173031262732e-02 -2.007718636731148365e-02 -1.134040818955206475e-01
1.167360873103335805e-01 3.570064169263620357e-02 -4.707466958353734299e-02 -1.053620594194324411e-01
1.178702505212108065e-01 4.634001788314989767e-02 -4.803088628834295548e-02 -1.161793821160177487e-01
1.176184045576791348e-01 3.962701237462873394e-02 -3.839825928946805078e-02 -1.188471576428415943e-01
1.188725222811051196e-01 2.835924071191975315e-02 -2.783633022799936185e-02 -1.193954327650255109e-01
9.187107582432663122e-02 4.418076450930374932e-02 -3.827574426769864147e-02 -9.777609606593173908e-02
1.167653034501485720e-01 3.224477791765245627e-02 -2.992494146615509720e-02 -1.190851399016450429e-01
1.127379500608638452e-01 2.175301684503416766e-02 -2.016166481429859658e-02 -1.143293020915958635e-01
9.667560682777232017e-02 3.482083622060194728e-02 -3.701846794509933147e-02 -9.447797510327315962e-02
8.858882111767929501e-02 3.188518321642153097e-02 -3.287166083438997077e-02 -8.760234349970907886e-02
1.124759857270927199e-01 3.424675001510646410e-02 -3.410197918366808523e-02 -1.126207565585275461e-01
1.077462884659565745e-01 3.184069159653191150e-02 -2.836784658142299520e-02 -1.112191334810654908e-01
9.573080957179591621e-02 3.749684555770826933e-02 -3.974879805695152868e-02 -9.347885707255265686e-02
9.778466832700960509e-02 2.973133315946707711e-02 -3.733325179781843417e-02 -9.018274968865824803e-02
1.009694522999318167e-01 2.593377211548641981e-02 -1.609871058349021666e-02 -1.108045138319280198e-01
9.858458004548609210e-02 3.108946209782104120e-02 -3.250267407978935097e-02 -9.717136806351778233e-02
9.417602873017738574e-02 3.346280184346817066e-02 -3.595263346282084882e-02 -9.168619711082648394e-02
1.073964705525360941e-01 1.928470438371743256e-02 -2.097059601707318421e-02 -1.057105789191794543e-01
1.138982847278811050e-01 2.409556613237384681e-02 -4.625459838423218173e-02 -9.173925247602277011e-02
8.595030647568258075e-02 2.195847796614547320e-02 -2.834516330435388198e-02 -7.956362113747594833e-02
1.016491921060964643e-01 3.855925456505282511e-02 -3.323411240923235255e-02 -1.069743342619187132e-01
1.060632805732133477e-01 3.658224735225523716e-02 -3.613500108581924053e-02 -1.065105268396475680e-01
1.059083244971228410e-01 1.856197003550885682e-02 -2.426107162746760082e-02 -1.002092229051640970e-01
1.138890064581010719e-01 4.714356092549820687e-02 -4.587544428398526719e-02 -1.151571230996175643e-01
9.718500038079280756e-02 1.343114025179037441e-02 -2.523216014866402901e-02 -8.538398048392004114e-02
1.058015439038548777e-01 4.663001469266969679e-02 -3.258545968533699266e-02 -1.198460989111902464e-01
9.022118916604870975e-02 3.237803013149864739e-02 -4.014711617158361889e-02 -8.245210312596462643e-02
9.473981889018379121e-02 2.466614008694456572e-02 -2.761316769093014045e-02 -9.179279128619910466e-02
9.703812708710568558e-02 2.791569268725524466e-02 -2.978562472539714179e-02 -9.516819504896556481e-02
9.875616166766842952e-02 4.045856308603568152e-02 -2.972646700628533978e-02 -1.094882577474178831e-01
9.962948475386035341e-02 4.196961830717427233e-02 -2.995753110278265297e-02 -1.116415719582484201e-01
9.466059933293546891e-02 3.107507493844963165e-02 -2.773490048728799451e-02 -9.800077378409710605e-02
9.094710583305776197e-02 4.289317150379012844e-02 -4.122456740515989537e-02 -9.261570993168977139e-02
1.053240696046078284e-01 4.023409429418034478e-02 -2.079537647550555590e-02 -1.247627874232790646e-01
9.703403170090396657e-02 2.754771645945464087e-02 -2.578074584886724807e-02 -9.880100231149491208e-02
9.998941957925833179e-02 2.449179593464734239e-02 -2.635473386653508499e-02 -9.812648164737058920e-02
9.156413777108340923e-02 3.792493791474260689e-02 -4.263313354354281159e-02 -8.685594214228231635e-02
7.798579613018308265e-02 3.927554941316735437e-02 -2.275965547370617514e-02 -9.450169006964337370e-02
9.824249875016999312e-02 4.290298165937045383e-02 -3.473168681082317022e-02 -1.064137935987190531e-01
8.657227801380074084e-02 3.408072887775404070e-02 -2.739686049119516298e-02 -9.325614640035784220e-02
9.062257630768666417e-02 5.310800166143536671e-02 -5.498331225823349655e-02 -8.874726571088942251e-02
7.698945001630885798e-02 3.523368137264615285e-02 -3.051639501308311964e-02 -8.170673637587366755e-02
8.756332059524041256e-02 3.432951420443774992e-02 -3.011231186706542218e-02 -9.178052293261096395e-02
9.956349503578376670e-02 3.316880634822805263e-02 -3.904879070230382609e-02 -9.368351068170976959e-02
1.055418415534825627e-01 2.845846137212326710e-02 -3.727490471266836636e-02 -9.672539821293835161e-02
1.080240921304511659e-01 1.219469544888251988e-02 -3.134337652280017039e-02 -8.887541105653351536e-02
9.442366556813031053e-02 3.465649118329050538e-02 -2.595283264419201430e-02 -1.031273241072270253e-01
9.918650162702036255e-02 3.591621327818206311e-02 -3.129683302793395683e-02 -1.038058818772684688e-01
9.322979237800677055e-02 3.823253868065812355e-02 -1.914585678674640690e-02 -1.123164742719211517e-01
8.974714955887019840e-02 3.648279295977641112e-02 -3.429388572491731679e-02 -9.193605679372840456e-02
9.295923254972038308e-02 3.165885731798656622e-02 -3.652211241498459771e-02 -8.809597745271879887e-02
8.941023250384372290e-02 3.370950003768413694e-02 -4.311666624220222843e-02 -8.000306629932829594e-02
9.224727811339139549e-02 4.169735598327140025e-02 -2.889433039320810082e-02 -1.050503037034538067e-01
8.668379676100279596e-02 3.339759612221282481e-02 -3.111525534356474054e-02 -8.896613753965088023e-02
8.965268736289644380e-02 2.911649216040324006e-02 -2.769920881897380838e-02 -9.106997070432765184e-02
8.136573428288418341e-02 2.533793898975833514e-02 -2.687475563070496065e-02 -7.982891764193666972e-02
9.787948325093331903e-02 3.218093278732059304e-02 -3.427315400370467557e-02 -9.578726203455012467e-02
1.014743492275060888e-01 2.314338951525751753e-02 -3.529718127600656175e-02 -8.932055746675970909e-02
8.960799709859035289e-02 4.260256124042349768e-02 -4.253155471386271813e-02 -8.967900362515290880e-02
9.063377038452902212e-02 4.798721659961824315e-02 -4.520354385846925283e-02 -9.341744312567801245e-02
9.100763648956267104e-02 5.579654278156009894e-02 -4.073334496697711415e-02 -1.060708343041474322e-01
1.197736645679503553e-01 3.537887653755955597e-02 -3.880448821251558655e-02 -1.163480528929925484e-01
8.509891478031939016e-02 3.060649563848283350e-02 -3.305961547351898844e-02 -8.264579494528589976e-02
9.713788459035477274e-02 2.822601412714309532e-02 -3.440139893146199057e-02 -9.096249978603676567e-02
1.009518560755511274e-01 2.249801082377533845e-02 -3.015201882139972867e-02 -9.329784807792673718e-02
8.301241038907125613e-02 3.264053218016993441e-02 -3.307818647716853633e-02 -8.257475609207176603e-02
8.457476471639768789e-02 3.483181164894499915e-02 -2.611064830774978418e-02 -9.329592805759290286e-02
9.210376494820415871e-02 3.550926897029071938e-02 -1.640747165331291058e-02 -1.112055622651810793e-01
7.514262792088377552e-02 3.367784832834797015e-02 -2.992970073028367040e-02 -7.889077551894807527e-02
9.680944916786149435e-02 3.321514945023107401e-02 -2.618107762259302973e-02 -1.038435209954995386e-01
7.795939617842684299e-02 4.211403490136689243e-02 -3.524702085849362732e-02 -8.482641022130099628e-02
1.091099763404121958e-01 2.676125210916424635e-02 -3.055193424454571982e-02 -1.053192942050280578e-01
8.015406642409406146e-02 3.388984623328195056e-02 -3.949614644281140841e-02 -7.454776621456549179e-02
9.047868004163373001e-02 3.663078856090784541e-02 -2.684079299990393963e-02 -1.002686756026385240e-01
9.736382678974653260e-02 2.582082135617813634e-02 -1.934147698359289791e-02 -1.038431711623326592e-01
9.267325303359896793e-02 2.728120776786635560e-02 -2.562556635445556452e-02 -9.432889444700887083e-02
6.763435119064542533e-02 4.249751150176273029e-02 -2.635123887270207632e-02 -8.378062381970430295e-02
8.266232314683819027e-02 3.241163794352353023e-02 -2.761046079637186068e-02 -8.746350029399074799e-02
8.080352348273223129e-02 2.141528980047269215e-02 -2.107337842961065633e-02 -8.114543485359515529e-02
9.883521203808598443e-02 3.675526895449277021e-02 -3.396315729799948002e-02 -1.016273236945828273e-01
8.132170891250822820e-02 3.476881952397814501e-02 -2.877179489408820956e-02 -8.731873354239994001e-02
8.130137930916259137e-02 3.810660914336239102e-02 -2.931329103103053058e-02 -9.009469742149445182e-02
9.165629376599504496e-02 3.905468397250722035e-02 -3.849037374320296578e-02 -9.222060399529841135e-02
9.912751522054374931e-02 3.533291475992861308e-02 -3.762302266585226818e-02 -9.683740731462187057e-02
9.794173242448422911e-02 2.605503439135414823e-02 -3.082938738970852910e-02 -9.316737942613251278e-02
9.196671358877051006e-02 3.386028294982779130e-02 -3.370253475301332458e-02 -9.212446178558586496e-02
8.261627573877827757e-02 1.991276186453028174e-02 -2.145005142927747244e-02 -8.107898617403197505e-02
7.164557908345337012e-02 2.562624639781674318e-02 -2.191206658033539867e-02 -7.535975890093293827e-02
9.357397709851067447e-02 2.869455913425600357e-02 -3.924450655410449684e-02 -8.302402967866395755e-02
8.199399757288539092e-02 3.385560884064275911e-02 -1.674729445446843101e-02 -9.910231195905794266e-02
9.354484982449573494e-02 3.781918501241054997e-02 -3.344410744161230298e-02 -9.791992739529131740e-02
9.227178202027808140e-02 2.195533582978903553e-02 -2.330699989949458484e-02 -9.092011795057253210e-02
8.102417573019948804e-02 3.531893560319598890e-02 -3.739456711454014481e-02 -7.894854421885355578e-02
9.309122104263156672e-02 3.429942187521728414e-02 -4.309681285038013954e-02 -8.429383006747137586e-02
9.160104673551927590e-02 3.983136347622284745e-02 -3.618442330673943275e-02 -9.524798690500624332e-02
8.648924161127258259e-02 3.868426622505261037e-02 -3.737576931406394465e-02 -8.779773852226568920e-02
7.688132919686463396e-02 2.421488959812378994e-02 -2.498358632454689143e-02 -7.611263247044153246e-02
8.524050077168165984e-02 1.903573981981843133e-02 -1.329618011546607192e-02 -9.098006047603490742e-02
1.061404947257926779e-01 4.415548301644101059e-02 -4.775839061336828451e-02 -1.025375871288680685e-01
9.291949543961397495e-02 2.233086653838789459e-02 -1.830216891831160098e-02 -9.694819305968671586e-02
9.023811832570949321e-02 2.186328873650644766e-02 -2.223954459910704173e-02 -8.986186246310623460e-02
6.846503942420500977e-02 4.199847463389883018e-02 -3.421963150237239404e-02 -7.624388255573411044e-02
8.718162470173584921e-02 2.731874258620070606e-02 -2.862266283326508898e-02 -8.587770445467235447e-02
9.986423963664048387e-02 3.687000717708333042e-02 -3.608433487226925251e-02 -1.006499119414545618e-01
1.045408843914854558e-01 3.570955901820482836e-02 -3.875193420971179137e-02 -1.014985091999811573e-01
8.156848560947249638e-02 3.496746094719593856e-02 -2.467651508333812416e-02 -9.185943147333031078e-02
9.850639358934731860e-02 3.191848127422947101e-02 -3.638688809517720557e-02 -9.403798676839780768e-02
9.721657378887282874e-02 3.123863631900825055e-02 -3.967991929833392106e-02 -8.877529080954627005e-02
9.542131656446883881e-02 2.228581882075442167e-02 -2.291637187687545207e-02 -9.479076350834869658e-02
1.026490448642451980e-01 2.757048736033418379e-02 -3.581391155985791386e-02 -9.440562066472146796e-02
8.975562019210592268e-02 2.867612721924484021e-02 -3.095046090403830163e-02 -8.748128650731157308e-02
9.253646907928025911e-02 3.824772417976074479e-02 -2.288133347673237949e-02 -1.079028597823095126e-01
1.026206069795705389e-01 3.801870850151356507e-02 -3.187601467314316039e-02 -1.087633008079427199e-01
8.707897632718442082e-02 2.909720859720099639e-02 -1.610544370946875858e-02 -1.000707412149148823e-01
9.201357434823531634e-02 2.679678872856694483e-02 -2.664997154133796897e-02 -9.216039153546518037e-02
9.870580967815012485e-02 2.836878573770462708e-02 -2.207771711523065505e-02 -1.049968783006249851e-01
1.002247382573262513e-01 2.435340322969992144e-02 -2.835362367963334407e-02 -9.622451780739194049e-02
9.303264680924616670e-02 3.612778192723276049e-02 -2.713686368554846240e-02 -1.020235650509331293e-01
9.065339847653763883e-02 3.419300411831560638e-02 -2.427835023345448207e-02 -1.005680523613987631e-01
8.428406680631184145e-02 3.347805315721252839e-02 -1.754462711806770159e-02 -1.002174928454557801e-01
9.202191693055716826e-02 3.443604379494669132e-02 -1.768241021066341290e-02 -1.087755505148413349e-01
9.217912345674328378e-02 2.797061377800691417e-02 -3.210472306137823750e-02 -8.804501417337107227e-02
9.887633917646887483e-02 3.960304605510511777e-02 -2.571935271559055991e-02 -1.127600325159798800e-01
1.053316264515435918e-01 4.818978557710629218e-02 -4.457887194971554834e-02 -1.089425400789370002e-01
1.132255160502628755e-01 2.916550973329812280e-02 -3.408692786406319897e-02 -1.083040979194995757e-01
1.082707976515413506e-01 1.869076429091975911e-02 -2.780754490748815755e-02 -9.915401703497472852e-02
9.242727027668173889e-02 1.569837529015583044e-02 -3.221973302656966354e-02 -7.590591254027057033e-02
9.916984206596435314e-02 3.008755888277558910e-02 -3.931898605093131494e-02 -8.993841489780951548e-02
8.997061896763725031e-02 3.881543977162582593e-02 -2.916690653128917177e-02 -9.961915220797568082e-02
1.022774156412689095e-01 2.684769403224596118e-02 -3.072576156910500345e-02 -9.839934810441164359e-02
7.972992085967778308e-02 3.202747831307739546e-02 -2.338585069733767341e-02 -8.837154847542016967e-02
6.796138568333898178e-02 3.441142874589786516e-02 -2.366180934168493621e-02 -7.871100508755279890e-02
8.006875192588047696e-02 2.711313961250549909e-02 -3.048053228158575934e-02 -7.670135925679844036e-02
9.269760360938583688e-02 3.983004976998305580e-02 -5.398500545271112117e-02 -7.854264792665688333e-02
8.716046516700970415e-02 2.546434115593498859e-02 -2.141609188064919067e-02 -9.120871444229816660e-02
9.445600144997179370e-02 3.759948524416767413e-02 -3.739895568160900297e-02 -9.465653101253224122e-02
1.036525210831387156e-01 3.136950394062854031e-02 -3.230971672458160526e-02 -1.027123082991838743e-01
8.283338518258887007e-02 3.522186981143704543e-02 -4.007642252550791540e-02 -7.797883246851711192e-02
9.157168806090254520e-02 3.831801325911676770e-02 -3.962927391480075556e-02 -9.026042740521944552e-02
9.877270229776335952e-02 3.848970306721799517e-02 -3.243668615460215676e-02 -1.048257192103765334e-01
9.345186794202398062e-02 2.741556303959136187e-02 -2.008216529233752823e-02 -1.007852656892769261e-01
8.484141294429381475e-02 3.730264647438552572e-02 -2.151875894595089989e-02 -1.006253004727319933e-01
8.439603769849846060e-02 2.910771377279797179e-02 -4.002897500986257739e-02 -7.347477646143474317e-02
1.116209104482592807e-01 2.353274696918905562e-02 -2.977876972002935219e-02 -1.053748876974198723e-01
1.031738176589644951e-01 2.373392419735331771e-02 -3.125242474522416103e-02 -9.565531711109365176e-02
9.153464814316158993e-02 3.451321093915371563e-02 -3.928681023017244200e-02 -8.676104885214375173e-02
9.880342980500156358e-02 3.698921623429285432e-02 -3.617456844952293693e-02 -9.961807758977414551e-02
8.651140420668124165e-02 5.125682807539799768e-02 -5.257378013113811477e-02 -8.519445215094112456e-02
8.769977136048190403e-02 3.506571725521290261e-02 -3.686446055571668268e-02 -8.590102805997990032e-02
8.360092635782745418e-02 3.962483825272311577e-02 -2.463811969506135569e-02 -9.858764491549010245e-02
8.817707623702464304e-02 3.429543450574090713e-02 -2.617826924504917940e-02 -9.629424149771370622e-02
9.389303924419856173e-02 3.760391057496903500e-02 -3.964004455912206737e-02 -9.185690526004730572e-02
8.804943040915524932e-02 3.009716761993441736e-02 -3.401186990462257143e-02 -8.413472812446354254e-02
9.975517526882082819e-02 1.384705326626267663e-02 -2.791403488179966530e-02 -8.568819365328472770e-02
9.834054709639872272e-02 2.606646468655071658e-02 -3.812365013367546851e-02 -8.628336164927397078e-02
9.474964792986906303e-02 3.399553823258649743e-02 -2.733449616229322032e-02 -1.014106900001614520e-01
8.775518757674127812e-02 2.640364982532616978e-02 -1.840477682378693913e-02 -9.575406057828050876e-02
9.674127003135879477e-02 4.578899754703424918e-02 -4.933344784749582601e-02 -9.319681973089810612e-02
1.029814391013541552e-01 3.351095939700776682e-02 -3.527920862123234969e-02 -1.012131898771295724e-01
9.596251395070343193e-02 2.529878551912378981e-02 -3.075798309931787600e-02 -9.050331637050845757e-02
1.008493106913883608e-01 2.752886095124296162e-02 -4.044270855370513118e-02 -8.793546308892796759e-02
9.647232441985043039e-02 3.272272274518606139e-02 -4.937006455115078296e-02 -7.982498261388393246e-02
9.734372682351111195e-02 3.548345546050324373e-02 -3.447758979627568721e-02 -9.834959248774044482e-02
9.423117530147173682e-02 2.155314863351698307e-02 -1.773561747408969325e-02 -9.804870646090169117e-02
8.861397087557776331e-02 2.246523655703569489e-02 -1.437496977947638754e-02 -9.670423765313529429e-02
8.573151730686667804e-02 2.152032863294373044e-02 -1.378991087567893459e-02 -9.346193506413058572e-02
9.460509503053504687e-02 3.079016680626178726e-02 -3.127456921460591843e-02 -9.412069262219091570e-02
8.527480839055368023e-02 4.101764798569007553e-02 -2.852446234258465552e-02 -9.776799403366176477e-02
8.915990633767201246e-02 2.843441583388006677e-02 -1.314236411842184538e-02 -1.044519580531284575e-01
8.346942529496015339e-02 2.554023491328916151e-02 -2.010029594253914809e-02 -8.890936426571105500e-02
8.351321031051295307e-02 3.081765090069588098e-02 -1.508043234584466319e-02 -9.925042886536505904e-02
8.827391904415815560e-02 4.901325799549649531e-02 -3.546961969930606529e-02 -1.018175573403485856e-01
9.392874071488233056e-02 2.159707007709421589e-02 -2.891395422693587847e-02 -8.661185656504244434e-02
8.582042505859455161e-02 3.766776693652662544e-02 -3.779616767878124506e-02 -8.569202431634259653e-02
9.106818618577072755e-02 1.131275015428112596e-02 -3.421884483170067881e-02 -6.816209150835028652e-02
8.827152503678981077e-02 3.387290260416797594e-02 -3.304356929996110637e-02 -8.910085834099668034e-02
8.703359651285058618e-02 4.180540912169838919e-02 -3.756933319687671968e-02 -9.126967243767492022e-02
9.392230018764369248e-02 3.951729266837222809e-02 -4.229294891771040454e-02 -9.114664393830640421e-02
9.719240761274328122e-02 7.671243621363288412e-03 -1.922608208849840850e-02 -8.563756914560993749e-02
8.906151691804264914e-02 2.588331698154799909e-02 -3.475055345328570411e-02 -8.019428044630316776e-02
9.880054964490447844e-02 1.858184036438625952e-02 -2.011977057359715104e-02 -9.726261943569269874e-02
8.282602287238916006e-02 2.771845089433622178e-02 -2.210639139627446070e-02 -8.843808237045092113e-02
1.082981582904505302e-01 1.633833587749133898e-02 -3.074300995690215643e-02 -9.389348421103793640e-02
8.815731910623991752e-02 3.647978076216062959e-02 -2.827071885765608528e-02 -9.636638101074623819e-02
9.510226258352361128e-02 4.603518328113498370e-02 -4.632730160042530798e-02 -9.481014426423239883e-02
6.951967177604778669e-02 2.850937805230291389e-02 -1.825134698895869434e-02 -7.977770283939111806e-02
1.075741072124225539e-01 2.563139200666952888e-02 -2.378230347975751613e-02 -1.094231957393354548e-01
1.071400260327957099e-01 1.987995439784917551e-02 -1.568321276446571488e-02 -1.113367676661765060e-01
9.677688687501184717e-02 3.617895545981131278e-02 -2.771412555359553664e-02 -1.052417167812267351e-01
1.048513974092983858e-01 2.869859216246606337e-02 -4.149244391562056933e-02 -9.205754565614121532e-02
1.043744425550503507e-01 4.084425786331902231e-02 -3.758530694263484406e-02 -1.076333934757345290e-01
8.298464633093693976e-02 4.085608541919416581e-02 -3.919810896547293311e-02 -8.464262278465817246e-02
1.005606939733638683e-01 3.334209763234063928e-02 -3.913388318164567892e-02 -9.476890842406149318e-02
9.413068411976954764e-02 3.044596027817103590e-02 -3.313703514819721363e-02 -9.143960924974425808e-02
1.011696633969947356e-01 3.227486323547790192e-02 -3.249777868963210636e-02 -1.009467479428396430e-01
9.468313323202970366e-02 5.013648216069643837e-02 -4.593603621548592031e-02 -9.888357917724288626e-02
9.727121522824333510e-02 3.370844588777099915e-02 -3.821555916917596107e-02 -9.276410194683659682e-02
1.043873527304892690e-01 3.534997953661722647e-02 -4.089005943552947997e-02 -9.884727283157790367e-02
9.639389323492153494e-02 3.755659038253256199e-02 -2.752581809133314295e-02 -1.064246655261200658e-01
1.012012392092191959e-01 3.516810259149938389e-02 -4.251181417571281429e-02 -9.385752762500310098e-02
9.726287762170926499e-02 2.858508730992870284e-02 -2.733170810602736367e-02 -9.851625682560971597e-02
7.273704069697739527e-02 1.791108829975929240e-02 -1.013594389928673678e-02 -8.051218509744817453e-02
9.802766856120115335e-02 4.109708858960647859e-02 -4.644504601824195333e-02 -9.267971113256745497e-02
9.948569812281871094e-02 4.140426181927114868e-02 -4.258715465414564250e-02 -9.830280528794244077e-02
8.721470771127393107e-02 3.870778943052766152e-02 -2.884273839592665922e-02 -9.707975874587404519e-02
9.433665696960247260e-02 3.079801913356483567e-02 -3.484941232844640524e-02 -9.028526377472445574e-02
1.016480604022804712e-01 3.613336257192756307e-02 -5.217477676264081765e-02 -8.560664621156988119e-02
9.073962693568571325e-02 3.659680546081123254e-02 -3.139358743179876399e-02 -9.594284496469818180e-02
9.108662540161649446e-02 2.571913582869900239e-02 -2.437872025014886646e-02 -9.242704098016663039e-02
1.087739783956322981e-01 2.782492294007266054e-02 -4.758268987982638976e-02 -8.901621145588212158e-02
9.311716905123024191e-02 3.006783373359844802e-02 -2.932897381063792608e-02 -9.385602897419076385e-02
8.475891187198136834e-02 3.207003261161389673e-02 -3.114683158615605407e-02 -8.568211289744009918e-02
9.240620122620057941e-02 3.791189314746912231e-02 -3.014373163136507827e-02 -1.001743627423055116e-01
9.272033395730439054e-02 4.585409117611849439e-02 -3.446350196697700596e-02 -1.041109231664467671e-01
8.275413674956944021e-02 2.947646306113238523e-02 -2.155319993253623778e-02 -9.067739987816381131e-02
1.057423876638381444e-01 3.122872083115080244e-02 -1.892664112549180544e-02 -1.180444673694998059e-01
9.523587542870615152e-02 3.297007863803447236e-02 -4.343417232336932443e-02 -8.477178174336863492e-02
1.010724565642258099e-01 3.809607267614456561e-02 -4.789647251474882239e-02 -9.127205672561977678e-02
9.934936136634675563e-02 3.019355292667036395e-02 -4.159514278341713833e-02 -8.794777150959998124e-02
9.756453264455977603e-02 3.642393523030218461e-02 -3.558428707528449308e-02 -9.840418079957657937e-02
9.400888687734987315e-02 2.546306504818396377e-02 -2.834970550080306850e-02 -9.112224642473343295e-02
8.261924498707884368e-02 4.128359799848713152e-02 -3.309031356293790083e-02 -9.081252942262718619e-02
8.789782511555532807e-02 2.673731671724866032e-02 -3.599726699511585082e-02 -7.863787483768547304e-02
8.997406391483409038e-02 2.479576246258563543e-02 -2.294104364930937834e-02 -9.182878272811123566e-02
1.044663823924683044e-01 3.864734986191109556e-02 -4.062756968157454907e-02 -1.024861625728039627e-01
1.017668595543996801e-01 3.460310390889187460e-02 -4.371884996235841925e-02 -9.265111350093224729e-02
8.365774833896821860e-02 3.546297650832475057e-02 -3.436657239150164855e-02 -8.475415245578954426e-02
9.050465942263929975e-02 2.788796022253414719e-02 -2.815048378740581114e-02 -9.024213585776941215e-02
1.041452980636492498e-01 3.067929496590249272e-02 -3.661126364388156418e-02 -9.821332938567195470e-02
1.081915469140541930e-01 2.675488358682454049e-02 -3.301046344346314498e-02 -1.019359670574164767e-01
1.036492412885472447e-01 3.526080383677054897e-02 -4.408295143346219191e-02 -9.482709369185471360e-02
1.124428335488447672e-01 2.126692769795202054e-02 -2.459205808219255829e-02 -1.091177031646060058e-01
8.889355615925964571e-02 3.785847617277937616e-02 -3.759882397556957301e-02 -8.915320835647122522e-02
9.204340587288584175e-02 3.709506127857764568e-02 -2.867336816604204586e-02 -1.004650989854241061e-01
1.012803290661921096e-01 3.550231114173119096e-02 -2.816746150090221334e-02 -1.086151787070228636e-01
9.692366399596252791e-02 3.357848725854495342e-02 -3.814397933014035402e-02 -9.235817192436712730e-02
1.063633445619984741e-01 4.289435302913169323e-02 -2.509969870673867121e-02 -1.241579988843923843e-01
1.069674435283820557e-01 2.230696591636238679e-02 -3.584357328971421452e-02 -9.343083615502578709e-02
9.742282303350702222e-02 3.730303451801120218e-02 -2.778660911466435124e-02 -1.069392484368529850e-01
1.062337705050211412e-01 4.259417264953491156e-02 -4.429680543305813956e-02 -1.045311377214988013e-01
9.281562407434584827e-02 2.910173773184698831e-02 -2.031272587284149722e-02 -1.016046359333486748e-01
1.105987342531360440e-01 2.818154660529526012e-02 -3.295190362525435290e-02 -1.058283772331769512e-01
9.640279177745547656e-02 3.950402654373874611e-02 -3.726375368372636387e-02 -9.864306463746519427e-02
9.639091354446005511e-02 3.938311704068819807e-02 -2.190313798150533842e-02 -1.138708926036455793e-01
9.384177816658301197e-02 3.324678092679889119e-02 -4.462331390385188001e-02 -8.246524518953002314e-02
9.298464378439064149e-02 3.260699149626944404e-02 -3.547754299280736490e-02 -9.011409228785449699e-02
8.059600168583891389e-02 3.063701078235325781e-02 -3.427511786366554958e-02 -7.695789460452395758e-02
1.042973630287029607e-01 3.934262641425334550e-02 -4.072627546015805677e-02 -1.029137139827982494e-01
1.116715195167170549e-01 2.001482682860089568e-02 -3.521049980403656576e-02 -9.647584654127783210e-02
1.023232574446035770e-01 4.089966581714410410e-02 -2.878903796843346186e-02 -1.144338852933151074e-01
9.891014814227805374e-02 4.113441400320372310e-02 -3.442689119101327577e-02 -1.056176709544693892e-01
1.128373785153629072e-01 8.750665197768903170e-03 -4.082531885990992038e-02 -8.076272485322277817e-02
9.108605329100605275e-02 2.861240199264436512e-02 -2.419113789019711191e-02 -9.550731739345419413e-02
9.323185657833121809e-02 3.385886554437878004e-02 -3.055598605375919874e-02 -9.653473606895168757e-02
9.197619208029994553e-02 3.560902985997316250e-02 -2.576585627861938121e-02 -1.018193656616555032e-01
7.675199971593293924e-02 4.831049995629843608e-02 -4.121727661136542764e-02 -8.384522306086950039e-02
9.066074580703453734e-02 2.677905674465197450e-02 -2.644695152762022161e-02 -9.099285102406540204e-02
8.205624202586037086e-02 2.930464769014662352e-02 -2.494245019447571821e-02 -8.641843952153394071e-02
8.706593588005961948e-02 3.458237689370591283e-02 -3.863654484887302232e-02 -8.301176792489251000e-02
9.778966815881418029e-02 3.709374729965642103e-02 -3.752332950084458218e-02 -9.736008595762868367e-02
8.601237892748603286e-02 3.227440856453345219e-02 -2.931910147021277169e-02 -8.896768602180760155e-02
9.640400698598838858e-02 4.085829344465530255e-02 -3.479962119167367973e-02 -1.024626792389708996e-01
8.369057614559682889e-02 3.776981555104441668e-02 -2.577446127435756296e-02 -9.568593042228368262e-02
8.679494004367782622e-02 2.763157832697515914e-02 -3.757786231889070905e-02 -7.684865605176227632e-02
8.356450572994411630e-02 2.720436502257328470e-02 -2.573899279933655748e-02 -8.502987795318173170e-02
1.054995001084719775e-01 3.316168492147664182e-02 -4.792867869517181134e-02 -9.073250633477769611e-02
8.943732201676724003e-02 3.006185542149975021e-02 -3.498799393650919853e-02 -8.451118350175601535e-02
1.055860006825524167e-01 3.148702188858543138e-02 -5.254499415142976915e-02 -8.452802841970807890e-02
8.613001037464051990e-02 4.691673321722333867e-02 -3.337612138204981704e-02 -9.967062220981315335e-02
8.361710843209912980e-02 3.244914093354811513e-02 -3.020129528066917146e-02 -8.586495408497807347e-02
8.162079344162975758e-02 4.050125099523960159e-02 -4.013885004126827027e-02 -8.198319439559753619e-02
9.675630078332453365e-02 4.203966730551567110e-02 -3.975229485829778753e-02 -9.904367323054241723e-02
1.050311949327582539e-01 2.120077400437825332e-02 -2.772806249665116241e-02 -9.850390644048623301e-02
9.191396590810363421e-02 3.589291673501193713e-02 -2.829585214953844741e-02 -9.951103049357357122e-02
9.091020251375159233e-02 2.578769209413955821e-02 -2.504203616811473410e-02 -9.165585843977908098e-02
8.651020137076503858e-02 4.121570688698206197e-02 -4.496113043972904677e-02 -8.276477781801627742e-02
9.146214111655126544e-02 3.859461233321592744e-02 -3.600392139577124340e-02 -9.405283205399328494e-02
9.814128010662770407e-02 2.507228433434427473e-02 -3.469337733021493619e-02 -8.852018711075881896e-02
9.201537924001002011e-02 2.893239416330040115e-02 -3.929336925490467536e-02 -8.165440414840574590e-02
9.076114143923685873e-02 2.674373062081247809e-02 -2.468196505138919861e-02 -9.282290700866013822e-02
9.355522101777324906e-02 2.665492382154788231e-02 -2.699607580625595915e-02 -9.321406903306783676e-02
7.997718893754690583e-02 3.096805657733270323e-02 -2.569351277537190725e-02 -8.525173273951036634e-02
8.145591330717305567e-02 1.602535626500678489e-02 -1.984597460420722825e-02 -7.763529496797438867e-02
9.854163759473966167e-02 4.763306327841476673e-02 -4.220471822523652605e-02 -1.039699826479179023e-01
8.803708007307697869e-02 3.847664285027363462e-02 -3.174941992334634477e-02 -9.476430300000426854e-02
8.394102556287830197e-02 2.970350968229240607e-02 -2.525138645770841350e-02 -8.839314878746407089e-02
7.730691605001460687e-02 2.649687469026229536e-02 -2.543480019713584284e-02 -7.836899054314194757e-02
9.509081012032361002e-02 2.965824136932404542e-02 -3.107258254130140784e-02 -9.367646894834713578e-02
7.753230628060769902e-02 2.932762699352853275e-02 -2.065076695980394561e-02 -8.620916631433317434e-02
8.776586358080784578e-02 2.853275761899443097e-02 -2.116051835144894255e-02 -9.513810284835066966e-02
9.382200957421016341e-02 3.541259653702333310e-02 -3.078994033052495638e-02 -9.844466578070854013e-02
7.887167726433652604e-02 3.878565006486311972e-02 -3.431070137086233984e-02 -8.334662595833641774e-02
8.245817512272690664e-02 4.439666227823391154e-02 -3.865913091582040551e-02 -8.819570648514041267e-02
8.598254870606769629e-02 3.287391161991237709e-02 -4.490434754622807390e-02 -7.395211277974844677e-02
9.636481612399716568e-02 4.306904214039875001e-02 -3.319221317598142207e-02 -1.062416450884153818e-01
9.672760904580002261e-02 4.640511094289845317e-02 -4.881329555642643925e-02 -9.431942443227292472e-02
7.944815366091262376e-02 3.558779695074854033e-02 -2.840208001007393790e-02 -8.663387060158811437e-02
8.626045951232175213e-02 4.120888055380245163e-02 -3.174376873126405485e-02 -9.572557133486281344e-02
8.787276067471072594e-02 3.437771033842818014e-02 -2.274373558964626341e-02 -9.950673542349619538e-02
7.034523692821448293e-02 3.365093993736945066e-02 -2.857481915287962693e-02 -7.542135771270253031e-02
9.008493150708574149e-02 3.041452548584100413e-02 -3.817535278517958375e-02 -8.232410420774627369e-02
8.966642634220622909e-02 2.306197145931854209e-02 -2.335521769217940857e-02 -8.937318010934625079e-02
9.247066585279739570e-02 3.275800780394888534e-02 -2.247199776350061740e-02 -1.027566758932447755e-01
9.530863805802347599e-02 3.934181352168497625e-02 -3.404737871087348822e-02 -1.006030728688322995e-01
8.411172049867943201e-02 2.698167577099930270e-02 -8.268066107125271458e-03 -1.028253301625516869e-01
9.438867731592992527e-02 2.487048721000206797e-02 -9.055746437114819969e-03 -1.102034180888189496e-01
8.810787296947175662e-02 3.206475281384069120e-02 -3.491972354029737602e-02 -8.525290224301507180e-02
9.249257852412373637e-02 2.471855682254009423e-02 -3.229522979618426604e-02 -8.491590555047867639e-02
9.638836060716649001e-02 2.707798947006967438e-02 -1.959533314704042795e-02 -1.038710169301957364e-01
1.010292176075546777e-01 2.016122950625032217e-02 -3.836457659472092274e-02 -8.282587051908585352e-02
9.646837486517068072e-02 2.920453817240797889e-02 -3.243004890831180376e-02 -9.324286412926596768e-02
7.843840572818461254e-02 1.578040168207017757e-02 -2.953097051964270747e-02 -6.468783689061208264e-02
8.383877614522639021e-02 4.486673452227041281e-02 -3.844011136072733592e-02 -9.026539930677124346e-02
9.797817471545489099e-02 3.278796879764112049e-02 -2.758953629446736500e-02 -1.031766072186286465e-01
1.066300340931283230e-01 2.554707425029523193e-02 -3.334962586075018720e-02 -9.882748248267247959e-02
9.758678889995930916e-02 2.980049655950622878e-02 -3.276778019701875877e-02 -9.461950526244500281e-02
9.401492195710403621e-02 3.458617349809589570e-02 -3.048151515163066705e-02 -9.811958030357192939e-02
7.902017905233371664e-02 2.915810174748845185e-02 -3.369477298405687549e-02 -7.448350781576529300e-02
9.862923092073838660e-02 2.546681494584834837e-02 -2.810102405037540052e-02 -9.599502181621044627e-02
9.182481936044428750e-02 3.935507960576511977e-02 -3.623922730179884866e-02 -9.494067166441144678e-02
1.037187390277507504e-01 3.632102885115617852e-02 -3.449533153577100109e-02 -1.055444363431359278e-01
9.527011379290861726e-02 4.905601765014289128e-02 -4.539298794503565659e-02 -9.893314349801585195e-02
1.091873572766060008e-01 4.005940682252351337e-02 -2.510415911272545486e-02 -1.241426049864040593e-01
9.687104965312887117e-02 3.018066973058797231e-02 -4.356896930589471140e-02 -8.348275007782302026e-02
9.814768745861357502e-02 5.056020822767948175e-02 -3.375992516888093320e-02 -1.149479705174121236e-01
1.002629816148017383e-01 4.010493946252058350e-02 -4.425822266056123055e-02 -9.610969841675931491e-02
9.572637426673580308e-02 4.182598570608053734e-02 -2.871845996792021793e-02 -1.088339000048952343e-01
9.515770189738770313e-02 2.956557884361554756e-02 -1.873253630149562809e-02 -1.059907444395085108e-01
9.202453034373547780e-02 3.068648513051019933e-02 -2.262352588579386037e-02 -1.000874895884544813e-01
8.574665581292340022e-02 2.816539443809329413e-02 -2.447619727741123796e-02 -8.943585297360545638e-02
9.739182576463267793e-02 3.753255961944734764e-02 -4.714861707270490143e-02 -8.777576831137423596e-02
8.923539224368326472e-02 2.426827361660599536e-02 -2.921244440672410292e-02 -8.429122145356693352e-02
8.922306203737839780e-02 5.127931327789170268e-02 -4.395655185296654111e-02 -9.654582346230533574e-02
8.359465388367226524e-02 2.635862773704111817e-02 -2.557388559158280117e-02 -8.437939602912791770e-02
1.104269061774916239e-01 5.146325357139414081e-02 -4.137909251783877806e-02 -1.205110672310460984e-01
1.140637270211701804e-01 3.248079536585901650e-02 -4.022966114423187634e-02 -1.063148612427955442e-01
1.125156902519686142e-01 2.840078632175302431e-02 -2.935631995861864851e-02 -1.115601566151021018e-01
7.467345553895743393e-02 4.488481108409381193e-02 -3.450380901997185390e-02 -8.505445760307850378e-02
8.628133838091667229e-02 3.522330454659616805e-02 -3.126295291573200075e-02 -9.024169001178172778e-02
1.261925941096224690e-01 3.239062015409555073e-02 -2.697181319312225156e-02 -1.316114010705957682e-01
8.878528764186288669e-02 3.829477371094380800e-02 -2.953629189167106261e-02 -9.754376946113296754e-02
1.030605547434308988e-01 2.227650620792598346e-02 -3.247107973248120061e-02 -9.286598121887124080e-02
1.152183685264951407e-01 3.658149774865293580e-02 -2.546239157552054877e-02 -1.263374746996257514e-01
9.586303201005819119e-02 3.439406611464423946e-02 -2.633582929753064406e-02 -1.039212688271735630e-01
9.845075162380911848e-02 4.986499102719843535e-02 -3.649726680905285292e-02 -1.118184758419555891e-01
1.052133136606654418e-01 3.425402001244659544e-02 -3.905096207474301195e-02 -1.004163715983699134e-01
1.111511760100354351e-01 3.824768881765727713e-02 -4.372357456839726098e-02 -1.056752902592963395e-01
1.190014666696068701e-01 5.120331124466304118e-02 -5.134274390643600583e-02 -1.188620340078347937e-01
6.567493564324866639e-02 3.338979052293211680e-02 -2.254547634950654356e-02 -7.651924981667512782e-02
1.217684600042723275e-01 5.319237288729272706e-02 -5.045833393939425093e-02 -1.245024989521708036e-01
1.000593822971591607e-01 3.294740236253801413e-02 -4.318142764753041263e-02 -8.982535701216587398e-02
9.806831113676928169e-02 4.226031153880605018e-02 -3.144510501197128605e-02 -1.088835176636013813e-01
1.061198711355908486e-01 3.620505169982646265e-02 -3.210823004572915806e-02 -1.102166927896846005e-01
1.073944637791059975e-01 2.839068559180990547e-02 -4.074545209050128847e-02 -9.503969728041283815e-02
1.117423183416637045e-01 4.421083188203578374e-02 -3.688624660743844430e-02 -1.190669036162610439e-01
1.068566115362505897e-01 4.040201175168522951e-02 -3.035341952815873157e-02 -1.169052037597744231e-01
1.119469108031756477e-01 2.526595628370653657e-02 -3.574010657860160478e-02 -1.014727605082814677e-01
1.149850590066954226e-01 2.344462609739306203e-02 -2.979234329252555824e-02 -1.086373418115638145e-01
8.378675790383205424e-02 3.832629574721924115e-02 -3.005969545216924388e-02 -9.205335819888205151e-02
8.288570575782383543e-02 3.126826169501129016e-02 -1.571475778508002463e-02 -9.843920966775510095e-02
9.010948535101803714e-02 4.254889589483390466e-02 -3.117155396190263161e-02 -1.014868272839493102e-01
7.913369677161963267e-02 3.658975470120040541e-02 -3.805977266114357604e-02 -7.766367881167468568e-02
9.363024886605852970e-02 3.357627526534656681e-02 -3.289006261574112244e-02 -9.431646151566130953e-02
9.494397614370342353e-02 3.843421339586861052e-02 -3.055742369027569794e-02 -1.028207658492998888e-01
8.655094385292905201e-02 3.165087572517943926e-02 -3.199810551528159408e-02 -8.620371406282600901e-02
9.012384506865345202e-02 5.016416265530576624e-02 -4.683775859042338396e-02 -9.345024913353672247e-02
8.559413761502554507e-02 2.400884507710809856e-02 -3.215717987296518032e-02 -7.744580281917023967e-02
8.835994217361253789e-02 1.556143798415199342e-02 -2.993036295321083173e-02 -7.399101720455458775e-02
8.609702759520398985e-02 3.332593637126990416e-02 -9.271211990392380642e-03 -1.101517519760815134e-01
9.684523319025917232e-02 2.265074242893749812e-02 -4.553131173260016595e-02 -7.396466388659561630e-02
1.093163451308152290e-01 2.662950507018013724e-02 -2.873316351022214832e-02 -1.072126866907723297e-01
9.293720604221444859e-02 2.965159036232023482e-02 -3.502727363756452661e-02 -8.756152276696926862e-02
9.009244189786969059e-02 2.874393860443280602e-02 -2.456729811284397158e-02 -9.426908238945852503e-02
9.208735516575305979e-02 3.797069959664867156e-02 -2.860339332739059159e-02 -1.014546614350129161e-01
1.065614661202340940e-01 2.959533827210147905e-02 -2.520170648938524494e-02 -1.109550979029485518e-01
1.024604705512945912e-01 4.174872818336083924e-02 -4.281236507166319427e-02 -1.013968336629957889e-01
1.007117756227779992e-01 2.775385834214283420e-02 -3.844121444360748541e-02 -9.002441952131512437e-02
9.888653859686868941e-02 3.778011757365273837e-02 -4.450620752630296550e-02 -9.216044864421846228e-02
8.943814662104188073e-02 2.772822037845568133e-02 -2.261940707525589289e-02 -9.454695992424166917e-02
8.453577063227335486e-02 2.674311430644848997e-02 -2.863353259311640642e-02 -8.264535234560455024e-02
8.433671080884064253e-02 2.495435646752763859e-02 -2.759517165759017843e-02 -8.169589561877899087e-02
1.067569307309508275e-01 3.662521774446414469e-02 -3.235838003434121646e-02 -1.110237684410710912e-01
1.065609830652078927e-01 3.738864023858834429e-02 -4.132723731958698465e-02 -1.026223859842092523e-01
7.927744416102200375e-02 2.672778648356199938e-02 -3.173403141971053998e-02 -7.427119922487435133e-02
8.222328815667001578e-02 3.249049637699386039e-02 -2.557864371705953488e-02 -8.913514081660522947e-02
7.510232044750608793e-02 2.292971616478389763e-02 -2.827975670422233634e-02 -6.975227990806764922e-02
9.393188762967952243e-02 2.880671967463399596e-02 -3.318900404663960302e-02 -8.954960325767569174e-02
8.418487356929471588e-02 3.383299524867666719e-02 -5.233246231077171018e-02 -6.568540650720144924e-02
9.962312932389316700e-02 3.597923895970556174e-02 -3.196768299706853611e-02 -1.036346852865346335e-01
8.938754635311330077e-02 4.002780233806380039e-02 -2.582448575253870615e-02 -1.035908629386375068e-01
9.770607779710083207e-02 4.627105592585500915e-02 -3.235617962377546064e-02 -1.116209540991821569e-01
1.064197210242712188e-01 2.913290493703435402e-02 -3.349894264600461469e-02 -1.020536833153000700e-01
8.430499236238908622e-02 3.303185048142509572e-02 -2.221127857747617895e-02 -9.512556426634066753e-02
1.126380459877189821e-01 3.294620958494043350e-02 -3.911078575169035787e-02 -1.064734698209690578e-01
1.197555807223746882e-01 3.708968277415802817e-02 -4.019068316003249208e-02 -1.166545803364975598e-01
1.031186842521583102e-01 3.904673215439213863e-02 -3.744477473752017005e-02 -1.047206416690302788e-01
1.099208818827381862e-01 3.289506151092691510e-02 -3.564827671592851743e-02 -1.071676666777383602e-01
8.760573890040035394e-02 2.599696604289469803e-02 -2.605437555244716208e-02 -8.754832939084788990e-02
9.419414521129620965e-02 3.745033407454023688e-02 -2.122719058276434367e-02 -1.104172887030738792e-01
9.926514008291320579e-02 5.059033260921452779e-02 -4.588934297109847904e-02 -1.039661297210292545e-01
9.704280956123412238e-02 4.508113625609677655e-02 -2.885993796985797388e-02 -1.132640078474729251e-01
1.029180142982673019e-01 4.273212719872976351e-02 -3.511326120730640099e-02 -1.105368802896906644e-01
1.099952080677981670e-01 3.174623835161582974e-02 -3.635117068093141057e-02 -1.053902757384825861e-01
1.120540519535184742e-01 4.612116020953482831e-02 -5.048892103057323055e-02 -1.076862911324791838e-01
1.135191866307465602e-01 4.049372575184762013e-02 -4.106962854939233409e-02 -1.129432838332036226e-01
1.099109386818435397e-01 4.101920409232207021e-02 -3.482455760591207650e-02 -1.161055851682535334e-01
9.242732318193702667e-02 3.618842142859879374e-02 -2.721052639810661589e-02 -1.014052182124309809e-01
1.031318630432478400e-01 2.623786656270343798e-02 -2.062087230607012600e-02 -1.087488572998847047e-01
1.166441556459991702e-01 2.513655468145348237e-02 -4.206762766988170199e-02 -9.971308265757183875e-02
8.829909796499890717e-02 1.970524020251396280e-02 -9.383753975960473781e-03 -9.862058419155328437e-02
9.449365817921595578e-02 3.434645858143703379e-02 -3.477976020114592615e-02 -9.406035655950528707e-02
1.040367738700824773e-01 5.203309165897884725e-02 -4.464820232364274943e-02 -1.114216632054176870e-01
9.952336815719764473e-02 3.901250185902238599e-02 -2.140948679362075779e-02 -1.171263832225992729e-01
9.102145058267741007e-02 3.306846512436489860e-02 -3.780372090168881982e-02 -8.628619480535437702e-02
9.456139923577033812e-02 3.857448153050579975e-02 -2.764441667119665880e-02 -1.054914640950759264e-01
1.130912724760886334e-01 2.738332340145710475e-02 -2.774341213485875812e-02 -1.127311837426878682e-01
1.081089764577400913e-01 2.882654786656502210e-02 -3.452582974159579265e-02 -1.024096945827093208e-01
9.864457251722669184e-02 2.994142874817384836e-02 -2.425901769731364510e-02 -1.043269835680877833e-01
9.998930769406033647e-02 2.619801256399245659e-02 -1.014832554188505043e-02 -1.160389947161668545e-01
1.072342003775519359e-01 3.624779552901724600e-02 -4.038681567156299224e-02 -1.030951802350070778e-01
8.953602589510811782e-02 2.924204895590420961e-02 -3.788558876028247369e-02 -8.089248609072896556e-02
1.028853494137065283e-01 4.360263265315378334e-02 -3.828881055057120619e-02 -1.081991715162882173e-01
1.014082661056834311e-01 2.270173529224095432e-02 -3.605636062602091130e-02 -8.805364077190436234e-02
9.407597620970875596e-02 2.737117398067212548e-02 -2.448760367467706089e-02 -9.695954651570382055e-02
1.099242322269446959e-01 3.872385282383028482e-02 -4.679081478101032587e-02 -1.018572702697655430e-01
1.026460710418550804e-01 3.642710285508954371e-02 -3.641564460593649244e-02 -1.026575292910072434e-01
8.966167671766900327e-02 4.753834207716156612e-02 -4.531077601716670955e-02 -9.188924277766119530e-02
9.349465946263002536e-02 3.363096694085943028e-02 -1.814971181725155702e-02 -1.089759145862414513e-01
8.980636427608779115e-02 3.404563067844001978e-02 -1.863349638919054030e-02 -1.052184985653390470e-01
9.842088979517082947e-02 3.631200345692064957e-02 -3.219959320486065479e-02 -1.025333000472326006e-01
9.461836933250733495e-02 3.212436811962771088e-02 -5.039722545936342613e-02 -7.634551199277250788e-02
8.848463341536838556e-02 1.884983256872097002e-02 -2.142905693507746179e-02 -8.590540904901189379e-02
8.954488976895191854e-02 3.359549122682370381e-02 -3.566669438744618503e-02 -8.747368660832943732e-02
8.960191745522827489e-02 2.792033317940489923e-02 -2.346563701242665445e-02 -9.405661362220207877e-02
1.246291960695860013e-01 3.493650994994279557e-02 -3.999776601986404501e-02 -1.195679399996638637e-01
1.016974260361118709e-01 3.161076739834545180e-02 -3.188255725520861006e-02 -1.014256361792522654e-01
9.189979429584305137e-02 3.738353179996511955e-02 -2.710600067820045922e-02 -1.021773254176068235e-01
1.100873144359972855e-01 2.791373870364033394e-02 -4.367440580942805184e-02 -9.432664733021045578e-02
9.089463791817831151e-02 3.911574973901466024e-02 -4.091692667905721947e-02 -8.909346097813397591e-02
1.091956835519471980e-01 3.626971936817469100e-02 -3.331319790035802697e-02 -1.121522050197638620e-01
8.344247307375596279e-02 3.487958514503919361e-02 -3.890755523273092820e-02 -7.941450298606334002e-02
1.138890654147530768e-01 2.452929120546532005e-02 -3.004380659067962256e-02 -1.083745500295396624e-01
9.032165367079159068e-02 4.236018786223105792e-02 -2.727339870230505170e-02 -1.054084428307202614e-01
9.380142875433783445e-02 3.980353249695056661e-02 -2.606938045557338768e-02 -1.075355807957123488e-01
9.676956656315027772e-02 2.728021405587988113e-02 -3.705475185984230535e-02 -8.699502875918874167e-02
8.728163027680224673e-02 2.947339835627627025e-02 -2.270647082643684200e-02 -9.404855780663901044e-02
9.009614112535935249e-02 2.728449628792528614e-02 -2.750662387840474565e-02 -8.987401353487722844e-02
9.105093438105704706e-02 2.929467710716693318e-02 -3.055813518350536384e-02 -8.978747630471595187e-02
7.811049803600234043e-02 3.141998999529782566e-02 -3.349631224274762786e-02 -7.603417578855342640e-02
7.663949757714050293e-02 3.098912142236187606e-02 -1.398968910788145337e-02 -9.363892989162003744e-02
9.052060289983909769e-02 3.880190885846701576e-02 -3.929361280765153452e-02 -9.002889895065369075e-02
8.340376454521258864e-02 3.661552680558433082e-02 -2.273539662124601790e-02 -9.728389472955001338e-02
9.781347745205959399e-02 3.782562838231751101e-02 -3.635681576840443796e-02 -9.928229006597533157e-02
8.279150479723007550e-02 3.572137298149602458e-02 -3.802951593577930112e-02 -8.048336184294946349e-02
9.639962436320281824e-02 5.613550141691092676e-02 -4.771898799926699297e-02 -1.048161377808440875e-01
1.030859435457136541e-01 3.936211306735248883e-02 -3.677769240371908666e-02 -1.056703642093479445e-01
8.840631234992102350e-02 2.215030586631172582e-02 -2.500449760383904874e-02 -8.555212061239458876e-02
9.488403567909298175e-02 3.572573770267073456e-02 -3.217317352355930637e-02 -9.843659985820707448e-02
1.061059336297089928e-01 3.643443961255155017e-02 -3.023020676732812717e-02 -1.123101664749324158e-01
8.491143157094427352e-02 3.635483252378080010e-02 -3.410711181703973693e-02 -8.715915227768533668e-02
8.505277931374788380e-02 3.916342520314586295e-02 -3.189110719155241469e-02 -9.232509732534044389e-02
8.312414204345497382e-02 3.548684399353163599e-02 -1.657531322608818414e-02 -1.020356728108975375e-01
9.539440182285208181e-02 2.604115408852702984e-02 -3.980428087016285588e-02 -8.163127504121803213e-02
9.394372218156910037e-02 1.780696224806987971e-02 -2.662560439146499647e-02 -8.512508003817131907e-02
1.041165182931678146e-01 2.679046474964152935e-02 -3.224876914504015701e-02 -9.865821389776918693e-02
9.981928930464878391e-02 4.438368535640258017e-02 -3.835007341147456117e-02 -1.058529012495768029e-01
8.397416897984921746e-02 9.329182183116735416e-03 -1.340780113781114835e-02 -7.989555002515746907e-02
1.031566419338414420e-01 3.150954741527201008e-02 -3.799225129069494500e-02 -9.667393805841850707e-02
1.210121663991632346e-01 3.112800107478541634e-02 -4.642810358373505863e-02 -1.057120638902135923e-01
1.038800622817408481e-01 3.319938656069343352e-02 -3.003974206179282902e-02 -1.070397067806450053e-01
1.061458966971127182e-01 3.016293535975567153e-02 -4.732257425961083896e-02 -8.898625779725488627e-02
1.136940705370976801e-01 3.557972683658494617e-02 -3.229651659880072856e-02 -1.169772807748827859e-01
1.058446220983704222e-01 4.425451559083892761e-02 -3.655652436652889747e-02 -1.135426133226822287e-01
1.158333556230788375e-01 3.351506166913686968e-02 -4.222764244743792972e-02 -1.071207748447822183e-01
8.980199212393902286e-02 5.299766557098539721e-02 -3.039699385973637646e-02 -1.124026638351889318e-01
9.801219999366228564e-02 4.281977545450477152e-02 -2.223988160708945117e-02 -1.185920938410793823e-01
1.171445145557479250e-01 3.124977463610267847e-02 -3.623779099067991893e-02 -1.121564982011689082e-01
9.894375259372356624e-02 3.519963552239602222e-02 -2.139906806732838618e-02 -1.127443200487929786e-01
1.039120837212683668e-01 2.334396326730736604e-02 -3.549294848167061645e-02 -9.176309850690778092e-02
1.089750646975575776e-01 4.540543569424926318e-02 -4.345221116854247612e-02 -1.109282892232599238e-01
8.006771144135615970e-02 2.927245839801528859e-02 -2.231949343784389583e-02 -8.702067640152666428e-02
1.002787916235137189e-01 3.796222538486215825e-02 -3.451314915145253792e-02 -1.037278678569251156e-01
1.167835209497454230e-01 3.415922653648006957e-02 -4.027182314941768482e-02 -1.106709243368060314e-01
9.910127479157093688e-02 3.741755224181808615e-02 -9.985958373461834015e-03 -1.265328686599289654e-01
1.288834857280916069e-01 5.054607189847182269e-02 -5.649857927854373685e-02 -1.229309783480188045e-01
1.005632462268399863e-01 4.728451987429416192e-02 -3.506983302489530274e-02 -1.127779330762379573e-01
1.286385039977364642e-01 3.518951585441154606e-02 -4.066142216701695844e-02 -1.231665976851292754e-01
1.226272476953225166e-01 2.248960716278247673e-02 -2.533517994096090575e-02 -1.197816749171431994e-01
9.775873262947332165e-02 2.923337515767254757e-02 -3.679975563709092512e-02 -9.019235215005583228e-02
1.035969042913968963e-01 5.064138568116316463e-02 -3.586320121234898295e-02 -1.183750887602101898e-01
1.263246329487266451e-01 4.035580489971302143e-02 -3.797482367759652533e-02 -1.287056141708440293e-01
8.200198700334926372e-02 2.866805328082300264e-02 -2.235578965278861574e-02 -8.831425063138453879e-02
9.994492642128882665e-02 3.879652597942051528e-02 -3.908369124315402843e-02 -9.965776115755264897e-02
1.114218147927381608e-01 4.892419636288103391e-02 -3.847821911425342023e-02 -1.218677920413657745e-01
1.148426264681265963e-01 4.371283197345565696e-02 -3.156843987724133882e-02 -1.269870185643391380e-01
1.111034716157019986e-01 3.202451173662979045e-02 -3.917464219447897023e-02 -1.039533411578510425e-01
1.066987556523582015e-01 1.826646274904586420e-02 -3.207798476587431225e-02 -9.288723363553152979e-02
1.053555039742510857e-01 4.935350538542770948e-02 -4.021631132777692130e-02 -1.144926980319000975e-01
1.079153328656898836e-01 4.564262310683808721e-02 -3.731860147079846257e-02 -1.162393545017277319e-01
8.732912277172921733e-02 2.713781813572779811e-02 -1.728798377161577804e-02 -9.717895713584123740e-02
6.012405448229962701e-02 4.173144377766835333e-02 -2.287800545489382387e-02 -7.897749280507326830e-02
1.187418343469461846e-01 3.065499610844124589e-02 -2.843228009331433270e-02 -1.209645503620704332e-01
1.086063905557743681e-01 1.777058723915025951e-02 -2.594116939737123317e-02 -1.004358083975551708e-01
1.241541690298557654e-01 3.483136858725099927e-02 -2.660371838614317141e-02 -1.323818192309653696e-01
1.186991695526220525e-01 2.960302906534906242e-02 -3.094210957336684942e-02 -1.173600890446042655e-01
9.012981644970174955e-02 3.541162492468430401e-02 -2.903760180174597139e-02 -9.650383957263919399e-02
1.132890955073140304e-01 4.249769513180901015e-02 -4.261497659216129108e-02 -1.131718140469608613e-01
7.458532826167019181e-02 2.806436235182552252e-02 -2.939683189448594192e-02 -7.325285871900888424e-02
9.711422310760742249e-02 3.917615797339912831e-02 -2.202151613795511054e-02 -1.142688649430514403e-01
9.386087818103128200e-02 4.173365696695618965e-02 -3.262974600987789131e-02 -1.029647891381086922e-01
9.534640240784852949e-02 3.949642172171152765e-02 -3.630110347984949470e-02 -9.854172064970967426e-02
1.247537255793504940e-01 2.729406092791819560e-02 -3.716687707527288609e-02 -1.148809094319949153e-01
9.481252693654873553e-02 2.001536088726130203e-02 -3.770975413378874208e-02 -7.711813369002218366e-02
1.228966922649386007e-01 3.244819179358593431e-02 -2.930688123828506519e-02 -1.260380028202376934e-01
1.028173964676000196e-01 2.498030233115500209e-02 -3.206225277066199197e-02 -9.573544602809302972e-02
6.793671779535159772e-02 2.511412792938294558e-02 -3.123677923548484614e-02 -6.181406648924880898e-02
1.225020646645278433e-01 2.807824767971922597e-02 -4.517655257845909489e-02 -1.054037597657888625e-01
1.225788119136739240e-01 3.254720947131328757e-02 -3.271200029643228646e-02 -1.224140210885575897e-01
9.643644402758333456e-02 2.601272057510151114e-02 -1.692116427136269863e-02 -1.055280003313203707e-01
1.101001642905732325e-01 4.181501318989777616e-02 -4.951102078777491755e-02 -1.024041566926960911e-01
9.032551797479815292e-02 1.831312413360741687e-02 -2.037213187697783923e-02 -8.826651023142595420e-02
1.038673531595959432e-01 2.072077448523401699e-02 -1.059518599990205701e-02 -1.139929416449261268e-01
9.525459389066082139e-02 2.028178765594823574e-02 -1.436223264328262417e-02 -1.011741489033264330e-01
1.100630659358259322e-01 4.258785396581288296e-02 -2.790711324712447094e-02 -1.247438066545143442e-01
9.947948630101244305e-02 2.092988512788807043e-02 -2.491822892486705854e-02 -9.549114250403523130e-02
8.678922553582513189e-02 3.536976514854828224e-02 -2.086412362227196837e-02 -1.012948670620987812e-01
1.031893520317472834e-01 3.055123395084446969e-02 -3.245388388183911843e-02 -1.012867021007535229e-01
1.034056971136392278e-01 2.858506785437686659e-02 -2.176425021041605845e-02 -1.102265147576009241e-01
9.748784799079235341e-02 2.867292080763306217e-02 -3.819574684297322165e-02 -8.796502195545308211e-02
9.170075248468467777e-02 2.387935947702146677e-02 -3.253108370269597316e-02 -8.304902825901017138e-02
1.029836989610037890e-01 2.775314088220959263e-02 -4.308841222879866706e-02 -8.764842761441471453e-02
8.068026909637104893e-02 3.073489609661628208e-02 -1.871108289134326697e-02 -9.270408230164584040e-02
1.017830857977033432e-01 3.364755307371147808e-02 -2.380277772615890797e-02 -1.116278611452568015e-01
9.801215465783741365e-02 4.418143460669110567e-02 -4.839259795246064755e-02 -9.380099131206787177e-02
1.045678402788832173e-01 2.958545134096457474e-02 -2.826442767708314818e-02 -1.058888639427628675e-01
9.799283019578641785e-02 3.777494669662040394e-02 -4.442929856440258618e-02 -9.133847832800423561e-02
8.984844247446854837e-02 3.944332665752270373e-02 -3.116972671911089066e-02 -9.812204241287858508e-02
9.869482003934137992e-02 4.314143005635440176e-02 -4.945445052559449550e-02 -9.238179957010217436e-02
9.232478481070316434e-02 3.625915240289323549e-02 -3.629609517754683878e-02 -9.228784203604867287e-02
7.328997076242771413e-02 3.486015019822641392e-02 -4.280575684589926766e-02 -6.534436411475574857e-02
9.815905947923742048e-02 1.952097927427942636e-02 -3.257995100826072132e-02 -8.510008774525612552e-02
8.137517802859939309e-02 3.015369486794128306e-02 -2.593254663953192818e-02 -8.559632625700608344e-02
9.791637597835656237e-02 3.283628241203473408e-02 -3.281653815776230942e-02 -9.793612023262632249e-02
8.501336721370300609e-02 3.641927956340840211e-02 -3.344322485853812310e-02 -8.798942191857062056e-02
7.298175084380353894e-02 3.728923315579013575e-02 -2.740225800219953101e-02 -8.286872599739414369e-02
9.230713522092237611e-02 2.637252813440227328e-02 -3.084758629548911557e-02 -8.783207705983819835e-02
7.763225345823698831e-02 3.730697900666335443e-02 -2.593977599416419366e-02 -8.899945647073792543e-02
6.178875915842407807e-02 1.964585370611615645e-02 -2.470232126155380570e-02 -5.673229160298554064e-02
1.145699030216746905e-01 5.320144943661375692e-02 -3.989419329239396461e-02 -1.278771591658927065e-01
1.021817649125766891e-01 1.793216557854204751e-02 -3.912361103885508840e-02 -8.099031945226009555e-02
1.204782715406276239e-01 3.946909087399141924e-02 -3.012485480026683149e-02 -1.298225076143495471e-01
1.031062585299533652e-01 4.194172619777436495e-02 -4.385324513778865452e-02 -1.011947395899408519e-01
9.693409406027342357e-02 3.009613584283865606e-02 -3.642836727311582479e-02 -9.060186262999536666e-02
1.077573331881227503e-01 3.238643943188534990e-02 -3.042622559581698027e-02 -1.097175470241928963e-01
1.036534083557265618e-01 3.201632779153928965e-02 -3.437429162377014791e-02 -1.012954445234957035e-01
1.087048258037519588e-01 2.762558937877734877e-02 -4.618545461974044031e-02 -9.014496056279064362e-02
1.153164288891996847e-01 2.649304250908723901e-02 -3.451328291829458550e-02 -1.072961884799941146e-01
1.002048017085837017e-01 4.049461800069931172e-02 -2.547297317622820856e-02 -1.152264465330574694e-01
1.031654455044641594e-01 2.637266115285985535e-02 -3.440152157153253398e-02 -9.513658508579325712e-02
1.062602723744774380e-01 2.931022514033188031e-02 -1.950734504444007200e-02 -1.160631524703692463e-01
9.507297215533050405e-02 3.141062553396256618e-02 -3.729239961629282618e-02 -8.919119807299757952e-02
1.073386384125978310e-01 3.750561660580942203e-02 -3.675659862753288820e-02 -1.080876563908734767e-01
1.066988999156484041e-01 3.433553575583214723e-02 -4.743205453203191979e-02 -9.360238113945040794e-02
1.241643678517334592e-01 3.668056291122301360e-02 -3.889430553954298375e-02 -1.219506252234134891e-01
1.026368127775043604e-01 3.692353934377567981e-02 -4.955903919674042868e-02 -9.000131292453872334e-02
1.127992166182112399e-01 2.992862454525013760e-02 -3.822696057487640076e-02 -1.045008805885840886e-01
1.157908994880587628e-01 4.251935873207557393e-02 -2.771765434355888402e-02 -1.305926038765754527e-01
1.057735842460072462e-01 3.434049217745549498e-02 -4.658933980848711798e-02 -9.352473661497651136e-02
1.124238912066095608e-01 3.320090749603643587e-02 -4.600290744407864452e-02 -9.962189125856646399e-02
9.654051060643364934e-02 1.199096279829081624e-02 -1.811673168735339345e-02 -9.041474171736751941e-02
1.108402286922256508e-01 2.144737770091342810e-02 -3.587102905441419409e-02 -9.641657733872399660e-02
9.709812117469596160e-02 5.689583845090506742e-02 -4.549392918783290440e-02 -1.085000304377681246e-01
9.766013677470564147e-02 4.236899462580634435e-02 -3.087200636839426693e-02 -1.091571250321194952e-01
1.116633708962151417e-01 3.528378011495902911e-02 -4.474720809992760451e-02 -1.021999429112465663e-01
1.135694244836242817e-01 4.134765152043229364e-02 -3.516298165751852167e-02 -1.197540943465362773e-01
1.159097020850143878e-01 3.532318394041222831e-02 -3.101283600301485421e-02 -1.202200500224099855e-01
8.803214623372834780e-02 3.594562151149816032e-02 -4.349203533450118897e-02 -8.048573241072620732e-02
1.064716186448615431e-01 4.196974098785233309e-02 -3.280588161645869860e-02 -1.156354780162542895e-01
1.121749337437840666e-01 4.276154449196578611e-02 -4.944185048589755382e-02 -1.054946277498540752e-01
9.669629753774966474e-02 2.512483207025884013e-02 -2.494238215387678537e-02 -9.687874745412994315e-02
9.440250216610657219e-02 5.033020555969702770e-02 -3.350026553572771348e-02 -1.112324421900741100e-01
1.035358235320567033e-01 3.482449928991648846e-02 -3.551175209301060676e-02 -1.028485707289643614e-01
1.030407606061451986e-01 2.084288880948559353e-02 -2.918007189463001083e-02 -9.470357752100255766e-02
1.021182380063700990e-01 2.965886509792081682e-02 -3.656732232254000792e-02 -9.520978078175001968e-02
1.161145302550101732e-01 4.900825451498302954e-02 -4.096619584760397004e-02 -1.241565889223910091e-01
7.377278751648574939e-02 2.830188025248592254e-02 -1.852921713341526555e-02 -8.354545063555374185e-02
1.136221389500322587e-01 2.485236193107542846e-02 -3.220871630233812510e-02 -1.062657845787704503e-01
1.139551201105906131e-01 3.141649531404411277e-02 -3.720635253777082596e-02 -1.081652628868630117e-01
1.007775305874911709e-01 3.643228313064383883e-02 -3.941433846669006869e-02 -9.779547525144671738e-02
1.127304231071217799e-01 1.545961919885741054e-02 -2.771675415046814805e-02 -1.004732881555110424e-01
1.150026745741117296e-01 2.007447182452537504e-02 -3.092087197593684778e-02 -1.041562744227002568e-01
8.459159568013685515e-02 3.521978455957874843e-02 -3.265667437418517949e-02 -8.715470586552864773e-02
9.783002205304303089e-02 4.302641748520663612e-02 -2.935505748341693533e-02 -1.115013820548327317e-01
1.021999465221528069e-01 5.181198802421960181e-02 -3.315610807556002015e-02 -1.208558264708106122e-01
9.531459518287554999e-02 4.652556653941708475e-02 -3.489951053385897950e-02 -1.069406511884345434e-01
1.136422153801968093e-01 2.892017368013810596e-02 -4.195313096248742823e-02 -1.006092580978510398e-01
1.011085024708924252e-01 3.607989451523874180e-02 -4.048821133503466285e-02 -9.670018565109383957e-02
8.344276154266161427e-02 3.382891195494774905e-02 -3.461740139853386466e-02 -8.265427209907549866e-02
1.113759354381533839e-01 5.664278815782264331e-02 -3.227174314325864657e-02 -1.357469804527156043e-01
1.170736074614096012e-01 2.610726439496158235e-02 -4.548140185080651321e-02 -9.769947000556555849e-02
1.058279129760855142e-01 2.993657268066307608e-02 -3.068238255856137187e-02 -1.050821030981863302e-01
1.111008223162164299e-01 2.843411699130271586e-02 -3.695733643778620348e-02 -1.025776028697338305e-01
9.709537133679901899e-02 3.009826061789055984e-02 -3.456123150635193042e-02 -9.263240044833676023e-02
9.094046909656405830e-02 4.327085678673547875e-02 -4.666733955844559745e-02 -8.754398632485393961e-02
1.049519079674761102e-01 2.211620282988757680e-02 -3.284736195196114039e-02 -9.422074884540165840e-02
9.326894923521411584e-02 3.319760001504601377e-02 -4.215842832564575815e-02 -8.430812092461614782e-02
1.049962508542527928e-01 1.527306223618207781e-02 -3.293507542932871957e-02 -8.733423766110348652e-02
1.073010200984239049e-01 2.417369417337855708e-02 -2.737398227842380294e-02 -1.041007319933822117e-01
1.067081087392045546e-01 2.057739034292627167e-02 -3.756546577846986423e-02 -8.972003330365829754e-02
9.012325370900153843e-02 2.118572940454033215e-02 -2.626748854318439186e-02 -8.504149457035481419e-02
9.732338271338125679e-02 2.192506056243725965e-02 -3.163578959982338290e-02 -8.761265367599690990e-02
1.129542063270116969e-01 1.818649677610562065e-02 -2.625992062880744271e-02 -1.048807824743089867e-01
9.802701333315955168e-02 4.047823577070897016e-02 -4.632038402037075286e-02 -9.218486508349421626e-02
9.087223945422007176e-02 4.070314274714093017e-02 -4.269150634772955755e-02 -8.888387585363055621e-02
7.973437559716689549e-02 3.774354089730547201e-02 -2.440344840608510424e-02 -9.307446808838726326e-02
1.110312720689625721e-01 2.184421639256850511e-02 -3.916759316608953156e-02 -9.370789529544065743e-02
9.471036931314458229e-02 4.729470457057072252e-02 -3.168677192100854967e-02 -1.103183019627032024e-01
1.142877217972291248e-01 2.940469746342966317e-02 -3.801649744232982187e-02 -1.056759218183271898e-01
1.061256759600563981e-01 3.815169622552883055e-02 -3.425088851459001660e-02 -1.100264836709952121e-01
1.072053397274377318e-01 3.588275432612686444e-02 -2.677274299517407030e-02 -1.163153510583887495e-01
9.167691269548061683e-02 2.909900231032036544e-02 -2.625310780715661707e-02 -9.452280719864436520e-02
9.612330313076888899e-02 3.210670489037426023e-02 -4.621573831776437657e-02 -8.201426970337877265e-02
9.598121480686394591e-02 3.258388132448430952e-02 -3.150345345539129482e-02 -9.706164267595784878e-02
9.682015160766965778e-02 5.045342789318318921e-02 -4.311341165688808985e-02 -1.041601678439656453e-01
9.514911903856049236e-02 2.461810421017496253e-02 -3.347460169560712018e-02 -8.629262155312833471e-02
8.984880212302659430e-02 4.220230384811696212e-02 -4.242457812175448595e-02 -8.962652784939173500e-02
8.567204155162411183e-02 3.752632189728544176e-02 -2.132677412986705434e-02 -1.018715893190407229e-01
9.134083402038584154e-02 4.097470363786648306e-02 -2.178901432026414398e-02 -1.105265233379899570e-01
9.539487814796565601e-02 3.504811566449461679e-02 -2.909749302834274687e-02 -1.013455007841157496e-01
1.115436370827556090e-01 3.299030689735182875e-02 -4.132609069371717680e-02 -1.032078532863902609e-01
1.017066048017438717e-01 3.830266244639801698e-02 -4.284788745235612595e-02 -9.716137979578665096e-02
1.025431996687284908e-01 3.799305271827702057e-02 -3.328177885266736524e-02 -1.072544735343381461e-01
1.004911780459787352e-01 2.584529711011374076e-02 -2.700844883722108847e-02 -9.932802631886961109e-02
1.041683533940140904e-01 2.814565374802580067e-02 -3.560527621777698215e-02 -9.670873092426113260e-02
1.034681793823333251e-01 3.853708230373875665e-02 -4.161187836357171932e-02 -1.003933833225003625e-01
9.095463688149507675e-02 4.056875052123221082e-02 -3.109451764972259724e-02 -1.004288697530029140e-01
1.290375284981486459e-01 3.780824403881322127e-02 -4.849554212662710029e-02 -1.183502304103356551e-01
1.036494281122779526e-01 4.229791599660259749e-02 -3.884777643586900808e-02 -1.070995676730088775e-01
9.286554124827528511e-02 4.009890625994838587e-02 -7.190690222389051200e-03 -1.257737572858372843e-01
1.110750204638728533e-01 4.073680054001815876e-02 -3.995283946439354139e-02 -1.118589815395001352e-01
9.800976777895353820e-02 2.984160149692272057e-02 -2.612771490921961259e-02 -1.017236543666548698e-01
8.339802822491826362e-02 4.109505144991842940e-02 -4.002518415078970548e-02 -8.446789552404965207e-02
1.110648632502240218e-01 2.151673938644815820e-02 -1.403463539318927644e-02 -1.185469672434855681e-01
1.226642290225852250e-01 3.223250219294282459e-02 -3.967439139412931581e-02 -1.152223398213969574e-01
8.285508210117420447e-02 5.070038147456656930e-02 -4.042121783178398431e-02 -9.313424574395412492e-02
9.780593286273564502e-02 4.726489583037452036e-02 -3.454835233711417430e-02 -1.105224763559959911e-01
9.747293232633147397e-02 2.840332274717738414e-02 -3.071862531465185953e-02 -9.515762975885877495e-02
1.086408023842206916e-01 3.932723195110821024e-02 -3.655546364490724898e-02 -1.114125706904216528e-01
1.093143622688987904e-01 2.924560852083590845e-02 -1.632159698526169933e-02 -1.222383738044721113e-01
1.010209688257521776e-01 3.929384158833215679e-02 -3.587891017604150079e-02 -1.044359002380401691e-01
9.493147207260932419e-02 3.861923611345119411e-02 -3.513162353888699130e-02 -9.841908464717441518e-02
9.702469050413675689e-02 4.758483781609346153e-02 -3.180685121879101018e-02 -1.128026771014400964e-01
1.070869920325057123e-01 4.725290860860731357e-02 -3.744100097553193507e-02 -1.168988996655819790e-01
1.052518597658194111e-01 3.435739872679377527e-02 -3.149389685669756744e-02 -1.081153616359147307e-01
9.146634233807038328e-02 2.310383576140306872e-02 -2.734573868539946773e-02 -8.722443941407131973e-02
9.240783082615244837e-02 3.966632905536560116e-02 -3.775731709634655431e-02 -9.431684278517238340e-02
1.061956198344899960e-01 3.413124458055971644e-02 -2.756531588086374995e-02 -1.127615485341859625e-01
1.081133386197343782e-01 4.337449413908966989e-02 -5.776008082167205515e-02 -9.372775193715465747e-02
1.015906508619783821e-01 3.198957484705555743e-02 -3.053933999499847118e-02 -1.030408857140372447e-01
9.399539109080023991e-02 3.759835455397997350e-02 -3.245569152337335339e-02 -9.913805412140508366e-02
1.022783433386260654e-01 5.970629751283862419e-02 -4.446117877518496186e-02 -1.175234620762761750e-01
1.301120080359163822e-01 2.403908629632400817e-02 -2.996355288723240307e-02 -1.241875414450106518e-01
