3.776352195754855146e-01 1.161863048782505459e-01 -1.231848872786569515e-01 -3.706366371750764444e-01
3.725060663669772509e-01 1.150153132518330068e-01 -1.250188751050966829e-01 -3.625025045137135749e-01
3.934701670745308633e-01 1.196347465595515303e-01 -1.235280475746280970e-01 -3.895768660594542965e-01
3.386553579277480353e-01 1.085909720477431506e-01 -1.049743821356852180e-01 -3.422719478398095205e-01
3.903199304829580996e-01 1.224621475836018547e-01 -1.359268816019527648e-01 -3.768551964646063013e-01
3.582359891309740973e-01 1.102903543679714105e-01 -1.102702905835011293e-01 -3.582560529154417139e-01
4.071054836092393714e-01 1.373460645052588802e-01 -1.446085371354906002e-01 -3.998430109790085396e-01
3.667994634057256675e-01 1.362471577509998255e-01 -1.359053694772676124e-01 -3.671412516794596570e-01
3.621700870843698183e-01 1.060905166917729403e-01 -1.063194152591240282e-01 -3.619411885170196186e-01
3.723387254547709801e-01 1.329296796740520037e-01 -1.261858094619148218e-01 -3.790825956669099384e-01
3.775585596522192944e-01 1.220115963179573271e-01 -1.121063488505980033e-01 -3.874638071195768418e-01
3.736874193278554301e-01 1.275084684444669492e-01 -1.364197380302494267e-01 -3.647761497420720644e-01
4.270006592228421383e-01 1.438753422350798061e-01 -1.465875351434116070e-01 -4.242884663145094493e-01
4.052539180406133923e-01 1.337956248131177972e-01 -1.323251740158868373e-01 -4.067243688378443522e-01
3.922499757583866042e-01 1.204261280699014947e-01 -1.333892864552259638e-01 -3.792868173730630232e-01
3.894639939359860747e-01 1.329688485736948422e-01 -1.372425851912373318e-01 -3.851902573184426970e-01
4.024089934410675085e-01 1.257455141510712693e-01 -1.396306810241592089e-01 -3.885238265679786807e-01
3.746255395034143731e-01 1.194231333018747065e-01 -1.179851896760828467e-01 -3.760634831292062330e-01
4.157276068768540611e-01 1.302855406865450760e-01 -1.342502624731434224e-01 -4.117628850902583793e-01
3.548731208567534878e-01 1.240089739305636485e-01 -1.130305356177689902e-01 -3.658515591695472580e-01
4.118066369070936261e-01 1.368538483801229333e-01 -1.538985163650812282e-01 -3.947619689221379957e-01
3.482737105171578307e-01 1.090827390126785090e-01 -1.140804753589073073e-01 -3.432759741709272561e-01
3.889824392878633574e-01 1.248424543350008520e-01 -1.374932937086574825e-01 -3.763315999142067270e-01
3.686245314992229183e-01 1.249625807279635126e-01 -1.146197141347125026e-01 -3.789673980924730401e-01
3.733089661951867200e-01 1.252510539388600463e-01 -1.208198680253147472e-01 -3.777401521087337954e-01
3.640125720886464578e-01 1.274500886164409152e-01 -1.206650527526047512e-01 -3.707976079524817337e-01
3.756207203152737151e-01 1.297198514614423814e-01 -1.273432255117299405e-01 -3.779973462649870442e-01
3.594531954044066779e-01 1.389382060018737874e-01 -1.244646642226001632e-01 -3.739267371836803022e-01
3.861396396816312304e-01 1.223006549317968705e-01 -1.429418455062325677e-01 -3.654984491071973096e-01
3.731956675393375278e-01 1.348891048282876426e-01 -1.270470799265837059e-01 -3.810376924410414645e-01
3.675219965514298082e-01 1.191599190085534943e-01 -1.263347941298818000e-01 -3.603471214300988379e-01
3.365821596091542744e-01 1.167056957165355513e-01 -1.028752173984051055e-01 -3.504126379272829439e-01
3.506670209823736784e-01 1.078213713784554884e-01 -1.156823780403568591e-01 -3.428060143204723076e-01
3.216033733244394455e-01 1.213196125703772665e-01 -1.243931245707843303e-01 -3.185298613240306054e-01
3.322985171446690700e-01 1.182322032945277712e-01 -1.124610484697070589e-01 -3.380696719694897823e-01
3.438569871648171627e-01 1.113051628031724860e-01 -1.170940086537308744e-01 -3.380681413142596625e-01
3.424868819577460144e-01 1.340317038473424205e-01 -1.344812327249593764e-01 -3.420373530801290585e-01
3.886916820718147036e-01 1.408327533641102747e-01 -1.321363941063617986e-01 -3.973880413295614034e-01
3.665069003988055130e-01 1.206408410658870167e-01 -1.258429347094400796e-01 -3.613048067552515619e-01
3.631951973978058135e-01 1.099896976160064099e-01 -1.109080487003133442e-01 -3.622768463134971029e-01
3.581770874656511339e-01 1.284761425872638085e-01 -1.109805626932018896e-01 -3.756726673597130528e-01
3.277790240613995820e-01 1.108446271304748265e-01 -1.138710156371702809e-01 -3.247526355547023513e-01
3.638044769671235912e-01 1.185563315081727964e-01 -1.197631725913153034e-01 -3.625976358839801961e-01
3.388003477832510768e-01 1.055163801715472971e-01 -1.170178986685046496e-01 -3.272988292862928361e-01
3.327087186731345625e-01 1.219324552742131473e-01 -1.236945341012640753e-01 -3.309466398460818581e-01
3.425144858238722279e-01 1.206804247705406397e-01 -1.212511664581912285e-01 -3.419437441362198626e-01
3.541285699128460251e-01 1.250165946026911001e-01 -1.120217878586906579e-01 -3.671233766568438028e-01
3.158278384484001222e-01 1.129707332553273602e-01 -1.147022197025897583e-01 -3.140963520011350596e-01
3.544087945709053500e-01 1.077421980777479860e-01 -1.129316547322094522e-01 -3.492193379164412192e-01
3.613823730623586528e-01 1.210361707814797683e-01 -1.265557976777795801e-01 -3.558627461660588409e-01
3.365603015427618416e-01 1.152183323122963898e-01 -1.135489938982852109e-01 -3.382296399567756851e-01
3.490991201027258128e-01 9.992304534485718648e-02 -1.086773670685090565e-01 -3.403447983790757192e-01
3.831916213234007884e-01 1.251611714060878455e-01 -1.294166322593888196e-01 -3.789361604701024788e-01
3.576183002242716569e-01 1.130979765103168333e-01 -1.084284661185996868e-01 -3.622878106159888034e-01
3.308045606372758130e-01 1.150416995129175390e-01 -1.007043017268216545e-01 -3.451419584233708093e-01
3.475946794854491984e-01 1.026136960406516252e-01 -1.162555147916108922e-01 -3.339528607344899314e-01
3.429874130595829129e-01 1.240640542986914951e-01 -1.225478871204623843e-01 -3.445035802378102474e-01
3.434835095368526936e-01 1.112322535551628633e-01 -1.100847097733561597e-01 -3.446310533186593972e-01
3.098518193370729534e-01 1.148008643000606455e-01 -1.043284945426661281e-01 -3.203241890944674708e-01
3.877011134137111625e-01 1.211601526682377639e-01 -1.284504913378405888e-01 -3.804107747441065612e-01
3.458943900233455437e-01 1.208957763943638852e-01 -1.129021178884919152e-01 -3.538880485292175138e-01
3.512790604585145360e-01 1.153410456235253179e-01 -1.018260530418881871e-01 -3.647940530401525550e-01
3.193107199662339468e-01 1.105053245860752043e-01 -1.075872259834707023e-01 -3.222288185688366724e-01
3.665405843864695257e-01 1.347956207689167130e-01 -1.122362807230521398e-01 -3.890999244323358752e-01
3.432099007916944444e-01 1.065891976283825926e-01 -1.099975087132687435e-01 -3.398015897068100699e-01
3.731995358502775417e-01 1.128557895643185205e-01 -1.186790856183037590e-01 -3.673762397962896387e-01
3.262158716401151182e-01 9.920861314757178917e-02 -1.014290884776052337e-01 -3.239953963100816736e-01
3.453102763964865929e-01 1.178256776562873753e-01 -1.219969821432629331e-01 -3.411389719095101469e-01
3.596736941077143257e-01 1.109669735625553599e-01 -1.109565539535832812e-01 -3.596841137166872926e-01
3.699042249408144301e-01 1.209145759337637571e-01 -1.074399368914029651e-01 -3.833788639831752221e-01
3.581323798105975342e-01 1.207170357573135178e-01 -1.253546403236525109e-01 -3.534947752442612057e-01
3.756901565866481718e-01 1.281684700353382667e-01 -1.244527470777887501e-01 -3.794058795441994647e-01
3.696226692281516790e-01 1.176810979557378900e-01 -1.278915616973401725e-01 -3.594122054865476201e-01
3.688990162442085108e-01 1.253462324666552163e-01 -1.272677906368491207e-01 -3.669774580740154946e-01
3.582354420569364706e-01 1.036042086905020199e-01 -1.090869132591540946e-01 -3.527527374882826194e-01
3.969408373171319226e-01 1.188487509975884038e-01 -1.244163091892174222e-01 -3.913732791255011279e-01
3.622325081877093567e-01 1.124556160196936716e-01 -1.168060001418114169e-01 -3.578821240655907232e-01
3.695756752783463384e-01 1.243267700955836830e-01 -1.202015562424882944e-01 -3.737008891314426151e-01
3.469820105822014611e-01 1.185141035191872305e-01 -1.214337519600663384e-01 -3.440623621413223532e-01
3.819376183629943355e-01 1.248890858742299770e-01 -1.296404903634496009e-01 -3.771862138737755998e-01
3.609111471903894142e-01 1.129816433066963555e-01 -1.235169202839063729e-01 -3.503758702131758440e-01
3.918791874173157552e-01 1.091251997963684772e-01 -1.265861036078774760e-01 -3.744182836058085329e-01
3.841215154149857369e-01 1.180149934776455467e-01 -1.057194262861731460e-01 -3.964170826064599140e-01
3.244507617256084941e-01 1.169268500550408874e-01 -1.152509554274274706e-01 -3.261266563532192464e-01
3.388963918877951897e-01 1.126042965237346039e-01 -1.325729401080817382e-01 -3.189277483034498317e-01
3.957496844820180826e-01 1.239947133298660020e-01 -1.463059606360515019e-01 -3.734384371758316945e-01
3.253505633213586989e-01 1.189019691759876096e-01 -1.003096085433785589e-01 -3.439429239539695260e-01
3.626904005907221062e-01 1.199712219626762888e-01 -1.210247315663268708e-01 -3.616368909870733006e-01
3.536834382072688854e-01 9.752826283611515379e-02 -1.102759251782421401e-01 -3.409357758651445636e-01
3.647121945267564058e-01 1.282782886401125921e-01 -1.172707968749344687e-01 -3.757196862919354174e-01
3.258377702869212911e-01 1.134631067954519068e-01 -1.087972730465942561e-01 -3.305036040357780536e-01
3.681629484374902006e-01 1.255044695696669876e-01 -1.310124961227590035e-01 -3.626549218843999611e-01
3.966256441465674243e-01 1.164626438087283944e-01 -1.245685160072103059e-01 -3.885197719480864009e-01
3.258152988491413993e-01 9.914411117977284249e-02 -1.082862137288866933e-01 -3.166731963000257721e-01
3.437284097201160904e-01 1.140501940391756008e-01 -1.089516446603431277e-01 -3.488269590989467872e-01
3.220768361176160610e-01 1.053588325877523602e-01 -1.034240501291687764e-01 -3.240116185761969803e-01
3.619690428206228106e-01 1.226360077049877262e-01 -1.259901927989321990e-01 -3.586148577266774495e-01
3.708948981125281819e-01 1.153143292321727742e-01 -1.076131635739212555e-01 -3.785960637707770360e-01
3.636971310905332544e-01 1.193776835994118102e-01 -1.164771883972077759e-01 -3.665976262927355123e-01
3.780783337855382342e-01 1.245120341831640332e-01 -1.185048480912040958e-01 -3.840855198774981716e-01
3.814957796837505910e-01 1.179720549179199551e-01 -1.123607473082142150e-01 -3.871070872934563312e-01
3.402762671902594960e-01 1.054033192220193982e-01 -1.219639031720225475e-01 -3.237156832402554585e-01
3.777618118573027317e-01 1.247152079092010979e-01 -1.323329118302369878e-01 -3.701441079362641773e-01
3.548058096115083160e-01 1.263459185514754779e-01 -1.150178022377588150e-01 -3.661339259252223144e-01
3.612066738408810096e-01 1.154506258376315486e-01 -1.134450174591385974e-01 -3.632122822193757372e-01
3.418304146821169454e-01 1.270782678031956436e-01 -1.243685484006631370e-01 -3.445401340846503402e-01
3.541626924341434446e-01 1.223846363482250510e-01 -1.326101411713853651e-01 -3.439371876109822423e-01
3.731436905211076294e-01 1.187054074482647437e-01 -1.157884357266336650e-01 -3.760606622427395962e-01
3.523487252897821165e-01 1.144385349653740391e-01 -1.236032171508618660e-01 -3.431840431042951778e-01
3.762437779973177854e-01 1.267162156904682035e-01 -1.412266737451464138e-01 -3.617333199426386869e-01
4.018245912106976903e-01 1.259238482175906171e-01 -1.363339105949004093e-01 -3.914145288333870099e-01
3.599775887154619269e-01 1.148238048719987248e-01 -1.155641828209050814e-01 -3.592372107665537939e-01
3.401688308460251164e-01 1.117466003362688198e-01 -1.096373207736736077e-01 -3.422781104086221049e-01
3.598452279796928721e-01 1.140475493636810000e-01 -1.195630965066163398e-01 -3.543296808367584205e-01
3.602779620461484811e-01 1.224051733251876328e-01 -1.244112837907822566e-01 -3.582718515805538573e-01
4.062268442924468204e-01 1.401240094209983411e-01 -1.369814081834901387e-01 -4.093694455299559110e-01
3.502225011701467494e-01 1.075174142425430190e-01 -1.144237077432750382e-01 -3.433162076694120657e-01
3.477865168627705117e-01 1.137610070018704178e-01 -1.121436302022367215e-01 -3.494038936624033198e-01
3.944135052988428924e-01 1.220155489601886245e-01 -1.211412123805670760e-01 -3.952878418784635528e-01
4.062611796503192707e-01 1.487901682960961480e-01 -1.465781525076099712e-01 -4.084731954388045594e-01
3.794218779657185792e-01 1.299217817591067359e-01 -1.313903794130606428e-01 -3.779532803117646722e-01
3.811107758427851877e-01 1.177033968911791462e-01 -1.323278331688237941e-01 -3.664863395651369871e-01
3.582953866003917298e-01 1.176138552898358114e-01 -1.120974709170594608e-01 -3.638117709731716332e-01
3.999276633969088834e-01 1.211221042304044815e-01 -1.287619785489448887e-01 -3.922877890783693644e-01
3.719603470659924582e-01 1.330343974095447024e-01 -1.272077451771735923e-01 -3.777869992983635683e-01
3.548664684927915758e-01 1.194419022153327958e-01 -1.195113967283765177e-01 -3.547969739797487421e-01
4.074063343662501779e-01 1.278844161652212819e-01 -1.366921717784057577e-01 -3.985985787530683666e-01
3.607744587098578037e-01 1.300740497685701769e-01 -1.297424969809837236e-01 -3.611060114974424806e-01
3.570548837069100756e-01 1.065182888001912076e-01 -1.070013165450784953e-01 -3.565718559620201233e-01
3.667215787257287474e-01 1.226539397801440501e-01 -1.271123532847706628e-01 -3.622631652211056874e-01
3.967646269162976580e-01 1.476277372629066775e-01 -1.570320278877819220e-01 -3.873603362914241899e-01
3.763310795018899313e-01 1.384806740343043074e-01 -1.411959656371113425e-01 -3.736157878990837844e-01
3.605271670114911231e-01 1.251531827803793462e-01 -1.179686795956804701e-01 -3.677116701961864464e-01
4.075965317285197287e-01 1.315390805769691696e-01 -1.317356480467442026e-01 -4.073999642587438075e-01
4.042588714824493223e-01 1.327404915064116508e-01 -1.370712400182085844e-01 -3.999281229706532770e-01
3.937563175938327831e-01 1.186601285451507337e-01 -1.332661110220785261e-01 -3.791503351169023261e-01
3.980843746508524461e-01 1.248657061875046992e-01 -1.233637534820690718e-01 -3.995863273562889617e-01
4.271447017724954165e-01 1.350124376214791866e-01 -1.500155157799101246e-01 -4.121416236140635903e-01
4.105315849095330094e-01 1.181911729490945362e-01 -1.328999203261140849e-01 -3.958228375325116843e-01
3.712253851788211989e-01 1.352982476684143620e-01 -1.270297163695728315e-01 -3.794939164776636176e-01
4.112470279725943811e-01 1.366361197690233453e-01 -1.335759752673224554e-01 -4.143071724742952711e-01
3.725818354326460025e-01 1.166344225702502513e-01 -1.127837035964089907e-01 -3.764325544064881512e-01
4.037703771009581999e-01 1.379674958558645415e-01 -1.320104781596249666e-01 -4.097273947971977748e-01
3.935557687602635468e-01 1.081240398857872265e-01 -1.368812467646316477e-01 -3.647985618814217901e-01
3.852110576149883059e-01 1.197266024569856313e-01 -1.223361118184671525e-01 -3.826015482535076728e-01
3.756228201041045267e-01 1.391270829153654631e-01 -1.239793651849154799e-01 -3.907705378345562863e-01
4.046023238968521341e-01 1.208049174129657288e-01 -1.291116599459734005e-01 -3.962955813638444624e-01
4.021065016824394434e-01 1.298320518434081805e-01 -1.365291162580213324e-01 -3.954094372678236269e-01
3.967562772204136223e-01 1.296801095458928188e-01 -1.254102070517726375e-01 -4.010261797145346918e-01
4.056693838578260269e-01 1.339469364434346943e-01 -1.407152773664988032e-01 -3.989010429347583653e-01
4.141022986284657037e-01 1.354027580330265934e-01 -1.278697851508141525e-01 -4.216352715106772564e-01
3.861095405441314909e-01 1.262214355013879796e-01 -1.201420008390972072e-01 -3.921889752064240398e-01
4.228203810593154088e-01 1.448413467872136096e-01 -1.500139544569485395e-01 -4.176477733895804789e-01
3.574648534383220166e-01 1.288388624856997566e-01 -1.295836064471815874e-01 -3.567201094768401859e-01
3.554464020298331306e-01 1.226202451194744469e-01 -1.100381195372683862e-01 -3.680285276120383031e-01
3.879469974740725746e-01 1.413860787028475841e-01 -1.239908410478225420e-01 -4.053422351290993930e-01
4.215324207703616821e-01 1.244575763413537928e-01 -1.401681080709149541e-01 -4.058218890408031854e-01
3.488263953154104868e-01 1.127595553812374973e-01 -1.100798620299539010e-01 -3.515060886666931950e-01
3.989063474274470167e-01 1.334196641363600833e-01 -1.434944855742479319e-01 -3.888315259895582798e-01
3.979547042045217253e-01 1.273581542176733805e-01 -1.228541681842498789e-01 -4.024586902379452269e-01
3.938983399282776077e-01 1.155646712066467074e-01 -1.126700681836378948e-01 -3.967929429512855322e-01
3.449874469817109102e-01 1.234947739326361926e-01 -1.297863435383623809e-01 -3.386958773759829455e-01
3.687285478109556536e-01 1.306209700398799356e-01 -1.200325890003570706e-01 -3.793169288504758541e-01
4.145929274607214055e-01 1.451888277894610724e-01 -1.542175037845829877e-01 -4.055642514656012665e-01
3.862450001073742811e-01 1.200516808048774919e-01 -1.188536086729632402e-01 -3.874430722392894211e-01
3.977342127470731015e-01 1.405177884824704293e-01 -1.540124771746329557e-01 -3.842395240549141278e-01
3.773199344137685429e-01 1.257739504710695400e-01 -1.246254339837760128e-01 -3.784684509010594056e-01
3.986271323550925061e-01 1.270845898126280460e-01 -1.301061475354892139e-01 -3.956055746322331146e-01
3.903927928625225974e-01 1.273540610918058036e-01 -1.380232567009445077e-01 -3.797235972533847814e-01
4.080466624583189983e-01 1.156606130515083208e-01 -1.302720179846854620e-01 -3.934352575251400808e-01
4.062145948570838883e-01 1.521125537329028887e-01 -1.443682348813029037e-01 -4.139589137086838733e-01
3.694729624682580038e-01 1.350679753831665053e-01 -1.270888853559766218e-01 -3.774520524954496636e-01
3.876224568700568085e-01 1.423093616191328792e-01 -1.321119096982119601e-01 -3.978199087909786158e-01
3.925148308508115136e-01 1.343766656575979823e-01 -1.461017590177933201e-01 -3.807897374906161758e-01
3.601095995588492471e-01 1.357442499291812155e-01 -1.271423057144742685e-01 -3.687115437735588586e-01
3.877503730618743205e-01 1.348325990233973926e-01 -1.292640456230857993e-01 -3.933189264621841374e-01
4.032117178681815517e-01 1.307404775858778123e-01 -1.284674219751869018e-01 -4.054847734788697977e-01
3.890852741289165806e-01 1.218066176142373891e-01 -1.320698500226216154e-01 -3.788220417205314661e-01
3.685489755216853069e-01 1.131334475667378214e-01 -1.118923475746935736e-01 -3.697900755137295548e-01
3.766246615970603173e-01 1.359237307842429132e-01 -1.213470917412067251e-01 -3.912013006400965054e-01
3.870658412302976359e-01 1.406570301795797562e-01 -1.303277889280094470e-01 -3.973950824818679450e-01
3.840940816507218969e-01 1.340842906589534422e-01 -1.325691861547335648e-01 -3.856091861549408861e-01
4.040733628651009823e-01 1.404675965314723385e-01 -1.467756179696149132e-01 -3.977653414269566312e-01
3.843739709636295743e-01 1.154388781610427017e-01 -1.413717188138052805e-01 -3.584411303108705482e-01
3.569981829055013378e-01 1.234399842485602861e-01 -1.120015307865696030e-01 -3.684366363674929090e-01
3.927139275722328904e-01 1.231946769102183481e-01 -1.229547382382909504e-01 -3.929538662441629526e-01
4.062609815388578127e-01 1.384991538315354376e-01 -1.312097134702145951e-01 -4.135504219001777670e-01
3.776002656655466083e-01 1.263619151063100077e-01 -1.243843660864323297e-01 -3.795778146854242863e-01
3.595798263799352412e-01 1.192313660429995537e-01 -1.174721873656245918e-01 -3.613390050573084267e-01
4.119810646379313823e-01 1.288079035336853195e-01 -1.189786918485058465e-01 -4.218102763231117436e-01
3.868569979959888272e-01 1.304446735989008843e-01 -1.302445103335756471e-01 -3.870571612613140644e-01
3.884606291593684091e-01 1.296319242406482886e-01 -1.364663950927358371e-01 -3.816261583072773078e-01
4.008827141759940815e-01 1.357264348674238619e-01 -1.482557542721618660e-01 -3.883533947712560774e-01
3.979406482204037587e-01 1.412198206679180501e-01 -1.433393731214493982e-01 -3.958210957668697461e-01
3.832710688218359252e-01 1.445184966847428143e-01 -1.356845647994600057e-01 -3.921050007071169574e-01
4.135635351484552302e-01 1.357708074631540640e-01 -1.251844481576682711e-01 -4.241498944539419114e-01
4.030002258594516107e-01 1.254848754546369349e-01 -1.316406026868524037e-01 -3.968444986272352537e-01
3.977697128267836391e-01 1.354012497901804224e-01 -1.492111189970266594e-01 -3.839598436199382903e-01
4.010431113192405306e-01 1.395401631459245451e-01 -1.390676652520363987e-01 -4.015156092131313414e-01
4.202597094538527145e-01 1.371336514936878359e-01 -1.444533476849505504e-01 -4.129400132625900000e-01
4.284403132664644787e-01 1.176285771813843084e-01 -1.288610820022206838e-01 -4.172078084456307678e-01
4.271675517239206243e-01 1.317673991860823790e-01 -1.339444793699406944e-01 -4.249904715400614208e-01
3.828887190882488412e-01 1.383915750280388934e-01 -1.304238897304115241e-01 -3.908564043858779868e-01
3.933671977295372102e-01 1.335450781252758290e-01 -1.309312913813647228e-01 -3.959809844734483164e-01
3.787879397109525925e-01 1.079931889745351370e-01 -1.127751179338618570e-01 -3.740060107516285370e-01
3.872691024822607631e-01 1.383617121607914058e-01 -1.360316580377407547e-01 -3.895991566053105259e-01
3.400876294973587122e-01 1.201426138363954621e-01 -1.234322856311012018e-01 -3.367979577026556370e-01
4.096865215374663194e-01 1.291412838949037578e-01 -1.262896816958765100e-01 -4.125381237364926790e-01
3.974973760034252734e-01 1.207158911030807857e-01 -1.219221951763538314e-01 -3.962910719301531159e-01
3.545874489738896074e-01 1.275666595839757278e-01 -1.279539798711786247e-01 -3.542001286866875986e-01
3.492988384872495189e-01 1.157547803958065558e-01 -1.221067077542024037e-01 -3.429469111288527827e-01
3.829203324384513607e-01 1.158058553576593042e-01 -1.140170705179706090e-01 -3.847091172781373913e-01
4.073119370248603488e-01 1.385872226184048372e-01 -1.356686303252327974e-01 -4.102305293180306123e-01
3.515534377628766194e-01 1.226520524709178162e-01 -1.230001666324280762e-01 -3.512053236013681357e-01
3.759318194651068978e-01 1.128721106098904414e-01 -1.123298979791256258e-01 -3.764740320958699371e-01
3.712452052977948114e-01 1.123586848406867844e-01 -1.277444394341520351e-01 -3.558594507043313371e-01
3.428855167565982853e-01 1.068813416070337752e-01 -1.148924479534390031e-01 -3.348744104101948338e-01
3.622001164136525730e-01 1.250709476027331846e-01 -1.234074132462552598e-01 -3.638636507701304978e-01
3.802196895962497436e-01 1.355282024142994146e-01 -1.296470780145897450e-01 -3.861008139959594132e-01
3.643658587404470239e-01 1.025180279498600910e-01 -1.170591515909391589e-01 -3.498247350993670679e-01
3.797385736782841192e-01 1.388796517480335169e-01 -1.384980875170862546e-01 -3.801201379092322696e-01
3.387054384320382638e-01 9.271791591450906367e-02 -1.043315565450129156e-01 -3.270917978015326355e-01
3.936316029996342891e-01 1.363321204644698525e-01 -1.293438871565202319e-01 -4.006198363075839097e-01
3.589035324956748596e-01 1.211360318219778520e-01 -1.272973849744802877e-01 -3.527421793431724240e-01
3.721096892755877406e-01 1.210331143228415840e-01 -1.280375584327657634e-01 -3.651052451656635611e-01
3.738606165216156185e-01 1.159793025204409744e-01 -1.217014617049771985e-01 -3.681384573370802826e-01
3.648793109990329242e-01 1.365557675779198732e-01 -1.203613057979291412e-01 -3.810737727790236562e-01
3.497109709465036076e-01 1.174142451298720857e-01 -1.091375186279783804e-01 -3.579876974484008656e-01
3.701961563436491076e-01 1.223808970733024637e-01 -1.187845384690504602e-01 -3.737925149479011111e-01
3.688801391151041997e-01 1.326179055462688439e-01 -1.327486797907431182e-01 -3.687493648706317018e-01
3.842831218352902312e-01 1.363154474801087090e-01 -1.197186172352138200e-01 -4.008799520801868965e-01
3.616911132992273181e-01 1.198557180924169074e-01 -1.190561142650850002e-01 -3.624907171265618899e-01
3.747307974037976663e-01 1.153253049081852666e-01 -1.150356048562146682e-01 -3.750204974557664883e-01
3.384801169980251601e-01 1.280575991661851987e-01 -1.296547413433772888e-01 -3.368829748208295172e-01
3.497416087884026581e-01 1.261984051259190664e-01 -1.124414048351694007e-01 -3.634986090791532121e-01
3.650203635729836193e-01 1.262841990615877208e-01 -1.220602389278111488e-01 -3.692443237067584150e-01
3.655532509198735625e-01 1.287818085654466316e-01 -1.225446050474250370e-01 -3.717904544378924925e-01
3.439757709595658852e-01 1.321355433859556783e-01 -1.356327156616234930e-01 -3.404785986838998468e-01
3.097708937081584679e-01 1.122640841178359494e-01 -1.095733482454388508e-01 -3.124616295805546784e-01
3.594741178350231436e-01 1.248292249218687644e-01 -1.250931651939035660e-01 -3.592101775629910065e-01
3.772657193988502300e-01 1.201966452711236144e-01 -1.275497835933769863e-01 -3.699125810765950817e-01
3.856703279469737566e-01 1.268753990912472318e-01 -1.330892721547671798e-01 -3.794564548834529205e-01
3.741733072408344185e-01 9.904884681227610344e-02 -1.204713713384091278e-01 -3.527507827147005059e-01
3.650165923281534219e-01 1.201252907988186180e-01 -1.157606034684262042e-01 -3.693812796585476121e-01
3.459792034945534667e-01 1.238114181774143674e-01 -1.159140267980376393e-01 -3.538765948739310829e-01
3.328451446538567282e-01 1.148813968851287726e-01 -1.003117985101260601e-01 -3.474147430288585525e-01
3.436748670572518094e-01 1.240697379102186915e-01 -1.226955758446166556e-01 -3.450490291228547335e-01
3.399846148256351341e-01 1.117029698834404172e-01 -1.188379606988378967e-01 -3.328496240102385428e-01
3.628914456510718978e-01 1.195715712851352919e-01 -1.325269609143946425e-01 -3.499360560218152116e-01
3.425493613758865408e-01 1.221206547170474721e-01 -1.153225977634448896e-01 -3.493474183294891233e-01
3.550524655457900636e-01 1.193393335189396609e-01 -1.153498907363532666e-01 -3.590419083283755697e-01
3.566233786723174148e-01 1.198755779908635688e-01 -1.220307462875345195e-01 -3.544682103756464642e-01
3.313266191697259444e-01 1.088271683881183449e-01 -1.073512480426135340e-01 -3.328025395152307553e-01
3.876245460690439515e-01 1.291613295765881020e-01 -1.341154669793471754e-01 -3.826704086662866544e-01
3.443315947683407430e-01 1.089759968128767298e-01 -1.141523615153072768e-01 -3.391552300659093078e-01
3.419768862239429552e-01 1.255096344483002113e-01 -1.235681342182974873e-01 -3.439183864539447910e-01
3.895998913373013295e-01 1.479343306804592473e-01 -1.373521067709990717e-01 -4.001821152467615050e-01
3.617840124030076154e-01 1.366659658710709380e-01 -1.311124745935785540e-01 -3.673375036805008875e-01
3.776781147289671736e-01 1.215338560873764351e-01 -1.279809899544215313e-01 -3.712309808619220775e-01
3.348150685216415567e-01 1.150504177609370515e-01 -1.173010396414522205e-01 -3.325644466411308287e-01
3.626705267785581555e-01 1.174889740464646337e-01 -1.300859749560885348e-01 -3.500735258689333662e-01
3.543057023194506883e-01 1.066838056171111049e-01 -1.143002541846094289e-01 -3.466892537519523643e-01
3.436718365382560592e-01 1.228416948168531420e-01 -1.231295587016498772e-01 -3.433839726534593240e-01
3.299530587400587578e-01 1.182012352117389753e-01 -1.089537103224440528e-01 -3.392005836293545684e-01
3.624979630057421076e-01 1.297850740831441030e-01 -1.083118858539435791e-01 -3.839711512349390787e-01
3.416805366018698109e-01 1.234449428647090841e-01 -1.162474950892065095e-01 -3.488779843773732736e-01
3.707362212262017565e-01 1.247213766730599360e-01 -1.193927313082205899e-01 -3.760648665910402144e-01
3.537774715310204598e-01 1.187675458848618248e-01 -1.151715088249387620e-01 -3.573735085909444109e-01
3.658953435946301624e-01 1.149149875123001152e-01 -1.234890974686049248e-01 -3.573212336383280174e-01
2.737179055358254232e-01 9.434450065983224221e-02 -1.020321161807506982e-01 -2.660302900149051908e-01
3.371825432151789315e-01 1.180896969369911176e-01 -1.092391197734521313e-01 -3.460331203787188059e-01
3.686610412836266448e-01 1.190872535449605252e-01 -1.103375074641999021e-01 -3.774107873643872679e-01
3.515962577037941017e-01 1.145218923845154890e-01 -1.116833415186473388e-01 -3.544348085696658046e-01
3.296655728487687398e-01 1.268224548861676126e-01 -1.113154157081819307e-01 -3.451726120267526454e-01
3.437239872835480270e-01 1.189390315508527252e-01 -1.174065901145215918e-01 -3.452564287198782722e-01
3.199957836701594616e-01 1.017685283174971644e-01 -1.054859235382501481e-01 -3.162783884494064779e-01
3.387883122546657688e-01 1.124100870894153559e-01 -1.081238088465283909e-01 -3.430745904975509575e-01
3.238582924960775600e-01 1.201401968456439207e-01 -1.158314688663235614e-01 -3.281670204753996956e-01
3.208250595250641268e-01 1.113455098049884739e-01 -1.108920899709300301e-01 -3.212784793591207944e-01
3.693988559912577685e-01 1.139910033962934222e-01 -1.196847289694602523e-01 -3.637051304180900502e-01
3.329997467841332437e-01 1.154217452877324135e-01 -1.184787749633864351e-01 -3.299427171084792221e-01
3.495007468387081317e-01 1.117150164387981093e-01 -1.138211627918508384e-01 -3.473946004856562908e-01
3.600893430212597224e-01 1.244167586426589978e-01 -1.201419711689197811e-01 -3.643641304949989390e-01
2.997770833789612510e-01 8.721526970509962950e-02 -9.623621744860066940e-02 -2.907561356354602111e-01
3.338107416052045195e-01 1.156036978193686338e-01 -1.057168332234823538e-01 -3.436976062010925759e-01
3.563063529416776731e-01 1.154171753906609865e-01 -1.299276197790719678e-01 -3.417959085532658037e-01
3.188690534042359914e-01 1.120518749119376878e-01 -9.888175425236500615e-02 -3.320391740638086731e-01
3.344825977838610243e-01 1.174915013684234566e-01 -1.152544931840973064e-01 -3.367196059681862863e-01
3.087439246927443648e-01 9.774044088251798712e-02 -1.004910137303998141e-01 -3.059933518448616496e-01
3.252534754227349723e-01 1.214039814979663845e-01 -1.215836137059795874e-01 -3.250738432147191048e-01
3.298249738978196177e-01 1.107206481995834935e-01 -1.224387386072249839e-01 -3.181068834901781273e-01
3.052437905474931767e-01 1.080965288695194815e-01 -1.092005059169940395e-01 -3.041398135000168423e-01
3.461203684900429067e-01 1.199139779475606460e-01 -1.252790590654093705e-01 -3.407552873721950704e-01
3.278431064960329877e-01 9.983336534579034804e-02 -1.051417402024616976e-01 -3.225347316393643027e-01
3.645749611905477749e-01 1.138710654702563829e-01 -1.063582454866969229e-01 -3.720877811741090113e-01
3.592490528796412619e-01 1.249882058757050274e-01 -1.298089673141316069e-01 -3.544282914412146823e-01
3.619990317636814225e-01 1.185875502201483300e-01 -1.142259073844220651e-01 -3.663606745994076874e-01
3.379298181683072499e-01 1.098842147837952865e-01 -1.015455941305996035e-01 -3.462684388215038211e-01
3.121583434912480470e-01 1.273619127615619462e-01 -1.182800824516316851e-01 -3.212401738011791963e-01
3.694877351282457312e-01 1.246183823851580996e-01 -1.152551785150039976e-01 -3.788509389984024978e-01
3.802827057723838777e-01 1.291329430069279027e-01 -1.320924851350113727e-01 -3.773231636443039605e-01
3.801747589628856616e-01 1.214265221622952140e-01 -1.251513707067335446e-01 -3.764499104184491074e-01
3.402867394389792466e-01 1.238503462992142090e-01 -1.135564956596510910e-01 -3.505805900785432527e-01
3.655039829316528710e-01 1.162771877687811539e-01 -1.223881976517331438e-01 -3.593929730487008811e-01
3.853243661445242552e-01 1.245997905987135113e-01 -1.342559002118468570e-01 -3.756682565313926858e-01
3.713001236508874925e-01 1.146553649427612953e-01 -1.175686830029052388e-01 -3.683868055907444372e-01
3.876715511254511526e-01 1.208543009706284366e-01 -1.315672671937697658e-01 -3.769585849023089352e-01
3.634922978074630606e-01 1.233340039043193670e-01 -1.221224940147358495e-01 -3.647038076970456899e-01
3.469241834960445914e-01 1.204292951882894869e-01 -1.100774134269340010e-01 -3.572760652574036300e-01
3.488434803125866068e-01 1.253913827795880565e-01 -1.189499048225686195e-01 -3.552849582696033792e-01
3.353378120684098462e-01 1.139252427873964635e-01 -1.055659930650172385e-01 -3.436970617907917358e-01
3.672437801816457181e-01 1.163758668334997637e-01 -1.211513359294178471e-01 -3.624683110857267465e-01
3.848420226507549557e-01 1.218611654394097243e-01 -1.137254125806501648e-01 -3.929777755095180680e-01
3.621995234663346608e-01 1.085406181526522573e-01 -1.109571365078725336e-01 -3.597830051111170491e-01
3.515475186022536391e-01 1.193559514454207715e-01 -1.179039483304018532e-01 -3.529995217172725575e-01
3.604406913606217344e-01 1.244277604875323462e-01 -1.149989517678315920e-01 -3.698695000803216004e-01
3.537365433377770430e-01 1.151628853677202358e-01 -1.055265982520863233e-01 -3.633728304534109554e-01
3.567188258286959623e-01 1.149595915491694598e-01 -1.027461102494022782e-01 -3.689323071284640321e-01
3.622903017508445345e-01 1.184149711329860466e-01 -1.224551456276721240e-01 -3.582501272561566807e-01
3.874445173042309065e-01 1.331745014329026588e-01 -1.184187284923741146e-01 -4.022002902447603390e-01
3.906841611151312676e-01 1.425318908445385446e-01 -1.330548002112603712e-01 -4.001612517484094411e-01
3.983065958623726033e-01 1.256324613555275249e-01 -1.264368072507098262e-01 -3.975022499671894138e-01
3.705322126090360157e-01 1.086510763347874331e-01 -1.106204424343122383e-01 -3.685628465095103223e-01
3.470972008039128198e-01 1.031268625530588068e-01 -1.158758232761067930e-01 -3.343482400808657218e-01
3.865440032227427380e-01 1.215467118051547502e-01 -1.327272378274750864e-01 -3.753634772004232900e-01
4.110901113903411286e-01 1.478910277455440792e-01 -1.310238238041145920e-01 -4.279573153317706158e-01
3.682613875204987508e-01 1.256909030980892794e-01 -1.197043321262531990e-01 -3.742479584923321667e-01
3.357574298287788750e-01 1.105755807013544256e-01 -1.152831482780225514e-01 -3.310498622521125256e-01
3.517180817115796998e-01 1.230248726184548502e-01 -1.153860684631320410e-01 -3.593568858669025090e-01
3.267691523348270621e-01 1.220203205198666652e-01 -1.034149109755153617e-01 -3.453745618791783656e-01
3.349619228904101575e-01 1.079919904763428917e-01 -1.092342249274604882e-01 -3.337196884392898966e-01
3.793645645483332274e-01 1.362540421312612438e-01 -1.429622914207042683e-01 -3.726563152588937555e-01
3.275791545399915350e-01 1.039778202601340240e-01 -1.002539478179205190e-01 -3.313030269822059282e-01
3.604172354424743929e-01 1.218224848360405232e-01 -1.274740693830436200e-01 -3.547656508954677435e-01
3.633578784933959582e-01 1.185382514069130977e-01 -1.186285488570772984e-01 -3.632675810432317576e-01
3.416374711611727122e-01 1.266685850140092384e-01 -1.241707689465103570e-01 -3.441352872286724818e-01
3.634092848278172028e-01 1.150260599014387708e-01 -1.256162776599474284e-01 -3.528190670693103215e-01
3.594150596551122234e-01 1.204202186449760958e-01 -1.216129855260712489e-01 -3.582222927740179585e-01
3.395620968558308306e-01 1.093438984937362690e-01 -1.003806089902186116e-01 -3.485253863593484880e-01
3.644005858266430309e-01 1.249289156854773708e-01 -1.199213620036676531e-01 -3.694081395084527486e-01
3.527248574403794024e-01 1.300279224198632733e-01 -1.334790691731537748e-01 -3.492737106870889008e-01
3.729429963322621333e-01 1.088667267729199750e-01 -1.153053214602000054e-01 -3.665044016449856557e-01
3.642492588294174993e-01 1.116749185911807274e-01 -1.201646700467025042e-01 -3.557595073738948344e-01
3.713945125083490950e-01 1.319205444379356607e-01 -1.353576429563521089e-01 -3.679574139899317586e-01
3.677615657865880294e-01 1.293363165982475138e-01 -1.280877204548618309e-01 -3.690101619299746005e-01
3.643469776101726509e-01 1.366263949095145591e-01 -1.407347868442165861e-01 -3.602385856754706239e-01
3.423938349660424763e-01 1.131224818806098043e-01 -1.210425076081085294e-01 -3.344738092385455275e-01
3.470172878208872547e-01 1.237912670631411416e-01 -1.158323629752393558e-01 -3.549761919087908169e-01
3.256391116431300858e-01 1.113044731052896807e-01 -1.078074168498392993e-01 -3.291361678985795791e-01
3.473914900682499862e-01 1.176811834473125984e-01 -1.244074174287783663e-01 -3.406652560867824420e-01
3.221639559924813767e-01 1.132680618507482251e-01 -1.116538097346957414e-01 -3.237782081085365249e-01
4.063909334796456108e-01 1.208368318243149275e-01 -1.352439632372073319e-01 -3.919838020667523182e-01
3.507716596526604391e-01 1.114892248019732079e-01 -1.213216323015648967e-01 -3.409392521530678621e-01
3.548585435109572472e-01 1.238441662971379031e-01 -1.178408671023358778e-01 -3.608618427057574962e-01
3.408816961824197023e-01 1.151915177810689528e-01 -1.068923141492748030e-01 -3.491808998142120757e-01
3.496323462468184928e-01 1.313726123374010513e-01 -1.363672769260002582e-01 -3.446376816582166214e-01
3.480373011808248762e-01 1.134560017823149636e-01 -1.164524049705857323e-01 -3.450408979925549957e-01
3.641816139747406922e-01 1.203462398943431211e-01 -1.195687009831907233e-01 -3.649591528858913136e-01
3.879950380412058308e-01 1.295827283458033108e-01 -1.390033628850790848e-01 -3.785744035019282805e-01
3.370845787080982703e-01 1.175617656864798022e-01 -1.284469546780702132e-01 -3.261993897165069711e-01
3.714545951700678472e-01 1.233633027332325938e-01 -1.230853058095018326e-01 -3.717325920937968320e-01
3.630244465704031143e-01 1.092177717982645291e-01 -1.084864960907294673e-01 -3.637557222779363997e-01
3.442276523125471499e-01 9.889367871922249975e-02 -1.011983954779900330e-01 -3.419229355537796167e-01
3.515562946263237620e-01 1.137000403021231065e-01 -1.032495643451420975e-01 -3.620067705833038829e-01
3.694011789381885791e-01 1.237204957539086436e-01 -1.320979947149512057e-01 -3.610236799771477934e-01
3.382510664074915852e-01 1.341219316701227626e-01 -1.194120252586179376e-01 -3.529609728189981865e-01
3.565143135209298819e-01 1.187133313089878683e-01 -1.102371749945412205e-01 -3.649904698353747534e-01
3.401281668245186296e-01 1.124265351701927429e-01 -1.051722823610496960e-01 -3.473824196336625647e-01
3.621115336503990534e-01 1.263534585162160440e-01 -1.134498109933570476e-01 -3.750151811732562734e-01
3.274018062446932831e-01 1.279016076841852367e-01 -1.134688192194879264e-01 -3.418345947093888171e-01
3.697810443291595917e-01 1.139652512869853140e-01 -1.204195104649885550e-01 -3.633267851511554625e-01
3.337518003263415522e-01 1.156179205229301843e-01 -1.165335488803291852e-01 -3.328361719689434395e-01
3.236350614940075587e-01 8.893222541542922244e-02 -1.135571710947669288e-01 -2.990101158146707405e-01
3.829597229113383960e-01 1.307606283045119611e-01 -1.288873837436383951e-01 -3.848329674722119620e-01
3.544097017142862072e-01 1.285464961926301442e-01 -1.242863867896337737e-01 -3.586698111172843539e-01
3.495673708866764429e-01 1.301086470668453288e-01 -1.311100151710098416e-01 -3.485660027825119300e-01
3.368969076633288040e-01 9.081153898957605719e-02 -9.702418486724173619e-02 -3.306842617856622368e-01
3.530374876603250556e-01 1.190285911780479822e-01 -1.199056208486943831e-01 -3.521604579896804310e-01
3.953729923130788748e-01 1.243283620029167480e-01 -1.198814388496387551e-01 -3.998199154663568677e-01
3.412044778699501180e-01 1.210050571670526764e-01 -1.145736183333676550e-01 -3.476359167036360276e-01
3.659385278438094247e-01 9.873272734360849512e-02 -1.173879712678154164e-01 -3.472832839196033916e-01
3.404969922524294645e-01 1.219665877814328780e-01 -1.148066653815407179e-01 -3.476569146523207365e-01
3.814869143003596363e-01 1.401439720875217176e-01 -1.410423812470238403e-01 -3.805885051408557374e-01
3.089289225676106199e-01 1.004979919251507425e-01 -1.023174020731492107e-01 -3.071095124196148163e-01
3.805392779190412966e-01 1.209599447643157077e-01 -1.256692635293310545e-01 -3.758299591540241735e-01
3.923406927764716556e-01 1.176997888203326070e-01 -1.202092416461999491e-01 -3.898312399506034254e-01
3.464441446529660240e-01 1.157799710950122574e-01 -1.112038540373410100e-01 -3.510202617106390477e-01
3.960017503768309410e-01 1.185411721215556824e-01 -1.313181568377004282e-01 -3.832247656606888597e-01
3.348637711435102915e-01 1.100017896651817040e-01 -1.053578115834561402e-01 -3.395077492252340789e-01
3.492604528850167256e-01 1.246225661952342634e-01 -1.190766475577884620e-01 -3.548063715224607506e-01
3.680344468305492001e-01 1.178601263683507483e-01 -1.302539655650143402e-01 -3.556406076338864963e-01
3.542858878524519639e-01 1.147799831557492212e-01 -1.224185265759496488e-01 -3.466473444322524244e-01
3.552228339073453256e-01 1.203161244971298061e-01 -1.241838071188610115e-01 -3.513551512856158965e-01
3.817804779116391600e-01 1.489706933658974108e-01 -1.428105034907138915e-01 -3.879406677868235676e-01
3.282889940781927862e-01 1.124365604230925797e-01 -1.165662085771828060e-01 -3.241593459241043362e-01
3.442216818754468832e-01 1.120792982418894468e-01 -1.192905655042668656e-01 -3.370104146130703526e-01
3.462315134597844235e-01 1.182546177414014466e-01 -1.138931745064333256e-01 -3.505929566947534326e-01
3.857236983273457653e-01 1.339500293611601833e-01 -1.379484962266710468e-01 -3.817252314618340137e-01
3.685004594890024521e-01 1.113051663482913511e-01 -1.189236468214698306e-01 -3.608819790158248608e-01
3.228050398334900706e-01 1.097434162770145605e-01 -1.025952892123278559e-01 -3.299531668981785515e-01
3.667694577373632470e-01 1.358913489787108020e-01 -1.415653128580958153e-01 -3.610954938579791218e-01
4.027118296950282783e-01 1.400351735824827415e-01 -1.500205825509208779e-01 -3.927264207265892537e-01
3.360104147796079133e-01 1.137835197456560365e-01 -1.148346420374224408e-01 -3.349592924878432854e-01
3.593626640820835050e-01 1.164172179462399370e-01 -1.171951864235722951e-01 -3.585846956047520351e-01
3.657564839260016853e-01 1.260035605488321053e-01 -1.392856499827104244e-01 -3.524743944921242544e-01
3.599965582841182510e-01 1.323681300309127451e-01 -1.263011974668799553e-01 -3.660634908481501526e-01
3.643977424260409492e-01 1.160267604065996494e-01 -1.155942233850426604e-01 -3.648302794475979383e-01
3.766594671443881381e-01 1.146750653227952554e-01 -1.325614246586654943e-01 -3.587731078085152348e-01
3.756985169813606973e-01 1.245178861031703832e-01 -1.217280807648144503e-01 -3.784883223197166302e-01
3.555662123639420358e-01 1.312075375405949984e-01 -1.240876824987244831e-01 -3.626860674058125511e-01
3.702146927104825735e-01 1.243497919106948402e-01 -1.202326867175447234e-01 -3.743317979036309140e-01
3.587527942665502678e-01 1.315866888657470923e-01 -1.224870662968653434e-01 -3.678524168354346813e-01
3.348171520355611719e-01 1.111265052050409707e-01 -1.043247251460153180e-01 -3.416189320945859365e-01
3.582981736861547972e-01 1.164546747494901169e-01 -1.106249041693372348e-01 -3.641279442663094557e-01
3.884687028539124398e-01 1.261452898345236662e-01 -1.396624654268423527e-01 -3.749515272615946415e-01
3.577004697362236030e-01 1.144674601843691519e-01 -1.247334012131986469e-01 -3.474345287073941080e-01
3.655016862233360087e-01 1.217182623808801267e-01 -1.325067098410519506e-01 -3.547132387631632966e-01
3.784628478988087963e-01 1.363768777610951943e-01 -1.361174063930024047e-01 -3.787223192669006977e-01
3.846779915641587166e-01 1.298501024062348463e-01 -1.224461268411198844e-01 -3.920819671292754549e-01
3.376645836756697605e-01 1.204176035080521956e-01 -1.181933261151595360e-01 -3.398888610685633083e-01
4.018720164605751322e-01 1.478116786033707442e-01 -1.500672723271625486e-01 -3.996164227367833277e-01
3.373477223512875156e-01 1.133593731065838384e-01 -1.127257098940805946e-01 -3.379813855637898712e-01
3.381235265643791621e-01 1.198002065802503679e-01 -1.103244181577709426e-01 -3.475993149868594756e-01
3.897630931234017382e-01 1.366343629091630874e-01 -1.411313013970003638e-01 -3.852661546355626854e-01
3.780242484805382830e-01 1.254488660169688075e-01 -1.357907128604347591e-01 -3.676824016370714432e-01
3.511975996387679544e-01 1.276499608820644838e-01 -1.214461814226375225e-01 -3.574013790981958039e-01
3.422240148987985009e-01 1.208729931996384011e-01 -1.156270651880246803e-01 -3.474699429104113335e-01
3.757708236988195338e-01 1.218532277108170803e-01 -1.226943765673880193e-01 -3.749296748422512593e-01
3.566487221304592836e-01 1.139112127396728624e-01 -1.230083592437614115e-01 -3.475515756263707345e-01
3.805497382111333593e-01 1.277521863023549642e-01 -1.366757221916072851e-01 -3.716262023218801502e-01
3.895190625095965586e-01 1.083258054877331844e-01 -1.171099691674033494e-01 -3.807348988299281700e-01
3.463325730787332191e-01 1.221455286518100536e-01 -1.199836480808036399e-01 -3.484944536497405210e-01
3.701233225758011613e-01 1.275120895084418393e-01 -1.285630789349285763e-01 -3.690723331493144244e-01
3.788964322869770029e-01 1.301466775534843023e-01 -1.211864128036586052e-01 -3.878566970368035882e-01
3.996604048854539570e-01 1.328415681074615051e-01 -1.380749685674924621e-01 -3.944270044254212237e-01
3.707548112791663186e-01 1.188269576413594208e-01 -1.150871447469361541e-01 -3.744946241735904735e-01
3.922632181552092590e-01 1.195967814412446373e-01 -1.298123016684291642e-01 -3.820476979280220675e-01
3.836324939755177965e-01 1.297832412006112435e-01 -1.239970084563912778e-01 -3.894187267197377622e-01
3.711483499402632447e-01 1.324558551750749658e-01 -1.347795193637759681e-01 -3.688246857515595778e-01
3.608653106318033821e-01 1.161670993123147255e-01 -1.071375693836955634e-01 -3.698948405604234324e-01
3.660377889105657090e-01 1.102200830588335734e-01 -1.136394267651583689e-01 -3.626184452042435780e-01
3.711778410895432145e-01 1.282226230015997004e-01 -1.329616082000963928e-01 -3.664388558910438576e-01
3.356694152082990712e-01 1.228071532303243174e-01 -1.123668948681642021e-01 -3.461096735704582983e-01
3.597160101411098765e-01 1.206061777021281145e-01 -1.338616172605933130e-01 -3.464605705826446780e-01
3.761141810919603756e-01 1.258642826793261449e-01 -1.286220468472514256e-01 -3.733564169240377595e-01
3.627947965694939825e-01 1.192218365713273442e-01 -1.169468796201176275e-01 -3.650697535207045874e-01
3.663087208985063015e-01 1.259320946586006684e-01 -1.319411426044592162e-01 -3.602996729526450892e-01
4.009513988917898786e-01 1.093903169371452933e-01 -1.312367979131323636e-01 -3.791049179158045845e-01
3.670023185248272313e-01 1.232955333996867964e-01 -1.201165105775414688e-01 -3.701813413469743352e-01
3.694735721025015351e-01 1.345430556214184392e-01 -1.302241654376041780e-01 -3.737924622863149082e-01
3.765353083819915625e-01 9.739134809659422132e-02 -1.236429724354826121e-01 -3.502836840431031717e-01
3.545590979912880414e-01 1.162609275375219298e-01 -1.168233677039136609e-01 -3.539966578248971985e-01
3.457535657923980210e-01 1.137914637095427395e-01 -1.141820082237181566e-01 -3.453630212782208275e-01
3.643312177207951308e-01 1.209243519646756582e-01 -1.182130777256213960e-01 -3.670424919598485047e-01
3.376507039597882454e-01 1.350781911341583097e-01 -1.299289972449368946e-01 -3.427998978490105486e-01
3.961569462343010883e-01 1.296117560367093802e-01 -1.293191831717450668e-01 -3.964495190992662899e-01
3.339149055815093803e-01 1.219895985608108191e-01 -1.092731111551019652e-01 -3.466313929872173460e-01
3.542711587752940261e-01 1.200168956951408461e-01 -1.277706394937681011e-01 -3.465174149766649947e-01
3.655589604056794784e-01 1.296125357118054211e-01 -1.291584368778053715e-01 -3.660130592396786398e-01
3.247073197757774921e-01 1.032165694584303850e-01 -1.062851975860708009e-01 -3.216386916481344116e-01
3.658600906877573777e-01 1.311210873660284548e-01 -1.274364359303481464e-01 -3.695447421234394625e-01
3.507011851372148215e-01 1.285322228772685094e-01 -1.197900292747489104e-01 -3.594433787397361968e-01
3.484480483161318531e-01 1.157739162012223488e-01 -1.253728219493535079e-01 -3.388491425680006941e-01
3.480352273105173921e-01 1.094751176954513738e-01 -1.077228550044200261e-01 -3.497874900015514044e-01
3.922215540547231427e-01 1.315094379679777603e-01 -1.342447938618782644e-01 -3.894861981608208623e-01
3.388861882054081676e-01 1.125626811873967625e-01 -1.201308696824376909e-01 -3.313179997103663510e-01
3.625228055139615435e-01 1.192295939627721069e-01 -1.323772879261024826e-01 -3.493751115506320559e-01
3.489457810251641590e-01 1.306664293209207628e-01 -1.276263890574114157e-01 -3.519858212886735060e-01
3.547491101688917681e-01 1.243890902738620241e-01 -1.180684425054341347e-01 -3.610697579373196575e-01
3.284418594112086254e-01 1.219492125648606873e-01 -1.249607260395411146e-01 -3.254303459365290863e-01
3.919133242020791386e-01 1.418946243728642642e-01 -1.363007228919208558e-01 -3.975072256830225470e-01
3.685302455639671848e-01 1.081129573957664292e-01 -1.125484332089135009e-01 -3.640947697508183367e-01
3.575011638776866008e-01 1.226625198852406839e-01 -1.198677627804363155e-01 -3.602959209824945219e-01
3.661858258851626857e-01 1.207190475768769033e-01 -1.207145949115711048e-01 -3.661902785504675961e-01
3.515498655747713030e-01 1.323752436687124501e-01 -1.316774897878625339e-01 -3.522476194556212192e-01
3.379694065304805761e-01 1.115743322023323714e-01 -1.181464689187086137e-01 -3.313972698141061102e-01
3.632194156299650700e-01 1.144407356362799888e-01 -1.209066676796588524e-01 -3.567534835865844300e-01
3.528167826292580855e-01 1.099243535131151361e-01 -1.228905760048606410e-01 -3.398505601375143570e-01
3.557558475838344947e-01 1.146257241898016588e-01 -1.179330883733946678e-01 -3.524484834002423739e-01
3.029556083834101798e-01 1.033832733198618570e-01 -1.023813359955463298e-01 -3.039575457077257070e-01
3.280477311627709724e-01 9.817506012729371179e-02 -1.072625148148560470e-01 -3.189602764752077491e-01
3.562376262389630455e-01 1.305701706073856272e-01 -1.285389743067604229e-01 -3.582688225395909143e-01
3.352756273988815039e-01 1.175671461147445029e-01 -1.164430921913455208e-01 -3.363996813222795979e-01
3.197705152829719566e-01 1.002452269897897708e-01 -1.016108139464311222e-01 -3.184049283263323815e-01
3.107369315601395954e-01 1.096374332465384072e-01 -1.056198431611781174e-01 -3.147545216454998851e-01
3.510515115741448255e-01 1.179195717052898829e-01 -1.190281481244124251e-01 -3.499429351550222833e-01
3.128963808047044992e-01 1.018077514832249619e-01 -9.616911436981379069e-02 -3.185350179181138941e-01
3.317338368047950681e-01 1.037044638943660502e-01 -1.021831495077227814e-01 -3.332551511914374487e-01
3.257875328599366682e-01 1.176888785393170878e-01 -1.077139631546275567e-01 -3.357624482446235348e-01
3.163898479805746788e-01 1.140688897819908121e-01 -1.082950018287975880e-01 -3.221637359337687911e-01
3.094419100587613158e-01 1.199738425305199030e-01 -1.146938138506836680e-01 -3.147219387385966627e-01
3.374959756182693837e-01 1.187688836419482641e-01 -1.291157448849906686e-01 -3.271491143752269792e-01
3.494341935490314910e-01 1.280359664715522428e-01 -1.192873431301180176e-01 -3.581828168904621634e-01
3.527666758863938767e-01 1.308986011291475293e-01 -1.310827107128584856e-01 -3.525825663026829204e-01
3.005396231874826185e-01 1.041977205277779817e-01 -9.956206504289344394e-02 -3.051752786723671562e-01
3.159653871228131905e-01 1.173751702560235088e-01 -1.046943837982716730e-01 -3.286461735805641382e-01
3.331232892374993426e-01 1.196685612613475058e-01 -1.038367544498060013e-01 -3.489550960490408471e-01
3.242402389791037010e-01 1.108379171484452641e-01 -1.151153265504296641e-01 -3.199628295771193010e-01
3.489778204702922437e-01 1.179581541956986612e-01 -1.191395052315762371e-01 -3.477964694344173324e-01
3.181505913126523311e-01 1.023828298163076411e-01 -9.950946350415623698e-02 -3.210239576248019588e-01
3.453443801869005014e-01 1.124227182079948761e-01 -1.071048913796319724e-01 -3.506622070152634052e-01
3.384347843331179106e-01 1.184678888716437228e-01 -1.154293729059157059e-01 -3.414733002988450394e-01
3.561274690941189647e-01 1.216595444600940823e-01 -1.035995219054566263e-01 -3.741874916487581970e-01
3.332252302370317665e-01 1.061637297933240021e-01 -9.096919776917111733e-02 -3.484197622611873157e-01
3.487696479934463412e-01 1.234827930730153511e-01 -1.238052998880725397e-01 -3.484471411783900407e-01
3.586958022643571553e-01 1.129626883763146239e-01 -1.201051081839947798e-01 -3.515533824566734467e-01
3.593923684167421584e-01 1.220756458596792271e-01 -1.133182518777626768e-01 -3.681497623986587087e-01
3.763476251105872805e-01 1.150777441904384801e-01 -1.298811154109520416e-01 -3.615442538900728309e-01
3.766318451139012424e-01 1.188397057795453904e-01 -1.215916421365896838e-01 -3.738799087568587254e-01
3.453798050068312975e-01 1.082999643965978365e-01 -1.147702880086249877e-01 -3.389094813948014817e-01
3.522223225598013485e-01 1.280625018297767426e-01 -1.246593393044292952e-01 -3.556254850851479077e-01
3.813533603959449181e-01 1.163861425521428572e-01 -1.190978317725983615e-01 -3.786416711754903019e-01
3.858962937304513119e-01 1.173092324303812717e-01 -1.298304761130824048e-01 -3.733750500477528433e-01
3.560484465766293738e-01 1.138093617343933772e-01 -1.177831403809390665e-01 -3.520746679300836846e-01
3.870568358503287953e-01 1.291315604569067688e-01 -1.212960636188107344e-01 -3.948923326884257179e-01
3.428838874311175289e-01 1.174550936634757292e-01 -1.256073435094400281e-01 -3.347316375851576709e-01
3.879298636565149394e-01 1.170893285302279097e-01 -1.237018313803224245e-01 -3.813173608064222009e-01
3.292976298316601103e-01 1.120651863835773199e-01 -1.129773209674471701e-01 -3.283854952477884837e-01
3.712786141563837461e-01 1.233080308052203478e-01 -1.252897591215464956e-01 -3.692968858400584864e-01
3.509354949497041076e-01 1.293259313107490982e-01 -1.285424115499891329e-01 -3.517190147104649611e-01
3.657030708991495516e-01 1.150385434459515466e-01 -1.122638921776299981e-01 -3.684777221674711001e-01
3.680926702734028666e-01 1.169495389945023334e-01 -1.315329859313818517e-01 -3.535092233365215719e-01
3.654215090993897519e-01 1.314428766501354318e-01 -1.177259592328105953e-01 -3.791384265167154766e-01
3.630924775545940619e-01 1.234912564756216469e-01 -1.298412240648776361e-01 -3.567425099653398490e-01
3.622515655120395195e-01 1.169433651768256865e-01 -1.104618866528968013e-01 -3.687330440359692929e-01
3.432586304495268692e-01 1.150926223588113473e-01 -1.096965389116784095e-01 -3.486547138966580306e-01
3.454038064283908582e-01 1.146299855265722201e-01 -1.053234282666624111e-01 -3.547103636882997790e-01
3.293436982167152749e-01 1.091793779049909929e-01 -1.059526381238224957e-01 -3.325704379978828840e-01
3.648760755193265481e-01 1.170151402688652809e-01 -1.342306732977096573e-01 -3.476605424904857244e-01
3.569965621431459013e-01 1.152707729275750381e-01 -1.227218507286487181e-01 -3.495454843420704449e-01
3.777235849360778275e-01 1.459190450940450745e-01 -1.422325331905796020e-01 -3.814100968395441882e-01
3.516323563047993872e-01 1.173699654572679663e-01 -1.172969898472802086e-01 -3.517053319147862567e-01
4.101863272091916812e-01 1.430340439119390794e-01 -1.417263248228604056e-01 -4.114940462982703551e-01
4.037804019823765245e-01 1.267179479459894509e-01 -1.362580836132663009e-01 -3.942402663150970099e-01
4.158121172371869179e-01 1.310499442417336624e-01 -1.313028343773607887e-01 -4.155592271015615680e-01
3.891662131242075162e-01 1.457387524063067374e-01 -1.321627331725734322e-01 -4.027422323579425978e-01
3.902539164416785056e-01 1.332123865700953758e-01 -1.326756298514828458e-01 -3.907906731602892592e-01
4.062873562458841903e-01 1.274491931339980511e-01 -1.282172497199587369e-01 -4.055192996599226163e-01
4.135905649263458272e-01 1.251259346234636638e-01 -1.316295619463820898e-01 -4.070869376034256248e-01
4.006646052027598159e-01 1.399482022905260692e-01 -1.331164103041908575e-01 -4.074963971890923631e-01
3.716776337444605005e-01 1.071773205602726264e-01 -1.125463079153421475e-01 -3.663086463893900913e-01
3.919666722556289784e-01 1.279568197134741681e-01 -1.180866983968087425e-01 -4.018367935722935158e-01
3.642468888294869700e-01 1.248650509029669564e-01 -1.196065196853250967e-01 -3.695054200471297179e-01
3.725897007794944926e-01 1.370965702688113907e-01 -1.341830263249192967e-01 -3.755032447233883630e-01
3.752801655137245618e-01 1.261816315516322007e-01 -1.288265391582834596e-01 -3.726352579070724147e-01
3.820245103046131518e-01 1.264517422509161548e-01 -1.280837276136104208e-01 -3.803925249419162213e-01
4.308482488771838703e-01 1.484704597988031338e-01 -1.484081785268971387e-01 -4.309105301490916418e-01
3.969936572037555678e-01 1.320090313815640570e-01 -1.342012205561076144e-01 -3.948014680292137868e-01
4.350044070278737962e-01 1.578428099217346059e-01 -1.601129945240797881e-01 -4.327342224255286141e-01
4.308748825902304347e-01 1.398795680783937456e-01 -1.405591455355930108e-01 -4.301953051330311695e-01
4.165174469777461752e-01 1.346717369493193317e-01 -1.470951793524761797e-01 -4.040940045745866627e-01
3.856542573285643982e-01 1.322125955940061104e-01 -1.262008932413598572e-01 -3.916659596812106514e-01
4.111781496716586659e-01 1.264456032614447167e-01 -1.326909027480045467e-01 -4.049328501851006124e-01
3.785854567174657959e-01 1.127088627938599430e-01 -1.308421870755873684e-01 -3.604521324357383705e-01
3.903009821970302440e-01 1.385255048632698660e-01 -1.321386844636078806e-01 -3.966878025966922294e-01
3.950726977141671981e-01 1.335620165799840109e-01 -1.219242515088536649e-01 -4.067104627852975440e-01
3.852301410706084894e-01 1.188187894808283573e-01 -1.300877304523897493e-01 -3.739612000990462093e-01
3.940097919309053509e-01 1.271151186320729209e-01 -1.253092888200342259e-01 -3.958156217429404933e-01
3.442552248424908257e-01 1.129748828675065653e-01 -1.115952312238377431e-01 -3.456348764861623124e-01
2.960696202175654435e-01 1.045773469392754507e-01 -9.449894053204666022e-02 -3.061480266247933457e-01
3.529144743748107160e-01 1.319978916099842081e-01 -1.216482424120854944e-01 -3.632641235727076534e-01
3.315215802264663836e-01 1.226840013285031006e-01 -1.266383640492767526e-01 -3.275672175056953961e-01
3.608750051281361948e-01 1.197642964263554433e-01 -1.232047819845627501e-01 -3.574345195699297761e-01
3.589573159744112729e-01 1.185351381464876397e-01 -1.179049681631081370e-01 -3.595874859577898874e-01
3.227786622480239842e-01 1.098204749566606964e-01 -1.122629340741481130e-01 -3.203362031305374558e-01
3.504706606776490929e-01 1.342293354695325291e-01 -1.358716858893469492e-01 -3.488283102578337846e-01
3.372151930521640750e-01 1.068417271309174410e-01 -1.178419573514553065e-01 -3.262149628316279859e-01
3.347889526717757747e-01 1.069617636680568751e-01 -1.157647466862732344e-01 -3.259859696535603035e-01
3.170504226704160544e-01 1.081716593779677993e-01 -9.241261571132941555e-02 -3.328094663370562145e-01
3.331231352898731402e-01 9.785974114935669377e-02 -1.167126699282796665e-01 -3.142702065109510556e-01
3.794937943048468654e-01 1.130559053788067203e-01 -1.198440029656335781e-01 -3.727056967180200076e-01
3.648784435727634445e-01 1.257380234854039713e-01 -1.228287866510582305e-01 -3.677876804071082972e-01
3.291279024702289391e-01 1.047147900979066293e-01 -1.063423847517066534e-01 -3.275003078164298032e-01
3.449403931021217673e-01 1.170788764043910746e-01 -1.176948487426869860e-01 -3.443244207638267440e-01
3.420739703395687670e-01 1.058639291007370531e-01 -1.023342077208679868e-01 -3.456036917194360569e-01
3.691587123825188499e-01 1.317659303663401005e-01 -1.324955226012276555e-01 -3.684291201476304067e-01
3.521873576351257640e-01 1.097089642983215541e-01 -1.190523345500622554e-01 -3.428439873833868390e-01
3.504805435604767538e-01 1.216349077521980959e-01 -1.271090639309786496e-01 -3.450063873816926474e-01
3.172802594215573535e-01 1.041512271303046688e-01 -9.898365798715680342e-02 -3.224478285647043307e-01
3.292288394069871060e-01 1.115191361002567660e-01 -1.129839105902092911e-01 -3.277640649170354692e-01
3.497578309907360961e-01 1.119987302386142858e-01 -1.161463850246819973e-01 -3.456101762046674963e-01
3.278390545217444441e-01 1.126071355424400622e-01 -1.010611102844825027e-01 -3.393850797797011154e-01
3.744184067524169990e-01 1.230645614470624594e-01 -1.263347095015419086e-01 -3.711482586979384379e-01
2.906201936868235691e-01 9.609196495527072557e-02 -9.807900893070886639e-02 -2.886331497113854283e-01
3.310109889349970302e-01 1.167415375819178536e-01 -1.074996922808715283e-01 -3.402528342360433555e-01
3.051429072792855024e-01 9.563523936837015071e-02 -1.028890631805881029e-01 -2.978890834670666621e-01
3.234475441557584929e-01 1.161690638512986595e-01 -1.161956555466163721e-01 -3.234209524604416686e-01
3.457291493594309983e-01 1.173914570689698067e-01 -1.350828121051517172e-01 -3.280377943232490878e-01
3.883835663321528742e-01 1.272663684071559942e-01 -1.298473732091451893e-01 -3.858025615301654554e-01
3.652665075007455187e-01 1.329346168390328486e-01 -1.203490908211604093e-01 -3.778520335186179580e-01
3.753217427340027612e-01 1.468203012178035394e-01 -1.311848417338081774e-01 -3.909572022179972350e-01
3.696755366920001507e-01 1.173345107647252306e-01 -1.231819933263524902e-01 -3.638280541303711146e-01
3.339752696895752493e-01 1.200939794436433061e-01 -1.145170582935035597e-01 -3.395521908397114430e-01
4.110922224612751918e-01 1.373191913595102065e-01 -1.388818009640448992e-01 -4.095296128567413874e-01
4.149570302127134624e-01 1.306716119167532497e-01 -1.357827442249375238e-01 -4.098458979045300765e-01
3.909504292656960089e-01 1.428465868757307078e-01 -1.353377229763337297e-01 -3.984592931650894343e-01
4.169407012194481510e-01 1.258916294152800930e-01 -1.360772668986154343e-01 -4.067550637361128096e-01
3.528410909274617424e-01 1.111563224513920645e-01 -1.173791453621566561e-01 -3.466182680166980390e-01
3.768915101971188619e-01 1.211631478787316141e-01 -1.155637351696618964e-01 -3.824909229061912441e-01
3.778407623640029911e-01 1.417065087891078434e-01 -1.387080564686202777e-01 -3.808392146844896686e-01
3.624728808538142388e-01 1.312748970158050810e-01 -1.247237009201871416e-01 -3.690240769494330664e-01
3.874787523891036756e-01 1.424306270164192867e-01 -1.303547488467540205e-01 -3.995546305587671654e-01
4.056424886976683908e-01 1.311166672296124602e-01 -1.324625163779122872e-01 -4.042966395493703402e-01
3.753844551085157022e-01 1.304245425895311783e-01 -1.327573140160929199e-01 -3.730516836819548487e-01
4.034415257589998305e-01 1.318148842516784214e-01 -1.353947256896486095e-01 -3.998616843210314187e-01
3.772404748361672944e-01 1.297712656528107189e-01 -1.303986277530579940e-01 -3.766131127359191311e-01
3.700638482287894604e-01 1.239114278066173469e-01 -1.203762542484776432e-01 -3.735990217869291641e-01
3.875921587715769334e-01 1.214841837442763861e-01 -1.261123441854010707e-01 -3.829639983304522488e-01
4.141344469737431311e-01 1.248918065780335596e-01 -1.356606239158812954e-01 -4.033656296358962834e-01
3.702470212151469653e-01 1.164002668535513152e-01 -1.124180160597409994e-01 -3.742292720089608338e-01
3.468769172347654361e-01 1.177512053323086505e-01 -1.176183245740656247e-01 -3.470097979930066856e-01
3.756874033554407077e-01 1.398072855437222373e-01 -1.315018094603281895e-01 -3.839928794388329791e-01
3.614362013073568747e-01 1.294624656551723874e-01 -1.139888654878982166e-01 -3.769098014746292691e-01
3.642855665939626064e-01 1.258650599987465313e-01 -1.289903144718245187e-01 -3.611603121208837308e-01
3.696198902846257184e-01 1.290150245162973164e-01 -1.267660431630908136e-01 -3.718688716378357739e-01
3.890418310358123577e-01 1.182705103777816902e-01 -1.266178311943999546e-01 -3.806945102191940933e-01
4.056621877465653725e-01 1.334168409808631495e-01 -1.455594301288529735e-01 -3.935195985985746603e-01
3.508454969539078760e-01 1.166884048126171081e-01 -1.090110824969947600e-01 -3.585228192695320004e-01
3.459077639462497800e-01 1.131093537261262938e-01 -9.751110296592635507e-02 -3.615060147064506069e-01
4.145160998449846090e-01 1.416375251912729283e-01 -1.397816473071173959e-01 -4.163719777291419177e-01
3.597980377785976458e-01 1.202712974163553383e-01 -1.244116743338219422e-01 -3.556576608611319301e-01
3.897578180599321485e-01 1.363342967857894550e-01 -1.355425467130579875e-01 -3.905495681326645041e-01
4.389062125955778271e-01 1.406462623748465646e-01 -1.428745849153019165e-01 -4.366778900551251397e-01
3.625863733036585046e-01 1.099036723532327287e-01 -1.202740224365896893e-01 -3.522160232203006558e-01
3.311780465209945845e-01 1.057258386335035993e-01 -1.055473713032872851e-01 -3.313565138512135633e-01
3.814190649174467040e-01 1.239606179029077992e-01 -1.380902869376727793e-01 -3.672893958826799476e-01
3.836649219139616207e-01 1.290716198951269433e-01 -1.282008219540031746e-01 -3.845357198550845013e-01
3.717883635956047428e-01 1.397627337243516621e-01 -1.393758164615421791e-01 -3.721752808584133376e-01
3.816317448177066751e-01 1.288646829202813038e-01 -1.096099424396799193e-01 -4.008864852983080596e-01
3.857954756599086821e-01 1.267355072893758816e-01 -1.242525302744583726e-01 -3.882784526748235265e-01
3.719295697970030901e-01 1.319609157552656953e-01 -1.227028231311431128e-01 -3.811876624211283371e-01
3.620982389503311083e-01 1.201678175237219648e-01 -1.331518553900874480e-01 -3.491142010839638488e-01
3.596784330955076214e-01 1.131899851809761159e-01 -1.113312634742822382e-01 -3.615371548021997228e-01
3.386106667348318666e-01 1.141825927958990405e-01 -1.097500989036062080e-01 -3.430431606271246991e-01
3.564705669041412506e-01 1.159780674525565658e-01 -1.095971108185640475e-01 -3.628515235381337689e-01
4.100513244943160274e-01 1.228130931073589949e-01 -1.347860498457222889e-01 -3.980783677559518452e-01
3.736734916635988668e-01 1.252530438801970902e-01 -1.176425186787160015e-01 -3.812840168650790673e-01
4.030439016745210878e-01 1.410562100119401308e-01 -1.316623184306564553e-01 -4.124377932558056514e-01
3.866912315011443724e-01 1.188533044274038275e-01 -1.350777304113544020e-01 -3.704668055171946861e-01
3.944959001953183275e-01 1.200867349755441182e-01 -1.173656518318439979e-01 -3.972169833390175597e-01
3.578941234313184339e-01 1.251475637356822546e-01 -1.359111154130205890e-01 -3.471305717539809876e-01
4.011375174094542473e-01 1.337549980555508000e-01 -1.338949483245848171e-01 -4.009975671404202302e-01
3.242269505088435366e-01 1.155823886885478657e-01 -1.202456566427985152e-01 -3.195636825545955517e-01
4.094689297709548370e-01 1.212731448848094473e-01 -1.325823264970305004e-01 -3.981597481587346721e-01
3.795969274621349143e-01 1.365284227244387694e-01 -1.268129641538351393e-01 -3.893123860327376562e-01
3.512282348220088224e-01 1.230218400138944901e-01 -1.157464865356123696e-01 -3.585035883002944956e-01
3.525136750900657034e-01 1.233154867016201806e-01 -1.238027926499682962e-01 -3.520263691417202523e-01
3.320492373013248510e-01 1.034498602224580566e-01 -1.001789797942738147e-01 -3.353201177295099811e-01
3.381198085887726634e-01 1.173313104961808406e-01 -1.189993132017512778e-01 -3.364518058832040026e-01
3.234126373309900160e-01 1.136531200584194323e-01 -1.094260615879072418e-01 -3.276396958015004302e-01
3.078429533242497129e-01 1.082564113361161873e-01 -1.038380051682672445e-01 -3.122613594920977675e-01
3.631212964679271238e-01 1.270874509077630776e-01 -1.112557025701699231e-01 -3.789530448055202783e-01
3.643083672953553176e-01 1.301929447429053255e-01 -1.272907011898940510e-01 -3.672106108483674802e-01
3.367458856505631815e-01 1.168439894179842398e-01 -1.134502152785969997e-01 -3.401396597899521979e-01
3.689916359592873008e-01 1.267356546921734051e-01 -1.324923109910134400e-01 -3.632349796604463776e-01
3.546179693430877577e-01 1.186833749979498975e-01 -1.206668740391387828e-01 -3.526344703018997606e-01
3.711928685699792396e-01 1.465008526212763229e-01 -1.363654153014826065e-01 -3.813283058897729560e-01
3.677086881989151124e-01 1.252225226441483485e-01 -1.267098022091026621e-01 -3.662214086339625752e-01
3.477059914105415928e-01 1.151867261316077418e-01 -1.167811833494925011e-01 -3.461115341926586098e-01
3.687547327704168154e-01 1.203061178605819848e-01 -1.242522948558049123e-01 -3.648085557751947761e-01
3.988080825776130212e-01 1.272252312572899058e-01 -1.298783579320508252e-01 -3.961549559028538781e-01
3.423898168110319773e-01 1.167679390344673607e-01 -1.172382235364146652e-01 -3.419195323090864491e-01
3.596079210661704550e-01 1.242898450759133411e-01 -1.223844446385511375e-01 -3.615133215035299941e-01
3.259988556001909288e-01 1.172937199334924685e-01 -1.024458513225487977e-01 -3.408467242111310469e-01
3.573526402579130234e-01 1.078496014211891563e-01 -1.235260566602969234e-01 -3.416761850188061445e-01
3.555419060095674766e-01 1.041999366823187501e-01 -1.103059498975351715e-01 -3.494358927943546078e-01
3.811636558607451875e-01 1.145965194396962872e-01 -1.244493683520540017e-01 -3.713108069483865847e-01
3.650859632938603383e-01 1.312354176335608358e-01 -1.244219513753552775e-01 -3.718994295520667848e-01
3.414880907977249080e-01 9.295397679191719220e-02 -1.010603715328013408e-01 -3.333816960568389831e-01
3.652820044045812509e-01 1.182995618792554993e-01 -1.240868201998290843e-01 -3.594947460840076658e-01
4.024169121106320191e-01 1.259536606271671744e-01 -1.448540271710179184e-01 -3.835165455667812751e-01
3.695244600441451865e-01 1.182764980902790697e-01 -1.216456770778631125e-01 -3.661552810565629201e-01
3.852803816957584004e-01 1.213356913257523928e-01 -1.391617351748859477e-01 -3.674543378466275101e-01
4.120784965026746960e-01 1.336902773574655257e-01 -1.306544331377432755e-01 -4.151143407223978343e-01
3.756815801088331241e-01 1.306964833017234540e-01 -1.232788404755122968e-01 -3.830992229350478340e-01
4.121776684313482875e-01 1.385251433703427182e-01 -1.412718651359803346e-01 -4.094309466657088947e-01
3.686830556398472680e-01 1.349732173413231706e-01 -1.218960971492784040e-01 -3.817601758318929228e-01
3.844758872306748287e-01 1.401003746245086390e-01 -1.189503240207319124e-01 -4.056259378344524436e-01
3.991700416524892603e-01 1.306353224875858032e-01 -1.358336257764864996e-01 -3.939717383635885639e-01
3.786694431124333349e-01 1.291352727422392377e-01 -1.218286929423122444e-01 -3.859760229123594399e-01
4.171202744060504841e-01 1.264652948730962123e-01 -1.418717322030795813e-01 -4.017138370760662269e-01
3.955852364511294184e-01 1.372098976117088753e-01 -1.363231144175625076e-01 -3.964720196452748979e-01
3.969780295440523687e-01 1.319230883319182368e-01 -1.250680604691751796e-01 -4.038330574067945378e-01
3.984545892930890787e-01 1.387431047399942941e-01 -1.369299399488674851e-01 -4.002677540842176640e-01
4.081842042684353800e-01 1.329509558043877604e-01 -1.470829441348673328e-01 -3.940522159379531431e-01
3.783871837227277268e-01 1.295650866406052870e-01 -1.116049345682252891e-01 -3.963473357951068365e-01
4.329302562034706980e-01 1.469688584464945436e-01 -1.573687313896829920e-01 -4.225303832602831378e-01
3.495619730733858788e-01 1.296483806586232745e-01 -1.243480020319749357e-01 -3.548623517000359939e-01
4.162446470688561106e-01 1.349360083997002135e-01 -1.421068851141891187e-01 -4.090737703543672055e-01
4.063604915915881577e-01 1.129797353217520950e-01 -1.158737716352034042e-01 -4.034664552781341840e-01
3.860223657514625373e-01 1.119173931111614451e-01 -1.082651982358502352e-01 -3.896745606267781881e-01
3.616820678228824804e-01 1.175415045087664367e-01 -1.245191988297573715e-01 -3.547043735018924338e-01
4.047504259097216561e-01 1.431326312403919943e-01 -1.326288078720567754e-01 -4.152542492780568750e-01
4.133912087407534131e-01 1.356879428156751999e-01 -1.370415642051039384e-01 -4.120375873513264509e-01
3.982609569848651887e-01 1.208095700651012905e-01 -1.203236915536507468e-01 -3.987468354963166206e-01
3.899317433960112211e-01 1.296501461859795867e-01 -1.293919343202905026e-01 -3.901899552616994171e-01
3.751339179242174637e-01 1.323026863567875466e-01 -1.285769803503660214e-01 -3.788596239306389890e-01
4.146428855871677754e-01 1.384477007152957739e-01 -1.294924693349459588e-01 -4.235981169675193669e-01
3.875431700492910636e-01 1.311508688058520278e-01 -1.331789982783240234e-01 -3.855150405768199562e-01
3.903409337425891579e-01 1.202861169709557032e-01 -1.297070173229455392e-01 -3.809200333906010982e-01
4.314041323799298056e-01 1.485745212901496970e-01 -1.423114066506245834e-01 -4.376672470194540310e-01
3.820640819291094559e-01 1.365238216828403850e-01 -1.301649794239114755e-01 -3.884229241880392536e-01
3.946264736484961233e-01 1.255194574687328313e-01 -1.228149888889591423e-01 -3.973309422282680359e-01
4.084626048410546773e-01 1.468051781708554770e-01 -1.347435024092593636e-01 -4.205242806026516789e-01
4.277320787953557968e-01 1.329805938757218087e-01 -1.304091677445233799e-01 -4.303035049265560019e-01
3.970942999436930521e-01 1.129336135485363712e-01 -1.220559973654609109e-01 -3.879719161267676242e-01
4.103386161904376550e-01 1.276596690077163032e-01 -1.263998282540965690e-01 -4.115984569440573893e-01
4.064212041450883106e-01 1.199134743094338873e-01 -1.261720644415316173e-01 -4.001626140129896925e-01
3.860877260337716166e-01 1.273730669816082184e-01 -1.286001730646448848e-01 -3.848606199507349501e-01
4.004754596691402213e-01 1.345084308957753549e-01 -1.344301693767446793e-01 -4.005537211881726734e-01
3.880551356707284683e-01 1.335990114940548423e-01 -1.326142049325893524e-01 -3.890399422321912937e-01
4.104039292276109308e-01 1.432722647219986101e-01 -1.304179573962791494e-01 -4.232582365533312796e-01
4.069383820314769196e-01 1.413221757436895487e-01 -1.389260160101075670e-01 -4.093345417650571250e-01
4.028801607243543970e-01 1.419858414932795299e-01 -1.411175735261203101e-01 -4.037484286915109521e-01
4.006719193298318160e-01 1.176153813524525305e-01 -1.299946780673817415e-01 -3.882926226149026050e-01
4.300609778214319334e-01 1.450057276077449941e-01 -1.518664949710535339e-01 -4.232002104581233937e-01
3.787164403155518499e-01 1.128549004617509510e-01 -1.298569053582285804e-01 -3.617144354190742206e-01
4.192080748894149167e-01 1.281409794338923547e-01 -1.248207092624058490e-01 -4.225283450609023106e-01
3.648010406249531101e-01 1.175977795472977760e-01 -1.203209636988278319e-01 -3.620778564734195015e-01
4.171960278403910038e-01 1.274626310735964552e-01 -1.320737758529615391e-01 -4.125848830610259199e-01
3.864797168971527697e-01 1.324607512678843690e-01 -1.418788065709675195e-01 -3.770616615940696192e-01
4.381693844138858651e-01 1.333041885103254387e-01 -1.456238689399711461e-01 -4.258497039842410459e-01
4.080294879418095988e-01 1.378595737524594966e-01 -1.314115619644304900e-01 -4.144774997298368291e-01
3.639869895875893491e-01 1.131844440678335673e-01 -1.102309409283810382e-01 -3.669404927270427663e-01
3.771011810303139811e-01 1.290547227497933491e-01 -1.376919379759629081e-01 -3.684639658041435339e-01
3.375942773344338121e-01 1.024754857760497018e-01 -1.035022298759109560e-01 -3.365675332345725579e-01
3.765709601509712456e-01 1.177761592940225199e-01 -1.043087133403597377e-01 -3.900384061046322515e-01
3.319323191834060438e-01 1.085335038283377074e-01 -9.880769592791605049e-02 -3.416581270838259243e-01
4.039997804332688958e-01 1.408001462523404967e-01 -1.269420476733005287e-01 -4.178578790123097519e-01
3.398265595905698433e-01 1.047841406448712931e-01 -1.045479256247974220e-01 -3.400627746106428262e-01
3.678096447624357168e-01 1.281312330930317600e-01 -1.177540139506971784e-01 -3.781868639047711866e-01
3.396987169500125248e-01 1.093922574544210491e-01 -1.164865224855651249e-01 -3.326044519188675608e-01
3.894446009253469398e-01 1.239816594888853984e-01 -1.215401809751206486e-01 -3.918860794391125779e-01
3.550966637756882704e-01 1.190402255318252500e-01 -1.253666550194285634e-01 -3.487702342880840689e-01
3.798109869428545338e-01 1.172836929689928809e-01 -1.236706173909691842e-01 -3.734240625208791187e-01
3.449040484591545663e-01 1.110574786489229027e-01 -1.198397633545926766e-01 -3.361217637534839042e-01
3.321707892522143268e-01 1.212974723487443285e-01 -1.120201663455882013e-01 -3.414480952553713422e-01
3.614482456180496683e-01 1.154747293115843121e-01 -1.085742689259419080e-01 -3.683487060036911842e-01
3.705116493710685077e-01 1.304060790133805270e-01 -1.364596550885712745e-01 -3.644580732958759839e-01
3.553619451177398858e-01 1.202903599142528535e-01 -1.163875543429355730e-01 -3.592647506890589426e-01
3.670102508701669208e-01 1.313641691827269753e-01 -1.370454205720976759e-01 -3.613289994807971084e-01
3.348356036202906338e-01 1.162317187376382677e-01 -1.079256193192499325e-01 -3.431417030386789691e-01
3.623287042702694194e-01 1.283229259089324614e-01 -1.361511856693464750e-01 -3.545004445098554058e-01
3.160895289300640343e-01 1.158668608829298563e-01 -1.173504662107047736e-01 -3.146059236022882288e-01
3.295965276257186716e-01 1.207034252960532683e-01 -1.229705438725092748e-01 -3.273294090492662178e-01
3.503374945799233586e-01 1.114669970927906206e-01 -1.179158989063484597e-01 -3.438885927663655195e-01
3.324320534366114188e-01 1.186193003264257584e-01 -1.152022304779567463e-01 -3.358491232850830954e-01
3.345974259892523506e-01 1.173159394169331904e-01 -1.141277965963247709e-01 -3.377855688098634346e-01
3.434295693770605951e-01 1.253281355495543536e-01 -1.263154079381152428e-01 -3.424422969885005941e-01
3.440277444048280842e-01 1.270344122950080035e-01 -1.189043433804117811e-01 -3.521578133194207538e-01
3.409362433379685697e-01 1.104889821157311047e-01 -1.110402635692766538e-01 -3.403849618844212443e-01
3.499498529225197885e-01 1.273134493629708430e-01 -1.152150699846039572e-01 -3.620482323008875625e-01
4.018977517739239502e-01 1.307496599944117932e-01 -1.356539702920240842e-01 -3.969934414763134356e-01
4.210186718298185582e-01 1.526780664875158067e-01 -1.458809400217191410e-01 -4.278157982956161121e-01
3.767385382982633146e-01 1.165262649341523016e-01 -1.340336704447819827e-01 -3.592311327876336335e-01
3.932289006514926299e-01 1.293789623724705962e-01 -1.242373910197658304e-01 -3.983704720041982839e-01
3.863481157138846100e-01 1.343183025906178329e-01 -1.345588603338185862e-01 -3.861075579706838568e-01
3.722091734082004777e-01 1.273879210305848275e-01 -1.283962196936476730e-01 -3.712008747451376323e-01
4.146430803277967314e-01 1.322225396818907939e-01 -1.298918712980148271e-01 -4.169737487116744745e-01
3.686656172129767484e-01 1.173429248401838265e-01 -1.205927936575310611e-01 -3.654157483956286256e-01
3.966250078967270554e-01 1.272282519301777270e-01 -1.377462357047170016e-01 -3.861070241221877808e-01
3.865465997340207238e-01 1.206056026535797798e-01 -1.245571578830722004e-01 -3.825950445045300796e-01
4.034855978239786367e-01 1.380551087393975251e-01 -1.247502145830567954e-01 -4.167904919803193664e-01
3.983871664512923516e-01 1.292180291611142451e-01 -1.330528295687525286e-01 -3.945523660436549562e-01
4.152891192088805639e-01 1.296914539160027857e-01 -1.260777891144613250e-01 -4.189027840104229128e-01
3.662822879438767387e-01 1.184349639708672797e-01 -1.234580502151922943e-01 -3.612592016995499478e-01
3.745381559323988085e-01 1.299013243272861828e-01 -1.288199236238423140e-01 -3.756195566358382365e-01
3.667165188491399164e-01 1.169709193673114100e-01 -1.301403191844370255e-01 -3.535471190320169654e-01
4.279763969850662875e-01 1.427081737665840677e-01 -1.455274740185030780e-01 -4.251570967331481654e-01
3.807569437897182496e-01 1.245660933225662959e-01 -1.367300653925873632e-01 -3.685929717196971822e-01
4.113478399517775941e-01 1.351088408383018802e-01 -1.377744295647840289e-01 -4.086822512252945572e-01
4.006184048548053767e-01 1.385246416476988429e-01 -1.295864958605603690e-01 -4.095565506419447388e-01
3.699474570633531911e-01 1.261944778643648846e-01 -1.348684467625202998e-01 -3.612734881651968877e-01
3.951317562732352684e-01 1.212395451815302394e-01 -1.316114168787159144e-01 -3.847598845760504815e-01
3.695447336226571622e-01 1.080274069036617490e-01 -1.177815238084178873e-01 -3.597906167178983594e-01
4.149365890682892299e-01 1.259846977594785145e-01 -1.422659789466464986e-01 -3.986553078811194695e-01
3.883147879271175995e-01 1.563688763986537111e-01 -1.407642628185774569e-01 -4.039194015071956301e-01
3.792432550646633871e-01 1.358669953246343098e-01 -1.292765552538455154e-01 -3.858336951354512934e-01
3.893155078308687678e-01 1.300567749658148031e-01 -1.394137761194169656e-01 -3.799585066772639408e-01
4.185578414034747396e-01 1.435964146611761194e-01 -1.378087003185397563e-01 -4.243455557461119909e-01
4.144673333732269427e-01 1.357379821898945238e-01 -1.355602705390213103e-01 -4.146450450241001562e-01
3.361244073195734927e-01 1.276038267891888012e-01 -1.277955512054997911e-01 -3.359326829032642792e-01
4.000162556037638595e-01 1.423112255671785675e-01 -1.292644236968527593e-01 -4.130630574740905558e-01
3.989993712595110154e-01 1.349829358773373400e-01 -1.400587266063615388e-01 -3.939235805304850402e-01
3.781254928663422277e-01 1.160746040898397169e-01 -1.191280140112773722e-01 -3.750720829449036842e-01
3.722739915569750480e-01 1.450196324231569633e-01 -1.276023969714668027e-01 -3.896912270086669849e-01
4.102124182478892322e-01 1.331359847117372652e-01 -1.369947113942524552e-01 -4.063536915653749304e-01
3.859794774413245477e-01 1.039064993938536574e-01 -1.245131121145979236e-01 -3.653728647205802815e-01
4.036390723474854170e-01 1.353177120748512152e-01 -1.468105304046503079e-01 -3.921462540176827716e-01
4.187799301156340803e-01 1.462544099403215725e-01 -1.423862596477389886e-01 -4.226480804082166642e-01
3.630363822779028027e-01 1.236823735656988887e-01 -1.213973787596547282e-01 -3.653213770839451868e-01
4.068044304079752038e-01 1.234623457918804235e-01 -1.297999973476500202e-01 -4.004667788522038308e-01
4.205298384251285881e-01 1.394455221079624607e-01 -1.477248367878516433e-01 -4.122505237452402937e-01
4.056710511289089993e-01 1.349966128775008656e-01 -1.394025120725848055e-01 -4.012651519338241712e-01
4.049597750511546579e-01 1.140582413169095588e-01 -1.237199208621930779e-01 -3.952980955058702506e-01
4.084325223419700279e-01 1.215345696971548151e-01 -1.314081135841540515e-01 -3.985589784549725678e-01
3.563210300616184156e-01 1.258288155803723996e-01 -1.280411985902993877e-01 -3.541086470516896512e-01
3.897034081066159672e-01 1.427251366058968074e-01 -1.324122102606608564e-01 -4.000163344518492536e-01
3.966068850550490410e-01 1.444442753585706285e-01 -1.305874123212289462e-01 -4.104637480923889470e-01
3.809207313637212877e-01 1.422131679440497010e-01 -1.310009546367423283e-01 -3.921329446710277722e-01
4.057454413446581754e-01 1.218168903045970808e-01 -1.392249737169581891e-01 -3.883373579322970670e-01
3.524141821316577605e-01 1.161080573908881419e-01 -1.208006516621873416e-01 -3.477215878603603372e-01
3.463981469157557669e-01 1.117222405083113657e-01 -1.192581000811836489e-01 -3.388622873428825955e-01
3.677389411184419643e-01 1.375267603281278284e-01 -1.189755685842674993e-01 -3.862901328623040698e-01
3.817116852632018720e-01 1.188625713247617455e-01 -1.359140425270997099e-01 -3.646602140608630194e-01
4.151078310693723239e-01 1.279637631476795434e-01 -1.360652343922721386e-01 -4.070063598247823933e-01
4.018990822862731349e-01 1.282375857529443053e-01 -1.387794364797505509e-01 -3.913572315594660012e-01
3.749985487045242039e-01 1.198898494038971307e-01 -1.261337903396322346e-01 -3.687546077687899881e-01
3.626659793381703523e-01 1.352771514155834964e-01 -1.358599911697551121e-01 -3.620831395839987366e-01
3.553444199956814487e-01 1.046470209207148727e-01 -1.172340769092388157e-01 -3.427573640071575056e-01
3.328027250566405471e-01 1.141870344160587081e-01 -1.177509354234702599e-01 -3.292388240492298834e-01
3.619985586371310404e-01 1.082496131088994673e-01 -1.246719510114706608e-01 -3.455762207345589587e-01
4.118806476345957535e-01 1.254315292533911830e-01 -1.357274745620049572e-01 -4.015847023259802029e-01
3.998658712117455494e-01 1.204365356377179452e-01 -1.371339653765710764e-01 -3.831684414728915300e-01
3.614490190692958294e-01 1.141465643191788004e-01 -1.166278562270433028e-01 -3.589677271614304388e-01
4.039037417822299858e-01 1.235522108736564206e-01 -1.314762087443819283e-01 -3.959797439115044781e-01
3.870161856421301394e-01 1.088593156674502183e-01 -1.175588574450872059e-01 -3.783166438644949281e-01
3.763520697844660035e-01 1.338041173103956538e-01 -1.357928656666445022e-01 -3.743633214282153787e-01
4.026363022771706213e-01 1.451071152810978759e-01 -1.464691317829442951e-01 -4.012742857753277548e-01
3.563051335367584116e-01 1.279083403794025742e-01 -1.187496702899917267e-01 -3.654638036261719236e-01
4.132611033608446505e-01 1.174459436660875156e-01 -1.323122575011259627e-01 -3.983947895258062033e-01
3.646235486593800701e-01 1.310852145507990230e-01 -1.224976603723790802e-01 -3.732111028378000128e-01
3.898694716124246895e-01 1.214173381624625847e-01 -1.248659875658484353e-01 -3.864208222090397271e-01
3.830942311179157400e-01 1.357284703741932219e-01 -1.296465518724039256e-01 -3.891761496197032599e-01
3.777394693602449394e-01 1.299105838410197222e-01 -1.233031094764189817e-01 -3.843469437248456799e-01
3.595063356548431344e-01 1.212302236466022975e-01 -1.157950131388556514e-01 -3.649415461625888923e-01
3.858226434170930474e-01 1.221487610329017315e-01 -1.417668177333615276e-01 -3.662045867166350277e-01
3.203972692787093735e-01 1.018813589130891373e-01 -1.019788429444803413e-01 -3.202997852473163931e-01
3.970501548084710564e-01 1.537550354467605018e-01 -1.458712816636573706e-01 -4.049339085915732994e-01
3.494742394587122547e-01 1.140886960332574418e-01 -1.175880668524520445e-01 -3.459748686395176520e-01
3.669752356158362261e-01 1.301721373573023754e-01 -1.342996994647487341e-01 -3.628476735083889793e-01
3.432044343883005055e-01 1.259026030423235909e-01 -1.045107033420453746e-01 -3.645963340885796100e-01
3.772479167796003452e-01 1.346031669597245184e-01 -1.185631740671269085e-01 -3.932879096721944023e-01
3.645405617669315035e-01 1.220867131439620223e-01 -1.138991843507994872e-01 -3.727280905600967031e-01
3.622339265315774881e-01 1.258496030005673560e-01 -1.294749740789340464e-01 -3.586085554532107977e-01
3.445152042117074487e-01 1.124341070708982926e-01 -1.220895441052745056e-01 -3.348597671773330120e-01
3.646225985173678907e-01 1.156879487848367916e-01 -1.132588473670264051e-01 -3.670516999351756127e-01
3.545318288471985824e-01 1.157193143282500003e-01 -1.141773367318759114e-01 -3.560738064435735595e-01
3.799920365801314759e-01 1.188992256716865370e-01 -1.286386016054281711e-01 -3.702526606463916181e-01
3.925938673451678795e-01 1.319861654589553623e-01 -1.342642798244924052e-01 -3.903157529796317249e-01
3.670795554890569079e-01 1.287122335112051985e-01 -1.216149927794560881e-01 -3.741767962208051301e-01
4.336176348611404663e-01 1.373033710940907426e-01 -1.449650568684974772e-01 -4.259559490867319553e-01
4.202047433816300526e-01 1.426642165915783522e-01 -1.396144678790234295e-01 -4.232544920941876399e-01
3.542336632270384200e-01 1.253950293527301696e-01 -1.035800682839136400e-01 -3.760486242958558378e-01
4.070883261664821617e-01 1.356822680644604873e-01 -1.368639260658754964e-01 -4.059066681650689290e-01
3.839436689734645469e-01 1.272561607502993297e-01 -1.213799302099767274e-01 -3.898198995137853728e-01
3.759443653541580943e-01 1.334284485324257474e-01 -1.306140898229504188e-01 -3.787587240636351993e-01
4.368721590606066130e-01 1.402706454598732222e-01 -1.337626475617001987e-01 -4.433801569587796365e-01
3.893388969457189930e-01 1.143947142150336660e-01 -1.172628823532129161e-01 -3.864707288075406311e-01
4.101360560336280159e-01 1.302333683214014215e-01 -1.353669109723760755e-01 -4.050025133826551382e-01
3.589382124807825036e-01 1.411310501732803147e-01 -1.280780651005137827e-01 -3.719911975535481474e-01
4.013171524666665491e-01 1.498649507523648339e-01 -1.333315632066822687e-01 -4.178505400123508906e-01
3.855616508472987647e-01 1.267287520028865799e-01 -1.278950779758085687e-01 -3.843953248743749995e-01
3.813172634307164799e-01 1.330589978955130093e-01 -1.266913643487113106e-01 -3.876848969775190668e-01
4.175724845150217135e-01 1.383486986011286390e-01 -1.253267335607697319e-01 -4.305944495553806206e-01
3.703900980043091096e-01 1.362305531360092914e-01 -1.298412723775834721e-01 -3.767793787627349289e-01
3.930291679805186789e-01 1.354949132257026179e-01 -1.365753426873288490e-01 -3.919487385188906714e-01
3.653371104376956779e-01 1.395253799319613464e-01 -1.238719192710071582e-01 -3.809905710986516425e-01
4.196957283302777952e-01 1.549293403978779793e-01 -1.406787036960475135e-01 -4.339463650321100374e-01
3.775068732646342795e-01 1.329911699491566068e-01 -1.283948495299345183e-01 -3.821031936838554799e-01
3.512677907604384586e-01 1.088164865499487988e-01 -1.108489670455599096e-01 -3.492353102648246832e-01
3.934512040130213606e-01 1.343720557257652715e-01 -1.363724792421603382e-01 -3.914507804966262938e-01
3.880082317186053231e-01 1.214524493429109953e-01 -1.211272495343092004e-01 -3.883334315272044535e-01
4.030489903621159442e-01 1.349122841065844014e-01 -1.524117637909769840e-01 -3.855495106777224734e-01
3.686214391647997246e-01 1.317879752340918031e-01 -1.295301844916751932e-01 -3.708792299072172227e-01
3.490590707139560323e-01 1.265011168202638814e-01 -1.221226842870137830e-01 -3.534375032472070188e-01
3.997892081520149077e-01 1.496054416747902849e-01 -1.362345233232691299e-01 -4.131601265035342863e-01
4.325589224495036689e-01 1.307529721709927983e-01 -1.335525721510046893e-01 -4.297593224694926661e-01
