5914.54 6.36211e-09 6342.17 2.96657e-09 -0.0251793 0.0031571 -4.25718e-06
5936.25 -2.70359e-09 6258.04 -1.28228e-09 -0.0250469 0.00312542 -4.21931e-06
6145.17 4.56347e-09 6576.53 2.13207e-09 -0.0254208 0.00320063 -4.13672e-06
5527.39 2.33932e-08 5850.14 1.10513e-08 -0.0240872 0.00310975 -4.35779e-06
6121.71 1.31176e-08 6544.71 6.13487e-09 -0.0253696 0.00316215 -4.1442e-06
5508.94 7.9631e-09 5946.12 3.68881e-09 -0.0251143 0.00319306 -4.55882e-06
6378.32 9.00986e-09 6806.83 4.22133e-09 -0.0256707 0.00328756 -4.02468e-06
5918.75 5.01649e-09 6345.44 2.33958e-09 -0.0246426 0.00327809 -4.16348e-06
5820.07 4.84937e-09 6240.01 2.26151e-09 -0.0245118 0.0030924 -4.2116e-06
5923.74 -3.17466e-09 6335.8 -1.4841e-09 -0.0251878 0.0033462 -4.25201e-06
5810.5 -5.12519e-09 6236.34 -2.38761e-09 -0.0256981 0.00336493 -4.4227e-06
5760.78 2.57471e-08 6186.58 1.19875e-08 -0.0254871 0.00326379 -4.42425e-06
6730.6 -6.47598e-10 7156.99 -3.04508e-10 -0.0258566 0.00333275 -3.84166e-06
6606.35 -2.31146e-09 6932.09 -1.10142e-09 -0.0252097 0.00325592 -3.81597e-06
5980.4 -2.83269e-09 6403.73 -1.32272e-09 -0.0259656 0.00322389 -4.34177e-06
5996.77 1.06926e-08 6440.54 4.97792e-09 -0.0256157 0.00330357 -4.27158e-06
6176.88 1.60762e-08 6607.75 7.51398e-09 -0.0259209 0.0032279 -4.19644e-06
6057.12 4.33593e-09 6490.45 2.02322e-09 -0.0244701 0.00313913 -4.0399e-06
6507.21 -8.11429e-09 6934.55 -3.80712e-09 -0.0257758 0.00326371 -3.96111e-06
5935.24 9.4378e-09 6361.22 4.4029e-09 -0.0237165 0.00316362 -3.99589e-06
6509.21 4.57492e-10 6837.16 2.17774e-10 -0.0257684 0.0032485 -3.95876e-06
5729.91 -7.35836e-09 6145.7 -3.43026e-09 -0.0238778 0.00301287 -4.16722e-06
6065.63 1.19726e-09 6499.81 5.58643e-10 -0.0253387 0.00317866 -4.17742e-06
5843.55 -1.98686e-08 6273.16 -9.25394e-09 -0.0249682 0.00330235 -4.27278e-06
6027.74 -1.32881e-08 6351.25 -6.30562e-09 -0.0250731 0.00326867 -4.15961e-06
6083.97 8.49414e-10 6499.53 3.97553e-10 -0.0240289 0.00317805 -3.94954e-06
6219.02 -5.36448e-09 6626.09 -2.51746e-09 -0.0243874 0.00318811 -3.92142e-06
5689.73 6.21602e-09 6116.16 2.89131e-09 -0.0250302 0.00344832 -4.39919e-06
6129.54 1.81429e-08 6544.02 8.49686e-09 -0.0251188 0.00310896 -4.09798e-06
6112.36 -2.11742e-10 6532.08 -9.90682e-11 -0.0245212 0.00327435 -4.01173e-06
5877.12 2.21756e-08 6281.95 1.03732e-08 -0.0249364 0.0031592 -4.24297e-06
5399.15 5.80155e-09 5794.9 2.70267e-09 -0.0247766 0.00332635 -4.58898e-06
5573.32 1.63192e-09 5971.77 7.61515e-10 -0.0248049 0.0031016 -4.45065e-06
5138.02 1.26579e-08 5540.25 5.86944e-09 -0.0243143 0.00323535 -4.73222e-06
5367.56 -1.12147e-08 5764.7 -5.22105e-09 -0.024471 0.00324655 -4.55907e-06
5482.21 5.91947e-09 5783.09 2.80574e-09 -0.0250662 0.0031797 -4.57228e-06
5622.55 1.87905e-08 5913.56 8.93288e-09 -0.0247698 0.00335167 -4.40544e-06
6247.38 2.44065e-09 6656.77 1.14527e-09 -0.0253066 0.00338444 -4.05076e-06
5943.56 1.84829e-08 6336.89 8.66783e-09 -0.0248706 0.00317231 -4.18446e-06
5711.3 2.71494e-09 6124.63 1.26586e-09 -0.0251202 0.00317897 -4.39834e-06
5889.1 -2.98722e-09 6311.26 -1.3937e-09 -0.0242188 0.00329467 -4.11247e-06
5237.6 1.02238e-08 5641.45 4.74595e-09 -0.0244053 0.00314297 -4.65964e-06
5877.1 1.49222e-08 6283.44 6.97861e-09 -0.024761 0.00317371 -4.21314e-06
5354.45 1.40518e-08 5739.43 6.55461e-09 -0.0249407 0.00310452 -4.65794e-06
5733.58 1.03414e-08 6117.24 4.84638e-09 -0.0233092 0.0030778 -4.06538e-06
5483.14 1.60234e-08 5871.51 7.48178e-09 -0.0248815 0.00325364 -4.53782e-06
5693.79 -9.13704e-09 6100.78 -4.26375e-09 -0.0247453 0.00332282 -4.34601e-06
5150.96 2.24858e-10 5541.92 1.04498e-10 -0.0240727 0.00315477 -4.67344e-06
5553.14 2.1067e-08 5952.57 9.82666e-09 -0.025248 0.00316759 -4.54662e-06
5847.88 1.36909e-08 6238.23 6.4171e-09 -0.0248423 0.00318012 -4.24809e-06
5433.69 1.9045e-08 5831.82 8.87239e-09 -0.0244562 0.00318745 -4.50084e-06
5521.26 1.89829e-08 5918.73 8.85408e-09 -0.0248902 0.00306907 -4.50806e-06
5954.27 1.4388e-08 6350.83 6.74479e-09 -0.025925 0.00330732 -4.35401e-06
5581.57 -1.39083e-09 5986.16 -6.48414e-10 -0.025376 0.00327471 -4.5464e-06
5588.18 2.29419e-08 5983.08 1.07138e-08 -0.023549 0.00316923 -4.21408e-06
5429.7 9.02291e-09 5839.07 4.19516e-09 -0.0249196 0.00305852 -4.5895e-06
5420.15 -1.30562e-08 5820.09 -6.07951e-09 -0.0250908 0.00331705 -4.62917e-06
5481.3 1.91306e-08 5897.11 8.89086e-09 -0.0245003 0.00315121 -4.4698e-06
5092.99 3.78094e-09 5485.45 1.75521e-09 -0.0238093 0.00322771 -4.67493e-06
6144.86 1.69079e-08 6531.36 7.95367e-09 -0.0256405 0.00322412 -4.17267e-06
5629.95 -1.00058e-08 6043.51 -4.66056e-09 -0.0243312 0.00322695 -4.32174e-06
5712.42 -7.47719e-11 6117.64 -3.49096e-11 -0.0243951 0.00323675 -4.27054e-06
5293.05 1.09714e-08 5684.86 5.10763e-09 -0.0236504 0.0030991 -4.4682e-06
6012.9 -1.13053e-08 6432.67 -5.28381e-09 -0.0244986 0.00338523 -4.07434e-06
5374.13 8.26219e-09 5773.52 3.84533e-09 -0.0250525 0.00316589 -4.66169e-06
5777.89 5.6698e-10 6199.62 2.64205e-10 -0.0253651 0.00317715 -4.39002e-06
5327.72 -4.2742e-09 5714.73 -1.99238e-09 -0.0240275 0.00303246 -4.50989e-06
5349.06 2.17105e-09 5751.28 1.00961e-09 -0.0253551 0.0032674 -4.74011e-06
5951.44 9.21981e-09 6342.81 4.32546e-09 -0.0242652 0.0030861 -4.0772e-06
6089.71 5.87722e-10 6495.85 2.75488e-10 -0.0244965 0.00324205 -4.0226e-06
5800.86 8.1747e-09 6207.12 3.81983e-09 -0.0246495 0.00316484 -4.24929e-06
5990.13 4.41206e-09 6395.86 2.06609e-09 -0.0251841 0.00329062 -4.20427e-06
5901.33 -8.99189e-09 6293.23 -4.21596e-09 -0.0252222 0.00316677 -4.274e-06
5856.19 -1.31147e-09 6257.08 -6.13723e-10 -0.0252824 0.00326781 -4.31721e-06
5437.42 3.75236e-09 5850.31 1.74377e-09 -0.0257445 0.00320325 -4.7347e-06
6296.52 1.25337e-08 6699.12 5.89022e-09 -0.0254958 0.003192 -4.04919e-06
5354.09 1.00413e-08 5782.68 4.64856e-09 -0.0261475 0.0032991 -4.88365e-06
5647.89 -2.34576e-10 6072.92 -1.09079e-10 -0.0257939 0.00336281 -4.56699e-06
5726 -4.73108e-09 6132.66 -2.20868e-09 -0.0240313 0.00310421 -4.19688e-06
6105.93 -6.42483e-10 6515.02 -3.0107e-10 -0.025219 0.00321531 -4.13024e-06
5712.31 3.1484e-09 6118.31 1.46974e-09 -0.0250197 0.0031266 -4.37997e-06
5886.26 1.1566e-08 6295.71 5.40688e-09 -0.026472 0.00320601 -4.49726e-06
5690.26 -3.05268e-09 6103.03 -1.42311e-09 -0.0268393 0.00350816 -4.7167e-06
5358.94 -6.16317e-09 5756.43 -2.8688e-09 -0.0238332 0.00314881 -4.44738e-06
5300.22 1.23142e-08 5712.23 5.713e-09 -0.0247806 0.00310348 -4.67538e-06
5816.04 3.61594e-09 6250.66 1.68226e-09 -0.0267064 0.00329206 -4.59186e-06
5538.42 -2.84093e-09 5948.78 -1.32248e-09 -0.0232501 0.0031969 -4.19796e-06
5773.11 1.23057e-09 6185.33 5.74278e-10 -0.0249561 0.00320999 -4.32281e-06
5675.24 4.81765e-09 6071.55 2.25159e-09 -0.0246138 0.00299464 -4.33705e-06
5795.13 -1.36907e-08 6214.93 -6.38297e-09 -0.0250284 0.00334151 -4.31887e-06
5192.67 -1.26592e-08 5597.68 -5.87161e-09 -0.0244735 0.003223 -4.71309e-06
5936.44 -3.56301e-09 6341.67 -1.66767e-09 -0.0248723 0.00319918 -4.18976e-06
6184.23 8.24644e-09 6605.59 3.86021e-09 -0.0255701 0.00317609 -4.13473e-06
5247.71 1.05215e-08 5651.25 4.8851e-09 -0.0240694 0.00299246 -4.58665e-06
5746.97 -1.31251e-09 6142.97 -6.13948e-10 -0.0239582 0.00312308 -4.16884e-06
5266.84 1.14928e-08 5666.75 5.34087e-09 -0.023919 0.00308867 -4.54143e-06
5718.37 -1.18137e-09 6139.2 -5.50197e-10 -0.0250044 0.00322158 -4.37265e-06
5633.01 -1.99051e-08 6047.71 -9.27008e-09 -0.0260378 0.00337355 -4.62236e-06
5930.67 8.68859e-09 6339.3 4.06427e-09 -0.0244862 0.00316867 -4.12874e-06
6010.09 3.93763e-09 6421.26 1.84274e-09 -0.0252471 0.00328897 -4.20079e-06
6120.5 2.23443e-08 6541.86 1.04525e-08 -0.0249419 0.00321205 -4.07513e-06
5433.32 2.85664e-08 5826.96 1.33183e-08 -0.0246122 0.00303591 -4.52986e-06
6164.63 3.79543e-09 6568.38 1.78106e-09 -0.0247442 0.00314729 -4.01391e-06
5750.24 1.57058e-08 6162.58 7.32745e-09 -0.024531 0.0032886 -4.26608e-06
5934.27 -1.11122e-08 6327.3 -5.21099e-09 -0.0244465 0.00314174 -4.11955e-06
5555.07 -8.96252e-09 5857.4 -4.24997e-09 -0.0247118 0.00330031 -4.44851e-06
5678.85 2.87304e-08 6098.5 1.33767e-08 -0.0244494 0.003135 -4.30535e-06
5978.66 1.17599e-09 6392.35 5.49941e-10 -0.024957 0.00321028 -4.17435e-06
5811.34 1.54949e-08 6224.06 7.23373e-09 -0.0239285 0.00302128 -4.11755e-06
5738.49 8.52985e-09 6165.83 3.96934e-09 -0.0257916 0.00326799 -4.49449e-06
5990.91 -1.83919e-09 6419.24 -8.58231e-10 -0.0266528 0.00333811 -4.44888e-06
5710.18 3.08385e-08 6110.69 1.44086e-08 -0.0250145 0.00319523 -4.38069e-06
5693.87 7.54427e-09 6085.84 3.52918e-09 -0.0238736 0.00308587 -4.19286e-06
5769.59 1.3242e-08 6189.49 6.17181e-09 -0.024532 0.00310075 -4.25195e-06
5706.6 4.91122e-09 6114.1 2.29195e-09 -0.0250854 0.00324155 -4.39586e-06
6457.04 1.09466e-10 6874.96 5.14058e-11 -0.0255999 0.00334876 -3.96464e-06
5509.47 -5.169e-09 5938.44 -2.3978e-09 -0.0245686 0.00307675 -4.45934e-06
5687.88 -6.04216e-10 6094.38 -2.81957e-10 -0.0242561 0.00312904 -4.26451e-06
6351.29 1.34249e-08 6755.96 6.31037e-09 -0.0252208 0.00321464 -3.97098e-06
6377.33 8.12011e-09 6814.16 3.79979e-09 -0.0256277 0.00340244 -4.01857e-06
6060.75 1.73618e-08 6484.37 8.11377e-09 -0.0249869 0.00323856 -4.12274e-06
5953.1 5.70338e-09 6370.61 2.66479e-09 -0.0254131 0.00314953 -4.26888e-06
5873.86 1.24239e-08 6282.96 5.80748e-09 -0.0243137 0.00316421 -4.13931e-06
6127.16 -1.06209e-08 6557.24 -4.96216e-09 -0.0258913 0.00323575 -4.22566e-06
5888.64 -7.65019e-09 6300.25 -3.57519e-09 -0.0253242 0.00336048 -4.30052e-06
5545.8 -2.56792e-09 5950.49 -1.19664e-09 -0.0252911 0.00327191 -4.56041e-06
6040.25 2.53416e-08 6487.33 1.17975e-08 -0.0265649 0.00333726 -4.39799e-06
5751.39 -2.34721e-09 6167.58 -1.09441e-09 -0.0249067 0.00328311 -4.33055e-06
5519.02 6.0055e-09 5927.75 2.7957e-09 -0.0253514 0.00320421 -4.59346e-06
5801.28 3.81769e-09 6222.57 1.77961e-09 -0.0249701 0.00320126 -4.30424e-06
6921.02 1.10573e-08 7389.79 5.17794e-09 -0.0229216 0.00301822 -3.31188e-06
6147.92 7.87084e-09 6588.94 3.67201e-09 -0.0243925 0.00322203 -3.9676e-06
6113.81 1.56088e-08 6570.1 7.26241e-09 -0.0231567 0.00305937 -3.78761e-06
6503.73 1.94879e-08 6956.43 9.10986e-09 -0.025078 0.00321433 -3.85593e-06
6437.47 -2.64818e-09 6889.66 -1.23719e-09 -0.0250401 0.00319906 -3.88974e-06
6070.98 -1.17983e-08 6521.63 -5.49152e-09 -0.0254525 0.00314054 -4.19249e-06
6310.7 -9.55911e-09 6757.92 -4.46325e-09 -0.0250818 0.00320824 -3.97449e-06
6670.29 1.06056e-08 7135.25 4.95725e-09 -0.0254727 0.00317933 -3.81883e-06
6329.42 -3.65224e-09 6803.54 -1.69887e-09 -0.025247 0.00309196 -3.98883e-06
6323.85 7.17091e-09 6788.66 3.33996e-09 -0.0231297 0.00309793 -3.65753e-06
6304.31 6.71059e-09 6781.06 3.1194e-09 -0.0256045 0.00332037 -4.06142e-06
6410.47 2.22993e-09 6843.56 1.0444e-09 -0.0231721 0.00297869 -3.61472e-06
6252.1 2.54448e-09 6714.08 1.1847e-09 -0.025525 0.00334781 -4.08263e-06
6173.75 1.12562e-08 6608.91 5.25751e-09 -0.0251244 0.00298604 -4.06956e-06
6097.6 2.83192e-09 6536.24 1.32094e-09 -0.0250088 0.00316814 -4.10142e-06
6069.95 -2.33173e-10 6504.14 -1.08804e-10 -0.0247254 0.00336697 -4.07341e-06
6305.06 -1.36906e-09 6738 -6.40547e-10 -0.0256205 0.00319077 -4.06348e-06
6579.36 9.25734e-09 7024.79 4.33517e-09 -0.0244332 0.00309798 -3.71361e-06
6233.89 1.11285e-08 6675.05 5.19649e-09 -0.0253068 0.00327901 -4.05956e-06
6156.83 1.45754e-08 6608.75 6.78935e-09 -0.026066 0.00332227 -4.23368e-06
6485.17 -4.07382e-09 6919.47 -1.90906e-09 -0.0258587 0.00337027 -3.98736e-06
6283.86 1.67604e-08 6715.79 7.84121e-09 -0.0245528 0.00319373 -3.90729e-06
6556.58 1.62561e-08 6999.36 7.61386e-09 -0.0259718 0.00335008 -3.96119e-06
5884.79 -3.17143e-09 6314.67 -1.47776e-09 -0.0240293 0.00316193 -4.08329e-06
5967.32 5.84626e-09 6405.87 2.72301e-09 -0.023499 0.00313712 -3.93794e-06
6066.68 -1.52878e-09 6505.01 -7.12884e-10 -0.0255347 0.00347508 -4.209e-06
6261.55 6.69549e-09 6722.53 3.11818e-09 -0.0264737 0.00325338 -4.22798e-06
5587.19 2.16262e-08 6019.95 1.00358e-08 -0.0242397 0.00312678 -4.33844e-06
6215.09 1.91123e-08 6664.08 8.91228e-09 -0.0253353 0.00322426 -4.07641e-06
6483.04 5.24705e-09 6926.43 2.45558e-09 -0.0245182 0.00316592 -3.7819e-06
6110.84 5.97524e-09 6554.56 2.78537e-09 -0.025507 0.00324121 -4.17405e-06
5412.76 7.86118e-09 5859.15 3.63113e-09 -0.0243477 0.00317143 -4.49821e-06
5947.44 -1.03829e-08 6376.78 -4.84194e-09 -0.0247019 0.00329973 -4.15337e-06
6541.08 8.1354e-09 6984.47 3.80947e-09 -0.0254251 0.00328394 -3.88698e-06
6100.16 1.21888e-08 6537.77 5.68648e-09 -0.0250732 0.00320055 -4.11026e-06
6063.36 2.21128e-09 6507.1 1.03024e-09 -0.0259954 0.00334952 -4.2873e-06
6045.62 -8.04576e-10 6466.71 -3.76093e-10 -0.0249284 0.00322495 -4.12338e-06
6431.17 1.72008e-08 6866.42 8.05525e-09 -0.0247929 0.00315411 -3.85511e-06
6229.17 1.27603e-08 6660.17 5.96725e-09 -0.0250159 0.00315969 -4.01592e-06
6395.92 1.06604e-08 6836.43 4.98674e-09 -0.0253339 0.003095 -3.96095e-06
6352.52 1.08534e-08 6806 5.06511e-09 -0.0255157 0.00343692 -4.01663e-06
5949.92 -3.41407e-09 6386.81 -1.59027e-09 -0.0245835 0.0032939 -4.13174e-06
6280.31 4.53058e-10 6719.18 2.11733e-10 -0.0247301 0.00332758 -3.93772e-06
6213.88 8.11406e-09 6660.1 3.78521e-09 -0.0249581 0.00318988 -4.0165e-06
5977.85 -3.21693e-09 6408.53 -1.50037e-09 -0.0239186 0.00323749 -4.00121e-06
6436.44 -1.74125e-09 6874.52 -8.15143e-10 -0.0242269 0.00318954 -3.76401e-06
6147.42 -4.78621e-09 6586.1 -2.23371e-09 -0.0260874 0.0033619 -4.24363e-06
6222.29 1.10204e-08 6643.09 5.16117e-09 -0.0250234 0.00313244 -4.02158e-06
5995.1 8.66733e-09 6413.26 4.0511e-09 -0.0244963 0.00312134 -4.08604e-06
6005.43 1.30892e-08 6463.24 6.08102e-09 -0.0246359 0.00332969 -4.10227e-06
6215.23 1.08477e-08 6647.57 5.07108e-09 -0.0248903 0.00334097 -4.00473e-06
6198.29 8.47111e-09 6639.66 3.954e-09 -0.0246334 0.00322412 -3.97423e-06
6459.71 1.51906e-08 6892.9 7.11795e-09 -0.0251888 0.00325634 -3.89937e-06
5886.79 2.2869e-08 6329.14 1.06353e-08 -0.025439 0.00308865 -4.32137e-06
5747.05 1.16495e-08 6177.71 5.41869e-09 -0.024448 0.00325667 -4.25401e-06
6413.51 -7.75208e-09 6840.74 -3.63396e-09 -0.024641 0.00314418 -3.84206e-06
6349.87 1.47861e-08 6798.62 6.90505e-09 -0.0255012 0.00335073 -4.01602e-06
6288.33 1.38166e-08 6710.15 6.47403e-09 -0.0241026 0.00312557 -3.83291e-06
5740.86 1.91141e-08 6177.22 8.88193e-09 -0.0244723 0.00316643 -4.26282e-06
6573.68 6.27497e-09 7016.96 2.93928e-09 -0.0251838 0.00327445 -3.83101e-06
5874.47 -3.7629e-10 6326.27 -1.74708e-10 -0.0257216 0.00333057 -4.37854e-06
6005.63 1.51195e-08 6462.14 7.02571e-09 -0.0252395 0.00322368 -4.20265e-06
6358.14 1.16273e-08 6787.61 5.44579e-09 -0.0252359 0.00321295 -3.96907e-06
6120.83 4.46525e-09 6572.63 2.07915e-09 -0.0256182 0.00334985 -4.18541e-06
6242.7 -8.36529e-09 6685.57 -3.90558e-09 -0.0245733 0.00332472 -3.93633e-06
6502.09 -1.58512e-09 6952.27 -7.41238e-10 -0.025563 0.00335429 -3.93151e-06
6696.18 1.96657e-08 7140.8 9.2206e-09 -0.0240181 0.00302519 -3.58683e-06
6196.18 1.3813e-08 6643.76 6.44121e-09 -0.0253895 0.00323255 -4.0976e-06
5954.63 4.68805e-09 6403.97 2.17955e-09 -0.0265699 0.00346864 -4.46206e-06
6381.68 1.6658e-08 6833.04 7.77885e-09 -0.0262192 0.00333092 -4.10851e-06
6548.05 5.8917e-09 6997.87 2.75649e-09 -0.0260997 0.00319779 -3.98588e-06
6646.35 -1.62872e-09 7090.21 -7.63381e-10 -0.0258938 0.00328005 -3.89593e-06
6291.61 1.42193e-08 6736.9 6.6397e-09 -0.0242506 0.00323778 -3.85444e-06
6419.16 1.36388e-08 6865.42 6.37612e-09 -0.0244648 0.00318592 -3.81121e-06
5962.26 -3.55019e-09 6392.84 -1.65554e-09 -0.0249808 0.00310914 -4.18982e-06
6327.22 8.30682e-09 6774.6 3.87913e-09 -0.024334 0.00320877 -3.84591e-06
5633.37 1.07316e-08 6068.27 4.98123e-09 -0.0234566 0.00305601 -4.16387e-06
6359.48 1.27349e-08 6807.71 5.94822e-09 -0.0256002 0.00328559 -4.02552e-06
6155.1 -1.0271e-09 6597.07 -4.79144e-10 -0.0255635 0.00323516 -4.15322e-06
5836.81 -9.24895e-09 6264.27 -4.30891e-09 -0.023966 0.0031536 -4.10601e-06
5622.69 1.19328e-08 6020.54 5.57214e-09 -0.0246097 0.00313669 -4.37686e-06
5786.11 -1.29321e-09 6194.95 -6.0393e-10 -0.0263516 0.00335395 -4.5543e-06
6271.24 -1.64673e-09 6694.15 -7.71347e-10 -0.0261513 0.0034085 -4.17003e-06
5675.67 -2.71222e-09 6065.56 -1.26894e-09 -0.0248832 0.00324649 -4.38418e-06
5926.96 -4.24305e-10 6324.62 -1.98813e-10 -0.0254886 0.003232 -4.30046e-06
5886.57 1.35012e-08 6280.09 6.32762e-09 -0.0252134 0.00310582 -4.28322e-06
5517.74 9.46375e-09 5918 4.41184e-09 -0.0244567 0.00306454 -4.43238e-06
5696.95 1.61982e-09 6096.22 7.56863e-10 -0.0254388 0.00332172 -4.46534e-06
5904.05 4.64123e-09 6318.87 2.16827e-09 -0.0257875 0.00341851 -4.36776e-06
5797.11 9.65389e-09 6181.94 4.52646e-09 -0.0251911 0.00306535 -4.34546e-06
5982.19 1.90621e-08 6381.98 8.93397e-09 -0.0256973 0.00340196 -4.29563e-06
5212.65 -1.17372e-08 5602.54 -5.46018e-09 -0.0253528 0.00308565 -4.8637e-06
6056.15 1.84732e-10 6459.3 8.66011e-11 -0.0264118 0.00348218 -4.36116e-06
5636.79 8.48921e-09 6044.8 3.95811e-09 -0.0251952 0.00322822 -4.46977e-06
5816.62 -9.55088e-10 6226.75 -4.4609e-10 -0.0254456 0.00322747 -4.37464e-06
5790.97 1.00255e-08 6204.97 4.67831e-09 -0.0255681 0.00321805 -4.41517e-06
5798.12 9.9772e-09 6200.34 4.66498e-09 -0.0253969 0.00347766 -4.3802e-06
5660.95 -6.00835e-10 6052.17 -2.80998e-10 -0.0247648 0.00325794 -4.37467e-06
5849.12 1.16945e-08 6269.03 5.4556e-09 -0.0251028 0.00325734 -4.29173e-06
5715.4 -4.4478e-11 6131.18 -2.07309e-11 -0.0256334 0.0033737 -4.48497e-06
6050.38 -1.5777e-08 6456.94 -7.39182e-09 -0.0257646 0.00348094 -4.25834e-06
5864.93 1.24859e-09 6259.54 5.84938e-10 -0.0247879 0.0032008 -4.22647e-06
5998.96 1.48007e-08 6397.75 6.93905e-09 -0.0251873 0.00320398 -4.19861e-06
5532.2 5.11902e-09 5926.67 2.38915e-09 -0.0243471 0.00324986 -4.40098e-06
5704.52 -4.14646e-09 6120.4 -1.93235e-09 -0.0243689 0.00329502 -4.27186e-06
6076.8 -7.65843e-09 6462.4 -3.60073e-09 -0.0246026 0.00322891 -4.04861e-06
5939.35 1.49327e-08 6351.42 6.98193e-09 -0.0246082 0.00325599 -4.14324e-06
5345.3 1.5583e-08 5754.05 7.23801e-09 -0.0252966 0.00338732 -4.7325e-06
5099.22 1.4232e-08 5499.46 6.59809e-09 -0.0235385 0.00312128 -4.61611e-06
5513.07 -6.32304e-09 5925.72 -2.94136e-09 -0.025704 0.00334995 -4.66237e-06
5761.7 9.24717e-09 6170.92 4.31697e-09 -0.026043 0.00328651 -4.52001e-06
6094.91 8.17075e-09 6496.26 3.83297e-09 -0.0255538 0.00325521 -4.19264e-06
5733.3 9.07674e-09 6133.26 4.24242e-09 -0.0258006 0.00307599 -4.50013e-06
5848.84 4.19126e-10 6241.65 1.96374e-10 -0.0251289 0.00326326 -4.29639e-06
5494.57 -3.30555e-09 5886.33 -1.54277e-09 -0.0251686 0.00335631 -4.58063e-06
5409.23 -1.11644e-08 5792.35 -5.21296e-09 -0.0246409 0.00331259 -4.55535e-06
5545.22 5.37923e-09 5942.53 2.50979e-09 -0.0246303 0.00325355 -4.44172e-06
5400.1 1.37579e-08 5794.79 6.41043e-09 -0.0247831 0.003147 -4.58937e-06
5673.71 1.74558e-08 6077.05 8.14861e-09 -0.0253482 0.0031962 -4.46766e-06
5503.87 1.4373e-08 5902.58 6.70109e-09 -0.0246666 0.00327958 -4.48168e-06
5796.54 3.84809e-09 6196.63 1.79982e-09 -0.0244575 0.00318817 -4.21933e-06
5701.48 2.2253e-08 6103.28 1.0394e-08 -0.0248063 0.00319613 -4.35085e-06
5436.34 7.69423e-09 5830.3 3.58716e-09 -0.0240799 0.00310851 -4.42944e-06
5945.67 3.04619e-08 6358.61 1.42418e-08 -0.0261074 0.00334274 -4.39099e-06
5486.34 1.34676e-08 5870.55 6.29309e-09 -0.0249577 0.00315425 -4.54906e-06
5508.79 5.29614e-09 5902.17 2.47158e-09 -0.0247615 0.00328992 -4.4949e-06
6254.13 5.52138e-10 6657.79 2.59331e-10 -0.025475 0.00346252 -4.07331e-06
5900 -6.55954e-09 6300.05 -3.07151e-09 -0.0247527 0.00333591 -4.19536e-06
5752.3 -5.07871e-09 6149.26 -2.37543e-09 -0.0262273 0.0033221 -4.55944e-06
5571.8 -1.26887e-08 5962.78 -5.92835e-09 -0.0238491 0.00308859 -4.28033e-06
5949.75 1.22099e-08 6333.74 5.73483e-09 -0.0246377 0.0030943 -4.14096e-06
5249.2 -7.05687e-09 5651.16 -3.27747e-09 -0.0263547 0.00328473 -5.02071e-06
5833.64 7.74479e-10 6218.6 3.63267e-10 -0.023754 0.00312027 -4.07191e-06
5433.41 -6.77344e-09 5822.73 -3.16028e-09 -0.0241635 0.00323481 -4.4472e-06
5942.96 1.70013e-09 6335.36 7.97412e-10 -0.0248429 0.00340747 -4.18023e-06
5670.75 2.74497e-09 6069.93 1.28223e-09 -0.0240228 0.00320756 -4.23627e-06
5974.02 1.85769e-08 6374.29 8.70518e-09 -0.0249999 0.00326697 -4.18478e-06
5572.78 -7.57465e-09 5981.52 -3.52852e-09 -0.0251302 0.00327249 -4.50946e-06
5671.66 -3.91362e-09 6065.7 -1.82969e-09 -0.0256746 0.00322205 -4.52682e-06
4425.88 2.46303e-08 4783.28 1.1395e-08 -0.0237206 0.0030403 -5.35952e-06
5223.5 7.98998e-09 5618.53 3.71411e-09 -0.0254874 0.00338962 -4.87938e-06
6053.34 1.61847e-08 6434.54 7.61295e-09 -0.0247872 0.00323854 -4.09479e-06
5664.74 -9.18451e-09 6036.65 -4.30933e-09 -0.0250362 0.00323517 -4.41966e-06
5458 -1.42071e-08 5843.35 -6.63508e-09 -0.0242137 0.00334637 -4.43637e-06
5614.82 4.21999e-09 5988.01 1.97849e-09 -0.0247016 0.00322686 -4.39937e-06
5111.81 -1.1445e-08 5493.8 -5.32462e-09 -0.0245474 0.00311265 -4.80208e-06
5353.14 1.74992e-08 5724.43 8.18211e-09 -0.0253154 0.00329456 -4.72907e-06
5290.25 1.08862e-08 5669.71 5.07882e-09 -0.024383 0.00326413 -4.60904e-06
5142.01 6.46657e-09 5513.57 3.01539e-09 -0.0247438 0.0032286 -4.81209e-06
5651.28 -7.68721e-10 6040.91 -3.5957e-10 -0.0261436 0.00328697 -4.62615e-06
5145.24 2.40005e-08 5523.75 1.11779e-08 -0.0255703 0.00331446 -4.96969e-06
5095.04 1.36069e-08 5482.5 6.32266e-09 -0.0270055 0.00344114 -5.30034e-06
5865.41 -5.91313e-10 6242.42 -2.778e-10 -0.0249484 0.00327395 -4.25348e-06
4647.34 2.07991e-08 5022.95 9.62187e-09 -0.0246805 0.00303977 -5.31067e-06
5627.23 1.84404e-08 6010.42 8.63237e-09 -0.0238342 0.00316998 -4.2355e-06
5560.72 1.45916e-08 5942.68 6.82687e-09 -0.025533 0.00319721 -4.59167e-06
4922.18 -1.68634e-08 5302.02 -7.82766e-09 -0.0254934 0.00343237 -5.17929e-06
5277.28 8.10393e-09 5664.19 3.77518e-09 -0.0249936 0.00328216 -4.73607e-06
4678.65 -1.94207e-08 5054.32 -8.98862e-09 -0.0254521 0.00323046 -5.44006e-06
5392.32 -1.14907e-08 5764.1 -5.37479e-09 -0.0241729 0.00321828 -4.48285e-06
5299.82 1.85266e-08 5664.67 8.66665e-09 -0.0248454 0.00314932 -4.68796e-06
5103.22 1.33761e-08 5452.02 6.26017e-09 -0.023939 0.00313136 -4.69096e-06
5352.03 5.12804e-09 5742.21 2.38979e-09 -0.0256009 0.00330662 -4.78341e-06
5074.26 -2.54796e-08 5460.5 -1.18387e-08 -0.0251934 0.00315813 -4.96494e-06
5669.46 -8.63644e-09 6059.08 -4.04054e-09 -0.0258093 0.00334567 -4.55235e-06
5669.03 6.72589e-09 6029.68 3.1618e-09 -0.025868 0.00334878 -4.56303e-06
5730.63 1.53678e-08 6118.04 7.19735e-09 -0.0254025 0.00329608 -4.43276e-06
5196.15 6.97039e-09 5584.9 3.2426e-09 -0.0256923 0.00336315 -4.94449e-06
5265.38 -5.92394e-10 5641.99 -2.76426e-10 -0.0236351 0.00329328 -4.48877e-06
6140 -3.20996e-09 6547.37 -1.50512e-09 -0.0242912 0.0032027 -3.95623e-06
5993.93 1.45964e-09 6409.38 6.82515e-10 -0.0253986 0.00327716 -4.23738e-06
6037.14 8.98319e-09 6441.33 4.20975e-09 -0.0252419 0.0032075 -4.1811e-06
5456.74 2.1099e-08 5876.05 9.79667e-09 -0.0244201 0.00328721 -4.47522e-06
5693.57 1.01211e-08 6110.91 4.71496e-09 -0.025323 0.00320032 -4.44766e-06
5761.26 9.15851e-09 6192.77 4.26018e-09 -0.0262523 0.00331298 -4.55669e-06
5830.63 1.35453e-08 6249.08 6.31912e-09 -0.0251786 0.00318345 -4.31834e-06
6079.07 1.42056e-08 6492.83 6.65016e-09 -0.0255444 0.00319232 -4.20202e-06
5584.9 -4.35676e-09 6011.86 -2.02367e-09 -0.0254781 0.00331005 -4.56196e-06
5703.52 1.75273e-08 6107.85 8.18352e-09 -0.0242701 0.00323014 -4.25529e-06
5541.19 -4.06656e-09 5948.99 -1.8939e-09 -0.024992 0.00332682 -4.51023e-06
5632.74 1.39462e-08 6027.36 6.51657e-09 -0.0236909 0.00312708 -4.20593e-06
5702.1 -1.13606e-09 6129.64 -5.28408e-10 -0.0252334 0.00319429 -4.42529e-06
6073.07 -8.16903e-09 6488.46 -3.82303e-09 -0.0254239 0.00330395 -4.18634e-06
5769.43 2.26257e-08 6173.81 1.05719e-08 -0.0249757 0.00314519 -4.32898e-06
5493.46 -1.28938e-08 5908.05 -5.99448e-09 -0.0251664 0.00327177 -4.58115e-06
5736.8 1.41573e-08 6152.96 6.59987e-09 -0.0248776 0.00329779 -4.3365e-06
5559.14 1.19955e-08 5982.64 5.57316e-09 -0.0249791 0.00327755 -4.49334e-06
5790.31 1.15091e-09 6195.84 5.37791e-10 -0.0245515 0.00323603 -4.24009e-06
5598.18 1.56257e-08 6023.41 7.26129e-09 -0.0253253 0.00323122 -4.52385e-06
6037.6 7.48023e-09 6457.38 3.49698e-09 -0.0258335 0.00345385 -4.27877e-06
6345.74 8.19643e-09 6757.65 3.84841e-09 -0.0249807 0.00335111 -3.93662e-06
6057.62 4.86667e-09 6477.05 2.27576e-09 -0.02635 0.00335883 -4.34989e-06
5794.42 -6.48762e-11 6198.54 -3.03232e-11 -0.0253936 0.00319141 -4.38242e-06
5527.28 8.71481e-09 5943.56 4.05222e-09 -0.0244662 0.00301123 -4.42645e-06
5869.71 2.14576e-08 6305.22 9.98776e-09 -0.0258774 0.00323746 -4.40864e-06
6791.51 9.17715e-09 7215.29 4.31907e-09 -0.024877 0.00336573 -3.66296e-06
6083.08 1.81492e-08 6488.45 8.50766e-09 -0.0244077 0.00320392 -4.01239e-06
5447.32 1.9163e-09 5830.47 8.95187e-10 -0.0244771 0.00312283 -4.49342e-06
5628.37 1.15127e-08 6043.31 5.36112e-09 -0.0246864 0.00327137 -4.38607e-06
5581.56 -2.2237e-08 5983.74 -1.03712e-08 -0.0232554 0.00321265 -4.16646e-06
5438.95 -1.2086e-08 5836.9 -5.63098e-09 -0.0242133 0.00309576 -4.45184e-06
6022.43 -7.92776e-09 6425.13 -3.71544e-09 -0.025462 0.00332091 -4.22785e-06
5428.36 -5.57081e-09 5811.04 -2.60197e-09 -0.0239126 0.00308348 -4.40513e-06
5614.09 2.188e-08 6007.95 1.02228e-08 -0.0256192 0.00328652 -4.56337e-06
5804.22 1.14697e-09 6195.51 5.37266e-10 -0.0251662 0.00323329 -4.33584e-06
5457.57 1.43372e-08 5869.04 6.66601e-09 -0.0246129 0.0032833 -4.50987e-06
5790.24 9.69007e-09 6177.79 4.54109e-09 -0.025183 0.00315482 -4.34921e-06
5753.27 1.30044e-08 6154.5 6.07831e-09 -0.024924 0.0032144 -4.33215e-06
5327.88 3.3785e-09 5727.56 1.57137e-09 -0.0250923 0.0032842 -4.70962e-06
6221.98 1.49801e-08 6608.47 7.05199e-09 -0.023909 0.00313594 -3.84266e-06
5781.66 1.8669e-09 6187.88 8.72171e-10 -0.0243045 0.00320843 -4.20372e-06
5685.92 -2.24669e-09 6078.18 -1.05085e-09 -0.0262365 0.00326379 -4.61429e-06
5588.57 8.26039e-09 5983.31 3.85771e-09 -0.0259036 0.00323526 -4.6351e-06
5789.44 1.37272e-08 6197.64 6.41154e-09 -0.0256044 0.00334191 -4.42261e-06
5840.28 1.39935e-08 6240.56 6.54795e-09 -0.0252991 0.00331655 -4.33184e-06
5844.41 -1.96496e-09 6241.54 -9.19969e-10 -0.0251755 0.00334052 -4.30761e-06
5651.25 -3.84719e-10 6034.22 -1.80151e-10 -0.0241532 0.00306755 -4.27396e-06
5669.11 -2.60549e-10 6064.48 -1.21781e-10 -0.0245318 0.00326905 -4.32727e-06
5563.31 -8.37788e-10 5934.73 -3.92678e-10 -0.0235622 0.00308186 -4.23529e-06
5549.73 2.02176e-08 5941.89 9.44165e-09 -0.0248871 0.00318802 -4.48439e-06
5503.01 -2.24188e-09 5873.15 -1.0503e-09 -0.0235369 0.00308836 -4.27709e-06
6188.82 2.06061e-08 6611.85 9.64386e-09 -0.026152 0.00322177 -4.22568e-06
5355.77 1.90886e-08 5756.17 8.8804e-09 -0.0256671 0.00322059 -4.79242e-06
5669.37 -8.79348e-09 6059.52 -4.11365e-09 -0.0251686 0.00332225 -4.4394e-06
5434.05 -2.50447e-09 5823.88 -1.16842e-09 -0.0249076 0.00328266 -4.58362e-06
5515.77 1.23567e-08 5910.12 5.76609e-09 -0.0252824 0.0033529 -4.58365e-06
5481.05 2.25186e-08 5873.01 1.05079e-08 -0.0252226 0.00322155 -4.60177e-06
5941.3 2.27064e-08 6336.66 1.06449e-08 -0.0247187 0.00318978 -4.16049e-06
5955.88 2.28323e-08 6376.75 1.06627e-08 -0.0259424 0.00330196 -4.35577e-06
5444.1 2.37273e-08 5845.88 1.10483e-08 -0.0242798 0.00311751 -4.45984e-06
5907.06 7.38695e-09 6303.58 3.46114e-09 -0.0252743 0.00326189 -4.27867e-06
5657.85 -1.13383e-08 6058.26 -5.29447e-09 -0.0255254 0.00323914 -4.5115e-06
5095.59 -1.28574e-08 5506.43 -5.94903e-09 -0.0260536 0.00326197 -5.11296e-06
5902.63 -7.78963e-09 6289.62 -3.65517e-09 -0.0241503 0.00317221 -4.09144e-06
5573.63 -6.24965e-09 5987.22 -2.90897e-09 -0.0260705 0.00332356 -4.67746e-06
5643.49 -4.7996e-09 6035.99 -2.24375e-09 -0.0241796 0.00336383 -4.28452e-06
5834.13 2.0412e-08 6234.57 9.55046e-09 -0.0244592 0.00321293 -4.19244e-06
5552.68 8.36539e-09 5953.19 3.90129e-09 -0.0242312 0.0031724 -4.36389e-06
5891.56 1.79709e-08 6291.67 8.41405e-09 -0.0247263 0.0033093 -4.1969e-06
5639.91 1.93508e-08 6014.37 9.07302e-09 -0.0235905 0.00326824 -4.18278e-06
5711.69 1.50593e-08 6121.81 7.0252e-09 -0.0256211 0.00321593 -4.48573e-06
5392.69 2.20823e-08 5794.06 1.02763e-08 -0.0243089 0.0031623 -4.50776e-06
5085.9 1.78225e-08 5480.22 8.27005e-09 -0.0244718 0.0029044 -4.81171e-06
6186.82 9.99617e-09 6591.6 4.69117e-09 -0.0250688 0.0032651 -4.05196e-06
5803.75 -1.21305e-08 6204.69 -5.67333e-09 -0.0245267 0.00325956 -4.226e-06
5505.1 3.98704e-10 5903.85 1.85888e-10 -0.0252293 0.003352 -4.58289e-06
5092.18 -1.00426e-08 5486.9 -4.66006e-09 -0.025572 0.00314736 -5.02182e-06
5957.35 1.78972e-08 6343.51 8.40386e-09 -0.0239757 0.00309836 -4.02456e-06
6381.24 1.73548e-08 6799.88 8.14315e-09 -0.024966 0.00321403 -3.91241e-06
5620.9 -1.57717e-08 6021.86 -7.36076e-09 -0.0242074 0.00321213 -4.30668e-06
5632.87 5.17466e-09 6026.71 2.41825e-09 -0.0257137 0.00308649 -4.56494e-06
5637.06 9.0821e-09 6025.65 4.2482e-09 -0.0242258 0.00322742 -4.29759e-06
6133.95 -3.13776e-09 6540.9 -1.47127e-09 -0.0251643 0.00333018 -4.10246e-06
5060.29 -1.25528e-08 5454.71 -5.82256e-09 -0.0236453 0.00302424 -4.67273e-06
5666.75 2.05931e-09 6081.73 9.59397e-10 -0.0265155 0.00336013 -4.67914e-06
5835.15 1.14491e-08 6262.85 5.3336e-09 -0.026524 0.00334144 -4.54555e-06
5382.9 9.60953e-10 5772.04 4.48083e-10 -0.0255049 0.00332549 -4.73814e-06
5914.23 1.1654e-08 6329.28 5.44488e-09 -0.02669 0.00329892 -4.51285e-06
5233.72 2.20113e-08 5613.92 1.02603e-08 -0.0253415 0.00329451 -4.84196e-06
5440.28 2.14899e-08 5853.85 9.98582e-09 -0.0252554 0.00334977 -4.64229e-06
5572.2 -3.43817e-09 5981.81 -1.60137e-09 -0.026015 0.00325973 -4.66871e-06
5521.65 2.36937e-09 5922.93 1.10442e-09 -0.0253202 0.00320333 -4.58562e-06
5484 2.71099e-08 5894.83 1.26103e-08 -0.0253763 0.00326612 -4.62733e-06
6116.61 1.09418e-08 6528.87 5.12546e-09 -0.0253196 0.00345013 -4.13948e-06
5441.99 3.59265e-08 5817.18 1.68047e-08 -0.0240391 0.00310001 -4.41733e-06
5542.15 5.73224e-09 5933.36 2.67715e-09 -0.0246605 0.00312469 -4.44963e-06
5282.31 1.20845e-08 5689.84 5.60947e-09 -0.0256933 0.00336439 -4.86403e-06
6209.02 3.94556e-10 6605.14 1.85447e-10 -0.0252833 0.0032768 -4.07203e-06
5433.11 3.42342e-09 5847.35 1.59045e-09 -0.0264718 0.00330305 -4.8723e-06
5364.65 -5.6533e-09 5761.11 -2.63213e-09 -0.0236651 0.00311744 -4.41131e-06
5732.76 -3.83738e-09 6138.47 -1.79188e-09 -0.0255293 0.00336743 -4.45322e-06
5901.16 -1.57726e-09 6333.82 -7.3476e-10 -0.0270461 0.00348097 -4.58319e-06
5515.46 -1.2924e-08 5898.92 -6.04192e-09 -0.024257 0.00313672 -4.398e-06
5685.29 1.00368e-08 6089.42 4.68535e-09 -0.0251303 0.00321966 -4.42023e-06
5341.81 -5.02602e-09 5763.93 -2.32897e-09 -0.0266193 0.00339918 -4.9832e-06
5593.31 -5.40289e-09 5998.46 -2.51899e-09 -0.0256283 0.0034292 -4.58195e-06
5954.66 8.76389e-09 6358.16 4.10386e-09 -0.0244627 0.00313121 -4.10816e-06
5783.8 1.68071e-08 6184.61 7.85891e-09 -0.0258803 0.00318152 -4.47461e-06
5990.94 -4.25602e-09 6395.3 -1.99346e-09 -0.0251673 0.00326196 -4.2009e-06
5722.24 -3.8502e-09 6135.36 -1.79548e-09 -0.0247218 0.00331775 -4.3203e-06
5855.9 -2.573e-08 6253.36 -1.20473e-08 -0.0254198 0.00331285 -4.34089e-06
5703.2 -1.20851e-08 6105.23 -5.64466e-09 -0.0251855 0.00338589 -4.41602e-06
5464.27 -5.9362e-09 5861.32 -2.76704e-09 -0.0242457 0.00317419 -4.43713e-06
5383.82 -4.17485e-09 5791.22 -1.94058e-09 -0.0261322 0.00339699 -4.85383e-06
6061.8 1.23568e-08 6474.85 5.78428e-09 -0.0255594 0.00321191 -4.21647e-06
5719.63 2.7087e-08 6114.48 1.26689e-08 -0.0248434 0.00312096 -4.34353e-06
5814.91 2.65762e-09 6210.25 1.24422e-09 -0.0251705 0.0031926 -4.32861e-06
5850.33 -5.76224e-09 6287.18 -2.68093e-09 -0.0255507 0.00336702 -4.36739e-06
6065.78 5.49161e-09 6494.8 2.56443e-09 -0.0253926 0.00333274 -4.18621e-06
5399.46 1.53031e-08 5817.21 7.10207e-09 -0.0244871 0.00322844 -4.5351e-06
6564.15 2.39566e-08 6999.1 1.12339e-08 -0.0246624 0.00325972 -3.75713e-06
5577.59 3.42803e-09 6003.07 1.59253e-09 -0.0235084 0.00304433 -4.21479e-06
5717.06 9.33141e-09 6124.31 4.35545e-09 -0.0234439 0.00313024 -4.1007e-06
5972.4 3.32735e-09 6398.1 1.55298e-09 -0.0259733 0.00337304 -4.34889e-06
6070.4 2.13313e-08 6487.08 9.98055e-09 -0.0248929 0.00315793 -4.10071e-06
6097.88 9.45657e-09 6507.33 4.43078e-09 -0.0231618 0.00309077 -3.79833e-06
6273.71 2.04834e-08 6660.73 9.64663e-09 -0.0222196 0.00293839 -3.54169e-06
5863.18 1.26531e-08 6291.25 5.89608e-09 -0.0252893 0.00324052 -4.31324e-06
5495.36 1.26094e-08 5907.24 5.86512e-09 -0.0254302 0.00319917 -4.62758e-06
6077.57 7.52487e-09 6489.19 3.52378e-09 -0.0251593 0.00320808 -4.1397e-06
5727.02 -3.13342e-09 6154.68 -1.45785e-09 -0.0266649 0.00328176 -4.65597e-06
5599.9 2.46153e-08 6026.63 1.14362e-08 -0.0242214 0.00318323 -4.32533e-06
5867.99 4.32391e-09 6295.78 2.01505e-09 -0.0249404 0.00323961 -4.25024e-06
6088.9 4.11844e-08 6515.02 1.92453e-08 -0.0249045 0.00329158 -4.09014e-06
6331.03 5.79521e-09 6763.21 2.71244e-09 -0.0253039 0.00323729 -3.9968e-06
6058.79 7.36673e-09 6457.89 3.45573e-09 -0.0246915 0.00318601 -4.07532e-06
6143.16 1.63958e-08 6568.87 7.66661e-09 -0.0253706 0.00315957 -4.12989e-06
6239.71 -6.02474e-09 6655.7 -2.82409e-09 -0.0248317 0.00325054 -3.97962e-06
5904.41 -1.81892e-09 6312.59 -8.50654e-10 -0.0252036 0.00329939 -4.26861e-06
5686.61 -2.22133e-09 6114.13 -1.03301e-09 -0.024935 0.0032596 -4.38486e-06
5928.34 2.04076e-08 6328.02 9.55934e-09 -0.0247223 0.00310908 -4.17019e-06
6001.2 1.7168e-08 6418.71 8.02563e-09 -0.0246126 0.00318105 -4.10127e-06
5613.84 -7.09896e-09 6009 -3.31606e-09 -0.0239117 0.00322496 -4.25942e-06
5819.66 -9.06935e-10 6230.69 -4.23553e-10 -0.0245091 0.00310376 -4.21143e-06
6039 6.24576e-09 6464.65 2.91726e-09 -0.0247286 0.00318013 -4.09482e-06
5492.94 9.80403e-09 5940.48 4.53271e-09 -0.0254691 0.00329251 -4.6367e-06
5968.36 8.84155e-09 6374.33 4.13922e-09 -0.0245245 0.00315923 -4.10908e-06
5945.89 5.38129e-09 6378.75 2.50805e-09 -0.0264504 0.00317285 -4.44851e-06
5962.08 3.73869e-09 6348.56 1.75554e-09 -0.0249794 0.00324987 -4.18972e-06
5700.07 -1.60099e-08 6117.74 -7.45844e-09 -0.0257198 0.00342127 -4.51218e-06
5538.36 3.58068e-08 5954.53 1.66521e-08 -0.0264255 0.00311615 -4.77135e-06
5583.21 -1.20221e-09 5987.7 -5.60497e-10 -0.0251298 0.00322907 -4.50095e-06
5648 1.24324e-08 6040.86 5.81194e-09 -0.0243649 0.00313425 -4.31389e-06
5572.94 2.13018e-09 5979.83 9.9262e-10 -0.0259103 0.00335931 -4.64931e-06
5651.06 4.98874e-09 6047.84 2.33072e-09 -0.0239527 0.00329146 -4.23862e-06
6095.12 -5.08224e-09 6524.32 -2.37395e-09 -0.0259216 0.00333467 -4.25285e-06
5553.64 1.169e-08 5951.72 5.45407e-09 -0.0239536 0.00324545 -4.31315e-06
5682.38 1.72914e-08 6091.79 8.06463e-09 -0.0246421 0.00315244 -4.33657e-06
5795.57 1.55076e-08 6192.43 7.25688e-09 -0.0253442 0.00332552 -4.37302e-06
5358.12 1.75848e-08 5745.92 8.19898e-09 -0.0238844 0.00303279 -4.4576e-06
5554.44 1.10297e-08 5973.91 5.12763e-09 -0.0260152 0.00344187 -4.68368e-06
5829.59 7.38226e-09 6230.54 3.4536e-09 -0.0241564 0.00324593 -4.14375e-06
5606.36 1.11108e-08 6002.23 5.189e-09 -0.0246497 0.00312777 -4.39675e-06
5422.11 2.91689e-09 5831.74 1.356e-09 -0.0252186 0.0032305 -4.65106e-06
5922.69 1.16547e-08 6342.25 5.44184e-09 -0.0264046 0.00339801 -4.45821e-06
5413 3.51056e-09 5815.13 1.6339e-09 -0.0245805 0.00312745 -4.54102e-06
5670.42 3.02221e-08 6072.67 1.41101e-08 -0.0253166 0.00318975 -4.46468e-06
5507.97 -1.35679e-08 5912.11 -6.32024e-09 -0.0251754 0.00337126 -4.57071e-06
5799.15 6.45604e-09 6198.39 3.0201e-09 -0.0244284 0.00323018 -4.21241e-06
5355.08 1.09877e-09 5752.86 5.114e-10 -0.0241386 0.00319505 -4.5076e-06
6001.16 5.7083e-09 6421.51 2.66732e-09 -0.0262713 0.00349451 -4.3777e-06
5809.53 -8.60066e-09 6199.14 -4.03006e-09 -0.0254331 0.00317913 -4.37782e-06
5538.55 7.93694e-09 5954.5 3.69125e-09 -0.0253978 0.00331828 -4.58565e-06
5975 1.076e-08 6378.56 5.0396e-09 -0.0245846 0.00316616 -4.11458e-06
5940.78 1.38548e-09 6338.32 6.49291e-10 -0.0238241 0.00318498 -4.01025e-06
5597.44 9.89849e-09 5980.3 4.6324e-09 -0.0240457 0.00305968 -4.29583e-06
5562.44 5.69089e-09 5959 2.65608e-09 -0.0258888 0.00326292 -4.65421e-06
5830.56 3.32184e-09 6199.68 1.56203e-09 -0.0244004 0.0030327 -4.18491e-06
5411.53 1.6685e-09 5815.85 7.76252e-10 -0.0258561 0.00329266 -4.77798e-06
4724.25 2.94583e-08 5109.72 1.3618e-08 -0.0247373 0.00321812 -5.23625e-06
5257.37 1.08818e-08 5642.76 5.06931e-09 -0.0244645 0.00303282 -4.65336e-06
5333.79 7.24371e-09 5718.95 3.37793e-09 -0.0266781 0.00354321 -5.00171e-06
5353.98 -5.60164e-09 5734.49 -2.61497e-09 -0.0249326 0.00326589 -4.65683e-06
4874.05 1.41794e-09 5260.42 6.56898e-10 -0.025431 0.00323264 -5.21763e-06
4895.7 1.13732e-08 5288.94 5.26381e-09 -0.0245842 0.00324508 -5.02158e-06
5272.76 1.84693e-08 5674.05 8.58156e-09 -0.0261005 0.00336851 -4.95007e-06
5116.92 1.10769e-08 5496.2 5.15628e-09 -0.0240401 0.00313003 -4.69815e-06
5072.65 5.51931e-09 5454.68 2.56637e-09 -0.0256549 0.00328179 -5.05749e-06
5137.98 1.42109e-08 5512.09 6.62321e-09 -0.0253196 0.00340279 -4.92794e-06
5128.85 -6.83571e-09 5505.34 -3.18412e-09 -0.0244025 0.00325046 -4.7579e-06
5181.5 5.58234e-09 5549.08 2.60628e-09 -0.0238148 0.00323962 -4.59611e-06
5541.67 9.25805e-09 5919.27 4.33373e-09 -0.0243676 0.00313984 -4.39715e-06
5481.92 -1.49076e-08 5861.56 -6.97102e-09 -0.0256613 0.00344816 -4.68108e-06
5701.92 2.20152e-08 6071.37 1.03378e-08 -0.025151 0.00334215 -4.41097e-06
4949.5 2.18508e-08 5318.46 1.01675e-08 -0.0238596 0.00314129 -4.82061e-06
5228.08 4.87777e-09 5604.25 2.27518e-09 -0.0240513 0.00327718 -4.60041e-06
5283.82 2.21116e-09 5671.63 1.02999e-09 -0.025047 0.00340484 -4.74032e-06
5110.23 2.00147e-09 5502.94 9.29319e-10 -0.0246892 0.00318113 -4.83134e-06
5638.27 1.19557e-08 6024.86 5.59427e-09 -0.0247933 0.00320412 -4.39732e-06
5314.01 2.27325e-08 5679.28 1.06352e-08 -0.0239142 0.00308543 -4.50022e-06
5589.25 3.93933e-09 5963.96 1.84591e-09 -0.0248577 0.00323001 -4.44742e-06
5251.3 4.85358e-10 5629.58 2.26372e-10 -0.0257008 0.00337696 -4.89417e-06
5594.13 -7.1669e-09 5986.87 -3.34838e-09 -0.0255245 0.00344563 -4.56272e-06
5099.89 1.13637e-08 5477.99 5.2897e-09 -0.0258791 0.00344186 -5.07445e-06
5548.02 7.47225e-09 5932.34 3.49408e-09 -0.0252528 0.00330805 -4.55168e-06
5629.22 1.71523e-09 6040.7 7.99197e-10 -0.0250563 0.00315335 -4.45112e-06
5603.63 -1.29221e-09 6008.15 -6.02605e-10 -0.0254968 0.00336386 -4.55005e-06
5778.55 -1.33591e-08 6182.11 -6.24355e-09 -0.0259152 0.00320306 -4.48472e-06
5741.14 2.74967e-09 6158.31 1.2817e-09 -0.0259033 0.00328936 -4.51188e-06
5733.17 4.82326e-09 6133 2.25441e-09 -0.0239148 0.00300932 -4.1713e-06
5680.3 1.92094e-08 6090.16 8.95832e-09 -0.0245849 0.00326492 -4.3281e-06
5988.71 -8.71409e-09 6393.39 -4.08126e-09 -0.0255423 0.00322475 -4.26507e-06
6076.53 1.50386e-09 6481.69 7.0493e-10 -0.0254659 0.00315664 -4.19085e-06
5394.66 1.72212e-09 5807.72 7.99819e-10 -0.0258386 0.00328081 -4.78966e-06
6027 1.13283e-08 6434.2 5.30567e-09 -0.025923 0.00339698 -4.30115e-06
5741.34 1.7774e-08 6142.64 8.30642e-09 -0.0236193 0.00302807 -4.11391e-06
5973.95 -1.27508e-08 6387.06 -5.96305e-09 -0.0258778 0.00323692 -4.33177e-06
5211.46 8.01624e-09 5610.48 3.72306e-09 -0.0247164 0.00320074 -4.74271e-06
5570.76 -4.80808e-09 5977.55 -2.24044e-09 -0.026417 0.00339554 -4.74207e-06
5493.65 -2.06827e-10 5892.24 -9.64179e-11 -0.0254319 0.00337692 -4.62932e-06
5685.93 4.24224e-09 6078.77 1.98404e-09 -0.0257792 0.00330907 -4.53387e-06
5828.66 4.73138e-09 6231.63 2.21271e-09 -0.0251109 0.00313061 -4.30817e-06
5810.3 7.98228e-09 6208.41 3.73521e-09 -0.0254291 0.00343124 -4.37655e-06
5656.75 1.21462e-09 6053.47 5.67509e-10 -0.0255922 0.00328519 -4.52419e-06
5874.65 -6.52597e-10 6265.75 -3.05931e-10 -0.0248531 0.00323109 -4.23057e-06
5535.67 2.85188e-09 5922.57 1.33279e-09 -0.0247949 0.00324117 -4.47912e-06
5743.98 4.03404e-09 6129.25 1.89024e-09 -0.024159 0.0031797 -4.20597e-06
5468.63 -1.37971e-10 5861.77 -6.43588e-11 -0.0238052 0.00309091 -4.35306e-06
5765.02 1.89563e-08 6169.74 8.85642e-09 -0.0251032 0.0031258 -4.3544e-06
5686.17 7.01035e-09 6090.76 3.27234e-09 -0.0248901 0.00314777 -4.37731e-06
6162.51 1.09162e-08 6558.61 5.12846e-09 -0.0250468 0.00339042 -4.06439e-06
5782.19 6.5098e-09 6175.78 3.04746e-09 -0.0243458 0.00314443 -4.21048e-06
6044.31 -3.4776e-09 6509.35 -1.61458e-09 -0.0266663 0.00348753 -4.4118e-06
6101.15 5.95698e-10 6556.32 2.77171e-10 -0.025988 0.00326046 -4.25952e-06
6407.95 8.1894e-10 6858.75 3.82557e-10 -0.0258649 0.00330001 -4.03637e-06
6530.61 1.66347e-09 6969.11 7.794e-10 -0.0240924 0.00327789 -3.68914e-06
6165.58 8.65671e-09 6619.76 4.03139e-09 -0.0250111 0.00324987 -4.05656e-06
6054.78 6.59676e-09 6500.85 3.07206e-09 -0.0264006 0.00336226 -4.36028e-06
6956.47 7.50967e-09 7412.71 3.52373e-09 -0.0237837 0.00297903 -3.41893e-06
6799.94 1.69422e-08 7145.86 8.06102e-09 -0.0239737 0.00316546 -3.52558e-06
6022.9 1.98179e-08 6457.95 9.24141e-09 -0.0241934 0.00301111 -4.0169e-06
6010.87 1.62881e-08 6445.37 7.59504e-09 -0.025877 0.00339102 -4.30503e-06
5863.66 1.52205e-08 6300.39 7.08273e-09 -0.0245171 0.00321722 -4.18119e-06
6029.02 2.0286e-08 6464.1 9.4603e-09 -0.0245634 0.00327004 -4.0742e-06
5917.62 3.23507e-09 6358.14 1.50547e-09 -0.0249882 0.00321777 -4.22268e-06
6031.04 3.4806e-10 6470.98 1.62198e-10 -0.0250232 0.00321619 -4.14908e-06
6389.89 6.00613e-10 6855.66 2.79904e-10 -0.0267276 0.00347837 -4.1828e-06
6478.49 -3.13069e-09 6912.96 -1.46696e-09 -0.0246063 0.00316332 -3.79816e-06
6567.57 4.77436e-09 7024.38 2.23194e-09 -0.0266047 0.00350216 -4.05092e-06
6867.67 -3.48193e-09 7307.05 -1.63628e-09 -0.0255254 0.00327305 -3.71675e-06
6476.31 9.48806e-09 6931.09 4.43275e-09 -0.0255533 0.00321608 -3.94566e-06
6139.75 -2.73837e-09 6588.61 -1.27591e-09 -0.0248473 0.00326327 -4.04695e-06
6349.69 9.34788e-09 6792.7 4.36911e-09 -0.0258396 0.00324719 -4.06942e-06
5953.03 2.24771e-08 6391.82 1.0467e-08 -0.0248796 0.00304318 -4.17931e-06
5988 -7.81322e-09 6437.23 -3.63398e-09 -0.025782 0.00341604 -4.30561e-06
6322.18 9.99782e-09 6754.49 4.67896e-09 -0.0251241 0.00332491 -3.97396e-06
6063.87 1.61136e-08 6498.24 7.51825e-09 -0.0250653 0.00312235 -4.13356e-06
6236.55 1.04012e-09 6684.34 4.85222e-10 -0.0249733 0.00321267 -4.00435e-06
5479.39 2.99129e-08 5871.67 1.39572e-08 -0.0249331 0.00321703 -4.55035e-06
4792.94 -1.81872e-08 5068.26 -8.59962e-09 -0.0245441 0.0032895 -5.12089e-06
5696.98 5.49311e-10 6078.86 2.57401e-10 -0.0252035 0.00341535 -4.42401e-06
5356.89 6.62475e-09 5740.61 3.09097e-09 -0.0245927 0.00324752 -4.59086e-06
5632.13 7.7611e-09 6029.96 3.62453e-09 -0.0254996 0.00326828 -4.52752e-06
5594.95 -4.10067e-10 5985.85 -1.91644e-10 -0.0256969 0.00331462 -4.59288e-06
5002.14 4.81726e-09 5382.22 2.23854e-09 -0.0252467 0.0032596 -5.04718e-06
5530.1 8.6699e-09 5927.17 4.04454e-09 -0.0252548 0.00338565 -4.56679e-06
5194.86 -1.95822e-08 5589.74 -9.09941e-09 -0.0253163 0.00316596 -4.87335e-06
5602.85 3.75339e-09 5977.4 1.7591e-09 -0.0239293 0.00300917 -4.27092e-06
4941.13 4.32779e-09 5324.03 2.00827e-09 -0.0250936 0.00338372 -5.07851e-06
5164.94 4.02589e-09 5542.78 1.87573e-09 -0.0252819 0.00306961 -4.8949e-06
5659.2 -1.65676e-08 6055.33 -7.74187e-09 -0.0266527 0.00332451 -4.70963e-06
5676.74 8.65683e-09 6074.96 4.04468e-09 -0.0257196 0.00336416 -4.53071e-06
5296.73 1.80433e-08 5672.41 8.42413e-09 -0.0246725 0.0031434 -4.65805e-06
5403.86 -2.65834e-09 5783.16 -1.24199e-09 -0.0255152 0.00330409 -4.72166e-06
5203.97 -4.56437e-09 5585.43 -2.12632e-09 -0.0260056 0.00333694 -4.99726e-06
5777.91 2.69411e-08 6170.27 1.2614e-08 -0.0257746 0.00338216 -4.46089e-06
5360.54 4.44094e-09 5748.07 2.07077e-09 -0.0259015 0.00323865 -4.83189e-06
5525.01 -1.10381e-08 5903.84 -5.16491e-09 -0.0253985 0.00328188 -4.59701e-06
4967.27 -5.86986e-09 5343.38 -2.72835e-09 -0.0250905 0.00326759 -5.05118e-06
5178.1 -4.93472e-09 5566.84 -2.29506e-09 -0.0249924 0.00322936 -4.82656e-06
5559.81 1.78105e-09 5955.76 8.31323e-10 -0.0249371 0.00316605 -4.48525e-06
5545.86 -6.25879e-09 5896.29 -2.94341e-09 -0.0241551 0.00322148 -4.35552e-06
5697.61 -4.63623e-10 6077.57 -2.17319e-10 -0.0265138 0.00339242 -4.6535e-06
4651.81 -1.93279e-09 5027.93 -8.94103e-10 -0.0239966 0.00307829 -5.15855e-06
5504.83 -1.41989e-09 5881.6 -6.64464e-10 -0.0241605 0.00322223 -4.38897e-06
4737.13 5.5733e-09 5125.2 2.57565e-09 -0.0246014 0.00308535 -5.19332e-06
5199.81 1.42899e-08 5582.33 6.65537e-09 -0.0245614 0.00323216 -4.72351e-06
5658.15 -8.5366e-09 6037.04 -4.00042e-09 -0.0244874 0.00309562 -4.32781e-06
6114.82 1.96798e-09 6540.71 9.19918e-10 -0.0253626 0.00324736 -4.14774e-06
6024.63 2.31592e-08 6448.91 1.08178e-08 -0.024329 0.00328462 -4.03825e-06
6397.32 1.05373e-08 6817.33 4.94406e-09 -0.0238934 0.00330641 -3.7349e-06
5991.6 2.52044e-08 6406.81 1.17855e-08 -0.0245465 0.00310252 -4.09682e-06
5540.74 2.54364e-09 5957.66 1.18282e-09 -0.0236365 0.00314308 -4.26595e-06
6586.84 2.09665e-08 7019.23 9.8375e-09 -0.0251976 0.00324637 -3.82544e-06
6267.14 2.01632e-08 6696.76 9.43484e-09 -0.0265736 0.00336129 -4.24014e-06
6315.99 1.15755e-08 6751.94 5.41404e-09 -0.0248395 0.00332267 -3.9328e-06
6366.69 1.66667e-08 6799.53 7.80289e-09 -0.0262123 0.00326198 -4.1171e-06
5645.84 5.31562e-09 6072.08 2.47124e-09 -0.0242958 0.00306239 -4.3033e-06
6069.11 5.83041e-09 6490.65 2.72588e-09 -0.0248526 0.00322074 -4.09493e-06
6014.94 1.72876e-08 6443.69 8.06868e-09 -0.0249967 0.0033476 -4.15577e-06
5891.22 1.70554e-08 6308.56 7.96357e-09 -0.0245331 0.00327142 -4.16434e-06
6118.44 9.2402e-09 6554.75 4.31257e-09 -0.0253018 0.00341675 -4.13533e-06
6437.57 1.12311e-08 6866.64 5.26466e-09 -0.0252989 0.00323715 -3.92989e-06
5960.82 9.40361e-09 6372.5 4.39805e-09 -0.0252744 0.00328378 -4.24009e-06
6497.3 1.05624e-08 6914.32 4.96266e-09 -0.0251347 0.00321138 -3.86849e-06
5802.28 -5.44894e-09 6239.17 -2.53369e-09 -0.0255581 0.00332098 -4.40484e-06
6033.24 8.34729e-09 6454.29 3.90137e-09 -0.0244567 0.00318159 -4.05365e-06
6170.6 -4.78003e-10 6589.02 -2.23824e-10 -0.0251903 0.00318424 -4.08231e-06
6627.49 1.44539e-08 7046.6 6.7971e-09 -0.0253308 0.00314822 -3.82208e-06
5867.46 -7.94388e-09 6291.39 -3.7043e-09 -0.0249758 0.00321387 -4.25665e-06
5387.47 1.51665e-08 5813.92 7.02702e-09 -0.0249697 0.00323807 -4.63477e-06
6255.15 -5.78738e-09 6666.36 -2.7152e-09 -0.0243047 0.00327386 -3.88556e-06
5951.08 -4.32106e-09 6370.12 -2.01841e-09 -0.0242791 0.00328615 -4.07977e-06
5855.52 2.02849e-08 6283.96 9.45097e-09 -0.0245525 0.00318088 -4.19305e-06
6120.94 1.21929e-08 6542.08 5.70401e-09 -0.0241963 0.00317107 -3.95303e-06
6086.37 -9.14156e-09 6514.79 -4.27021e-09 -0.025349 0.00316492 -4.16488e-06
6485.78 9.08657e-09 6906.12 4.26676e-09 -0.0253664 0.00320615 -3.91108e-06
5765.91 2.62424e-09 6171.93 1.2258e-09 -0.024239 0.0031785 -4.20384e-06
5713.75 -6.81576e-09 6109.56 -3.1871e-09 -0.0242615 0.00323639 -4.24616e-06
6566.54 7.70984e-09 6995.13 3.61873e-09 -0.0255594 0.00332866 -3.89236e-06
5852.55 -6.51697e-09 6269.91 -3.04159e-09 -0.0242983 0.00311592 -4.15174e-06
6123.78 3.00539e-09 6553.71 1.40412e-09 -0.0254135 0.00332402 -4.14997e-06
6934.78 2.27407e-09 7356.47 1.07186e-09 -0.0259672 0.00331273 -3.74449e-06
5595.93 8.95897e-09 6020.43 4.16363e-09 -0.0252438 0.003135 -4.5111e-06
5411 1.9804e-08 5814.21 9.21531e-09 -0.0239821 0.0030697 -4.4321e-06
5673.64 1.9677e-08 6107 9.14035e-09 -0.0262275 0.00329287 -4.62269e-06
6115.64 -2.04326e-09 6533.28 -9.5632e-10 -0.0252066 0.00326597 -4.12166e-06
6138.49 8.70397e-09 6557.26 4.07405e-09 -0.0243128 0.00324701 -3.96071e-06
6173.66 1.27833e-08 6606.29 5.97305e-09 -0.024712 0.00332881 -4.00282e-06
6150.85 1.06401e-08 6575.88 4.97617e-09 -0.0251001 0.00324496 -4.08074e-06
5873.89 1.17407e-08 6299.16 5.47402e-09 -0.025185 0.00335626 -4.28762e-06
5784.26 2.04315e-08 6208.41 9.51782e-09 -0.0246268 0.00311109 -4.25756e-06
6096.62 1.00575e-08 6503.62 4.71403e-09 -0.0236303 0.0030276 -3.87597e-06
5166.22 -5.27868e-09 5588.57 -2.43988e-09 -0.0252992 0.00330462 -4.89704e-06
5809.32 -1.11495e-10 6218.92 -5.20759e-11 -0.0244369 0.00318136 -4.20651e-06
6238.49 6.64147e-09 6657.48 3.11174e-09 -0.026429 0.00327355 -4.23645e-06
6095.41 -2.23572e-10 6509.85 -1.04669e-10 -0.0246255 0.00323024 -4.04e-06
6170.33 6.60117e-09 6617.2 3.07769e-09 -0.0260329 0.00345418 -4.21904e-06
6075.77 5.41349e-09 6491.23 2.5335e-09 -0.0254014 0.00313851 -4.18077e-06
6859.72 5.49046e-09 7303.51 2.57842e-09 -0.0230986 0.00294819 -3.36728e-06
5764.47 1.35954e-09 6184.14 6.33641e-10 -0.0244822 0.003149 -4.24708e-06
6095.07 8.7798e-09 6532.62 4.09587e-09 -0.0261977 0.00338156 -4.29818e-06
5367.65 -1.34409e-09 5771.42 -6.25031e-10 -0.0235741 0.00307228 -4.39188e-06
6182.05 1.5452e-08 6619.65 7.21524e-09 -0.026307 0.00325542 -4.25538e-06
6072.98 1.07014e-08 6503.82 4.99623e-09 -0.0250527 0.00335146 -4.12528e-06
5661.8 8.26958e-09 6072.76 3.85498e-09 -0.0245805 0.00325605 -4.34146e-06
5667.64 1.03087e-08 6083.52 4.80198e-09 -0.0245447 0.00320386 -4.33067e-06
5234.1 8.10214e-09 5644.02 3.75685e-09 -0.0245484 0.00315197 -4.6901e-06
5194.79 7.87474e-09 5617.54 3.64106e-09 -0.0251086 0.00326358 -4.83343e-06
5173.72 3.57005e-09 5578.42 1.65552e-09 -0.0243826 0.00321553 -4.71278e-06
5291.27 -2.08009e-10 5674.92 -9.69731e-11 -0.0229674 0.00303201 -4.34063e-06
5592.87 5.66238e-09 6034.8 2.62386e-09 -0.0253732 0.00341974 -4.53671e-06
5647.57 -1.23491e-08 6072.71 -5.74229e-09 -0.0254134 0.0033553 -4.49988e-06
5466.35 -7.77288e-09 5871.38 -3.61833e-09 -0.0242473 0.00318133 -4.43574e-06
5869.7 1.13112e-09 6280.46 5.28569e-10 -0.0251157 0.00323595 -4.27887e-06
5659.94 -1.45992e-08 6071.78 -6.80446e-09 -0.0248289 0.00319663 -4.38678e-06
6147.9 -4.88275e-09 6553.47 -2.29029e-09 -0.0245532 0.00337857 -3.99376e-06
5532.76 8.77799e-09 5953.44 4.07886e-09 -0.0261113 0.00337927 -4.71941e-06
5950.98 1.20683e-08 6353.11 5.65221e-09 -0.0233445 0.00300036 -3.92281e-06
5634.47 1.01333e-08 6047.16 4.72089e-09 -0.0258803 0.00330162 -4.5932e-06
6166.53 1.73355e-08 6579.14 8.12413e-09 -0.0261057 0.00332372 -4.23345e-06
5661.19 1.00676e-08 6062.8 4.70034e-09 -0.0239838 0.00311022 -4.23653e-06
5894.21 1.60246e-08 6297.2 7.49954e-09 -0.0245488 0.00320769 -4.1649e-06
5457.83 1.30928e-08 5854.54 6.10282e-09 -0.0236733 0.00321418 -4.3375e-06
5862.06 1.82189e-09 6252.77 8.54027e-10 -0.0243805 0.00299734 -4.15903e-06
5838.17 6.95326e-09 6237.16 3.25423e-09 -0.024281 0.00302253 -4.15901e-06
5909.37 -5.94239e-10 6323.95 -2.77641e-10 -0.0256306 0.00318401 -4.33728e-06
5973.5 -6.83885e-09 6368.05 -3.20757e-09 -0.0247886 0.0033002 -4.14976e-06
5580.16 3.20888e-08 5983.35 1.49633e-08 -0.0239686 0.00293973 -4.29532e-06
5703.28 2.2546e-08 6113.54 1.05165e-08 -0.0253639 0.00321983 -4.44725e-06
6246.03 -3.25178e-09 6645.36 -1.52819e-09 -0.0261169 0.00323227 -4.18135e-06
5724.2 6.77419e-09 6135.2 3.1602e-09 -0.0255834 0.00325383 -4.46933e-06
5955.4 1.23877e-08 6364.08 5.79611e-09 -0.0257662 0.00319479 -4.32653e-06
6459.1 1.73276e-08 6871.28 8.14408e-09 -0.0259382 0.00334738 -4.01576e-06
6205.14 2.80602e-09 6596.07 1.31986e-09 -0.0247817 0.00327526 -3.99374e-06
6518.59 2.57864e-09 6978.18 1.2044e-09 -0.0251911 0.00324431 -3.8645e-06
5852.82 9.9559e-09 6305.42 4.62063e-09 -0.0247018 0.00334228 -4.2205e-06
6236.56 -1.06317e-08 6695.09 -4.9518e-09 -0.024432 0.00335151 -3.91754e-06
6133.19 -1.16643e-08 6590.57 -5.42738e-09 -0.025593 0.00326244 -4.17287e-06
6130.45 -1.4003e-08 6569.49 -6.53359e-09 -0.0245458 0.00322865 -4.00391e-06
6275.59 -9.20609e-10 6755.58 -4.27599e-10 -0.0259205 0.0032025 -4.13036e-06
6471.94 2.01635e-08 6916.3 9.43398e-09 -0.0245052 0.00319862 -3.78638e-06
6633.66 -1.10395e-08 7074.38 -5.17589e-09 -0.0241447 0.00315423 -3.63972e-06
6492.46 1.07623e-08 6938.51 5.03523e-09 -0.0246181 0.00322123 -3.7918e-06
6011.27 1.07274e-08 6486.8 4.9705e-09 -0.0262518 0.0033018 -4.3671e-06
6082.38 1.43969e-08 6545.13 6.68953e-09 -0.0243336 0.00327686 -4.00067e-06
6410.56 1.12007e-08 6877.05 5.22047e-09 -0.0267218 0.0034167 -4.16841e-06
5664.42 1.71877e-08 6112.42 7.96396e-09 -0.0239547 0.00321007 -4.22897e-06
6397.09 8.70021e-09 6880.15 4.04468e-09 -0.025383 0.00322018 -3.9679e-06
6376.33 1.49335e-08 6817.85 6.98319e-09 -0.0253055 0.00315554 -3.96867e-06
6809.9 9.53107e-09 7258.42 4.47106e-09 -0.0226531 0.00288027 -3.3265e-06
6074.41 7.72743e-09 6511.01 3.60463e-09 -0.0234292 0.00297028 -3.85703e-06
6234.21 5.19381e-09 6698.48 2.41691e-09 -0.0257391 0.00343001 -4.12869e-06
6324.71 7.3052e-09 6782.57 3.40603e-09 -0.0259296 0.0033287 -4.09973e-06
6419.29 3.07449e-09 6872.73 1.43582e-09 -0.0245752 0.00312026 -3.82834e-06
6182.85 4.00327e-09 6642.91 1.86301e-09 -0.0247937 0.00320049 -4.01007e-06
5848.84 1.40729e-08 6292.29 6.54056e-09 -0.0252163 0.00332169 -4.31132e-06
6660.67 5.53073e-09 7104.01 2.59279e-09 -0.0251892 0.00330484 -3.78178e-06
6541.3 -9.60149e-09 6973.86 -4.50298e-09 -0.0238619 0.00308108 -3.64788e-06
6192.11 6.4513e-09 6639.82 3.00815e-09 -0.0248306 0.00310264 -4.01005e-06
6522.38 1.6056e-09 6999.31 7.48097e-10 -0.0263219 0.00345792 -4.03563e-06
6338.6 3.61755e-09 6770.15 1.69348e-09 -0.0241992 0.00321249 -3.81775e-06
6448.97 1.49006e-10 6883.58 6.97991e-11 -0.0245714 0.0031582 -3.81012e-06
6618.36 -4.6535e-09 7057.12 -2.18209e-09 -0.024992 0.00335196 -3.77616e-06
6441.83 -2.51542e-09 6915.2 -1.17161e-09 -0.0261339 0.00334388 -4.0569e-06
6207.18 1.30401e-08 6659.36 6.07731e-09 -0.0251305 0.00310088 -4.04862e-06
6347.29 7.72677e-09 6794.6 3.60904e-09 -0.0257248 0.00328414 -4.05288e-06
5904.5 1.22975e-08 6367.92 5.70126e-09 -0.0267481 0.00333757 -4.53013e-06
6163.84 1.03076e-10 6625.61 4.79459e-11 -0.0246175 0.003164 -3.99386e-06
6283.21 6.89873e-09 6726.73 3.22194e-09 -0.0254397 0.00329037 -4.04884e-06
6449.45 -1.78992e-09 6904.86 -8.35932e-10 -0.0238831 0.00311215 -3.70312e-06
6435.64 -1.87538e-08 6902.63 -8.74253e-09 -0.025368 0.00338418 -3.9418e-06
6598.99 2.0988e-10 7045.51 9.82892e-11 -0.0249094 0.00325993 -3.77472e-06
6467.01 -2.12572e-10 6927.74 -9.92176e-11 -0.0247667 0.00324615 -3.82969e-06
6149.78 1.66641e-08 6595.53 7.76895e-09 -0.0256115 0.0031574 -4.16461e-06
6771.63 8.47846e-09 7218.91 3.97657e-09 -0.0255849 0.00327952 -3.77825e-06
5890.35 5.29547e-09 6353.91 2.45457e-09 -0.0246929 0.00302604 -4.1921e-06
6488.82 -8.09952e-09 6941.89 -3.78544e-09 -0.0257457 0.00329088 -3.9677e-06
5808.15 -1.54571e-09 6243.34 -7.18983e-10 -0.0246755 0.00314655 -4.24843e-06
6641.91 1.43161e-08 7090.68 6.705e-09 -0.0251261 0.00316336 -3.78296e-06
6507.6 1.97674e-08 6967.44 9.23139e-09 -0.0234759 0.00300927 -3.60746e-06
6578.5 -2.04324e-09 7040.76 -9.54548e-10 -0.0264614 0.00328959 -4.0224e-06
6450.01 2.04699e-08 6895.86 9.57323e-09 -0.0253008 0.0033128 -3.92261e-06
5613.85 -4.41203e-09 6016.38 -2.05842e-09 -0.0257641 0.00330233 -4.58938e-06
5908.7 1.97306e-11 6307.84 9.24106e-12 -0.0256776 0.00329249 -4.34573e-06
5252.81 3.23222e-09 5659.95 1.49986e-09 -0.0249721 0.00316006 -4.75404e-06
5888.21 -5.82801e-09 6284.79 -2.73013e-09 -0.0258362 0.00339635 -4.3878e-06
5514.76 1.32989e-08 5899.86 6.21541e-09 -0.0239904 0.0031556 -4.35022e-06
6271.15 -1.07293e-08 6690.38 -5.02849e-09 -0.0261058 0.00348941 -4.16284e-06
5319.14 1.68887e-08 5711.84 7.86378e-09 -0.0250502 0.00318733 -4.70945e-06
5924.39 -1.06813e-08 6325.23 -5.0022e-09 -0.0250713 0.0033352 -4.23188e-06
5209.25 2.79759e-08 5607.47 1.29946e-08 -0.0254864 0.00322118 -4.89253e-06
5984.67 -5.24897e-09 6384.03 -2.46031e-09 -0.0262938 0.00337858 -4.39352e-06
5556.13 -3.9854e-09 5960.53 -1.8575e-09 -0.0252914 0.00323366 -4.55198e-06
5840.81 -5.15308e-09 6249.22 -2.40815e-09 -0.0258934 0.00325273 -4.43318e-06
5274.36 9.13146e-09 5672.73 4.2451e-09 -0.0256016 0.00322688 -4.85397e-06
5297.83 2.99993e-08 5708.99 1.39193e-08 -0.0244984 0.00329531 -4.62424e-06
5609.59 8.32165e-09 6009.12 3.88419e-09 -0.025642 0.00333115 -4.5711e-06
5887.61 1.58403e-08 6295.91 7.40654e-09 -0.025151 0.00326202 -4.27185e-06
5526.5 -1.207e-08 5919.98 -5.63385e-09 -0.0255944 0.00334091 -4.63122e-06
5592.3 1.78255e-08 6006.71 8.29784e-09 -0.0259751 0.00338764 -4.6448e-06
5430.49 1.96399e-08 5825.12 9.15466e-09 -0.0244397 0.00324037 -4.50046e-06
5714.3 2.86024e-09 6109.54 1.3376e-09 -0.0254001 0.00329234 -4.445e-06
4978.31 4.37737e-09 5370.2 2.02896e-09 -0.0246898 0.0032613 -4.95948e-06
5460.1 -6.98647e-09 5861.18 -3.25419e-09 -0.0238496 0.00314598 -4.36798e-06
5572.29 1.15153e-08 5978.31 5.36661e-09 -0.0247404 0.00312338 -4.4399e-06
5359.65 1.27956e-08 5758.04 5.95514e-09 -0.0244762 0.00323484 -4.56676e-06
5549.99 -6.28142e-10 5935.19 -2.93688e-10 -0.0241194 0.00317161 -4.34583e-06
5642.84 1.25148e-08 6038.82 5.8471e-09 -0.0242862 0.00320647 -4.3039e-06
5765.62 6.12998e-09 6159.32 2.86908e-09 -0.0240178 0.00323121 -4.16569e-06
5400.98 2.0564e-09 5809.68 9.55868e-10 -0.0246157 0.00315519 -4.55763e-06
6033.9 -5.00677e-09 6427.76 -2.34999e-09 -0.0235367 0.00317762 -3.90074e-06
6312.92 7.37999e-09 6742.18 3.45506e-09 -0.0255069 0.00324879 -4.04042e-06
6691.63 8.53099e-09 7115.91 4.01117e-09 -0.0258003 0.0034374 -3.8556e-06
5944.46 4.92234e-09 6375.51 2.29477e-09 -0.0248535 0.00306795 -4.18094e-06
6036.8 1.65669e-08 6468.36 7.73079e-09 -0.0259705 0.00337526 -4.30203e-06
6248.3 5.12684e-10 6668.27 2.40197e-10 -0.0249626 0.00325455 -3.9951e-06
5980.31 3.21331e-08 6420.37 1.49653e-08 -0.024496 0.00317679 -4.0961e-06
6567.51 -1.29294e-09 7012.9 -6.05414e-10 -0.0252667 0.00324594 -3.84723e-06
6084.12 -4.29554e-09 6494.05 -2.01219e-09 -0.0243541 0.00309462 -4.0029e-06
6393.38 1.14394e-08 6819.22 5.36254e-09 -0.0249002 0.00313377 -3.89469e-06
6083.29 7.71973e-09 6501.2 3.61174e-09 -0.0254128 0.0032135 -4.17748e-06
6311.5 -4.36098e-10 6752.88 -2.03797e-10 -0.0256886 0.00341722 -4.07012e-06
5986.37 -2.62771e-09 6444.71 -1.22041e-09 -0.0260719 0.00332413 -4.3552e-06
6364.64 6.97187e-09 6810.24 3.25784e-09 -0.0260319 0.00334054 -4.09008e-06
6027.36 7.35875e-10 6443.16 3.44193e-10 -0.0242137 0.00307689 -4.0173e-06
6070.35 -5.70243e-09 6491.76 -2.66613e-09 -0.0246635 0.00322053 -4.06294e-06
5929.52 1.42944e-09 6341.34 6.68305e-10 -0.0246131 0.00307742 -4.15094e-06
6731.12 2.72635e-09 7161.9 1.28118e-09 -0.0258464 0.00332263 -3.83984e-06
5906.88 2.07525e-08 6348.3 9.65472e-09 -0.0252489 0.00318361 -4.27449e-06
6263.22 -3.70482e-09 6707.7 -1.72966e-09 -0.0261716 0.00335306 -4.17862e-06
6274.7 1.95704e-08 6708.94 9.15184e-09 -0.0256287 0.00338883 -4.08446e-06
5772.88 -8.41433e-10 6202.83 -3.91554e-10 -0.0251568 0.00322187 -4.35777e-06
6098.35 1.12711e-08 6541.06 5.25412e-09 -0.0254767 0.00317629 -4.17763e-06
5984.3 8.64315e-09 6409.92 4.03462e-09 -0.0242909 0.00300196 -4.05911e-06
6392.37 -6.8994e-09 6837.84 -3.22496e-09 -0.0258297 0.00318791 -4.0407e-06
6443.23 1.18947e-09 6874.64 5.57412e-10 -0.0245137 0.00342057 -3.80456e-06
5741.03 -1.37997e-09 6188.66 -6.40077e-10 -0.0258789 0.00343944 -4.50771e-06
6271.48 1.28838e-08 6695.51 6.03394e-09 -0.0248458 0.00316301 -3.96171e-06
6598.03 6.62442e-09 7036.51 3.10581e-09 -0.0256537 0.00336552 -3.88808e-06
6363.87 -5.09501e-09 6796.46 -2.38536e-09 -0.0261689 0.00336644 -4.1121e-06
5314.15 -1.1228e-09 5760.88 -5.17865e-10 -0.02418 0.0032375 -4.55012e-06
6364.58 -5.3994e-09 6804.66 -2.5251e-09 -0.0253545 0.0034 -3.98369e-06
6486.03 7.81633e-09 6907.32 3.6698e-09 -0.0249052 0.00320107 -3.83981e-06
5911.02 -2.30444e-11 6346.08 -1.07323e-11 -0.0251734 0.00317898 -4.25873e-06
5999.42 1.76501e-08 6434.36 8.22851e-09 -0.0247743 0.00343547 -4.12945e-06
6347.82 1.53536e-08 6795.84 7.17069e-09 -0.0256971 0.00327726 -4.04817e-06
6171.84 1.56202e-09 6602.26 7.30095e-10 -0.0246584 0.00295416 -3.9953e-06
6402.24 1.15207e-08 6848.63 5.38491e-09 -0.0251133 0.00319278 -3.92257e-06
6432.58 1.3256e-08 6876.79 6.19986e-09 -0.0261242 0.00343118 -4.06124e-06
6185.18 -1.09271e-08 6613.17 -5.10999e-09 -0.0234095 0.00305026 -3.78477e-06
6098.62 3.07563e-09 6532.89 1.43559e-09 -0.0264181 0.00331116 -4.33182e-06
6471.59 -5.97761e-09 6915.57 -2.79692e-09 -0.026075 0.0033211 -4.02915e-06
6653.75 1.61092e-08 7087.91 7.56122e-09 -0.024619 0.00315485 -3.70002e-06
6042.97 1.02708e-08 6489.99 4.78166e-09 -0.0262507 0.00323263 -4.344e-06
6340.2 1.83306e-08 6783.23 8.56669e-09 -0.0255939 0.00317736 -4.03676e-06
5798.58 -2.54051e-09 6228.39 -1.1826e-09 -0.0242283 0.00316211 -4.17831e-06
6470.18 5.90207e-09 6891.33 2.77069e-09 -0.0244976 0.00329449 -3.78622e-06
6300.08 2.35399e-09 6735.23 1.10095e-09 -0.0254529 0.00343815 -4.04009e-06
6044.29 1.19848e-08 6484.19 5.58584e-09 -0.0251175 0.00340221 -4.15558e-06
6277.98 2.09732e-08 6710.88 9.81016e-09 -0.0256995 0.00315779 -4.0936e-06
5577.19 -2.41339e-08 5993.77 -1.12283e-08 -0.0248116 0.00316719 -4.44877e-06
5327.27 -1.83022e-08 5758.56 -8.46572e-09 -0.0249896 0.00315785 -4.69089e-06
5822.48 2.40686e-10 6234.63 1.12387e-10 -0.0253819 0.00349041 -4.35929e-06
6138.24 -3.24199e-10 6551.49 -1.51875e-10 -0.024826 0.00307222 -4.04449e-06
6546.15 8.67416e-09 6985.53 4.06428e-09 -0.0254387 0.00318865 -3.88606e-06
6259.67 8.94553e-10 6693.36 4.18296e-10 -0.0256012 0.00321858 -4.08986e-06
5789.05 3.0499e-09 6226.02 1.41792e-09 -0.0253844 0.00321162 -4.3849e-06
5680.96 -9.2245e-09 6104.23 -4.29244e-09 -0.0252253 0.00335591 -4.44033e-06
5557.27 7.05569e-09 5960.06 3.28942e-09 -0.025092 0.00308579 -4.51516e-06
5202.23 9.56022e-09 5614.58 4.42905e-09 -0.0248672 0.00321173 -4.78011e-06
6057.58 3.19482e-08 6456.75 1.49866e-08 -0.02383 0.00292159 -3.93392e-06
6276.88 -6.8333e-09 6600.91 -3.24893e-09 -0.0266805 0.00332427 -4.25061e-06
6215 -1.31075e-08 6629.91 -6.14363e-09 -0.0257771 0.00317149 -4.14756e-06
5864.69 -8.56102e-09 6272.54 -4.00219e-09 -0.0245328 0.00311682 -4.18313e-06
6434.97 4.73676e-09 6863.49 2.22051e-09 -0.0251242 0.00314443 -3.90432e-06
6125.39 3.28352e-09 6528.99 1.54027e-09 -0.0253876 0.00312921 -4.14466e-06
6042.02 1.32075e-08 6361.68 6.27192e-09 -0.0251787 0.0032942 -4.16727e-06
6406.06 -5.13638e-09 6835.35 -2.4069e-09 -0.0253542 0.00333387 -3.95785e-06
5663.94 1.35696e-08 6092.51 6.30751e-09 -0.0247558 0.00331042 -4.37078e-06
6310.04 9.3777e-09 6736.97 4.39171e-09 -0.0261683 0.00319785 -4.14709e-06
5851.81 2.07341e-08 6259.3 9.69214e-09 -0.0249854 0.0033374 -4.26969e-06
6054.79 1.27608e-08 6477.02 5.96446e-09 -0.0256877 0.00325037 -4.24254e-06
5895.23 5.58353e-09 6314.35 2.60646e-09 -0.0260158 0.00344436 -4.41302e-06
5959.4 -6.81081e-10 6369.87 -3.18597e-10 -0.0254752 0.0033527 -4.27479e-06
5864.95 -3.48775e-09 6278.48 -1.62901e-09 -0.0244103 0.00319326 -4.16206e-06
5794.87 -3.60205e-09 6221.99 -1.67739e-09 -0.026159 0.00324101 -4.51417e-06
4909.84 -9.21724e-09 5300.97 -4.26857e-09 -0.0252014 0.00322137 -5.13284e-06
6062.21 -8.56732e-09 6494.58 -3.99847e-09 -0.0263148 0.00358363 -4.3408e-06
5483.67 1.58419e-08 5898.65 7.36372e-09 -0.0248953 0.00317783 -4.53989e-06
5839.84 1.106e-08 6255.81 5.16227e-09 -0.0249079 0.00324633 -4.26518e-06
5768.96 -1.22048e-09 6164.44 -5.7109e-10 -0.0239939 0.00331588 -4.15913e-06
6006.51 -5.27423e-09 6419.1 -2.46761e-09 -0.0253029 0.00342103 -4.21257e-06
5827.67 -5.10069e-09 6241.56 -2.38123e-09 -0.024924 0.00327418 -4.27684e-06
5859.56 1.163e-08 6272 5.43262e-09 -0.0245539 0.0031833 -4.1904e-06
5467.53 1.41862e-08 5867.45 6.60965e-09 -0.0247651 0.00312714 -4.52948e-06
5815.45 -2.51824e-09 6220.42 -1.17715e-09 -0.024992 0.00321038 -4.29752e-06
5942.72 1.19366e-09 6242.37 5.68178e-10 -0.0243188 0.00313509 -4.0922e-06
5966.2 4.75006e-09 6373.21 2.22336e-09 -0.025426 0.00318396 -4.26167e-06
6227.46 1.97955e-08 6674.06 9.23546e-09 -0.0250036 0.00322216 -4.01505e-06
6229.25 -3.88257e-09 6656.38 -1.81671e-09 -0.0236407 0.00312932 -3.79511e-06
6759.98 1.36556e-08 7193.84 6.41602e-09 -0.0259668 0.00327642 -3.84125e-06
6696.95 7.7699e-10 7034 3.69879e-10 -0.025616 0.00333728 -3.82502e-06
5763.45 1.09833e-09 6181.71 5.12009e-10 -0.0244294 0.00335037 -4.23868e-06
6691.31 2.98684e-10 6905.34 1.44713e-10 -0.0253046 0.00326042 -3.78171e-06
6100.93 5.78285e-09 6541.54 2.69667e-09 -0.0249813 0.00325693 -4.09467e-06
5870.75 -1.41086e-08 6327.04 -6.54555e-09 -0.0250295 0.00329749 -4.26343e-06
6937.68 -7.23951e-09 7270.38 -3.45411e-09 -0.0259255 0.00335918 -3.73692e-06
6196.93 6.17104e-09 6428.69 2.97428e-09 -0.0254496 0.00319391 -4.10681e-06
6219.33 2.50015e-09 6657.5 1.1678e-09 -0.0262891 0.00333042 -4.22701e-06
5824.37 -7.13193e-09 6272.57 -3.31117e-09 -0.0242119 0.00334487 -4.15699e-06
6705.88 3.61156e-09 7133.49 1.69753e-09 -0.0244937 0.00334451 -3.65258e-06
6190.81 -1.07998e-10 6633.38 -5.03964e-11 -0.0246608 0.00316732 -3.98346e-06
6184.12 -5.61217e-10 6616.97 -2.62253e-10 -0.0246637 0.00325499 -3.98822e-06
6668.53 8.85811e-09 7112.9 4.15235e-09 -0.025332 0.00334487 -3.79874e-06
5949.76 4.9803e-09 6384.7 2.32052e-09 -0.0247242 0.00330932 -4.1555e-06
6560.75 -9.47703e-10 6996.81 -4.4432e-10 -0.0240172 0.0031204 -3.66074e-06
6063.31 1.26485e-08 6492.56 5.90614e-09 -0.0241591 0.00332257 -3.98448e-06
6519.38 1.26516e-08 6974 5.91345e-09 -0.0259643 0.00351684 -3.98263e-06
6159.67 9.42638e-09 6584.33 4.40921e-09 -0.0245771 0.00324128 -3.99e-06
5469.54 -1.94949e-08 5902.36 -9.03266e-09 -0.0248113 0.0031436 -4.53627e-06
6466.66 -5.28461e-09 6901.67 -2.47577e-09 -0.0244191 0.00316051 -3.77615e-06
6175.14 2.30392e-08 6609.33 1.07628e-08 -0.024967 0.00318512 -4.04316e-06
6386.95 9.99946e-09 6824.45 4.67921e-09 -0.0251395 0.00317317 -3.93607e-06
5770.89 1.05938e-08 6214.52 4.91879e-09 -0.0250034 0.00329786 -4.33267e-06
5915.49 2.06603e-08 6235.82 9.79949e-09 -0.0236151 0.00313869 -3.99208e-06
6544.8 -4.4818e-09 6982.81 -2.10034e-09 -0.0247303 0.00336077 -3.77862e-06
6349.55 -1.25012e-08 6799.77 -5.83676e-09 -0.0271229 0.0034207 -4.27163e-06
