-1.558722963015462982e-06
-1.528040239927046628e-06
-1.519489622369820370e-06
-1.540479459665229009e-06
-1.522606087154933331e-06
-1.547687921021554593e-06
-1.532636221072730002e-06
-1.547863543435859046e-06
-1.499771963183178990e-06
-1.545800058126406204e-06
-1.594930245955710547e-06
-1.568422847176692412e-06
-1.510936048143556533e-06
-1.505035549800283594e-06
-1.560698353826919727e-06
-1.559856064023479074e-06
-1.554751199973161266e-06
-1.508392585893457052e-06
-1.528342652561041985e-06
-1.515617035006783046e-06
-1.513632737339360002e-06
-1.501667413388769076e-06
-1.517791440965588307e-06
-1.539632867559429210e-06
-1.544893192689149073e-06
-1.516368731494032993e-06
-1.531293242382374711e-06
-1.565028134471173128e-06
-1.534151022580265914e-06
-1.526223283947839359e-06
-1.617558183401862937e-06
-1.700905958646851431e-06
-1.615946070625884184e-06
-1.619511177782389837e-06
-1.645344914365228986e-06
-1.668301110294450867e-06
-1.642658061101052487e-06
-1.620358268080324984e-06
-1.641156362876974237e-06
-1.626290164941358006e-06
-1.591830643195191368e-06
-1.656775508179197709e-06
-1.641478509685225034e-06
-1.661545668005154786e-06
-1.574600983227374768e-06
-1.680547559013203003e-06
-1.603694570630202667e-06
-1.669832648116929869e-06
-1.635477530451004669e-06
-1.613788746703395804e-06
-1.662287551367015989e-06
-1.648978141494776528e-06
-1.644877460332783674e-06
-1.652361730530241285e-06
-1.609241603438195787e-06
-1.619349188477687007e-06
-1.651057600266868627e-06
-1.626433137283918069e-06
-1.620295401584966793e-06
-1.618933665482432392e-06
-1.580233954069652849e-06
-1.538710691152587385e-06
-1.557264983957871265e-06
-1.543158809593630418e-06
-1.625890698184661759e-06
-1.575004028356014679e-06
-1.584015788396196153e-06
-1.641763282145742500e-06
-1.568817168124043461e-06
-1.569487036850670479e-06
-1.596611267615780450e-06
-1.577979912843964938e-06
-1.627864096197259258e-06
-1.601003939711133073e-06
-1.629731772249147427e-06
-1.566088518563724766e-06
-1.645899449611507390e-06
-1.644839521918239632e-06
-1.581235855833790370e-06
-1.614733210489878069e-06
-1.623071253380559813e-06
-1.628747376334764448e-06
-1.665470528401527928e-06
-1.573822615538623860e-06
-1.622883174433039146e-06
-1.635189584566423789e-06
-1.557058959909749149e-06
-1.610262133909448505e-06
-1.566849375827516713e-06
-1.598059724016824413e-06
-1.632737757942668801e-06
-1.581268150272989279e-06
-1.574462354019695786e-06
-1.596909474362083472e-06
-1.584396517636128723e-06
-1.598386792625558572e-06
-1.611065771031613756e-06
-1.653343237893744428e-06
-1.571029896970036213e-06
-1.600454438227378867e-06
-1.578395015591274546e-06
-1.620665727147355229e-06
-1.578175413298326537e-06
-1.592799150706362701e-06
-1.555731965262334153e-06
-1.617098323630850339e-06
-1.561726202315194707e-06
-1.583647771034542358e-06
-1.519447268826912480e-06
-1.601849512345140400e-06
-1.604942831681884309e-06
-1.576929949892803431e-06
-1.574684524728861173e-06
-1.570593340727653000e-06
-1.577705653060087053e-06
-1.583246411413339211e-06
-1.575721614511832426e-06
-1.599791922305008562e-06
-1.583595714614118034e-06
-1.566216899553380739e-06
-1.604312398035839778e-06
-1.571054658666293836e-06
-1.560877466803572062e-06
-1.534113974967495571e-06
-1.607937757192959347e-06
-1.593889505061258950e-06
-1.607508831354928425e-06
-1.562357205591863578e-06
-1.586392506910326311e-06
-1.564118745414394041e-06
-1.406726563841394802e-06
-1.442587084383728913e-06
-1.389913104076295348e-06
-1.465880206488052126e-06
-1.442734370576349301e-06
-1.435214666373022388e-06
-1.422751524984194767e-06
-1.433418048586760204e-06
-1.387729975849250124e-06
-1.389648462433384870e-06
-1.420583864069503838e-06
-1.414687835330007006e-06
-1.451906302667395697e-06
-1.443735580049194764e-06
-1.483259545432790795e-06
-1.492175734984076679e-06
-1.480056500828546654e-06
-1.423820541872522184e-06
-1.451415910413602055e-06
-1.529575102331949707e-06
-1.515286807812140930e-06
-1.467085609974241093e-06
-1.504907829087020254e-06
-1.477161960858913951e-06
-1.459143643168832892e-06
-1.533209109930811599e-06
-1.490995017391629521e-06
-1.482821715716081138e-06
-1.469435230981831851e-06
-1.469996775038793641e-06
-1.512484650161353352e-06
-1.464912057246515973e-06
-1.517821781867205060e-06
-1.482894001323312232e-06
-1.512740806350414927e-06
-1.553165463423211737e-06
-1.533902599986833031e-06
-1.455903392454620718e-06
-1.494352183275342368e-06
-1.465401829884033196e-06
-1.506008668918958071e-06
-1.496483377456234536e-06
-1.497474697869349797e-06
-1.466094937367110627e-06
-1.461966973442285545e-06
-1.490241029638961854e-06
-1.516413050973709594e-06
-1.472713071075182201e-06
-1.482294398600736293e-06
-1.495897556090636731e-06
-1.465912782695289121e-06
-1.502304391325553241e-06
-1.529899062519036108e-06
-1.522904307970187003e-06
-1.486812937426931840e-06
-1.486637788166633350e-06
-1.495453092155607583e-06
-1.480133384403560377e-06
-1.492353776519367283e-06
-1.490860370840675557e-06
-1.508770681870661261e-06
-1.447088549529495066e-06
-1.487973951891774116e-06
-1.472190156186958104e-06
-1.462039346099854958e-06
-1.505503362542054653e-06
-1.439995804954420634e-06
-1.460123185192881195e-06
-1.545146309816549072e-06
-1.500974438970997627e-06
-1.487650863327395721e-06
-1.456809627524258182e-06
-1.470555233127894219e-06
-1.437533330953246000e-06
-1.464209017973849543e-06
-1.460203899163669074e-06
-1.445586540014051918e-06
-1.466703981489836202e-06
-1.484543564697411342e-06
-1.452575960388594692e-06
-1.578568055858740920e-06
-1.649980534903371213e-06
-1.617119400974566474e-06
-1.652864358017997939e-06
-1.602227628331290407e-06
-1.612340970669846964e-06
-1.641852714997249052e-06
-1.646024068535305398e-06
-1.634331740745628607e-06
-1.631114481096981515e-06
-1.639794381650564931e-06
-1.669415746564296317e-06
-1.678535975256256324e-06
-1.623198716963949094e-06
-1.638298659939915144e-06
-1.619784810386898492e-06
-1.671089119220635140e-06
-1.616029201056171002e-06
-1.599121973358934075e-06
-1.624713412481653676e-06
-1.610462121639041043e-06
-1.620842445796407828e-06
-1.649846666616177872e-06
-1.640654403815640743e-06
-1.604400393324151558e-06
-1.648523902679704832e-06
-1.609553591055792909e-06
-1.661160721167775417e-06
-1.582794268410324860e-06
-1.651571875624240767e-06
-1.675777871507302426e-06
-1.645662092524980326e-06
-1.646438395275720731e-06
-1.622129227984697754e-06
-1.683104025461606612e-06
-1.664373156431083159e-06
-1.635539364288491496e-06
-1.661759573926292902e-06
-1.655768441716670625e-06
-1.624523944111718885e-06
-1.619313957370415786e-06
-1.618043639580863452e-06
-1.629122767320137053e-06
-1.679581373999917378e-06
-1.657390750943768889e-06
-1.666222583246200820e-06
-1.666052884166909959e-06
-1.617343208212689965e-06
-1.640512370069600259e-06
-1.583146203125225697e-06
-1.642393881551019365e-06
-1.707174648347914633e-06
-1.613670351386837008e-06
-1.629815449183356667e-06
-1.686843625011406414e-06
-1.624525843355599371e-06
-1.634898888735851401e-06
-1.639511271226479087e-06
-1.609317212268194519e-06
-1.765956899091851981e-06
-1.742413958017902737e-06
-1.679040142506401047e-06
-1.715529071045718420e-06
-1.711624636181322072e-06
-1.733594387071403904e-06
-1.714194643896768161e-06
-1.743278771481294992e-06
-1.728950853996881127e-06
-1.771237448456777318e-06
-1.735981506958831365e-06
-1.768189411268396035e-06
-1.869402907366885446e-06
-1.697404212773915659e-06
-1.737245380187284217e-06
-1.690399443326412974e-06
-1.753390241867457539e-06
-1.832011210876461625e-06
-1.689215705693724396e-06
-1.758184690230402813e-06
-1.690009041530932949e-06
-1.768366160530194919e-06
-1.734705908225927542e-06
-1.741912265365202830e-06
-1.733199985276159456e-06
-1.746446769435057778e-06
-1.773798102847939443e-06
-1.758064936882745570e-06
-1.789938664516740149e-06
-1.724436853409756338e-06
-1.551951426582407051e-06
-1.617244834566081814e-06
-1.575860237909941121e-06
-1.590077182271757448e-06
-1.603195277776629345e-06
-1.633006934934309559e-06
-1.593720016928472477e-06
-1.615218677587130733e-06
-1.617474465420142729e-06
-1.580786606172826358e-06
-1.603213891605810087e-06
-1.574580012732371631e-06
-1.585869679845846200e-06
-1.589287582602684723e-06
-1.599350612854583063e-06
-1.605979492071197032e-06
-1.604151901229358670e-06
-1.598189503153589880e-06
-1.558158842476559535e-06
-1.599921754106278129e-06
-1.638952915259058126e-06
-1.541410738063403976e-06
-1.619591886900242417e-06
-1.582348805080102196e-06
-1.596376839117235951e-06
-1.606506201468544468e-06
-1.578500779379979377e-06
-1.562105295067181024e-06
-1.613579037420749403e-06
-1.642575288473121147e-06
-1.572889307643020481e-06
-1.601967140772591343e-06
-1.665334106464661750e-06
-1.630191212188113912e-06
-1.718116459003552669e-06
-1.629976976608435813e-06
-1.651368254631693471e-06
-1.677862782795200405e-06
-1.622726261584686106e-06
-1.666246350865404486e-06
-1.620992363603958586e-06
-1.618123263685107370e-06
-1.696968695682378913e-06
-1.707071984476053000e-06
-1.667874536470746086e-06
-1.662657979686864220e-06
-1.654546477895807362e-06
-1.626351636373286474e-06
-1.647586309886609188e-06
-1.631567181368166294e-06
-1.663285310287765991e-06
-1.640123489396013263e-06
-1.617566474929852354e-06
-1.675515895025879870e-06
-1.691318964967133942e-06
-1.667506949481992906e-06
-1.696504369640026827e-06
-1.684433146719441284e-06
-1.624035262645442330e-06
-1.647753873125499778e-06
-1.582919736216499859e-06
-1.618150340007388969e-06
-1.678345916476546453e-06
-1.693650801808065325e-06
-1.629569963016921625e-06
-1.660147085480351127e-06
-1.669592288824903839e-06
-1.628407771943449724e-06
-1.647179287233660832e-06
-1.642459316706332051e-06
-1.661854085778665229e-06
-1.655694479597926983e-06
-1.642691093729904750e-06
-1.618177124064231195e-06
-1.636828294478793929e-06
-1.652158234157526044e-06
-1.680865317231629996e-06
-1.673418992474060632e-06
-1.642351872883336621e-06
-1.578156871499278617e-06
-1.614443612679658359e-06
-1.634782863124598322e-06
-1.636799839632721638e-06
-1.613356753602468505e-06
-1.616166867627343798e-06
-1.660026420046929973e-06
-1.635753855386923884e-06
-1.683570097005202809e-06
-1.672435411199928034e-06
-1.684194443119706473e-06
-1.675184468549272336e-06
-1.639429815167766496e-06
-1.666839058296279088e-06
-1.636651998752820943e-06
-1.639667629192653984e-06
-1.629436958922939846e-06
-1.608598429842263791e-06
-1.674369007965904203e-06
-1.620313265211224944e-06
-1.692455172981292022e-06
-1.582246215932708111e-06
-1.635811488828474700e-06
-1.654582859084157784e-06
-1.601631018926293965e-06
-1.643548740717480534e-06
-1.689893307779613021e-06
-1.676465307738937778e-06
-1.578974585247514534e-06
-1.650601537383347723e-06
-1.617227478530935597e-06
-1.619476403772818218e-06
-1.618867309415975097e-06
-1.630572806134195996e-06
-1.631897811202258546e-06
-1.663054625500265760e-06
-1.594381644062981183e-06
-1.596195548702292179e-06
-1.639926051571925874e-06
-1.557845990660773899e-06
-1.611950076937484779e-06
-1.611129449093575662e-06
-1.514798666264615545e-06
-1.486792165940403672e-06
-1.528403420757122907e-06
-1.585081455404131741e-06
-1.567817690172659253e-06
-1.525148076841306294e-06
-1.503541389076749429e-06
-1.572968974961120152e-06
-1.598291506127525585e-06
-1.577826633346016668e-06
-1.601552220782170497e-06
-1.550742564795020530e-06
-1.557817676199216957e-06
-1.569612487078263362e-06
-1.566843233041877304e-06
-1.552093587219899135e-06
-1.531724390044101456e-06
-1.549076435890443687e-06
-1.579013542302007096e-06
-1.574024897350912500e-06
-1.565561787501930623e-06
-1.539180684891886772e-06
-1.559682344038903356e-06
-1.545372219495824688e-06
-1.536034160741554714e-06
-1.568207579466362091e-06
-1.523113589926105730e-06
-1.569469024839855234e-06
-1.631688565679874281e-06
-1.610161464514261473e-06
-1.680293982878462117e-06
-1.628591867120836235e-06
-1.602230406300752030e-06
-1.667078527521319159e-06
-1.632723167408198437e-06
-1.618762566342187350e-06
-1.654007330047700741e-06
-1.651711403117282053e-06
-1.679248691797285718e-06
-1.614889967998113677e-06
-1.678609112998622757e-06
-1.618329623198287470e-06
-1.635194249034805882e-06
-1.673752217545338192e-06
-1.661502115293871349e-06
-1.601218534465710907e-06
-1.606141674802791932e-06
-1.651601016238138097e-06
-1.590591476607775215e-06
-1.616451491130250170e-06
-1.667069761512407491e-06
-1.634026569159283139e-06
-1.645287851512525896e-06
-1.611641235499964933e-06
-1.577789004848872579e-06
-1.597512923323766199e-06
-1.703874834400596909e-06
-1.656022125820971233e-06
-1.719054496987969153e-06
-1.757549468728731231e-06
-1.697152386680839048e-06
-1.811800855949814455e-06
-1.709988396750108429e-06
-1.773088747263556378e-06
-1.751452814651043943e-06
-1.721028676928158548e-06
-1.686645431160279626e-06
-1.741390605277808042e-06
-1.813432470588702212e-06
-1.718903839607344245e-06
-1.697184627019469539e-06
-1.683814205223161042e-06
-1.754920413907439906e-06
-1.735208704724194901e-06
-1.727743251647065487e-06
-1.687834915638942027e-06
-1.732317561336714850e-06
-1.714869950241071433e-06
-1.703350723435930527e-06
-1.712676461715693270e-06
-1.688386804260348487e-06
-1.764390417792709829e-06
-1.734769116484410610e-06
-1.791408908771095842e-06
-1.762122270020565677e-06
-1.625267640479141402e-06
-1.671374416020039259e-06
-1.655250510457170045e-06
-1.602573337143453994e-06
-1.601125080860286192e-06
-1.617313801662285683e-06
-1.601699348469552310e-06
-1.591472618830404119e-06
-1.658257481589487598e-06
-1.675805006675974708e-06
-1.580954138222042971e-06
-1.601354702102115578e-06
-1.636904672047202559e-06
-1.687732015692728468e-06
-1.686696430863526852e-06
-1.653309302467942275e-06
-1.609900257988476877e-06
-1.649394961228372230e-06
-1.643299954780996190e-06
-1.606603691588449613e-06
-1.660172154309310175e-06
-1.615741503616760410e-06
-1.594907399805086837e-06
-1.619540063663193630e-06
-1.631694714031191640e-06
-1.670476916235898302e-06
-1.635524530173072222e-06
-1.514530508329534555e-06
-1.497387638649124227e-06
-1.488098564089074908e-06
-1.436623578025676657e-06
-1.509133367330761177e-06
-1.487362686669255450e-06
-1.459229824177122975e-06
-1.418319678631431147e-06
-1.420305774410887173e-06
-1.539328195055769838e-06
-1.502587960242445786e-06
-1.500214694198554468e-06
-1.520303743583611630e-06
-1.481361888842181293e-06
-1.467353461754674144e-06
-1.458808684099267247e-06
-1.485354634837012942e-06
-1.452998752269431466e-06
-1.442568954884615161e-06
-1.460469740701925362e-06
-1.503545643471846014e-06
-1.477655231614346402e-06
-1.510226554317335955e-06
-1.518632501843063122e-06
-1.473700631208895299e-06
-1.452456433790552686e-06
-1.717248028882667406e-06
-1.750708059067752615e-06
-1.750033701142852040e-06
-1.723677408270194306e-06
-1.679278593613146945e-06
-1.707037920929558563e-06
-1.737176894965923873e-06
-1.704684685049339024e-06
-1.693781534126566756e-06
-1.662082869025836354e-06
-1.747487581414124307e-06
-1.726616836376989162e-06
-1.661186624767343290e-06
-1.704863157747286399e-06
-1.709212748954132805e-06
-1.717369380349951192e-06
-1.739639783143868373e-06
-1.730758479774712490e-06
-1.702183983253318340e-06
-1.694219723204311852e-06
-1.755930950983023484e-06
-1.727287822324370464e-06
-1.694033930132532543e-06
-1.685463727862683601e-06
-1.758779732050651046e-06
-1.694362530389599003e-06
-1.701812890456672644e-06
-1.727213891375873463e-06
-1.696742870022338238e-06
-1.676342994089002459e-06
-1.570947953789874589e-06
-1.563840209523077808e-06
-1.508044492915732228e-06
-1.530499781593970578e-06
-1.511628611494709998e-06
-1.510038123222400631e-06
-1.572506745552037195e-06
-1.524219034135205903e-06
-1.552403206163247959e-06
-1.509497157955644456e-06
-1.544338225412838184e-06
-1.531525874875649232e-06
-1.529814373166777922e-06
-1.539694700832544972e-06
-1.508988514407955338e-06
-1.570591662159996772e-06
-1.502283694616207081e-06
-1.535245679293094716e-06
-1.538936808398674165e-06
-1.536814630388521911e-06
-1.522863961154278251e-06
-1.552399508236589504e-06
-1.594881970282112579e-06
-1.492021065515778625e-06
-1.502990747437757265e-06
-1.551011875390649519e-06
-1.510884223387093058e-06
-1.498754026949340806e-06
-1.558598890504418910e-06
-1.542088729365762705e-06
-1.568267799396894291e-06
-1.537010147721850293e-06
-1.501913439861952706e-06
-1.546388540869176364e-06
-1.551263509155981705e-06
-1.556343034043299126e-06
-1.538730276172843118e-06
-1.575648786339919557e-06
-1.564653955789852901e-06
-1.540054374864854482e-06
-1.539085069187076073e-06
-1.560886249230163146e-06
-1.577545381751615441e-06
-1.542597221634666157e-06
-1.516025862704950345e-06
-1.628715811850059859e-06
-1.577296905224610074e-06
-1.567179085798115998e-06
-1.534168438224133525e-06
-1.582500420335620636e-06
-1.555645760434946715e-06
-1.551816330472309234e-06
-1.533557037177977637e-06
-1.570808106727885091e-06
-1.534537565360132240e-06
-1.569268651911649331e-06
-1.572297372750859093e-06
-1.583270538607933554e-06
-1.568447523081971409e-06
-1.593212588827348935e-06
-1.624882131518005305e-06
-1.625837235611955292e-06
-1.590430207970319484e-06
-1.610064712366128243e-06
-1.602918097982376148e-06
-1.583757519906686449e-06
-1.607085390593603210e-06
-1.608913791939517841e-06
-1.578825139523497548e-06
-1.661676810271498051e-06
-1.509604158188816310e-06
-1.671025178296513234e-06
-1.649225612622683323e-06
-1.563129579363168715e-06
-1.639661061298631038e-06
-1.605289518154223096e-06
-1.595671872631481547e-06
-1.562494836458372068e-06
-1.593284912649197353e-06
-1.590267488681144144e-06
-1.573212866700194185e-06
-1.612367847985979547e-06
-1.608371804728687120e-06
-1.603787452420901906e-06
-1.620849672104127229e-06
-1.584810425658385443e-06
-1.600271102924254978e-06
-1.428770104730341197e-06
-1.467736564462607695e-06
-1.413699968319564993e-06
-1.436626047296315711e-06
-1.449133831530959460e-06
-1.468202156263651039e-06
-1.426787368749775315e-06
-1.431050647825852423e-06
-1.457263900466749167e-06
-1.459885095715900627e-06
-1.394967013969182795e-06
-1.471323777234080902e-06
-1.439891945153135589e-06
-1.436937855921917597e-06
-1.427289672107980282e-06
-1.414914250908484361e-06
-1.394683701375942257e-06
-1.506728119329932408e-06
-1.458204303789252290e-06
-1.420209750946174530e-06
-1.442729857200533104e-06
-1.476313105100072658e-06
-1.452535886244816041e-06
-1.405772502055402034e-06
-1.462434571407321533e-06
-1.479937923228016226e-06
-1.427103209972716498e-06
-1.440631733555165342e-06
-1.444205383538465641e-06
-1.439357696927531146e-06
-1.455701703668102772e-06
-1.469908775176232472e-06
-1.513583994323761576e-06
-1.446343217744130080e-06
-1.485710590931892841e-06
-1.389887363977118603e-06
-1.443504747717721923e-06
-1.497125199671343770e-06
-1.428237756710353060e-06
-1.463248198305223404e-06
-1.460195208070298434e-06
-1.431225490671530987e-06
-1.432315814981247236e-06
-1.510528106185992632e-06
-1.435368521706386412e-06
-1.440076828530747665e-06
-1.485306976446818237e-06
-1.451021020860161720e-06
-1.692369203004694336e-06
-1.649822248332638826e-06
-1.627765444358013418e-06
-1.670514916019596570e-06
-1.633497786744264476e-06
-1.590681593404032077e-06
-1.632127974573688057e-06
-1.637480862840132619e-06
-1.678817011355895826e-06
-1.672847168556256805e-06
-1.638271703034815385e-06
-1.662073485714344808e-06
-1.674800995035450392e-06
-1.656206558552694702e-06
-1.642580018936635157e-06
-1.612731860785342677e-06
-1.645779579993306980e-06
-1.696755592652518666e-06
-1.640772185546753871e-06
-1.669926292897996135e-06
-1.658654414824770080e-06
-1.633602808037216654e-06
-1.603300029799306415e-06
-1.670931171451162842e-06
-1.630960361831239621e-06
-1.637407730024154488e-06
-1.651575522949548847e-06
-1.583516630794782594e-06
-1.598197773474960039e-06
-1.505810128474138918e-06
-1.539037857539685564e-06
-1.493927981108748620e-06
-1.551304930304244458e-06
-1.544756644059104343e-06
-1.517852331481095326e-06
-1.469522935609478691e-06
-1.527416342553805566e-06
-1.510604472977440562e-06
-1.549854773492203144e-06
-1.545043328747598345e-06
-1.533742555827643859e-06
-1.538416971474530308e-06
-1.506215383242361197e-06
-1.505892970845066528e-06
-1.502403859292322216e-06
-1.492849123191174409e-06
-1.528042134319826276e-06
-1.544613014553482019e-06
-1.518914635267821884e-06
-1.533266153597469233e-06
-1.478135379115121723e-06
-1.479290121598529596e-06
-1.492237491579363155e-06
-1.514984243444551918e-06
-1.554797870085455277e-06
-1.497276266156335103e-06
-1.504664119829163452e-06
-1.539792697036309909e-06
-1.512192560109848962e-06
-1.541414363306741422e-06
-1.502017880290986560e-06
-1.505791192207081207e-06
-1.537495627659071905e-06
-1.504153820429587919e-06
-1.472996956279058489e-06
-1.492581566028228807e-06
-1.513015902564238970e-06
-1.474874283353957966e-06
-1.551130465119337135e-06
-1.515144537413872786e-06
-1.477282423713250769e-06
-1.527104921607870779e-06
-1.507011587682058808e-06
-1.524602425267463559e-06
-1.508908312587487383e-06
-1.569876804496455036e-06
-1.541785526893654078e-06
-1.504695230696076670e-06
-1.519250186073524936e-06
-1.551189400635520512e-06
-1.580413380116832717e-06
-1.504986318461839966e-06
-1.505726784829926486e-06
-1.509149356513094420e-06
-1.563995402444767709e-06
-1.600273361227679053e-06
-1.606794239903587195e-06
-1.637546328561083852e-06
-1.508504308895739881e-06
-1.622082092333436792e-06
-1.563308675153712073e-06
-1.569208810457628322e-06
-1.543660044970111329e-06
-1.588525814759378332e-06
-1.576973843733823589e-06
-1.568463537660314774e-06
-1.607154006542379616e-06
-1.569779902968927904e-06
-1.610261381566561758e-06
-1.563433463679130563e-06
-1.615743147478910915e-06
-1.579409358142461551e-06
-1.535032556622414483e-06
-1.604178496119419316e-06
-1.629449717895686363e-06
-1.632556547527998699e-06
-1.608678745723117350e-06
-1.546767858728707777e-06
-1.587906309491748353e-06
-1.595324948387877215e-06
-1.566057172314748543e-06
-1.530802941173715655e-06
-1.596632490389391849e-06
-1.561813379383926957e-06
-1.565152723995470800e-06
-1.569663491612126570e-06
-1.483350959198888778e-06
-1.444184350831407157e-06
-1.472894351902913256e-06
-1.472026086310510655e-06
-1.512858535587662554e-06
-1.454941914944400693e-06
-1.507772601013118442e-06
-1.520957787296092862e-06
-1.465778970556556719e-06
-1.487011956359727138e-06
-1.528270845226813037e-06
-1.511312054806230243e-06
-1.471626300080761761e-06
-1.477527724949033950e-06
-1.500902931201641955e-06
-1.493311519134093707e-06
-1.502965538699255322e-06
-1.403430647693825948e-06
-1.498144209624614022e-06
-1.530049441285709351e-06
-1.502842653913971702e-06
-1.503636753239308311e-06
-1.461774517070415033e-06
-1.507171411493335810e-06
-1.465743389604973754e-06
-1.538011717395479657e-06
-1.474322891654614949e-06
-1.457923997338254734e-06
-1.524034184024360938e-06
