4.544700012170308057e+00
4.544700012170308057e+00
4.544700012170308057e+00
4.544700012170308057e+00
4.544700012170308057e+00
4.544700012170308057e+00
4.544700012170308057e+00
4.544700012170308057e+00
4.544700012170308057e+00
6.171367862885339228e+00
6.171367862885339228e+00
6.171367862885339228e+00
6.171367862885339228e+00
6.171367862885339228e+00
6.171367862885339228e+00
6.171367862885339228e+00
6.171367862885339228e+00
6.171367862885339228e+00
2.891846618559768878e+00
2.891846618559768878e+00
2.891846618559768878e+00
2.891846618559768878e+00
2.891846618559768878e+00
2.891846618559768878e+00
2.891846618559768878e+00
2.891846618559768878e+00
2.891846618559768878e+00
5.164365442036074505e+00
5.164365442036074505e+00
5.164365442036074505e+00
5.164365442036074505e+00
5.164365442036074505e+00
5.164365442036074505e+00
5.164365442036074505e+00
5.164365442036074505e+00
5.164365442036074505e+00
4.507837249506440713e+00
4.507837249506440713e+00
4.507837249506440713e+00
4.507837249506440713e+00
4.507837249506440713e+00
4.507837249506440713e+00
4.507837249506440713e+00
4.507837249506440713e+00
4.507837249506440713e+00
6.417709774166779901e+00
6.417709774166779901e+00
6.417709774166779901e+00
6.417709774166779901e+00
6.417709774166779901e+00
6.417709774166779901e+00
6.417709774166779901e+00
6.417709774166779901e+00
6.417709774166779901e+00
5.334781145223301380e+00
5.334781145223301380e+00
5.334781145223301380e+00
5.334781145223301380e+00
5.334781145223301380e+00
5.334781145223301380e+00
5.334781145223301380e+00
5.334781145223301380e+00
5.334781145223301380e+00
6.611849012023259142e+00
6.611849012023259142e+00
6.611849012023259142e+00
6.611849012023259142e+00
6.611849012023259142e+00
6.611849012023259142e+00
6.611849012023259142e+00
6.611849012023259142e+00
6.611849012023259142e+00
5.224344116352440004e+00
5.224344116352440004e+00
5.224344116352440004e+00
5.224344116352440004e+00
5.224344116352440004e+00
5.224344116352440004e+00
5.224344116352440004e+00
5.224344116352440004e+00
5.224344116352440004e+00
5.086513973975333336e+00
5.086513973975333336e+00
5.086513973975333336e+00
5.086513973975333336e+00
5.086513973975333336e+00
5.086513973975333336e+00
5.086513973975333336e+00
5.086513973975333336e+00
5.086513973975333336e+00
7.134775978903789451e+00
7.134775978903789451e+00
7.134775978903789451e+00
7.134775978903789451e+00
7.134775978903789451e+00
7.134775978903789451e+00
7.134775978903789451e+00
7.134775978903789451e+00
7.134775978903789451e+00
5.312786509957521552e+00
5.312786509957521552e+00
5.312786509957521552e+00
5.312786509957521552e+00
5.312786509957521552e+00
5.312786509957521552e+00
5.312786509957521552e+00
5.312786509957521552e+00
5.312786509957521552e+00
5.584792800590750339e+00
5.584792800590750339e+00
5.584792800590750339e+00
5.584792800590750339e+00
5.584792800590750339e+00
5.584792800590750339e+00
5.584792800590750339e+00
5.584792800590750339e+00
5.584792800590750339e+00
5.713617697866710365e+00
5.713617697866710365e+00
5.713617697866710365e+00
5.713617697866710365e+00
5.713617697866710365e+00
5.713617697866710365e+00
5.713617697866710365e+00
5.713617697866710365e+00
5.713617697866710365e+00
5.342335171760759671e+00
5.342335171760759671e+00
5.342335171760759671e+00
5.342335171760759671e+00
5.342335171760759671e+00
5.342335171760759671e+00
5.342335171760759671e+00
5.342335171760759671e+00
5.342335171760759671e+00
5.074963992886890374e+00
5.074963992886890374e+00
5.074963992886890374e+00
5.074963992886890374e+00
5.074963992886890374e+00
5.074963992886890374e+00
5.074963992886890374e+00
5.074963992886890374e+00
5.074963992886890374e+00
4.932937256614809307e+00
4.932937256614809307e+00
4.932937256614809307e+00
4.932937256614809307e+00
4.932937256614809307e+00
4.932937256614809307e+00
4.932937256614809307e+00
4.932937256614809307e+00
4.932937256614809307e+00
7.277027147131603257e+00
7.277027147131603257e+00
7.277027147131603257e+00
7.277027147131603257e+00
7.277027147131603257e+00
7.277027147131603257e+00
7.277027147131603257e+00
7.277027147131603257e+00
7.277027147131603257e+00
5.513860087140667332e+00
5.513860087140667332e+00
5.513860087140667332e+00
5.513860087140667332e+00
5.513860087140667332e+00
5.513860087140667332e+00
5.513860087140667332e+00
5.513860087140667332e+00
5.513860087140667332e+00
5.121309299693008299e+00
5.121309299693008299e+00
5.121309299693008299e+00
5.121309299693008299e+00
5.121309299693008299e+00
5.121309299693008299e+00
5.121309299693008299e+00
5.121309299693008299e+00
5.121309299693008299e+00
5.605647672816128413e+00
5.605647672816128413e+00
5.605647672816128413e+00
5.605647672816128413e+00
5.605647672816128413e+00
5.605647672816128413e+00
5.605647672816128413e+00
5.605647672816128413e+00
5.605647672816128413e+00
6.102999233611644314e+00
6.102999233611644314e+00
6.102999233611644314e+00
6.102999233611644314e+00
6.102999233611644314e+00
6.102999233611644314e+00
6.102999233611644314e+00
6.102999233611644314e+00
6.102999233611644314e+00
6.777080796342947799e+00
6.777080796342947799e+00
6.777080796342947799e+00
6.777080796342947799e+00
6.777080796342947799e+00
6.777080796342947799e+00
6.777080796342947799e+00
6.777080796342947799e+00
6.777080796342947799e+00
5.518798374525921702e+00
5.518798374525921702e+00
5.518798374525921702e+00
5.518798374525921702e+00
5.518798374525921702e+00
5.518798374525921702e+00
5.518798374525921702e+00
5.518798374525921702e+00
5.518798374525921702e+00
5.973815843174317131e+00
5.973815843174317131e+00
5.973815843174317131e+00
5.973815843174317131e+00
5.973815843174317131e+00
5.973815843174317131e+00
5.973815843174317131e+00
5.973815843174317131e+00
5.973815843174317131e+00
6.005915080432544961e+00
6.005915080432544961e+00
6.005915080432544961e+00
6.005915080432544961e+00
6.005915080432544961e+00
6.005915080432544961e+00
6.005915080432544961e+00
6.005915080432544961e+00
6.005915080432544961e+00
7.177270103329897566e+00
7.177270103329897566e+00
7.177270103329897566e+00
7.177270103329897566e+00
7.177270103329897566e+00
7.177270103329897566e+00
7.177270103329897566e+00
7.177270103329897566e+00
7.177270103329897566e+00
6.605182069071864781e+00
6.605182069071864781e+00
6.605182069071864781e+00
6.605182069071864781e+00
6.605182069071864781e+00
6.605182069071864781e+00
6.605182069071864781e+00
6.605182069071864781e+00
6.605182069071864781e+00
5.619149751360706269e+00
5.619149751360706269e+00
5.619149751360706269e+00
5.619149751360706269e+00
5.619149751360706269e+00
5.619149751360706269e+00
5.619149751360706269e+00
5.619149751360706269e+00
5.619149751360706269e+00
6.775993759057885590e+00
6.775993759057885590e+00
6.775993759057885590e+00
6.775993759057885590e+00
6.775993759057885590e+00
6.775993759057885590e+00
6.775993759057885590e+00
6.775993759057885590e+00
6.775993759057885590e+00
6.745296822636973388e+00
6.745296822636973388e+00
6.745296822636973388e+00
6.745296822636973388e+00
6.745296822636973388e+00
6.745296822636973388e+00
6.745296822636973388e+00
6.745296822636973388e+00
6.745296822636973388e+00
5.313107505433934286e+00
5.313107505433934286e+00
5.313107505433934286e+00
5.313107505433934286e+00
5.313107505433934286e+00
5.313107505433934286e+00
5.313107505433934286e+00
5.313107505433934286e+00
5.313107505433934286e+00
6.146251206448664739e+00
6.146251206448664739e+00
6.146251206448664739e+00
6.146251206448664739e+00
6.146251206448664739e+00
6.146251206448664739e+00
6.146251206448664739e+00
6.146251206448664739e+00
6.146251206448664739e+00
6.836253680161912705e+00
6.836253680161912705e+00
6.836253680161912705e+00
6.836253680161912705e+00
6.836253680161912705e+00
6.836253680161912705e+00
6.836253680161912705e+00
6.836253680161912705e+00
6.836253680161912705e+00
6.131155901032239619e+00
6.131155901032239619e+00
6.131155901032239619e+00
6.131155901032239619e+00
6.131155901032239619e+00
6.131155901032239619e+00
6.131155901032239619e+00
6.131155901032239619e+00
6.131155901032239619e+00
6.532761463158497151e+00
6.532761463158497151e+00
6.532761463158497151e+00
6.532761463158497151e+00
6.532761463158497151e+00
6.532761463158497151e+00
6.532761463158497151e+00
6.532761463158497151e+00
6.532761463158497151e+00
7.200855737409348478e+00
7.200855737409348478e+00
7.200855737409348478e+00
7.200855737409348478e+00
7.200855737409348478e+00
7.200855737409348478e+00
7.200855737409348478e+00
7.200855737409348478e+00
7.200855737409348478e+00
6.518621678210527293e+00
6.518621678210527293e+00
6.518621678210527293e+00
6.518621678210527293e+00
6.518621678210527293e+00
6.518621678210527293e+00
6.518621678210527293e+00
6.518621678210527293e+00
6.518621678210527293e+00
6.786453116830193366e+00
6.786453116830193366e+00
6.786453116830193366e+00
6.786453116830193366e+00
6.786453116830193366e+00
6.786453116830193366e+00
6.786453116830193366e+00
6.786453116830193366e+00
6.786453116830193366e+00
7.640246875197305165e+00
7.640246875197305165e+00
7.640246875197305165e+00
7.640246875197305165e+00
7.640246875197305165e+00
7.640246875197305165e+00
7.640246875197305165e+00
7.640246875197305165e+00
7.640246875197305165e+00
6.519234540137015976e+00
6.519234540137015976e+00
6.519234540137015976e+00
6.519234540137015976e+00
6.519234540137015976e+00
6.519234540137015976e+00
6.519234540137015976e+00
6.519234540137015976e+00
6.519234540137015976e+00
7.486229452310976029e+00
7.486229452310976029e+00
7.486229452310976029e+00
7.486229452310976029e+00
7.486229452310976029e+00
7.486229452310976029e+00
7.486229452310976029e+00
7.486229452310976029e+00
7.486229452310976029e+00
7.276983658226495955e+00
7.276983658226495955e+00
7.276983658226495955e+00
7.276983658226495955e+00
7.276983658226495955e+00
7.276983658226495955e+00
7.276983658226495955e+00
7.276983658226495955e+00
7.276983658226495955e+00
6.824644717120162518e+00
6.824644717120162518e+00
6.824644717120162518e+00
6.824644717120162518e+00
6.824644717120162518e+00
6.824644717120162518e+00
6.824644717120162518e+00
6.824644717120162518e+00
6.824644717120162518e+00
7.780083312566071108e+00
7.780083312566071108e+00
7.780083312566071108e+00
7.780083312566071108e+00
7.780083312566071108e+00
7.780083312566071108e+00
7.780083312566071108e+00
7.780083312566071108e+00
7.780083312566071108e+00
7.398678042724330162e+00
7.398678042724330162e+00
7.398678042724330162e+00
7.398678042724330162e+00
7.398678042724330162e+00
7.398678042724330162e+00
7.398678042724330162e+00
7.398678042724330162e+00
7.398678042724330162e+00
8.220331944402001767e+00
8.220331944402001767e+00
8.220331944402001767e+00
8.220331944402001767e+00
8.220331944402001767e+00
8.220331944402001767e+00
8.220331944402001767e+00
8.220331944402001767e+00
8.220331944402001767e+00
7.163438409544989227e+00
7.163438409544989227e+00
7.163438409544989227e+00
7.163438409544989227e+00
7.163438409544989227e+00
7.163438409544989227e+00
7.163438409544989227e+00
7.163438409544989227e+00
7.163438409544989227e+00
7.576612047418064044e+00
7.576612047418064044e+00
7.576612047418064044e+00
7.576612047418064044e+00
7.576612047418064044e+00
7.576612047418064044e+00
7.576612047418064044e+00
7.576612047418064044e+00
7.576612047418064044e+00
5.834795338867194481e+00
5.834795338867194481e+00
5.834795338867194481e+00
5.834795338867194481e+00
5.834795338867194481e+00
5.834795338867194481e+00
5.834795338867194481e+00
5.834795338867194481e+00
5.834795338867194481e+00
