-1.506248895816630281e-06
-5.515054800013502847e-07
8.237883209242682046e-07
-9.895574379114609154e-07
-1.736482805171517614e-06
-1.063376793621498616e-06
-9.639059196013906128e-07
-9.938618718438849406e-07
-7.607304769956881720e-07
-8.053792711591847334e-07
-8.375774372573064080e-07
-2.668521438719300270e-07
-7.887433776509722180e-07
-3.957592437041436756e-07
-4.130393360849250302e-07
5.047575618713617666e-07
-1.975134684688745124e-07
-1.073188964180859895e-06
-1.222144104880270753e-06
-4.476847355749173858e-07
-1.555435709166803719e-07
-2.834240077201602326e-07
-5.380862085260525962e-07
-2.684131527873393640e-07
-4.031558995518767642e-07
-1.096896466908964529e-06
-5.887329266357258395e-07
4.297776183708728096e-08
5.883448983904438264e-07
-3.891250901952325389e-07
-1.074963713794315795e-06
-6.983529537000185951e-08
2.868083011200939622e-07
-9.630415298694932044e-07
3.139221442347688296e-07
-2.958993612591531257e-07
-3.040143226213706532e-07
-7.977088180663909863e-07
-1.284694582669422416e-06
-7.650017099953685995e-08
-8.674797005478937394e-07
-2.366810584837524529e-07
-5.792633641925757866e-07
-1.300853842195590038e-06
-4.449894895157885525e-07
-7.621968443553944534e-07
-3.800013152884507905e-07
-1.144432575438246067e-06
-5.373042027901282380e-07
-5.931683837774556172e-07
