-7.290370653895415747e-07
-6.418507330563923357e-07
-6.600355645550490188e-07
-6.893479074320981282e-07
-6.473199474970887712e-07
-6.409308501097013237e-07
-6.728978475747499403e-07
-6.394379127019069376e-07
-6.553859410730680672e-07
-6.554766491914649265e-07
-6.449237109819159481e-07
-6.979558087556274231e-07
-6.938176321821396531e-07
-7.040146859539085637e-07
-6.622768920735866494e-07
-6.699031529568340752e-07
-6.083873513330238506e-07
-6.694601804823506195e-07
-7.066155344722920813e-07
-7.309906447680992338e-07
-7.121041638406543565e-07
-7.182447622116697423e-07
-7.276109656733170728e-07
-7.056926470898762124e-07
-6.964912116793258341e-07
-7.034995481311282916e-07
-7.408431010828521383e-07
-6.625551453452892115e-07
-7.005595290709424569e-07
-6.376413764872618433e-07
-7.530436383115830154e-07
-6.792937801569602779e-07
-7.048639779889504593e-07
-6.885722239981875598e-07
-6.761708384295997268e-07
-6.713168172680157827e-07
-7.792342943623261609e-07
-7.312218634937661973e-07
-7.242924693870800730e-07
-7.342880585391364601e-07
-7.383468369352329541e-07
-7.507246467736804304e-07
-7.730917318643364824e-07
-8.282742065026992331e-07
-7.789786322726115903e-07
-6.723094771266767138e-07
-7.353176653753474002e-07
-6.323111130024625791e-07
-6.459516567060983204e-07
-6.870011869130924231e-07
-7.178875325049224003e-07
-7.259316970496754161e-07
-7.096304072909599761e-07
-6.914926576136770742e-07
-7.328467692792730428e-07
-7.441018193060662830e-07
-6.587465079112222431e-07
-7.387503328703856002e-07
-7.220818172900259255e-07
-7.436266877281675383e-07
-7.724961376220594925e-07
-7.669598091973303297e-07
-7.446450969283136326e-07
-6.955972227226484250e-07
-7.056760745193747713e-07
-6.887223387727526045e-07
-6.777424507058839322e-07
-7.500776101247755926e-07
-6.316161030812974670e-07
-6.781226603338164795e-07
-6.766436133722802245e-07
-7.406593076758673255e-07
-8.221243134215202626e-07
-8.088572192866232720e-07
-7.947409388568426965e-07
-7.218310857103157059e-07
-7.773363028283807823e-07
-8.390840998947884131e-07
-8.009706817237108664e-07
-8.135748094467361081e-07
-8.417766828927816655e-07
-8.307559088369996186e-07
-7.337276613032554027e-07
-8.094495914951353699e-07
-7.875834749893326472e-07
-7.948375199922265065e-07
-7.657830016523609524e-07
-7.809752337911704511e-07
-7.705348961418752962e-07
-7.739404812796864724e-07
-7.349234995610383667e-07
-7.099501266100445718e-07
-7.571388075107315146e-07
-7.994661828759063602e-07
-7.599961857602798932e-07
-7.582137171086278411e-07
-7.369719027412144232e-07
-7.591429550513521459e-07
-7.108984248533220017e-07
-7.411855055628480282e-07
-7.662460789572664862e-07
-7.745824274574991783e-07
-7.093619886158400744e-07
-7.345154914038145840e-07
-7.739499487960683928e-07
-7.491564195467622552e-07
-7.225922975916440250e-07
-7.674903455960727350e-07
-6.524601857794657544e-07
-6.666493421804929265e-07
-6.917389583707585543e-07
-6.961534315088994612e-07
-7.120345055177373886e-07
-6.511202274105588806e-07
-7.402074341843984288e-07
-6.617978997807162617e-07
-7.253129599914807196e-07
-6.735298462984132482e-07
-6.955253692212264418e-07
-6.143212217781601622e-07
-7.060000799992990484e-07
-7.133185573121417964e-07
-6.826459192143753115e-07
-6.531123408460864090e-07
-6.410114692701520288e-07
-5.897239237501577948e-07
-6.749042722443734789e-07
-6.138056015909135229e-07
-6.643215753247081262e-07
-6.302425048584875210e-07
-6.257970739162548905e-07
-6.628703500864318291e-07
-6.383125420143872377e-07
-5.928246743740758999e-07
-7.050994309016851850e-07
-8.211266362111253124e-07
-7.685456706498279004e-07
-7.647606489415990358e-07
-7.831097210795470573e-07
-7.911373515095467529e-07
-8.265719959869561263e-07
-7.628970584276151113e-07
-8.160361544120151080e-07
-7.535734353901098752e-07
-6.436148044915219830e-07
-6.740994108783690486e-07
-6.378177271373535821e-07
-6.823922818335010405e-07
-6.556434049286882201e-07
-6.932279784965218645e-07
-7.158221832711060150e-07
-6.437882719988732358e-07
-6.100677963752461389e-07
-7.709976311113220374e-07
-7.350119488818635649e-07
-7.813485131883429087e-07
-7.632687374015025663e-07
-7.779378210376300476e-07
-7.519992992448815218e-07
-7.748406114306921279e-07
-7.665688889447896591e-07
-7.989707162701984976e-07
-6.426083969359697787e-07
-7.476040302249801614e-07
-6.477384842280242424e-07
-7.105800516488769749e-07
-7.134267303394334186e-07
-7.182866467154786899e-07
-6.847550355926993810e-07
-6.800828410724476492e-07
-6.841831731133912402e-07
-7.713232789093207659e-07
-6.651739211888662738e-07
-6.354626044718061099e-07
-7.543560293625390825e-07
-6.919471201930512302e-07
-6.987963052115891750e-07
-7.377638997092854505e-07
-7.062791639116559793e-07
-6.418524765282258680e-07
-6.990163350458462554e-07
-7.573355058911652470e-07
-7.043917700557119888e-07
-7.136261303528619174e-07
-7.143005963760056827e-07
-6.692501440503351251e-07
-7.073645093944831493e-07
-7.083016771172228002e-07
-6.619917916738741597e-07
-6.233386329083580094e-07
-6.674385941133710006e-07
-6.493100150422006475e-07
-7.114110510119397134e-07
-6.925723503033778882e-07
-6.968952388973588118e-07
-6.868141540459031782e-07
-6.264718762577667371e-07
-6.929600684438138855e-07
-7.999734720883672194e-07
-8.515205248451723725e-07
-7.624555639247977299e-07
-8.493638405652014581e-07
-7.935747236944826426e-07
-8.615239887679350140e-07
-8.384125717220949096e-07
-8.858939085148866476e-07
-7.813820498372055065e-07
-7.148274441243835541e-07
-7.109264938066348865e-07
-7.959784775355173561e-07
-7.363896214016152655e-07
-7.156328419636339068e-07
-8.110183054697186910e-07
-7.951675106856186559e-07
-7.967257702198244485e-07
-7.891890082543491076e-07
-7.128352410454365588e-07
-7.065427650980614778e-07
-7.265435584061013526e-07
-7.520543305682378742e-07
-7.114344649833951457e-07
-7.077998178057443226e-07
-6.555876415515518318e-07
-7.181763634627456182e-07
-6.338594364427681610e-07
-8.728653666714576075e-07
-8.560550641917740748e-07
-8.391016606993000542e-07
-8.529355505401284696e-07
-8.574406014575603590e-07
-8.700574109551212584e-07
-8.573609169158768568e-07
-8.428359172582185837e-07
-8.767554643619788226e-07
-8.481040954169563184e-07
-9.129139074661400432e-07
-9.069597398800718074e-07
-8.704873416960312166e-07
-8.872875425073999235e-07
-8.922547966448364874e-07
-8.860916141223085339e-07
-9.182602249578314050e-07
-8.714918990498112385e-07
-8.324239145778324256e-07
-7.774962414513886123e-07
-7.839245681018887410e-07
-8.602794515211986871e-07
-7.385679023379420468e-07
-7.755675692068198479e-07
-7.498263258730981575e-07
-7.856502769474958121e-07
-7.829833036449042621e-07
-6.802893136327470136e-07
-6.311404033384393247e-07
-6.513483078737235035e-07
-7.163010211454913815e-07
-6.293091147086257293e-07
-6.588055335347674783e-07
-6.917860661511070243e-07
-6.333193950988928816e-07
-6.901814286694218333e-07
-7.903645981975021375e-07
-7.941474233720809503e-07
-8.051330642632595418e-07
-7.976287122544905883e-07
-8.176956185455526488e-07
-8.261857829405627626e-07
-8.567078932882558269e-07
-8.176480426764155347e-07
-8.135088077477314602e-07
-8.681494210905125832e-07
-8.590374148551089144e-07
-9.681654556008682821e-07
-8.847701739664121758e-07
-8.193439466642737277e-07
-9.515078422484126168e-07
-8.599756946495564791e-07
-8.925743586232042634e-07
-9.631191122252406911e-07
-6.959781324527797308e-07
-6.625750813937677681e-07
-6.451168571277223276e-07
-6.700519220046537365e-07
-6.782415137072699166e-07
-7.248714939427551559e-07
-6.504534538723362401e-07
-6.973518489793650247e-07
-6.606901884807785106e-07
-6.027637329211242070e-07
-7.514882287132366739e-07
-6.604486255504870860e-07
-6.418497763430661064e-07
-7.171610000067398134e-07
-6.459994591660971098e-07
-6.471804105013526677e-07
-7.140254563903178405e-07
-6.436024747908892151e-07
-8.578892184552304823e-07
-8.485029505959440211e-07
-8.617226958178380494e-07
-8.243890178544168179e-07
-8.921995324529316035e-07
-8.376734214105901996e-07
-8.615840320591067312e-07
-8.431312470467914537e-07
-8.306734481712662240e-07
-7.024797885532370281e-07
-6.975626413471973283e-07
-7.345856692896774606e-07
-7.312630627912974793e-07
-7.177803083670801156e-07
-7.314479830035211068e-07
-6.974771572263981753e-07
-6.997964274869974791e-07
-7.315313966433564320e-07
-8.382381709758421470e-07
-8.398145086203269033e-07
-8.278663296409335113e-07
-8.245811702618800334e-07
-8.301002968463846661e-07
-8.167052674337194047e-07
-8.220497985044493477e-07
-8.063181694302344625e-07
-8.396228128874220524e-07
-7.788035243931987663e-07
-7.294207781180888264e-07
-7.277882661171040426e-07
-7.759594202761821153e-07
-7.281961810055439227e-07
-7.354700701040464004e-07
-7.985747364497226250e-07
-7.320923986045304879e-07
-7.458093448203248688e-07
-6.538695783793467452e-07
-6.420477815011574783e-07
-7.403145638128706511e-07
-7.340717035101651301e-07
-6.690730485066408333e-07
-7.012402043343121485e-07
-6.897357856747084788e-07
-6.711610262045479735e-07
-7.239882935546029368e-07
-7.788341338224113973e-07
-7.898188878711710042e-07
-7.662208991128936830e-07
-7.883449373628520724e-07
-8.041814721719952128e-07
-7.810971923015190640e-07
-7.954813456966526587e-07
-8.005990852346362511e-07
-8.152760662560556797e-07
-8.019471649697489502e-07
-8.269978882523167639e-07
-7.927917839064723227e-07
-8.131661026884794603e-07
-7.978048619192773019e-07
-8.178328077256419323e-07
-8.351304519030765473e-07
-7.930646051542453460e-07
-8.237298166085791957e-07
-7.117065977337629392e-07
-5.950619028401958034e-07
-7.199843235311339987e-07
-7.307244978142152666e-07
-6.123169153537185226e-07
-6.855034073990791642e-07
-7.094429009118657125e-07
-7.004029977514520198e-07
-7.316304778418417245e-07
-7.977488289051937137e-07
-7.713587553324793081e-07
-7.848458276172100322e-07
-7.957015558847319361e-07
-7.854628919511350952e-07
-7.914706646171679576e-07
-7.930253379905762067e-07
-8.050950710365465500e-07
-7.990678516565124281e-07
-8.012789304553601169e-07
-8.223669295797047451e-07
-7.946694149371518529e-07
-8.212345794750784822e-07
-8.208434140204656725e-07
-8.249639874052142692e-07
-8.161702365723579943e-07
-8.372073156808784001e-07
-8.294220805458889113e-07
-8.927405560436354224e-07
-8.901427669333679222e-07
-8.544457197915100037e-07
-8.576781459677394656e-07
-8.518647510857349628e-07
-8.645135769545083574e-07
-8.825140916215302208e-07
-8.913770722539682162e-07
-9.069208292383076510e-07
-7.913582059521046981e-07
-7.619645610972939661e-07
-8.052185093273001461e-07
-7.821747179728399784e-07
-7.838360107584889819e-07
-8.120420771680343708e-07
-7.914416422296014348e-07
-7.699608691339439368e-07
-7.979002967421381139e-07
-8.264042518692206612e-07
-8.214076740675014065e-07
-8.234482910819044592e-07
-8.195269068585764513e-07
-8.008290919718459947e-07
-8.317207545525920338e-07
-8.178451092843824981e-07
-8.274215207971101373e-07
-8.400927777832403175e-07
-8.036343068306006733e-07
-8.188818719412551936e-07
-7.597323076793256036e-07
-7.970203427419440535e-07
-8.218815781548975553e-07
-7.586243993542657289e-07
-7.959690879719695360e-07
-8.196541222082635720e-07
-7.823085346249751582e-07
-8.425170467482785219e-07
-8.294248519016183902e-07
-8.124874154753442340e-07
-8.316748056240028145e-07
-8.196783386669754988e-07
-8.280994861488984381e-07
-8.327119816491726511e-07
-8.371314592762222924e-07
-8.113763877103277322e-07
-7.658306314258663368e-07
-7.641186051176616225e-07
-7.732242060354512888e-07
-8.057295139019357000e-07
-7.536103748659451976e-07
-7.835108763991684660e-07
-7.750366224590216187e-07
-7.434567431755989881e-07
-7.613408010646506440e-07
-7.589837670512059381e-07
-6.763795262390349742e-07
-6.828798796350505863e-07
-7.444349110158274757e-07
-6.624097743003359540e-07
-8.239300181306417089e-07
-7.431799263676666791e-07
-6.851093178343061010e-07
-7.913098159214875408e-07
