4.048628118813181942e+01
4.048628118813181942e+01
4.048628118813181942e+01
4.048628118813181942e+01
4.048628118813181942e+01
4.048628118813181942e+01
4.048628118813181942e+01
4.048628118813181942e+01
4.048628118813181942e+01
4.001668381267678853e+01
4.001668381267678853e+01
4.001668381267678853e+01
4.001668381267678853e+01
4.001668381267678853e+01
4.001668381267678853e+01
4.001668381267678853e+01
4.001668381267678853e+01
4.001668381267678853e+01
3.708641046159658572e+01
3.708641046159658572e+01
3.708641046159658572e+01
3.708641046159658572e+01
3.708641046159658572e+01
3.708641046159658572e+01
3.708641046159658572e+01
3.708641046159658572e+01
3.708641046159658572e+01
4.289741124569778208e+01
4.289741124569778208e+01
4.289741124569778208e+01
4.289741124569778208e+01
4.289741124569778208e+01
4.289741124569778208e+01
4.289741124569778208e+01
4.289741124569778208e+01
4.289741124569778208e+01
3.849124253331497414e+01
3.849124253331497414e+01
3.849124253331497414e+01
3.849124253331497414e+01
3.849124253331497414e+01
3.849124253331497414e+01
3.849124253331497414e+01
3.849124253331497414e+01
3.849124253331497414e+01
4.216259816987897580e+01
4.216259816987897580e+01
4.216259816987897580e+01
4.216259816987897580e+01
4.216259816987897580e+01
4.216259816987897580e+01
4.216259816987897580e+01
4.216259816987897580e+01
4.216259816987897580e+01
4.022192627354913697e+01
4.022192627354913697e+01
4.022192627354913697e+01
4.022192627354913697e+01
4.022192627354913697e+01
4.022192627354913697e+01
4.022192627354913697e+01
4.022192627354913697e+01
4.022192627354913697e+01
4.265844437322026295e+01
4.265844437322026295e+01
4.265844437322026295e+01
4.265844437322026295e+01
4.265844437322026295e+01
4.265844437322026295e+01
4.265844437322026295e+01
4.265844437322026295e+01
4.265844437322026295e+01
3.920721045423149320e+01
3.920721045423149320e+01
3.920721045423149320e+01
3.920721045423149320e+01
3.920721045423149320e+01
3.920721045423149320e+01
3.920721045423149320e+01
3.920721045423149320e+01
3.920721045423149320e+01
3.754871956150799406e+01
3.754871956150799406e+01
3.754871956150799406e+01
3.754871956150799406e+01
3.754871956150799406e+01
3.754871956150799406e+01
3.754871956150799406e+01
3.754871956150799406e+01
3.754871956150799406e+01
4.558768122118844701e+01
4.558768122118844701e+01
4.558768122118844701e+01
4.558768122118844701e+01
4.558768122118844701e+01
4.558768122118844701e+01
4.558768122118844701e+01
4.558768122118844701e+01
4.558768122118844701e+01
3.734679982934407860e+01
3.734679982934407860e+01
3.734679982934407860e+01
3.734679982934407860e+01
3.734679982934407860e+01
3.734679982934407860e+01
3.734679982934407860e+01
3.734679982934407860e+01
3.734679982934407860e+01
3.991731254556684405e+01
3.991731254556684405e+01
3.991731254556684405e+01
3.991731254556684405e+01
3.991731254556684405e+01
3.991731254556684405e+01
3.991731254556684405e+01
3.991731254556684405e+01
3.991731254556684405e+01
3.975994373138463089e+01
3.975994373138463089e+01
3.975994373138463089e+01
3.975994373138463089e+01
3.975994373138463089e+01
3.975994373138463089e+01
3.975994373138463089e+01
3.975994373138463089e+01
3.975994373138463089e+01
3.932129923938219207e+01
3.932129923938219207e+01
3.932129923938219207e+01
3.932129923938219207e+01
3.932129923938219207e+01
3.932129923938219207e+01
3.932129923938219207e+01
3.932129923938219207e+01
3.932129923938219207e+01
3.958748819285499820e+01
3.958748819285499820e+01
3.958748819285499820e+01
3.958748819285499820e+01
3.958748819285499820e+01
3.958748819285499820e+01
3.958748819285499820e+01
3.958748819285499820e+01
3.958748819285499820e+01
3.461947588239790718e+01
3.461947588239790718e+01
3.461947588239790718e+01
3.461947588239790718e+01
3.461947588239790718e+01
3.461947588239790718e+01
3.461947588239790718e+01
3.461947588239790718e+01
3.461947588239790718e+01
4.762765714090854630e+01
4.762765714090854630e+01
4.762765714090854630e+01
4.762765714090854630e+01
4.762765714090854630e+01
4.762765714090854630e+01
4.762765714090854630e+01
4.762765714090854630e+01
4.762765714090854630e+01
3.746218736805521843e+01
3.746218736805521843e+01
3.746218736805521843e+01
3.746218736805521843e+01
3.746218736805521843e+01
3.746218736805521843e+01
3.746218736805521843e+01
3.746218736805521843e+01
3.746218736805521843e+01
3.737127616178020872e+01
3.737127616178020872e+01
3.737127616178020872e+01
3.737127616178020872e+01
3.737127616178020872e+01
3.737127616178020872e+01
3.737127616178020872e+01
3.737127616178020872e+01
3.737127616178020872e+01
3.810058656827321499e+01
3.810058656827321499e+01
3.810058656827321499e+01
3.810058656827321499e+01
3.810058656827321499e+01
3.810058656827321499e+01
3.810058656827321499e+01
3.810058656827321499e+01
3.810058656827321499e+01
4.150521236526837754e+01
4.150521236526837754e+01
4.150521236526837754e+01
4.150521236526837754e+01
4.150521236526837754e+01
4.150521236526837754e+01
4.150521236526837754e+01
4.150521236526837754e+01
4.150521236526837754e+01
4.716149116951060449e+01
4.716149116951060449e+01
4.716149116951060449e+01
4.716149116951060449e+01
4.716149116951060449e+01
4.716149116951060449e+01
4.716149116951060449e+01
4.716149116951060449e+01
4.716149116951060449e+01
4.211104684390254960e+01
4.211104684390254960e+01
4.211104684390254960e+01
4.211104684390254960e+01
4.211104684390254960e+01
4.211104684390254960e+01
4.211104684390254960e+01
4.211104684390254960e+01
4.211104684390254960e+01
4.056760430811267071e+01
4.056760430811267071e+01
4.056760430811267071e+01
4.056760430811267071e+01
4.056760430811267071e+01
4.056760430811267071e+01
4.056760430811267071e+01
4.056760430811267071e+01
4.056760430811267071e+01
5.143137714857692799e+01
5.143137714857692799e+01
5.143137714857692799e+01
5.143137714857692799e+01
5.143137714857692799e+01
5.143137714857692799e+01
5.143137714857692799e+01
5.143137714857692799e+01
5.143137714857692799e+01
4.947904995191439781e+01
4.947904995191439781e+01
4.947904995191439781e+01
4.947904995191439781e+01
4.947904995191439781e+01
4.947904995191439781e+01
4.947904995191439781e+01
4.947904995191439781e+01
4.947904995191439781e+01
4.650503790533385029e+01
4.650503790533385029e+01
4.650503790533385029e+01
4.650503790533385029e+01
4.650503790533385029e+01
4.650503790533385029e+01
4.650503790533385029e+01
4.650503790533385029e+01
4.650503790533385029e+01
4.090959977337831788e+01
4.090959977337831788e+01
4.090959977337831788e+01
4.090959977337831788e+01
4.090959977337831788e+01
4.090959977337831788e+01
4.090959977337831788e+01
4.090959977337831788e+01
4.090959977337831788e+01
4.941354044323420425e+01
4.941354044323420425e+01
4.941354044323420425e+01
4.941354044323420425e+01
4.941354044323420425e+01
4.941354044323420425e+01
4.941354044323420425e+01
4.941354044323420425e+01
4.941354044323420425e+01
4.940505151237839954e+01
4.940505151237839954e+01
4.940505151237839954e+01
4.940505151237839954e+01
4.940505151237839954e+01
4.940505151237839954e+01
4.940505151237839954e+01
4.940505151237839954e+01
4.940505151237839954e+01
4.051613395753714286e+01
4.051613395753714286e+01
4.051613395753714286e+01
4.051613395753714286e+01
4.051613395753714286e+01
4.051613395753714286e+01
4.051613395753714286e+01
4.051613395753714286e+01
4.051613395753714286e+01
4.171816058523187110e+01
4.171816058523187110e+01
4.171816058523187110e+01
4.171816058523187110e+01
4.171816058523187110e+01
4.171816058523187110e+01
4.171816058523187110e+01
4.171816058523187110e+01
4.171816058523187110e+01
5.099373234667432087e+01
5.099373234667432087e+01
5.099373234667432087e+01
5.099373234667432087e+01
5.099373234667432087e+01
5.099373234667432087e+01
5.099373234667432087e+01
5.099373234667432087e+01
5.099373234667432087e+01
4.933552527185594982e+01
4.933552527185594982e+01
4.933552527185594982e+01
4.933552527185594982e+01
4.933552527185594982e+01
4.933552527185594982e+01
4.933552527185594982e+01
4.933552527185594982e+01
4.933552527185594982e+01
5.128377409335204362e+01
5.128377409335204362e+01
5.128377409335204362e+01
5.128377409335204362e+01
5.128377409335204362e+01
5.128377409335204362e+01
5.128377409335204362e+01
5.128377409335204362e+01
5.128377409335204362e+01
5.396283536142202308e+01
5.396283536142202308e+01
5.396283536142202308e+01
5.396283536142202308e+01
5.396283536142202308e+01
5.396283536142202308e+01
5.396283536142202308e+01
5.396283536142202308e+01
5.396283536142202308e+01
4.193599538462367349e+01
4.193599538462367349e+01
4.193599538462367349e+01
4.193599538462367349e+01
4.193599538462367349e+01
4.193599538462367349e+01
4.193599538462367349e+01
4.193599538462367349e+01
4.193599538462367349e+01
4.926993467078866473e+01
4.926993467078866473e+01
4.926993467078866473e+01
4.926993467078866473e+01
4.926993467078866473e+01
4.926993467078866473e+01
4.926993467078866473e+01
4.926993467078866473e+01
4.926993467078866473e+01
5.599842329703372457e+01
5.599842329703372457e+01
5.599842329703372457e+01
5.599842329703372457e+01
5.599842329703372457e+01
5.599842329703372457e+01
5.599842329703372457e+01
5.599842329703372457e+01
5.599842329703372457e+01
4.596387335878424096e+01
4.596387335878424096e+01
4.596387335878424096e+01
4.596387335878424096e+01
4.596387335878424096e+01
4.596387335878424096e+01
4.596387335878424096e+01
4.596387335878424096e+01
4.596387335878424096e+01
5.735182371819575309e+01
5.735182371819575309e+01
5.735182371819575309e+01
5.735182371819575309e+01
5.735182371819575309e+01
5.735182371819575309e+01
5.735182371819575309e+01
5.735182371819575309e+01
5.735182371819575309e+01
5.303610394171058573e+01
5.303610394171058573e+01
5.303610394171058573e+01
5.303610394171058573e+01
5.303610394171058573e+01
5.303610394171058573e+01
5.303610394171058573e+01
5.303610394171058573e+01
5.303610394171058573e+01
5.140542411780062793e+01
5.140542411780062793e+01
5.140542411780062793e+01
5.140542411780062793e+01
5.140542411780062793e+01
5.140542411780062793e+01
5.140542411780062793e+01
5.140542411780062793e+01
5.140542411780062793e+01
5.811638974954120584e+01
5.811638974954120584e+01
5.811638974954120584e+01
5.811638974954120584e+01
5.811638974954120584e+01
5.811638974954120584e+01
5.811638974954120584e+01
5.811638974954120584e+01
5.811638974954120584e+01
5.298234991490512158e+01
5.298234991490512158e+01
5.298234991490512158e+01
5.298234991490512158e+01
5.298234991490512158e+01
5.298234991490512158e+01
5.298234991490512158e+01
5.298234991490512158e+01
5.298234991490512158e+01
5.689586404514255946e+01
5.689586404514255946e+01
5.689586404514255946e+01
5.689586404514255946e+01
5.689586404514255946e+01
5.689586404514255946e+01
5.689586404514255946e+01
5.689586404514255946e+01
5.689586404514255946e+01
5.179569770523709593e+01
5.179569770523709593e+01
5.179569770523709593e+01
5.179569770523709593e+01
5.179569770523709593e+01
5.179569770523709593e+01
5.179569770523709593e+01
5.179569770523709593e+01
5.179569770523709593e+01
5.720702780443888713e+01
5.720702780443888713e+01
5.720702780443888713e+01
5.720702780443888713e+01
5.720702780443888713e+01
5.720702780443888713e+01
5.720702780443888713e+01
5.720702780443888713e+01
5.720702780443888713e+01
4.375211534485940490e+01
4.375211534485940490e+01
4.375211534485940490e+01
4.375211534485940490e+01
4.375211534485940490e+01
4.375211534485940490e+01
4.375211534485940490e+01
4.375211534485940490e+01
4.375211534485940490e+01
