5984.21 6.74141e-09 6397.87 3.15277e-09 -0.00758409 0.000866599 -1.26735e-06
5988.73 1.94457e-08 6301.52 9.24023e-09 -0.00757327 0.000883846 -1.26459e-06
6216.24 1.21078e-08 6632.83 5.67368e-09 -0.00817847 0.000978769 -1.31566e-06
5584.19 5.48812e-09 5898.27 2.59794e-09 -0.00728185 0.000937498 -1.30401e-06
6202.08 -7.90578e-09 6611.47 -3.70812e-09 -0.00854139 0.0010272 -1.37718e-06
5558.69 2.29957e-08 5987.08 1.06752e-08 -0.00745289 0.000973437 -1.34076e-06
6464.48 -3.04993e-09 6878.91 -1.43309e-09 -0.00862414 0.00110527 -1.33408e-06
5984.75 2.27148e-08 6394.7 1.06293e-08 -0.00792211 0.00109112 -1.32372e-06
5878.17 -1.2824e-09 6287.96 -5.99411e-10 -0.00790626 0.000994482 -1.34502e-06
5988.33 -7.81801e-09 6390.37 -3.66307e-09 -0.00846916 0.00123335 -1.41428e-06
5879.12 -1.22208e-09 6292.28 -5.70918e-10 -0.00813141 0.00113 -1.3831e-06
5833.38 3.44998e-09 6247.88 1.61055e-09 -0.0086276 0.00113185 -1.47901e-06
6827.78 -7.58938e-10 7235.92 -3.58065e-10 -0.00884956 0.00116161 -1.29611e-06
6684.59 2.61584e-09 6999.22 1.24913e-09 -0.00788213 0.00106516 -1.17915e-06
6043.43 1.09075e-08 6455.84 5.10537e-09 -0.00889923 0.00105689 -1.47255e-06
6071.5 -2.49991e-09 6503.91 -1.16685e-09 -0.00770592 0.00108353 -1.26919e-06
6261.78 3.07947e-09 6676.66 1.44406e-09 -0.00880328 0.00100714 -1.40588e-06
6134.02 -4.07669e-10 6548.56 -1.90931e-10 -0.00756996 0.000993979 -1.23409e-06
6589.41 1.03697e-08 6999.65 4.88097e-09 -0.00784745 0.000971473 -1.19092e-06
6008.27 1.03681e-10 6419.35 4.85209e-11 -0.0069726 0.00107165 -1.1605e-06
6592.57 -7.14718e-09 6907.9 -3.41046e-09 -0.00856901 0.00105855 -1.2998e-06
5786.2 -1.52068e-09 6190.04 -7.10734e-10 -0.00750288 0.000885596 -1.29669e-06
6136.39 6.48776e-10 6555.98 3.03627e-10 -0.00799725 0.00105811 -1.30325e-06
5908.78 -4.51513e-09 6322.04 -2.10999e-09 -0.00772931 0.00105898 -1.30811e-06
6087.87 5.65587e-09 6399.02 2.69043e-09 -0.00815844 0.00108306 -1.34011e-06
6153.68 3.4239e-09 6555.78 1.60695e-09 -0.00721801 0.00113493 -1.17296e-06
6290.8 -5.61817e-09 6688.57 -2.64203e-09 -0.00789783 0.00105559 -1.25546e-06
5756.87 -1.42313e-08 6173.56 -6.63535e-09 -0.00819649 0.00134365 -1.42378e-06
6212.66 -4.70378e-09 6610.13 -2.21047e-09 -0.00888171 0.00101291 -1.42961e-06
6185.08 -2.94629e-10 6590.69 -1.38248e-10 -0.00783417 0.00107814 -1.26662e-06
5958.81 -5.61127e-09 6351.17 -2.63231e-09 -0.00828629 0.00100844 -1.39059e-06
5465.69 5.21688e-09 5846.69 2.43846e-09 -0.00758901 0.00115823 -1.38848e-06
5630.08 9.13331e-09 6019.21 4.27143e-09 -0.00776957 0.00092039 -1.38001e-06
5191.95 -1.60507e-08 5585.29 -7.46017e-09 -0.00805708 0.00114535 -1.55184e-06
5424.34 -2.12383e-09 5809.67 -9.91482e-10 -0.00769926 0.00108817 -1.41939e-06
5538.88 2.55675e-09 5832.2 1.21408e-09 -0.00777219 0.00102569 -1.40321e-06
5684.72 -8.20331e-10 5969.31 -3.90611e-10 -0.00806162 0.0013472 -1.41812e-06
6335.68 -9.55022e-10 6728.69 -4.49621e-10 -0.00780444 0.00117403 -1.23182e-06
6030.72 -7.86683e-09 6407.01 -3.7024e-09 -0.00814952 0.00103103 -1.35134e-06
5786.29 -6.42176e-09 6183.99 -3.00438e-09 -0.00728451 0.000953091 -1.25893e-06
5958.36 9.15996e-09 6365.75 4.28688e-09 -0.00629651 0.000903575 -1.05675e-06
5298.29 1.72476e-09 5688.63 8.03203e-10 -0.0072429 0.00100462 -1.36703e-06
5960.29 1.04729e-09 6348.85 4.91596e-10 -0.00707749 0.000965198 -1.18744e-06
5417.41 -1.34618e-08 5794.25 -6.29315e-09 -0.00834177 0.00102209 -1.53981e-06
5797.51 7.87785e-11 6172.13 3.69985e-11 -0.00732353 0.00106338 -1.26322e-06
5548.41 -5.23321e-09 5930.27 -2.44812e-09 -0.00849804 0.00112993 -1.53162e-06
5757.57 5.22021e-09 6148.88 2.444e-09 -0.00753218 0.00115638 -1.30822e-06
5208.73 -1.48156e-08 5588.69 -6.90416e-09 -0.00750994 0.000958027 -1.4418e-06
5622.03 7.48392e-09 6007.81 3.50168e-09 -0.00885732 0.00108412 -1.57547e-06
5918.4 1.05493e-08 6295.84 4.9584e-09 -0.00825968 0.00106911 -1.39559e-06
5505.08 1.03149e-09 5887.15 4.82271e-10 -0.00716993 0.00108681 -1.30242e-06
5590.09 7.77461e-10 5975.69 3.63646e-10 -0.00803467 0.000948581 -1.43731e-06
6035.52 -1.90859e-09 6419.01 -8.97282e-10 -0.00898354 0.00112479 -1.48844e-06
5649.9 2.37073e-09 6040.22 1.10877e-09 -0.00813992 0.00103986 -1.44072e-06
5657.59 2.30415e-09 6039.64 1.0792e-09 -0.00733708 0.00106441 -1.29685e-06
5490.14 -7.20202e-10 5888.27 -3.35753e-10 -0.00741764 0.000915788 -1.35108e-06
5477.43 -2.0582e-11 5865.08 -9.61082e-12 -0.00796747 0.00118292 -1.4546e-06
5553.1 4.30575e-09 5952.84 2.00831e-09 -0.00659953 0.000909829 -1.18844e-06
5141.73 -3.95595e-09 5525.5 -1.84059e-09 -0.00778496 0.00107015 -1.51407e-06
6232.01 -3.6451e-09 6605.02 -1.71962e-09 -0.00915264 0.00107619 -1.46865e-06
5684.37 1.90953e-08 6082.54 8.92267e-09 -0.00710921 0.000961187 -1.25066e-06
5761.75 1.47085e-08 6160.3 6.87843e-09 -0.00755331 0.0011133 -1.31094e-06
5340.94 7.68339e-09 5724.73 3.58414e-09 -0.00788298 0.00114213 -1.47595e-06
6080.65 -4.43044e-09 6486.21 -2.07671e-09 -0.0075031 0.00114272 -1.23393e-06
5433.63 8.06131e-09 5821.55 3.76207e-09 -0.00835603 0.00102629 -1.53784e-06
5846.14 7.64816e-09 6251.56 3.57608e-09 -0.00761577 0.000919946 -1.3027e-06
5376.56 -1.59793e-09 5755.61 -7.46349e-10 -0.0079364 0.00098344 -1.47611e-06
5401.25 1.59878e-08 5791.71 7.45495e-09 -0.00868213 0.00112749 -1.60743e-06
6024.49 -5.55794e-09 6404.28 -2.61417e-09 -0.00828815 0.00102094 -1.37574e-06
6163.99 9.1024e-09 6554.9 4.27978e-09 -0.00711762 0.00106587 -1.15471e-06
5879.06 -1.33334e-08 6269.45 -6.25158e-09 -0.00756354 0.00102641 -1.28652e-06
6061.56 3.90218e-09 6454.09 1.83242e-09 -0.00859631 0.00106419 -1.41817e-06
5974.63 -3.39261e-09 6352.44 -1.59542e-09 -0.00834363 0.00103602 -1.39651e-06
5923.87 -4.31658e-09 6312.88 -2.02529e-09 -0.00850523 0.00114856 -1.43576e-06
5502.85 -5.95168e-09 5901.12 -2.775e-09 -0.00838638 0.00109096 -1.52401e-06
6389.39 -9.00781e-10 6773.31 -4.24861e-10 -0.00881127 0.00103975 -1.37905e-06
5412.06 5.31289e-09 5830.58 2.46577e-09 -0.00826422 0.000987337 -1.527e-06
5713.85 1.17749e-08 6124.09 5.49306e-09 -0.00758696 0.00110437 -1.32782e-06
5796.39 -3.92692e-09 6184.31 -1.8403e-09 -0.00728344 0.000942236 -1.25655e-06
6189.21 -5.18728e-09 6581.43 -2.43907e-09 -0.00789963 0.000984205 -1.27636e-06
5781.2 -2.02982e-09 6175.86 -9.50054e-10 -0.00808106 0.000927863 -1.39782e-06
5969.92 -3.49104e-09 6361.13 -1.63817e-09 -0.00920312 0.00105584 -1.54158e-06
5767.37 -8.46374e-09 6164.05 -3.95953e-09 -0.00917046 0.00132468 -1.59006e-06
5409.49 -1.1349e-08 5798.36 -5.29394e-09 -0.00781882 0.00114662 -1.44539e-06
5355.05 5.30054e-09 5756.58 2.46541e-09 -0.00755649 0.000949813 -1.4111e-06
5889.5 7.43091e-09 6308.73 3.46856e-09 -0.00794613 0.00101016 -1.3492e-06
5597.37 1.0211e-08 5990.79 4.77024e-09 -0.00669214 0.00109615 -1.19559e-06
5842.3 9.47451e-09 6237.32 4.43724e-09 -0.00766856 0.000988522 -1.31259e-06
5737.4 1.02584e-08 6117.05 4.81088e-09 -0.00823312 0.000942368 -1.43499e-06
5859.05 5.83563e-09 6262.77 2.72972e-09 -0.00713179 0.00110535 -1.21723e-06
5242.62 -4.98479e-09 5637.61 -2.31777e-09 -0.00761049 0.00110697 -1.45166e-06
6008.28 4.53054e-09 6396.52 2.12778e-09 -0.00803646 0.00105864 -1.33756e-06
6268.98 6.76804e-09 6672.13 3.17955e-09 -0.00783661 0.000999355 -1.25006e-06
5303.42 2.57072e-09 5692.85 1.19743e-09 -0.00770667 0.000886151 -1.45315e-06
5816.18 -8.26557e-09 6197.98 -3.8782e-09 -0.00749228 0.00111988 -1.28818e-06
5330.39 -1.53259e-08 5716.08 -7.14591e-09 -0.00803783 0.00105108 -1.50793e-06
5786.4 3.24574e-09 6191.47 1.51669e-09 -0.00728927 0.000952012 -1.25973e-06
5699.39 -9.79781e-09 6099.67 -4.57742e-09 -0.00868895 0.00115074 -1.52454e-06
6001.1 7.96475e-09 6395.38 3.73686e-09 -0.00766568 0.00102338 -1.27738e-06
6089.05 -1.10922e-09 6486.16 -5.20654e-10 -0.00807532 0.00112088 -1.3262e-06
6209.97 7.29618e-09 6611.62 3.42647e-09 -0.00754888 0.00101875 -1.21561e-06
5498.7 4.47442e-09 5880.65 2.0919e-09 -0.00817062 0.00102703 -1.48592e-06
6248.42 6.38865e-10 6633.31 3.00898e-10 -0.00788452 0.00101364 -1.26184e-06
5821.49 -2.49317e-09 6222.55 -1.16624e-09 -0.00747548 0.00101934 -1.28412e-06
5996.75 2.7836e-10 6378.03 1.3086e-10 -0.00787098 0.00108855 -1.31254e-06
5612.8 -1.55171e-08 5906.41 -7.37288e-09 -0.00839481 0.00111952 -1.49566e-06
5750.02 2.19052e-09 6155.68 1.02308e-09 -0.0079656 0.000992761 -1.38532e-06
6058.82 -9.39613e-09 6456.09 -4.40898e-09 -0.00824077 0.00104691 -1.36013e-06
5878.22 -5.28922e-09 6279.61 -2.47557e-09 -0.0074787 0.000850609 -1.27227e-06
5811.68 2.14476e-09 6223.87 1.00136e-09 -0.00832248 0.00108665 -1.43203e-06
6065.77 1.107e-08 6477.07 5.1835e-09 -0.00877746 0.00106775 -1.44705e-06
5780.33 -4.93635e-10 6171.9 -2.31159e-10 -0.00917617 0.00108848 -1.58748e-06
5758.21 -1.38504e-09 6139.23 -6.49538e-10 -0.00762763 0.000989987 -1.32465e-06
5839.15 -3.35485e-09 6246.85 -1.56794e-09 -0.00754346 0.000919695 -1.29188e-06
5773.06 1.26198e-08 6164.25 5.90945e-09 -0.00847912 0.00112559 -1.46874e-06
6552.95 8.07688e-10 6950.1 3.80767e-10 -0.00815939 0.00105064 -1.24515e-06
5564.44 3.75727e-09 5982.73 1.74728e-09 -0.00686161 0.000801923 -1.23312e-06
5764.07 -1.70845e-08 6154.01 -8.00097e-09 -0.00750297 0.000969641 -1.30168e-06
6444.65 3.18325e-11 6833.32 1.5011e-11 -0.00860817 0.00108679 -1.33571e-06
6468.8 5.65694e-09 6887.6 2.65649e-09 -0.00765213 0.00108194 -1.18293e-06
6144.68 4.12328e-09 6553.96 1.93289e-09 -0.0074662 0.00092305 -1.21507e-06
6036.71 -1.38756e-08 6436.76 -6.50662e-09 -0.00829864 0.00101265 -1.3747e-06
5949.74 9.60236e-10 6341.31 4.50472e-10 -0.00786361 0.00104605 -1.32167e-06
6203.71 -1.05962e-08 6617.15 -4.96708e-09 -0.00825342 0.00102146 -1.3304e-06
5955.26 2.06069e-09 6355.03 9.6553e-10 -0.00804824 0.0011029 -1.35145e-06
5612.91 -1.11443e-08 6002.4 -5.21056e-09 -0.00909137 0.00118146 -1.61972e-06
6122.46 1.65581e-08 6554.93 7.73284e-09 -0.00802215 0.000940398 -1.31028e-06
5808.86 1.27498e-08 6212.17 5.96101e-09 -0.00809515 0.00104817 -1.39359e-06
5581.8 -5.32557e-09 5979.17 -2.48582e-09 -0.008482 0.00114674 -1.51958e-06
5864.11 3.10323e-10 6274.22 1.4502e-10 -0.00785056 0.00100503 -1.33875e-06
6217.08 9.82276e-10 6643.25 4.59632e-10 -0.00859971 0.00114582 -1.38324e-06
6180.59 -2.36965e-09 6625.22 -1.10531e-09 -0.00706586 0.00102078 -1.14323e-06
6595.09 2.60837e-09 7030.62 1.22339e-09 -0.00817532 0.00107613 -1.23961e-06
6508.41 9.01458e-09 6944.51 4.22424e-09 -0.00792251 0.00103175 -1.21727e-06
6127.91 1.27439e-08 6563.84 5.94879e-09 -0.00849695 0.0010119 -1.3866e-06
6372.8 3.56972e-09 6807.98 1.67077e-09 -0.00835901 0.00108607 -1.31167e-06
6758.64 7.03239e-09 7204.75 3.29848e-09 -0.00785594 0.000935927 -1.16235e-06
6397.77 1.48911e-09 6855.32 6.9486e-10 -0.00850819 0.000969685 -1.32987e-06
6398.07 -1.6664e-08 6852.48 -7.77949e-09 -0.0079356 0.00110576 -1.24031e-06
6381.33 -6.19196e-10 6842.62 -2.88727e-10 -0.00856557 0.00113265 -1.34229e-06
6316.8 1.10043e-08 6767.88 5.13543e-09 -0.00834362 0.00120715 -1.32086e-06
6245.59 1.04643e-09 6666.45 4.90182e-10 -0.00856395 0.000975144 -1.3712e-06
6174.01 -1.45587e-09 6595.73 -6.8139e-10 -0.00860117 0.00108338 -1.39313e-06
6137.32 3.31488e-09 6559.06 1.55087e-09 -0.00822505 0.00125808 -1.34017e-06
6382.04 3.31141e-09 6797.14 1.55459e-09 -0.00858739 0.00103915 -1.34556e-06
6662.17 -1.87233e-09 7090.4 -8.79624e-10 -0.00678685 0.000838391 -1.01871e-06
6306.23 4.23008e-09 6732.51 1.98112e-09 -0.00882556 0.00118186 -1.3995e-06
6231.94 6.1992e-09 6670.39 2.89586e-09 -0.00931602 0.00111753 -1.49488e-06
6568.42 -3.97223e-09 6986.1 -1.86737e-09 -0.00891801 0.00119016 -1.35771e-06
6366.28 -6.09524e-09 6783.76 -2.86007e-09 -0.00820286 0.00105526 -1.28848e-06
6646.63 4.29227e-09 7074.34 2.01638e-09 -0.00519031 0.00076861 -7.80893e-07
5947.14 1.81737e-09 6361.9 8.49442e-10 -0.00800432 0.0010576 -1.34591e-06
6040.1 -1.73958e-08 6464.29 -8.12714e-09 -0.00703832 0.00106415 -1.16526e-06
6139.33 2.59239e-09 6561.42 1.21281e-09 -0.00872972 0.00124904 -1.42193e-06
6342.39 1.56314e-09 6787 7.30373e-10 -0.00902541 0.00103613 -1.42303e-06
5651.49 -2.04428e-08 6075.28 -9.5084e-09 -0.00796792 0.00110984 -1.40988e-06
6288.3 3.22724e-09 6726.7 1.50846e-09 -0.00851112 0.00110202 -1.35349e-06
6563.59 -4.75685e-09 6994.02 -2.23205e-09 -0.00459025 0.000632162 -6.99351e-07
6190.19 -1.25637e-08 6620.4 -5.87363e-09 -0.00828096 0.00106677 -1.33775e-06
5457.62 1.77562e-08 5894.83 8.21965e-09 -0.00781312 0.0010922 -1.4316e-06
6009.16 6.05175e-09 6423.44 2.83072e-09 -0.00783934 0.00113847 -1.30457e-06
6629.65 -1.58695e-09 7056.46 -7.45479e-10 -0.0084721 0.00105913 -1.27791e-06
6171.95 1.11926e-08 6595.96 5.23655e-09 -0.00840267 0.00104552 -1.36143e-06
6143.16 -7.49e-09 6572.72 -3.50024e-09 -0.00868268 0.00117337 -1.41339e-06
6110.47 6.68752e-09 6520.37 3.13355e-09 -0.00819773 0.00104009 -1.34159e-06
6522.25 -9.9118e-10 6937.53 -4.65924e-10 -0.00831898 0.00106639 -1.27548e-06
6309.06 6.18788e-09 6722.2 2.90379e-09 -0.00848159 0.00105716 -1.34435e-06
6479.67 3.09666e-09 6901.47 1.4537e-09 -0.00827627 0.000955827 -1.27727e-06
6443.02 -1.03617e-08 6879.54 -4.85209e-09 -0.00769382 0.00113466 -1.19413e-06
6013.03 -2.4263e-09 6438.09 -1.13306e-09 -0.00787152 0.0011795 -1.30908e-06
6357.86 -5.67255e-09 6784 -2.65811e-09 -0.00732914 0.00115571 -1.15277e-06
6281.9 1.1889e-08 6715.22 5.56089e-09 -0.00769159 0.000993242 -1.22441e-06
6035.73 -3.30016e-10 6456.98 -1.54243e-10 -0.00744379 0.00114719 -1.23329e-06
6517.53 2.54064e-09 6939.41 1.19309e-09 -0.00675444 0.000977518 -1.03635e-06
6222.92 -6.56954e-09 6648.22 -3.07463e-09 -0.00906095 0.00118532 -1.45606e-06
6303.65 -9.2152e-09 6707.07 -4.33045e-09 -0.00933171 0.00110071 -1.48037e-06
6063.54 1.4503e-10 6466.98 6.79913e-11 -0.0081432 0.00109818 -1.34298e-06
6077.02 2.93153e-09 6520.18 1.36614e-09 -0.00738661 0.00098581 -1.2155e-06
6290.27 -7.34607e-09 6711.88 -3.44231e-09 -0.00851523 0.00124091 -1.35371e-06
6282.08 3.58851e-10 6703.75 1.6814e-10 -0.00778303 0.00106752 -1.23893e-06
6554.82 -4.18074e-09 6971.72 -1.96537e-09 -0.00835963 0.00109515 -1.27534e-06
5961.23 9.28957e-09 6386.36 4.33558e-09 -0.00859445 0.000990238 -1.44172e-06
5808.05 6.48912e-09 6225.27 3.02711e-09 -0.00796584 0.00119318 -1.37152e-06
6492.58 4.87785e-10 6901.82 2.29431e-10 -0.00740906 0.00100946 -1.14116e-06
6439.58 -7.0317e-09 6870.31 -3.29543e-09 -0.00880878 0.00113387 -1.36791e-06
6360.49 7.27524e-09 6771.89 3.41663e-09 -0.00737327 0.00108616 -1.15923e-06
5801.9 -7.49912e-09 6231.17 -3.49125e-09 -0.00806174 0.00107444 -1.3895e-06
6661.31 9.19627e-09 7087 4.32194e-09 -0.00776925 0.00105721 -1.16632e-06
5940.77 -8.22127e-09 6381.68 -3.82663e-09 -0.00877113 0.00114975 -1.47643e-06
6075.2 -1.02074e-08 6521.71 -4.75428e-09 -0.00850414 0.00109532 -1.39981e-06
6437.11 -1.24045e-09 6853.79 -5.82517e-10 -0.0089639 0.00109197 -1.39253e-06
6180.04 6.71863e-09 6625.62 3.1334e-09 -0.00826119 0.00117758 -1.33675e-06
6310.16 6.43641e-09 6736.1 3.0147e-09 -0.0079114 0.00107178 -1.25376e-06
6579.52 1.00498e-08 7018.43 4.71066e-09 -0.00739135 0.00113588 -1.12339e-06
6272.66 8.0327e-09 6700.77 3.75974e-09 -0.00879176 0.00106944 -1.4016e-06
6028.77 3.27346e-09 6464.81 1.52634e-09 -0.00923816 0.00123569 -1.53234e-06
6466.28 6.71466e-09 6900.07 3.14626e-09 -0.00879567 0.00114237 -1.36024e-06
6640.77 -1.00028e-08 7075.67 -4.694e-09 -0.00866703 0.00108483 -1.30512e-06
6373.64 -1.64821e-09 6804.39 -7.71933e-10 -0.00728281 0.00106596 -1.14265e-06
6499.98 -8.01756e-09 6934 -3.75786e-09 -0.00857951 0.0010992 -1.31993e-06
6014.38 4.74103e-09 6437.49 2.21471e-09 -0.00870812 0.0011007 -1.44788e-06
6404.93 6.65259e-10 6839.75 3.11483e-10 -0.00748291 0.000971654 -1.1683e-06
5684.74 1.13033e-08 6109.65 5.25858e-09 -0.00744275 0.000975017 -1.30925e-06
6438.18 -3.0729e-10 6874.23 -1.43899e-10 -0.00842962 0.00107635 -1.30932e-06
6221.19 6.38844e-09 6649.32 2.98855e-09 -0.00835983 0.00107734 -1.34377e-06
5892.82 2.7384e-09 6308.77 1.27892e-09 -0.00781546 0.00103745 -1.32627e-06
5685.73 -2.74851e-09 6072.81 -1.28666e-09 -0.00819995 0.00101069 -1.4422e-06
5853.76 3.0804e-09 6252.78 1.44191e-09 -0.00840685 0.00115125 -1.43614e-06
6360.73 -5.59909e-09 6769.29 -2.63058e-09 -0.00779782 0.000992513 -1.22593e-06
5742.97 -7.89661e-09 6121.83 -3.70396e-09 -0.00808239 0.00104079 -1.40735e-06
5994.14 8.93199e-09 6380.39 4.19564e-09 -0.00858678 0.00105103 -1.43253e-06
5963.79 -9.62239e-09 6346.67 -4.52094e-09 -0.00896415 0.00100888 -1.5031e-06
5587.87 -4.65078e-09 5973.78 -2.17517e-09 -0.00750896 0.000895748 -1.3438e-06
5766.19 1.89762e-09 6151.4 8.89393e-10 -0.00856665 0.00117054 -1.48567e-06
5984.24 -9.33626e-11 6381.32 -4.37765e-11 -0.00861108 0.00112247 -1.43896e-06
5870.53 1.0113e-08 6239.09 4.75781e-09 -0.0086058 0.00101986 -1.46593e-06
6071.13 -7.51359e-09 6454.39 -3.53372e-09 -0.00911945 0.0012579 -1.5021e-06
5261.59 6.8004e-09 5640.65 3.1717e-09 -0.00855951 0.000960484 -1.62679e-06
6145.37 -8.29876e-10 6531.36 -3.90417e-10 -0.00861922 0.00128498 -1.40255e-06
5698.7 1.02307e-08 6095.1 4.78268e-09 -0.00777925 0.000990498 -1.36509e-06
5890.24 7.42283e-09 6283.3 3.47924e-09 -0.00786461 0.00096969 -1.33519e-06
5868.39 6.51915e-10 6265.38 3.05304e-10 -0.00806759 0.00100711 -1.37475e-06
5879.89 -3.36853e-09 6267.43 -1.58012e-09 -0.00836503 0.0011981 -1.42265e-06
5733.33 -1.28177e-08 6107.34 -6.0164e-09 -0.0084926 0.0012374 -1.48127e-06
5922.52 -1.1758e-09 6329.77 -5.50076e-10 -0.00785541 0.00103731 -1.32636e-06
5781.72 1.36337e-09 6184.6 6.37278e-10 -0.00785394 0.00112742 -1.35841e-06
6131.08 -1.46991e-08 6520.69 -6.91043e-09 -0.00854624 0.00129258 -1.39392e-06
5933.8 1.00951e-08 6316.21 4.74197e-09 -0.00801967 0.00102172 -1.35152e-06
6089.74 -1.40295e-08 6474.01 -6.59839e-09 -0.00810095 0.000994884 -1.33026e-06
5599.44 -7.8317e-10 5978.27 -3.66771e-10 -0.0079485 0.0010785 -1.41952e-06
5770.57 -3.01406e-09 6173.37 -1.4087e-09 -0.00698446 0.00111522 -1.21036e-06
6163.2 -2.22868e-09 6528.6 -1.05197e-09 -0.00802837 0.00115447 -1.30263e-06
6020.58 -5.43476e-09 6418.57 -2.54888e-09 -0.00730443 0.00101982 -1.21325e-06
5410.83 -8.41469e-10 5807.01 -3.92031e-10 -0.008187 0.00130667 -1.51308e-06
5152.58 -2.6321e-08 5546.4 -1.2226e-08 -0.00728697 0.0010525 -1.41424e-06
5575.43 1.97672e-09 5974.53 9.2234e-10 -0.00776355 0.00106276 -1.39246e-06
5836.27 7.33832e-09 6232.27 3.43603e-09 -0.00833033 0.00105032 -1.42734e-06
6185.25 -3.9363e-09 6569.21 -1.85311e-09 -0.00834286 0.000999447 -1.34883e-06
5802.23 7.68037e-09 6189.04 3.60018e-09 -0.00871379 0.00095178 -1.5018e-06
5921.05 4.82621e-09 6298.35 2.26855e-09 -0.00796323 0.00111256 -1.3449e-06
5560.77 -3.23311e-09 5938.21 -1.5138e-09 -0.00858408 0.00116668 -1.54369e-06
5470.14 -6.20669e-09 5838.19 -2.90771e-09 -0.00834141 0.00128877 -1.5249e-06
5613.52 -2.51192e-09 5994.97 -1.17604e-09 -0.00784837 0.0010753 -1.39812e-06
5462.13 6.30334e-09 5845.99 2.94472e-09 -0.00813655 0.00103617 -1.48963e-06
5747.37 -1.11506e-10 6136.48 -5.22176e-11 -0.00768574 0.000999621 -1.33726e-06
5566.7 3.14039e-09 5954.52 1.46793e-09 -0.00812181 0.00121262 -1.459e-06
5867.87 5.8573e-09 6251.24 2.74905e-09 -0.00739455 0.000995131 -1.26018e-06
5769.36 -1.17962e-09 6163.59 -5.52085e-10 -0.00766117 0.000999475 -1.32791e-06
5491.28 1.70098e-08 5873.01 7.95213e-09 -0.00727992 0.000920815 -1.32572e-06
6039.64 -3.8162e-09 6436.97 -1.79032e-09 -0.0080971 0.00102921 -1.34066e-06
5548.42 3.76531e-09 5922.36 1.76378e-09 -0.00861419 0.000993396 -1.55255e-06
5574.83 -4.31185e-10 5956.59 -2.01775e-10 -0.00793592 0.00113942 -1.42353e-06
6348.51 6.10844e-10 6736.83 2.87817e-10 -0.00747957 0.00112947 -1.17816e-06
5977.1 -1.44657e-08 6362.54 -6.7947e-09 -0.00780233 0.00131313 -1.30537e-06
5825.56 -1.43559e-08 6209.78 -6.73382e-09 -0.00967444 0.00119851 -1.66069e-06
5625.96 -2.24667e-09 6005.99 -1.05225e-09 -0.00742945 0.000960323 -1.32057e-06
6027.72 4.99811e-09 6397.83 2.35448e-09 -0.00793261 0.000970285 -1.31602e-06
5306.02 4.34282e-10 5696.48 2.02257e-10 -0.00887427 0.00104619 -1.67249e-06
5907.41 2.54607e-09 6275.36 1.19839e-09 -0.00714011 0.000952957 -1.20867e-06
5497.26 4.10733e-10 5868.33 1.92381e-10 -0.00762547 0.0010948 -1.38714e-06
6032.28 -1.26358e-09 6406.87 -5.94849e-10 -0.0078025 0.00120014 -1.29346e-06
5735.63 7.59553e-09 6121.37 3.55845e-09 -0.00675093 0.000959579 -1.17702e-06
6061.56 -8.36312e-10 6445.77 -3.93232e-10 -0.00797645 0.00108698 -1.31591e-06
5640 -1.72156e-09 6032.47 -8.04776e-10 -0.00714002 0.00109554 -1.26596e-06
5735.91 -7.71908e-09 6117.66 -3.6187e-09 -0.00896891 0.00109493 -1.56364e-06
4470.1 -9.58082e-09 4818.78 -4.44378e-09 -0.00828938 0.00112292 -1.85441e-06
5289.35 4.42822e-09 5666.91 2.06659e-09 -0.00829981 0.00119198 -1.56915e-06
6151.02 -6.41654e-09 6512.5 -3.03019e-09 -0.00794839 0.00105597 -1.29221e-06
5736.92 -3.75162e-09 6095.19 -1.76555e-09 -0.00802169 0.00102124 -1.39826e-06
5518.45 6.67587e-09 5889.85 3.12745e-09 -0.00658277 0.00112511 -1.19287e-06
5688.61 2.94049e-09 6049.17 1.38261e-09 -0.00741489 0.00102358 -1.30346e-06
5169.21 -1.5649e-08 5537.72 -7.30381e-09 -0.00757713 0.000957982 -1.46582e-06
5421.34 -3.07897e-09 5779.77 -1.44402e-09 -0.00879299 0.00117856 -1.62192e-06
5358.27 1.03695e-09 5722.42 4.8548e-10 -0.00758703 0.00108121 -1.41595e-06
5206.23 -3.21018e-09 5563.17 -1.5021e-09 -0.00779185 0.0011517 -1.49664e-06
5731.08 -4.12345e-09 6104.73 -1.93554e-09 -0.00799107 0.00110421 -1.39434e-06
5212.37 3.17097e-09 5577.19 1.48178e-09 -0.0089752 0.00116854 -1.72191e-06
5158.27 2.11213e-08 5532.25 9.84673e-09 -0.0089729 0.00109319 -1.73952e-06
5941.4 1.01937e-08 6302.93 4.8045e-09 -0.00779785 0.00102927 -1.31246e-06
4698.31 -9.39139e-09 5062.99 -4.35747e-09 -0.00820043 0.00100245 -1.7454e-06
5707.29 5.25879e-09 6072.62 2.47121e-09 -0.00657149 0.000887351 -1.15142e-06
5637.22 6.58343e-09 6004.07 3.09059e-09 -0.00809207 0.000988159 -1.43547e-06
4972.32 1.28103e-08 5339.04 5.96521e-09 -0.00806009 0.00125216 -1.62099e-06
5336.57 -1.57422e-09 5713.52 -7.35179e-10 -0.00842478 0.00116343 -1.57869e-06
4717.45 -1.31132e-08 5086.77 -6.08057e-09 -0.00892459 0.00109861 -1.89183e-06
5452.78 6.62128e-09 5808.35 3.10798e-09 -0.00743063 0.0010244 -1.36272e-06
5370.47 1.04103e-08 5720 4.88708e-09 -0.00837048 0.00107637 -1.55861e-06
5160.21 1.3335e-09 5498.15 6.25767e-10 -0.00852397 0.00120024 -1.65186e-06
5420.33 5.50819e-09 5794.9 2.57607e-09 -0.00792745 0.00111148 -1.46254e-06
5125.5 -1.42348e-08 5501.08 -6.63146e-09 -0.00737795 0.000933888 -1.43946e-06
5745.09 4.14572e-09 6117.51 1.94667e-09 -0.00752092 0.000994536 -1.30911e-06
5749.71 1.75033e-09 6094.7 8.25628e-10 -0.00906669 0.00122644 -1.5769e-06
5819.13 -3.10877e-09 6190.03 -1.46125e-09 -0.00795494 0.00102999 -1.36703e-06
5261.86 4.26939e-09 5636.41 1.99284e-09 -0.00826257 0.00103038 -1.57028e-06
5326.71 -4.70806e-09 5690.83 -2.20341e-09 -0.0066937 0.00110468 -1.25663e-06
6209.85 4.34142e-09 6606.07 2.04051e-09 -0.00712192 0.00090398 -1.14688e-06
6077.77 -1.22902e-08 6477.25 -5.76609e-09 -0.00812749 0.00107336 -1.33725e-06
6116.89 -4.58167e-09 6508.28 -2.15307e-09 -0.00834045 0.00106644 -1.36351e-06
5522.52 7.68509e-09 5926.88 3.58039e-09 -0.00734987 0.00107574 -1.33089e-06
5765.41 -4.99678e-09 6167.66 -2.33545e-09 -0.00822511 0.00103283 -1.42663e-06
5828.22 1.16595e-08 6250.89 5.43555e-09 -0.00806608 0.000999022 -1.38397e-06
5903.46 -4.89552e-09 6310.66 -2.28982e-09 -0.00786027 0.000978412 -1.33147e-06
6165.55 3.42474e-09 6562.18 1.60887e-09 -0.00812713 0.000972767 -1.31815e-06
5644.89 -3.56268e-09 6063.33 -1.65841e-09 -0.00775306 0.000979626 -1.37347e-06
5778.61 -7.95655e-09 6168.06 -3.72708e-09 -0.0079185 0.00118762 -1.37031e-06
5607.86 -7.21042e-09 5999.24 -3.37002e-09 -0.00875457 0.00119493 -1.56112e-06
5693.68 2.71949e-09 6080.31 1.27328e-09 -0.00755027 0.00109652 -1.32608e-06
5769.38 -8.89117e-10 6182.88 -4.14828e-10 -0.00773299 0.000981166 -1.34035e-06
6147.76 -1.61626e-09 6547.88 -7.58746e-10 -0.00796205 0.00105933 -1.29511e-06
5842.26 -5.19513e-09 6235.34 -2.43381e-09 -0.00824617 0.000999185 -1.41147e-06
5552.53 -1.57916e-09 5952.44 -7.36531e-10 -0.00811618 0.00114355 -1.46171e-06
5813.73 -1.89241e-08 6219.59 -8.8446e-09 -0.00775603 0.00109575 -1.33409e-06
5623.68 3.74424e-09 6033.52 1.74495e-09 -0.00749994 0.00113252 -1.33364e-06
5858.1 -1.23099e-08 6251.56 -5.76757e-09 -0.00781216 0.00117228 -1.33357e-06
5668.46 -3.93307e-09 6081.24 -1.83305e-09 -0.00786822 0.000978032 -1.38807e-06
6126.5 2.41072e-09 6526.13 1.13155e-09 -0.00813251 0.00119156 -1.32743e-06
6422.57 1.2958e-08 6823.8 6.09805e-09 -0.00814426 0.00116684 -1.26807e-06
6137.68 4.35525e-09 6542.19 2.04298e-09 -0.00885631 0.00107555 -1.44294e-06
5861.05 -5.02556e-09 6253.94 -2.35492e-09 -0.00868369 0.00100996 -1.48159e-06
5592.91 -8.49157e-09 5996.43 -3.96007e-09 -0.00778274 0.000861977 -1.39154e-06
5947.49 8.37844e-09 6369.72 3.91153e-09 -0.00806434 0.000980401 -1.35592e-06
6162.02 1.22509e-08 6551.86 5.76099e-09 -0.00742715 0.00107717 -1.20531e-06
5504.84 -2.8652e-09 5877.53 -1.34176e-09 -0.00872487 0.00106228 -1.58495e-06
5704.07 -1.00323e-08 6105.58 -4.68627e-09 -0.00713097 0.00101045 -1.25016e-06
5640.62 -1.29412e-08 6027.84 -6.05493e-09 -0.00633724 0.000980671 -1.1235e-06
5493.94 1.98058e-09 5879.54 9.25343e-10 -0.00718826 0.000912922 -1.3084e-06
6102.08 7.12212e-09 6487.57 3.34946e-09 -0.00762864 0.00105448 -1.25017e-06
5490.76 -1.29207e-08 5861.42 -6.05183e-09 -0.00772317 0.0010122 -1.40658e-06
5694.93 -8.09237e-09 6076.77 -3.79194e-09 -0.00820755 0.00110386 -1.4412e-06
5877.08 1.80241e-10 6252.97 8.47032e-11 -0.00849941 0.00108183 -1.4462e-06
5527.78 -8.30074e-09 5924.49 -3.87246e-09 -0.00741699 0.00100268 -1.34177e-06
5870.18 8.47996e-09 6239.02 3.98932e-09 -0.00781463 0.00106117 -1.33124e-06
5835.23 -1.84027e-08 6221.01 -8.63078e-09 -0.00828681 0.00114352 -1.42013e-06
5389.79 -3.58958e-09 5776.61 -1.6746e-09 -0.00832537 0.00111996 -1.54466e-06
6315.69 -4.0378e-09 6685.56 -1.90721e-09 -0.00706393 0.00108157 -1.11847e-06
5850.62 2.19992e-09 6242.94 1.03084e-09 -0.00718844 0.000906405 -1.22866e-06
5757.38 -5.71058e-09 6137.84 -2.6783e-09 -0.00915626 0.00108658 -1.59035e-06
5669.12 -1.38871e-08 6048.68 -6.50781e-09 -0.00871089 0.00102905 -1.53655e-06
5867.62 8.40579e-09 6259.82 3.93957e-09 -0.00776787 0.00101714 -1.32385e-06
5927.46 -1.11299e-08 6310.55 -5.22714e-09 -0.00826035 0.00109608 -1.39357e-06
5918.11 1.27051e-09 6301.33 5.96621e-10 -0.00751925 0.00121053 -1.27055e-06
5718.65 -5.12889e-09 6088.95 -2.40849e-09 -0.00757366 0.00101758 -1.32438e-06
5738.91 -2.48025e-09 6120.15 -1.16288e-09 -0.00745216 0.00114498 -1.29853e-06
5624.47 3.19394e-09 5984.29 1.50095e-09 -0.00774777 0.00108984 -1.37751e-06
5620.19 2.40389e-09 5999.33 1.12599e-09 -0.00813611 0.00109385 -1.44766e-06
5558.91 5.85317e-09 5920.63 2.74779e-09 -0.00770831 0.000981618 -1.38666e-06
6275.22 1.64583e-08 6681.04 7.7293e-09 -0.00780797 0.000874751 -1.24425e-06
5418.93 8.82838e-09 5807.98 4.1185e-09 -0.00853195 0.00100652 -1.57447e-06
5740.01 2.09233e-09 6115.56 9.81919e-10 -0.00814222 0.00111013 -1.4185e-06
5493.4 8.62466e-11 5873.01 4.0336e-11 -0.0078363 0.0010693 -1.42649e-06
5585.91 2.32115e-09 5967.58 1.08634e-09 -0.00844381 0.00120662 -1.51163e-06
5555.32 -8.48734e-09 5933.8 -3.97299e-09 -0.0088034 0.00112836 -1.58468e-06
6022.52 1.31081e-08 6400.99 6.16655e-09 -0.00787971 0.000948204 -1.30837e-06
6042.42 6.95398e-09 6446.49 3.25904e-09 -0.0081574 0.000964836 -1.35002e-06
5507.65 -1.06582e-08 5899.56 -4.97509e-09 -0.00823017 0.00104107 -1.49432e-06
5977.01 1.2246e-08 6361.12 5.75327e-09 -0.00802657 0.00106311 -1.34291e-06
5731.28 -3.6682e-09 6114.11 -1.71926e-09 -0.00804773 0.00104284 -1.40418e-06
5147.88 1.3704e-09 5546.3 6.3598e-10 -0.00819053 0.00111244 -1.59105e-06
5971.21 1.26126e-08 6342.27 5.93736e-09 -0.00727061 0.000984796 -1.21761e-06
5636.56 1.2488e-08 6035.5 5.83127e-09 -0.00814057 0.00104689 -1.44424e-06
5711.45 5.40898e-10 6089.42 2.53662e-10 -0.00756073 0.00115409 -1.32378e-06
5909.86 6.47186e-09 6297.96 3.03652e-09 -0.00756098 0.00111717 -1.27938e-06
5626.31 -1.54355e-08 6014.9 -7.21915e-09 -0.00739586 0.000984967 -1.31451e-06
5975 -3.51418e-09 6359.95 -1.65074e-09 -0.00725486 0.00108405 -1.2142e-06
5717.23 -1.27112e-08 6079.72 -5.97664e-09 -0.00781067 0.00126037 -1.36616e-06
5786.37 9.381e-10 6182.68 4.38984e-10 -0.00791479 0.000935129 -1.36783e-06
5458.98 -7.86664e-09 5849.03 -3.67102e-09 -0.00768039 0.00106793 -1.40693e-06
5141.68 -2.55783e-09 5523.79 -1.19045e-09 -0.00807841 0.000875174 -1.57116e-06
6279.98 -1.95523e-10 6666.29 -9.20964e-11 -0.00726745 0.000974841 -1.15724e-06
5880.48 -1.27111e-08 6264.14 -5.96629e-09 -0.00752182 0.00109281 -1.27912e-06
5575.91 -1.33035e-08 5961.74 -6.22124e-09 -0.00821895 0.00111774 -1.47401e-06
5139.06 7.98816e-09 5524.14 3.71565e-09 -0.00861568 0.000988567 -1.67651e-06
6048.71 -4.28886e-09 6416.26 -2.02159e-09 -0.00738722 0.000891503 -1.22129e-06
6480.67 -4.1597e-09 6880.34 -1.95903e-09 -0.0076344 0.000937512 -1.17803e-06
5684.07 -3.81563e-09 6068.83 -1.78686e-09 -0.00730296 0.000981537 -1.28481e-06
5697.59 6.74369e-09 6077.4 3.16112e-09 -0.00887293 0.000992788 -1.55731e-06
5705.94 3.08393e-09 6080.48 1.44699e-09 -0.00773378 0.00109728 -1.35539e-06
6219.5 5.31239e-09 6606.71 2.50052e-09 -0.00776727 0.00112319 -1.24886e-06
5103.05 5.63344e-09 5488.3 2.619e-09 -0.00679238 0.000994135 -1.33104e-06
5736.56 -4.4646e-09 6138.96 -2.08598e-09 -0.0089234 0.0011306 -1.55553e-06
5912.15 8.24432e-09 6324.79 3.85322e-09 -0.00867661 0.00112347 -1.46759e-06
5440.89 -3.17853e-09 5822.49 -1.48511e-09 -0.0085581 0.00119464 -1.57292e-06
5995.49 1.08434e-08 6395.14 5.08287e-09 -0.0084745 0.00100555 -1.41348e-06
5290.96 5.52354e-09 5663.35 2.58017e-09 -0.00924595 0.00126076 -1.7475e-06
5509.65 6.94452e-09 5909.62 3.23725e-09 -0.00754046 0.00110174 -1.36859e-06
5636.94 7.07214e-09 6030.52 3.30528e-09 -0.00852526 0.00107646 -1.51239e-06
5589.18 -1.61407e-09 5976 -7.54795e-10 -0.0081375 0.00102439 -1.45594e-06
5555.45 -4.88443e-09 5952.74 -2.27922e-09 -0.00862043 0.00110058 -1.55171e-06
6200.09 1.15667e-08 6595.36 5.43673e-09 -0.00779839 0.00118593 -1.25779e-06
5508.84 5.52508e-09 5873.18 2.59117e-09 -0.0084337 0.00107059 -1.53094e-06
5612.34 -1.2926e-08 5986.92 -6.05864e-09 -0.00878211 0.00111168 -1.56478e-06
5342.09 -6.46228e-10 5739.18 -3.00758e-10 -0.00866704 0.00122642 -1.62241e-06
6289.36 1.88022e-08 6669.54 8.86519e-09 -0.00803003 0.00101455 -1.27676e-06
5492.84 8.03773e-09 5897.7 3.74298e-09 -0.0084532 0.00108504 -1.53895e-06
5408.94 7.50508e-09 5799.21 3.50001e-09 -0.00672494 0.000927655 -1.2433e-06
5804.95 -1.31219e-08 6197.86 -6.14502e-09 -0.00825118 0.00112618 -1.4214e-06
5981.61 1.82985e-09 6397.4 8.55459e-10 -0.00826318 0.0011205 -1.38143e-06
5569.78 5.37132e-10 5941.59 2.51759e-10 -0.00773647 0.00113586 -1.38901e-06
5760.7 6.50441e-09 6146.74 3.04795e-09 -0.00798602 0.00100703 -1.38629e-06
5400.8 -2.94058e-09 5812.11 -1.36624e-09 -0.00880782 0.00112405 -1.63084e-06
5652.91 1.55723e-08 6047.32 7.27834e-09 -0.00795512 0.00110342 -1.40726e-06
6031.58 3.68625e-09 6418.44 1.73203e-09 -0.00749729 0.000959033 -1.24301e-06
5858.81 1.66274e-08 6242.31 7.80295e-09 -0.00874785 0.00102048 -1.49311e-06
6066.09 3.10633e-09 6457.08 1.45912e-09 -0.00764987 0.000989526 -1.26109e-06
5792.88 -4.40944e-09 6190.95 -2.06296e-09 -0.00737591 0.000981987 -1.27327e-06
5922.52 -3.34684e-09 6304.34 -1.57207e-09 -0.00783423 0.00110415 -1.32279e-06
5766.63 2.24617e-09 6153.6 1.05246e-09 -0.00801274 0.00122289 -1.3895e-06
5526.63 -5.66471e-09 5909.78 -2.64872e-09 -0.00742208 0.00103146 -1.34297e-06
5451.86 -2.37855e-08 5845.58 -1.10917e-08 -0.00914364 0.00128783 -1.67716e-06
6146.5 4.73002e-09 6541.63 2.22216e-09 -0.0077016 0.000968743 -1.253e-06
5789.91 4.42759e-09 6173.76 2.07616e-09 -0.00836745 0.0010915 -1.44518e-06
5894.4 -2.47172e-09 6270.03 -1.16182e-09 -0.00816797 0.000992868 -1.38572e-06
5917.47 -2.28828e-09 6339.72 -1.06794e-09 -0.00803416 0.00106838 -1.3577e-06
6148.48 7.76369e-09 6559.72 3.63848e-09 -0.00764795 0.000939423 -1.24388e-06
5464.81 -1.76799e-09 5866.35 -8.23486e-10 -0.00749116 0.00113236 -1.3708e-06
5632.44 -4.46077e-09 6045.9 -2.07786e-09 -0.00743785 0.000905017 -1.32054e-06
5776.69 -2.71643e-09 6175.55 -1.27049e-09 -0.00754962 0.000965897 -1.30691e-06
6044.81 1.15052e-08 6455.36 5.38675e-09 -0.00838893 0.00110231 -1.38779e-06
6158.73 -1.04368e-08 6560.36 -4.89894e-09 -0.00806987 0.00101875 -1.31031e-06
6178.64 -7.93862e-09 6571.83 -3.73182e-09 -0.00691732 0.000952356 -1.11955e-06
6357.36 -6.23346e-09 6730.93 -2.94375e-09 -0.00715093 0.000908487 -1.12483e-06
5942.46 -3.08619e-10 6351.89 -1.44363e-10 -0.00834987 0.00102525 -1.40512e-06
5554.98 1.26928e-08 5953.21 5.92184e-09 -0.00896907 0.00107849 -1.6146e-06
6158.84 3.03824e-09 6553.06 1.42773e-09 -0.00820729 0.00103265 -1.3326e-06
5794.82 1.34732e-08 6204.51 6.2918e-09 -0.0090287 0.00109443 -1.55806e-06
5670.42 -7.38655e-09 6083.75 -3.44235e-09 -0.00765925 0.00105181 -1.35074e-06
5941.67 -1.19833e-08 6355.6 -5.60143e-09 -0.00770146 0.0010897 -1.29618e-06
6184.5 -9.17185e-09 6595.65 -4.30005e-09 -0.00812525 0.00110793 -1.31381e-06
6421.23 7.13611e-09 6834.69 3.35221e-09 -0.00758618 0.00096632 -1.18142e-06
6132.57 2.53581e-09 6519.6 1.19264e-09 -0.00851297 0.00128078 -1.38816e-06
6221.84 1.08275e-08 6631.6 5.07924e-09 -0.00824307 0.000940783 -1.32486e-06
6318.61 1.05382e-09 6718.3 4.95564e-10 -0.00775895 0.00108758 -1.22795e-06
5975.28 5.63793e-09 6368.17 2.64505e-09 -0.00860654 0.00115164 -1.44036e-06
5752.85 5.12093e-09 6162.53 2.39025e-09 -0.00783701 0.00107902 -1.36228e-06
6000.8 6.37455e-09 6388.11 2.99403e-09 -0.00875849 0.00105667 -1.45956e-06
6075.84 -1.20157e-09 6480.18 -5.63296e-10 -0.00784477 0.00107243 -1.29114e-06
5671.39 -5.51054e-09 6056.86 -2.57992e-09 -0.0082705 0.00125439 -1.45829e-06
5882.85 2.23432e-09 6281.11 1.04633e-09 -0.00777099 0.000981149 -1.32095e-06
6109.18 8.22164e-09 6521.25 3.85106e-09 -0.00754277 0.000967763 -1.23466e-06
5546.34 1.89928e-08 5982.54 8.80398e-09 -0.00716017 0.000938995 -1.29097e-06
6037.89 -2.56265e-09 6430.93 -1.20301e-09 -0.0083687 0.00109968 -1.38603e-06
6018.65 4.7413e-10 6437.8 2.2163e-10 -0.00871157 0.000978751 -1.44743e-06
6040.63 -6.47904e-09 6414.62 -3.05064e-09 -0.00843673 0.00120844 -1.39667e-06
5768.4 -1.37313e-08 6170.53 -6.41822e-09 -0.00840104 0.00117413 -1.45639e-06
5620.32 6.07683e-09 6018.4 2.83744e-09 -0.00911392 0.000978962 -1.6216e-06
5644.65 -7.92364e-10 6038.82 -3.70322e-10 -0.00788869 0.00104256 -1.39755e-06
5713.71 3.70309e-09 6094.58 1.73584e-09 -0.00793654 0.00106602 -1.38903e-06
5638.96 8.68653e-09 6030.84 4.06104e-09 -0.00806324 0.00113979 -1.42992e-06
5721.88 2.60861e-09 6104.12 1.22263e-09 -0.00698196 0.00116288 -1.22022e-06
6175.84 1.72716e-09 6588.54 8.09488e-10 -0.00742234 0.000945303 -1.20184e-06
5623.04 -5.07058e-09 6009.86 -2.37211e-09 -0.0073039 0.000991643 -1.29892e-06
5763.16 -1.52862e-08 6158.09 -7.15295e-09 -0.00751931 0.000999025 -1.30472e-06
5873.01 4.17634e-09 6256.82 1.96007e-09 -0.00822879 0.00108951 -1.40112e-06
5419.22 -1.96927e-09 5795.79 -9.20661e-10 -0.00768913 0.00103793 -1.41886e-06
5636.07 -1.80216e-08 6037.12 -8.41222e-09 -0.0083809 0.00118166 -1.48701e-06
5900.05 3.85822e-09 6289.43 1.80968e-09 -0.00728492 0.00108064 -1.23472e-06
5674.91 1.47063e-08 6055.42 6.8911e-09 -0.00750349 0.000921926 -1.32222e-06
5486.93 2.53775e-09 5883.3 1.18339e-09 -0.00751454 0.000976201 -1.36953e-06
6006.1 1.18113e-08 6406.54 5.53652e-09 -0.00850461 0.0010386 -1.416e-06
5470.12 -7.21191e-09 5862.33 -3.36471e-09 -0.00788026 0.000995422 -1.4406e-06
5740.52 1.3243e-08 6127.66 6.20315e-09 -0.00865636 0.00105125 -1.50794e-06
5573.93 -1.39987e-08 5963.4 -6.54221e-09 -0.00780647 0.00123867 -1.40053e-06
5865.13 3.51922e-09 6253.37 1.65037e-09 -0.00721404 0.000976668 -1.22999e-06
5414.98 -1.26642e-08 5800.26 -5.9115e-09 -0.00743772 0.00109014 -1.37354e-06
6091.58 -5.82523e-09 6493.58 -2.7323e-09 -0.00804398 0.00112023 -1.32051e-06
5877.43 -1.85304e-09 6252.82 -8.70896e-10 -0.0085525 0.00100529 -1.45514e-06
5600.86 -4.83429e-09 6008.34 -2.25322e-09 -0.00802964 0.00112836 -1.43364e-06
6054.36 3.65932e-09 6443 1.71929e-09 -0.00749731 0.00095548 -1.23833e-06
6012.76 -4.87389e-09 6397.93 -2.29024e-09 -0.00728225 0.00103788 -1.21113e-06
5661.16 2.49143e-09 6033.22 1.1689e-09 -0.00788914 0.00109272 -1.39356e-06
5630.9 8.65245e-09 6013.7 4.05084e-09 -0.00832932 0.000987038 -1.47922e-06
5906.01 3.35485e-10 6261.19 1.58227e-10 -0.0076921 0.000944177 -1.30242e-06
5460.23 -2.73112e-09 5828.09 -1.27937e-09 -0.00805875 0.00103964 -1.4759e-06
5483.33 1.82581e-09 5869.13 8.52897e-10 -0.00824086 0.00103956 -1.50289e-06
4774.85 4.88996e-09 5151.45 2.26623e-09 -0.00801473 0.00110265 -1.67853e-06
5316.93 4.22057e-09 5691.17 1.97152e-09 -0.00743905 0.00088724 -1.39913e-06
5404.04 1.02231e-08 5776.22 4.78221e-09 -0.00892489 0.00131272 -1.65152e-06
5410.02 3.54527e-09 5780.76 1.65895e-09 -0.0080346 0.00114327 -1.48513e-06
4922.94 8.25617e-09 5299.37 3.83485e-09 -0.00814445 0.00109853 -1.65439e-06
4944.23 2.20641e-08 5327.22 1.02389e-08 -0.00755035 0.000986578 -1.5271e-06
5340.38 -7.43718e-09 5729.92 -3.46579e-09 -0.00853013 0.0010789 -1.59729e-06
5175.45 -1.89933e-08 5545.23 -8.86339e-09 -0.00738772 0.0010501 -1.42745e-06
5129.21 1.52383e-08 5498.06 7.10801e-09 -0.00821837 0.00112571 -1.60227e-06
5203.35 1.14393e-09 5565.99 5.347e-10 -0.00870281 0.00118127 -1.67254e-06
5181.32 7.47227e-09 5546.31 3.49027e-09 -0.00750814 0.00111188 -1.44908e-06
5235.22 -1.71081e-08 5597.55 -8.00035e-09 -0.00780394 0.00119789 -1.49066e-06
5608.12 -2.61763e-09 5976.48 -1.22815e-09 -0.00756724 0.000989745 -1.34934e-06
5549.26 -1.14041e-08 5917.4 -5.34731e-09 -0.00857877 0.00124835 -1.54593e-06
5779.56 1.54981e-08 6135.6 7.2994e-09 -0.00833156 0.00119889 -1.44156e-06
5006.03 -8.94527e-09 5366.44 -4.17225e-09 -0.00775028 0.0011172 -1.54819e-06
5280.82 6.25304e-09 5648 2.92326e-09 -0.00797844 0.00119448 -1.51083e-06
5349.34 -2.96155e-09 5724 -1.38385e-09 -0.00808842 0.00117319 -1.51204e-06
5161.7 3.93824e-09 5545.81 1.83273e-09 -0.00690759 0.00100972 -1.33824e-06
5713.35 -2.65771e-09 6086.28 -1.24743e-09 -0.00778558 0.000978397 -1.3627e-06
5388.27 -8.6939e-09 5737.26 -4.08253e-09 -0.00804993 0.00100708 -1.49397e-06
5660.75 1.60457e-09 6020.02 7.54405e-10 -0.00808503 0.00113878 -1.42826e-06
5309.13 8.93977e-09 5676.96 4.18027e-09 -0.008661 0.00121222 -1.63134e-06
5665.51 -8.75949e-09 6047.26 -4.10326e-09 -0.00755899 0.00117038 -1.33421e-06
5161.13 5.94703e-09 5527.28 2.77654e-09 -0.00878075 0.00129543 -1.70133e-06
5621.62 5.3584e-09 5991.88 2.51365e-09 -0.00781534 0.00101231 -1.39023e-06
5696.08 -2.54223e-09 6093.32 -1.18825e-09 -0.00782786 0.000940955 -1.37425e-06
5671.84 -3.43294e-09 6063.88 -1.6055e-09 -0.00828412 0.00111059 -1.46057e-06
5845.68 3.16358e-09 6235.32 1.48294e-09 -0.00825364 0.000925248 -1.41192e-06
5802.96 1.07898e-08 6208.92 5.04215e-09 -0.00810308 0.00100996 -1.39637e-06
5800.89 7.01031e-09 6184.22 3.28788e-09 -0.00673754 0.000761406 -1.16147e-06
5756.35 -1.39526e-08 6154.2 -6.52531e-09 -0.00739073 0.00113513 -1.28393e-06
6062.45 3.71501e-09 6450.75 1.74569e-09 -0.00802675 0.00107032 -1.32401e-06
6157.07 -3.52502e-10 6544.99 -1.65804e-10 -0.00838556 0.000991179 -1.36194e-06
5457.1 -1.74747e-09 5855.6 -8.14274e-10 -0.00849055 0.00106101 -1.55587e-06
6116.4 1.12318e-08 6503.71 5.28148e-09 -0.00780178 0.00105346 -1.27555e-06
5812.6 3.6366e-10 6200.02 1.70468e-10 -0.00684032 0.000888908 -1.17681e-06
6044.19 1.01331e-08 6440.14 4.75506e-09 -0.00799864 0.000985939 -1.32336e-06
5270.65 -7.13577e-09 5655.48 -3.32511e-09 -0.00829215 0.00115824 -1.57327e-06
5636.91 1.11599e-08 6027.87 5.21806e-09 -0.0088179 0.00116084 -1.56431e-06
5556.05 -2.43969e-09 5944.09 -1.14021e-09 -0.00839989 0.00126551 -1.51185e-06
5761.6 -8.44006e-09 6138.36 -3.96101e-09 -0.00915385 0.00132334 -1.58877e-06
5898.19 2.55027e-09 6287.97 1.19609e-09 -0.007969 0.00097394 -1.35109e-06
5883.82 1.92527e-09 6267.81 9.0366e-10 -0.00837258 0.00132456 -1.42298e-06
5723.57 6.48998e-09 6106.76 3.04137e-09 -0.00849511 0.00113414 -1.48423e-06
5948.81 -2.11908e-09 6323.07 -9.96826e-10 -0.00804796 0.00119502 -1.35287e-06
5598.42 1.1167e-08 5972.79 5.23355e-09 -0.0082854 0.00115732 -1.47995e-06
5809.59 4.41905e-09 6184.59 2.07555e-09 -0.00783916 0.00106938 -1.34935e-06
5525.64 -8.40065e-09 5910.82 -3.92661e-09 -0.00757218 0.000999748 -1.37037e-06
5840.59 5.22167e-09 6229.35 2.4479e-09 -0.00810105 0.00105872 -1.38703e-06
5749.13 2.61629e-08 6138.04 1.22526e-08 -0.00758674 0.000920611 -1.31963e-06
6256.79 2.09147e-09 6635.58 9.8604e-10 -0.00747775 0.00119538 -1.19514e-06
5855.34 1.92538e-09 6235.45 9.04002e-10 -0.00720759 0.000927528 -1.23094e-06
6118.45 -4.12024e-09 6568.9 -1.91885e-09 -0.00876093 0.00128479 -1.43189e-06
6172.46 -1.1479e-08 6616.6 -5.35421e-09 -0.00872087 0.00105961 -1.41287e-06
6488.12 7.83367e-09 6921.01 3.67185e-09 -0.00837472 0.00104244 -1.29078e-06
6609.74 4.56585e-09 7031.57 2.14597e-09 -0.00654962 0.00105742 -9.90904e-07
6248.96 -8.50706e-09 6685.83 -3.97559e-09 -0.00705813 0.00097884 -1.12949e-06
6127.46 -6.6586e-09 6561.1 -3.10926e-09 -0.00956416 0.00124577 -1.56087e-06
6892.68 -8.28097e-09 7222.73 -3.95128e-09 -0.00681083 0.000977352 -9.88125e-07
6086.05 3.78182e-09 6509.44 1.76792e-09 -0.00797083 0.000923035 -1.30969e-06
6087.45 -9.11644e-09 6511.75 -4.26121e-09 -0.00904918 0.00124596 -1.48653e-06
5932.24 1.00783e-08 6353.83 4.7048e-09 -0.00788251 0.00108485 -1.32876e-06
6098.93 5.48219e-09 6524.49 2.56231e-09 -0.00799427 0.00123655 -1.31077e-06
5987.72 4.72156e-09 6411.62 2.2047e-09 -0.00836278 0.00104854 -1.39665e-06
6098.25 -1.23141e-08 6528.23 -5.75152e-09 -0.00861597 0.00109751 -1.41286e-06
6468.42 -2.95336e-09 6919.22 -1.38047e-09 -0.00889406 0.00123056 -1.375e-06
6556.94 -1.74199e-09 6975.29 -8.18754e-10 -0.00601274 0.000919832 -9.17004e-07
6656.41 9.34068e-10 7095.1 4.38157e-10 -0.00896043 0.00125711 -1.34613e-06
6562.61 4.79732e-09 6996.39 2.24994e-09 -0.00769738 0.000957653 -1.17291e-06
6205.43 -5.29103e-09 6642.6 -2.4714e-09 -0.00779193 0.00113679 -1.25566e-06
6431.66 1.0883e-08 6856.69 5.10418e-09 -0.00816018 0.00108017 -1.26875e-06
6029.65 -1.90349e-08 6457.37 -8.88706e-09 -0.00837534 0.000990429 -1.38903e-06
6056.42 -5.36491e-09 6491.03 -2.50285e-09 -0.00882367 0.00122256 -1.45691e-06
6405.54 -3.46078e-09 6825.93 -1.62382e-09 -0.00825624 0.00115523 -1.28892e-06
6135.36 5.21211e-09 6554.58 2.43938e-09 -0.00856232 0.000997915 -1.39557e-06
6309.6 -8.89462e-09 6744.53 -4.16052e-09 -0.00857956 0.00101891 -1.35976e-06
5557.59 3.9075e-09 5934.08 1.82979e-09 -0.00760859 0.00110505 -1.36905e-06
4827.57 9.18917e-09 5096.96 4.35175e-09 -0.00832144 0.00124788 -1.72373e-06
5776.61 1.09635e-08 6140.21 5.15714e-09 -0.00795416 0.00119481 -1.37696e-06
5418.79 9.12814e-09 5791.78 4.27015e-09 -0.0073151 0.00103476 -1.34995e-06
5708.42 2.79611e-10 6089.83 1.31049e-10 -0.00808777 0.00106326 -1.41681e-06
5662.97 1.1752e-08 6038.57 5.51052e-09 -0.00828098 0.00116359 -1.4623e-06
5055.91 -1.91916e-09 5425.55 -8.94207e-10 -0.00819547 0.00107723 -1.62097e-06
5603.41 9.84035e-09 5983.67 4.6075e-09 -0.00802999 0.00125046 -1.43305e-06
5245.68 5.95281e-09 5627.76 2.77433e-09 -0.00779754 0.000937471 -1.48647e-06
5667.95 8.31461e-09 6029.55 3.90799e-09 -0.00753927 0.000840665 -1.33016e-06
4987.66 1.65633e-08 5362.29 7.70306e-09 -0.00833307 0.00137184 -1.67074e-06
5224.02 -4.97341e-09 5591.93 -2.3231e-09 -0.00857164 0.000993459 -1.64081e-06
5719.77 2.72237e-10 6105.41 1.27521e-10 -0.00906619 0.0011167 -1.58506e-06
5758.91 -9.68214e-09 6139.76 -4.54078e-09 -0.00800892 0.00100073 -1.3907e-06
5360.56 8.64864e-10 5724.45 4.04943e-10 -0.00813892 0.00107641 -1.5183e-06
5460.68 1.14983e-08 5830.72 5.38427e-09 -0.00830849 0.00119099 -1.52151e-06
5261.17 -8.93535e-09 5632.77 -4.17294e-09 -0.00945454 0.00122708 -1.79704e-06
5874.18 -1.41865e-08 6250.05 -6.66668e-09 -0.00860882 0.00116608 -1.46554e-06
5420.47 5.41043e-09 5797.95 2.52909e-09 -0.00877474 0.00104259 -1.61882e-06
5587.35 2.16746e-09 5953.46 1.01709e-09 -0.00850882 0.00111787 -1.52287e-06
5023.37 -4.36922e-10 5384.95 -2.03792e-10 -0.00844595 0.00112305 -1.68133e-06
5233.77 7.71824e-09 5609.99 3.60032e-09 -0.00780587 0.000991739 -1.49144e-06
5628.6 9.03657e-09 6009.17 4.23213e-09 -0.00743238 0.000927186 -1.32047e-06
5611 -1.68543e-08 5950.38 -7.94648e-09 -0.00912044 0.00121263 -1.62546e-06
5774.25 1.04837e-09 6141.34 4.92854e-10 -0.00897053 0.00114937 -1.55354e-06
4698.23 -2.50078e-08 5064.05 -1.16006e-08 -0.00787015 0.000992291 -1.67513e-06
5576.5 -1.48487e-08 5938.76 -6.97147e-09 -0.00745002 0.00104898 -1.33597e-06
4781.93 1.2293e-08 5160.33 5.69577e-09 -0.00742499 0.000919562 -1.55272e-06
5262.54 -1.74208e-08 5633.83 -8.13637e-09 -0.00845642 0.00105043 -1.60691e-06
5721.23 5.20674e-09 6086.98 2.44694e-09 -0.0073023 0.00100923 -1.27635e-06
6195.55 -6.86552e-09 6608.03 -3.21848e-09 -0.00797239 0.00106932 -1.28679e-06
6106.03 7.51407e-09 6513.46 3.52202e-09 -0.00746147 0.00112033 -1.22198e-06
6483.16 8.69321e-09 6883.81 4.09363e-09 -0.0076634 0.00116468 -1.18205e-06
6067.49 2.75364e-09 6471.25 1.29091e-09 -0.00836467 0.00102427 -1.37861e-06
5587.45 1.66898e-08 5997.08 7.77488e-09 -0.00739827 0.00106689 -1.32409e-06
6687.89 -7.57234e-09 7101.78 -3.56551e-09 -0.008289 0.00101461 -1.2394e-06
6352.27 7.74635e-09 6768.86 3.6348e-09 -0.00906526 0.00114007 -1.42709e-06
6404.33 -7.69742e-09 6824.66 -3.61167e-09 -0.00798633 0.00106736 -1.24702e-06
6462.21 -9.79338e-09 6880.07 -4.59929e-09 -0.00837404 0.00104999 -1.29585e-06
5698.82 7.11013e-09 6116.13 3.31249e-09 -0.00740715 0.000942737 -1.29977e-06
6144.89 1.17254e-08 6548.61 5.50126e-09 -0.00771458 0.00115833 -1.25545e-06
6085.34 5.33962e-09 6505.02 2.49756e-09 -0.00805771 0.00120773 -1.32412e-06
5965.63 -8.46813e-09 6371.09 -3.96461e-09 -0.00807352 0.00123138 -1.35334e-06
6193.51 8.42964e-09 6615.45 3.94599e-09 -0.00819767 0.00116037 -1.32359e-06
6522.91 1.31503e-08 6934.38 6.18499e-09 -0.0082222 0.00101633 -1.26051e-06
6041.79 -9.83112e-09 6435.57 -4.61479e-09 -0.00892216 0.00120437 -1.47674e-06
6585.58 6.12826e-09 6983.75 2.88943e-09 -0.00845346 0.00110377 -1.28363e-06
5868.03 -1.51885e-08 6292.97 -7.08143e-09 -0.00885849 0.00121443 -1.50962e-06
6111.4 -1.21592e-08 6520.05 -5.69854e-09 -0.00756213 0.00106997 -1.23738e-06
6246.74 3.21222e-09 6648.43 1.50907e-09 -0.00809269 0.00106424 -1.29551e-06
6723.22 8.27303e-09 7124.05 3.90378e-09 -0.00841162 0.000955667 -1.25113e-06
5921.9 1.94731e-08 6337.44 9.09814e-09 -0.00737192 0.00102672 -1.24486e-06
5447.22 9.88439e-10 5863.45 4.59136e-10 -0.00822228 0.00107544 -1.50944e-06
6334.53 -1.19773e-08 6729.44 -5.63721e-09 -0.00817834 0.00121946 -1.29107e-06
6014.29 2.15433e-09 6418.49 1.00933e-09 -0.00810361 0.00121962 -1.34739e-06
5922.95 1.55094e-08 6340.16 7.24439e-09 -0.00755681 0.000971935 -1.27585e-06
6200.75 3.05211e-09 6603.03 1.43308e-09 -0.00765918 0.00110164 -1.2352e-06
6151.23 -3.26737e-09 6568.04 -1.53001e-09 -0.00869292 0.00108407 -1.4132e-06
6583.43 -7.83365e-09 6986.06 -3.69108e-09 -0.00815858 0.000990579 -1.23926e-06
5825.15 -1.57964e-09 6220.81 -7.39585e-10 -0.0081457 0.00108174 -1.39837e-06
5778.48 -2.96184e-09 6156.9 -1.3899e-09 -0.00838127 0.00123397 -1.45043e-06
6660.95 3.91128e-09 7071.38 1.84213e-09 -0.00802713 0.00102649 -1.2051e-06
5907.2 6.46152e-09 6313.72 3.02274e-09 -0.00740746 0.000915602 -1.25397e-06
6206.58 -1.43639e-08 6621.38 -6.73203e-09 -0.00818967 0.00114865 -1.31951e-06
5661.49 -9.66575e-09 6072.11 -4.50605e-09 -0.00835589 0.000960792 -1.47592e-06
5466.89 9.84842e-09 5857.4 4.59592e-09 -0.00810544 0.00105089 -1.48264e-06
5747 8.58476e-09 6161.56 4.00358e-09 -0.00897312 0.00114092 -1.56136e-06
6190.59 6.67111e-09 6592.55 3.13218e-09 -0.0081366 0.00106541 -1.31435e-06
6217.03 4.17708e-09 6622.72 1.9606e-09 -0.00734883 0.00111191 -1.18205e-06
6261.66 -1.00111e-08 6677.54 -4.69382e-09 -0.00755804 0.00111234 -1.20703e-06
6236.82 4.30538e-10 6645.96 2.02017e-10 -0.00738648 0.00109415 -1.18433e-06
5954.95 -1.16479e-08 6364.38 -5.44927e-09 -0.00812003 0.00109429 -1.36358e-06
5859.67 -5.44988e-09 6268.45 -2.54724e-09 -0.00778526 0.000981542 -1.32862e-06
6171.8 3.95843e-09 6562.33 1.86143e-09 -0.00712283 0.000865659 -1.15409e-06
5210.93 2.18041e-08 5621.86 1.01052e-08 -0.00805382 0.00106889 -1.54556e-06
5877.63 -3.44708e-09 6273.29 -1.61483e-09 -0.00757132 0.00099785 -1.28816e-06
6323.15 2.57314e-09 6724.29 1.20982e-09 -0.00939542 0.00114901 -1.48588e-06
6173.03 -1.38893e-08 6574.23 -6.52085e-09 -0.00807253 0.00102893 -1.30771e-06
6254.22 1.27928e-08 6680.83 5.98794e-09 -0.00753452 0.0010808 -1.20471e-06
6155.89 2.64921e-09 6552.68 1.2444e-09 -0.00852027 0.000991445 -1.38408e-06
5825.24 5.37522e-09 6231.98 2.5122e-09 -0.00765219 0.00104349 -1.31362e-06
6177.33 -3.70939e-12 6600.35 -1.73583e-12 -0.00857982 0.00112994 -1.38892e-06
5414.11 -4.25657e-10 5809.38 -1.98348e-10 -0.00742259 0.00100299 -1.37097e-06
6274.27 -3.37065e-09 6692.16 -1.58009e-09 -0.00871758 0.00104367 -1.38942e-06
6159.66 -4.53165e-10 6570.84 -2.12404e-10 -0.00752299 0.00115488 -1.22133e-06
5727.16 -1.00431e-08 6130.26 -4.69137e-09 -0.00806256 0.00119464 -1.40778e-06
5734.29 -4.56344e-09 6137.21 -2.13192e-09 -0.00805165 0.000966931 -1.40413e-06
5283.33 5.98876e-09 5685.6 2.78251e-09 -0.00786791 0.0010703 -1.4892e-06
5253.53 3.89149e-09 5662.26 1.80529e-09 -0.00811327 0.00103086 -1.54435e-06
5229.86 -1.59267e-08 5623.97 -7.40532e-09 -0.00821504 0.00104611 -1.5708e-06
5338.18 7.47163e-09 5713.67 3.49031e-09 -0.00713301 0.000957306 -1.33623e-06
5661.94 -1.59279e-10 6087.97 -7.40663e-11 -0.00699841 0.00108474 -1.23605e-06
5706.12 3.92611e-09 6118.57 1.83073e-09 -0.00778213 0.00107185 -1.36382e-06
5518.17 1.03689e-08 5911.89 4.83919e-09 -0.00744286 0.00113273 -1.34879e-06
5944.57 -1.26482e-09 6339.39 -5.93022e-10 -0.00806355 0.00109003 -1.35645e-06
5724.15 -6.15809e-09 6120.81 -2.8795e-09 -0.00725462 0.000996052 -1.26737e-06
6228.07 -8.52271e-09 6618.26 -4.01012e-09 -0.00786786 0.00126532 -1.26329e-06
5608.54 -1.98879e-08 6016.44 -9.26975e-09 -0.0087942 0.00118305 -1.568e-06
6020.71 1.02324e-09 6408.02 4.80697e-10 -0.00725473 0.00088352 -1.20496e-06
5705.62 6.36721e-09 6103.98 2.97584e-09 -0.00816804 0.00110128 -1.43158e-06
6260.6 2.43163e-09 6655.36 1.1437e-09 -0.00843712 0.00114095 -1.34765e-06
5728.85 -4.11243e-09 6116.08 -1.92603e-09 -0.00735682 0.00103165 -1.28417e-06
5980.05 -6.82724e-10 6365.43 -3.20695e-10 -0.0073119 0.00105832 -1.22271e-06
5521.41 -8.38759e-09 5907.69 -3.91958e-09 -0.00756162 0.0011819 -1.36951e-06
5933.31 -1.38575e-09 6311.41 -6.51366e-10 -0.0078048 0.000924282 -1.31542e-06
5907.16 5.99726e-09 6291.09 2.81563e-09 -0.00770065 0.000888269 -1.30361e-06
5985.35 -3.97338e-09 6382.99 -1.86292e-09 -0.00836253 0.00100853 -1.39717e-06
6042.02 8.21986e-09 6421.96 3.86678e-09 -0.00821069 0.00117398 -1.35893e-06
5643.37 1.53768e-08 6035.25 7.18918e-09 -0.00719216 0.000870341 -1.27444e-06
5777.74 -5.02604e-09 6175.42 -2.35119e-09 -0.00854417 0.00105257 -1.47881e-06
6332.39 -6.60348e-09 6716.83 -3.11276e-09 -0.00914275 0.00107048 -1.44381e-06
5787.26 1.24703e-08 6187.27 5.83204e-09 -0.00858758 0.00112384 -1.48388e-06
6036.2 -2.69755e-09 6431.12 -1.26595e-09 -0.0084599 0.00100687 -1.40153e-06
6561.96 4.4456e-10 6953.16 2.09774e-10 -0.00859989 0.00111783 -1.31057e-06
6292.25 2.3916e-09 6664.07 1.12908e-09 -0.00839316 0.00118914 -1.33389e-06
6604.1 -1.10619e-08 7046.93 -5.18337e-09 -0.00841007 0.00102186 -1.27346e-06
5920.47 -5.43659e-09 6360.93 -2.53007e-09 -0.00761943 0.00130632 -1.28696e-06
6303.9 -1.1271e-08 6748.44 -5.26427e-09 -0.00772129 0.00120679 -1.22484e-06
6189.86 1.19679e-08 6633.98 5.58336e-09 -0.00882517 0.00107459 -1.42575e-06
6188.77 5.85717e-09 6615.99 2.73948e-09 -0.00781519 0.00113195 -1.2628e-06
6348.38 7.02631e-09 6813.94 3.27312e-09 -0.00785968 0.00091296 -1.23806e-06
6552.22 2.06096e-09 6983.77 9.66802e-10 -0.00816081 0.00112699 -1.2455e-06
6716.25 1.74795e-09 7135.98 8.2257e-10 -0.00672256 0.000935365 -1.00094e-06
6577.33 -5.45278e-09 7009.07 -2.55845e-09 -0.00763454 0.00103247 -1.16074e-06
6079.92 -3.82104e-09 6543.81 -1.77508e-09 -0.00893066 0.00110019 -1.46888e-06
6144.57 -1.03102e-09 6600.57 -4.79895e-10 -0.00786614 0.00128583 -1.28018e-06
6489.45 1.27058e-08 6940.44 5.94009e-09 -0.00935581 0.00124421 -1.44169e-06
5728.69 -1.34209e-08 6162.45 -6.23811e-09 -0.00832843 0.00125174 -1.45381e-06
6466.27 1.55082e-08 6937.52 7.22736e-09 -0.00925617 0.00113056 -1.43145e-06
6448.53 6.13952e-09 6877.64 2.87823e-09 -0.00892444 0.0010868 -1.38395e-06
6139.74 -2.37742e-09 6563.37 -1.11199e-09 -0.00760312 0.000927773 -1.23835e-06
6314.23 7.77918e-09 6760.22 3.63298e-09 -0.00814823 0.00124364 -1.29046e-06
6404.53 -3.30952e-09 6847.25 -1.54777e-09 -0.00929551 0.00120417 -1.4514e-06
6491.52 1.32258e-08 6928.03 6.19625e-09 -0.00658021 0.000894473 -1.01366e-06
6248.37 6.12573e-09 6696.99 2.85769e-09 -0.0077689 0.0010408 -1.24335e-06
5913.98 3.41712e-09 6344.1 1.59272e-09 -0.00893896 0.00129315 -1.5115e-06
6750.16 -2.62547e-09 7175.73 -1.23488e-09 -0.00841052 0.00119361 -1.24597e-06
6618.26 -6.64395e-09 7031.9 -3.12656e-09 -0.00808773 0.000985723 -1.22203e-06
6271.01 -4.12766e-09 6701.45 -1.93127e-09 -0.00806559 0.000909338 -1.28617e-06
6612 -9.5483e-10 7069.53 -4.46518e-10 -0.00803504 0.00118103 -1.21522e-06
6408.34 1.50823e-09 6827.38 7.07832e-10 -0.00821343 0.0011663 -1.28168e-06
6527.03 -4.82379e-10 6945.31 -2.26664e-10 -0.00718135 0.00100036 -1.10025e-06
6703.09 -1.01225e-08 7125.64 -4.76112e-09 -0.00566566 0.00100105 -8.45231e-07
6518.71 -6.11708e-09 6979.58 -2.85658e-09 -0.00867332 0.00110416 -1.33053e-06
6279.41 7.06685e-09 6717.51 3.30298e-09 -0.00817661 0.000953872 -1.30213e-06
6430.48 1.17703e-09 6858.9 5.51756e-10 -0.00916957 0.00122098 -1.42595e-06
5977.45 -6.34431e-09 6426.63 -2.95044e-09 -0.00924496 0.00114375 -1.54664e-06
6227.04 1.12253e-08 6675.9 5.23529e-09 -0.00719965 0.00100115 -1.15619e-06
6357.59 1.11269e-08 6787.57 5.21101e-09 -0.00855453 0.00114053 -1.34556e-06
6520.6 -1.25258e-09 6960.52 -5.86708e-10 -0.00612102 0.000800396 -9.3872e-07
6501.36 1.41898e-08 6952 6.63499e-09 -0.00754695 0.00112953 -1.16083e-06
6693.61 -4.65e-10 7118.15 -2.18633e-10 -0.00725361 0.0010531 -1.08366e-06
6539.27 9.56258e-09 6984.36 4.4766e-09 -0.00731317 0.00101325 -1.11835e-06
6227.78 -1.46678e-08 6663.19 -6.85464e-09 -0.00926597 0.00108386 -1.48784e-06
5946.41 7.92273e-09 6399.83 3.68071e-09 -0.00751357 0.000848174 -1.26355e-06
6562.6 -3.02784e-09 7002.18 -1.41888e-09 -0.00891899 0.00113707 -1.35906e-06
5861.21 1.59399e-08 6285.26 7.43224e-09 -0.00821208 0.000979469 -1.40109e-06
6590.31 7.74106e-09 7035.07 3.62583e-09 -0.00560683 0.000724267 -8.50769e-07
6659.29 1.27587e-08 7103.57 5.98034e-09 -0.00871809 0.000999824 -1.30916e-06
6538.11 -9.4357e-10 6968.66 -4.42636e-10 -0.00896721 0.00112511 -1.37153e-06
5686.72 3.6282e-10 6073.69 1.69852e-10 -0.00826247 0.00112557 -1.45294e-06
5990.46 -1.05211e-08 6374.11 -4.94392e-09 -0.00885613 0.0011632 -1.47837e-06
5308.88 -1.72561e-09 5705.63 -8.0281e-10 -0.00803061 0.000981632 -1.51268e-06
5968.41 -7.14933e-09 6350.58 -3.35955e-09 -0.00854002 0.00117946 -1.43087e-06
5579.69 1.00305e-09 5953.14 4.70063e-10 -0.00816486 0.00108748 -1.46332e-06
6359.09 2.48931e-09 6755.04 1.1717e-09 -0.00862526 0.00124828 -1.35637e-06
5374.09 1.07476e-08 5758.4 5.01515e-09 -0.0086353 0.0010364 -1.60684e-06
5996.74 4.99268e-09 6381.88 2.34569e-09 -0.00740682 0.00110164 -1.23514e-06
5270.23 1.06138e-08 5655.04 4.94577e-09 -0.00907628 0.00113637 -1.72218e-06
6066.54 -1.77554e-09 6451.34 -8.34819e-10 -0.00845819 0.00112138 -1.39424e-06
5616.49 7.60196e-10 6008.45 3.55302e-10 -0.00828778 0.00100375 -1.47562e-06
5917.05 7.0108e-09 6307.05 3.28865e-09 -0.00768189 0.000916034 -1.29826e-06
5334.72 1.59696e-09 5720.17 7.44673e-10 -0.00893285 0.0010487 -1.67447e-06
5359.69 6.95895e-09 5760.89 3.23715e-09 -0.00745445 0.00108795 -1.39084e-06
5675.86 1.7715e-10 6064.08 8.29044e-11 -0.00867447 0.00119859 -1.52831e-06
5970.17 -1.20164e-08 6364.19 -5.63621e-09 -0.00811989 0.00113311 -1.36008e-06
5580.84 6.0028e-09 5964.9 2.80815e-09 -0.00887932 0.00113123 -1.59104e-06
5665.96 -1.58802e-11 6068.02 -7.414e-12 -0.00838672 0.00109986 -1.48019e-06
5496.22 -6.75129e-09 5880.68 -3.15495e-09 -0.00799373 0.00116013 -1.45441e-06
5785.31 9.87981e-10 6168.23 4.63324e-10 -0.00832587 0.0011469 -1.43914e-06
5027.03 -4.22053e-09 5409.48 -1.96107e-09 -0.00859833 0.00114947 -1.71042e-06
5517.25 -4.4268e-09 5908.26 -2.06692e-09 -0.00672867 0.000967906 -1.21957e-06
5637.46 -4.98133e-09 6031.78 -2.32784e-09 -0.00818879 0.000930811 -1.45257e-06
5430.23 -1.54518e-08 5814.58 -7.2152e-09 -0.00745389 0.00101406 -1.37266e-06
5619.36 -1.24665e-08 5989.56 -5.84797e-09 -0.0083726 0.0010826 -1.48996e-06
5706.6 1.3776e-08 6092.31 6.45192e-09 -0.00743096 0.00103778 -1.30217e-06
5839.66 2.09127e-09 6221.19 9.81507e-10 -0.00665341 0.00101797 -1.13935e-06
5457.25 -4.94764e-10 5854.54 -2.30595e-10 -0.00801832 0.000982132 -1.4693e-06
6113.19 -4.67854e-10 6489.87 -2.2035e-10 -0.00670455 0.00101861 -1.09674e-06
6395.02 -6.08836e-09 6811.6 -2.858e-09 -0.00559433 0.000698485 -8.74795e-07
6788.31 1.37177e-08 7192.5 6.4734e-09 -0.00854702 0.00126773 -1.25908e-06
6005.61 -6.27434e-10 6427.84 -2.93109e-10 -0.0080031 0.000884927 -1.3326e-06
6115.64 -2.62512e-09 6531.98 -1.2289e-09 -0.00936997 0.00127394 -1.53213e-06
6330.97 3.55132e-11 6733.92 1.66941e-11 -0.00806387 0.00108989 -1.27372e-06
6060.68 5.94267e-09 6484.72 2.77704e-09 -0.0077596 0.000962222 -1.28032e-06
6649.57 -4.25442e-10 7079.47 -1.99803e-10 -0.00798139 0.00103216 -1.20029e-06
6161.22 -1.2799e-08 6555.65 -6.01446e-09 -0.00815836 0.00102383 -1.32415e-06
6479.72 -9.4852e-10 6891.52 -4.45921e-10 -0.00811638 0.000941343 -1.25258e-06
6163.16 -7.25545e-10 6565.5 -3.40541e-10 -0.00889128 0.00104971 -1.44265e-06
6396.86 -5.82155e-09 6821.76 -2.72948e-09 -0.00793718 0.00117033 -1.24079e-06
6061.24 -5.55113e-09 6503.22 -2.58693e-09 -0.00814179 0.00097482 -1.34326e-06
6456.64 -1.10177e-08 6886.43 -5.16505e-09 -0.00817392 0.00111136 -1.26597e-06
6097.49 2.52307e-09 6496.61 1.18403e-09 -0.0076055 0.000960013 -1.24732e-06
6143.6 -1.41861e-08 6550.28 -6.65268e-09 -0.00844883 0.00109461 -1.37523e-06
5994.42 1.46554e-09 6392.2 6.8717e-10 -0.00842708 0.00103795 -1.40582e-06
6828.8 7.03382e-10 7238.76 3.31773e-10 -0.00886909 0.0011072 -1.29878e-06
5979.64 -3.93087e-09 6408.7 -1.83385e-09 -0.00818885 0.00104526 -1.36945e-06
6348.29 -2.20977e-09 6772.87 -1.03562e-09 -0.00858681 0.00102861 -1.35262e-06
6364.48 -4.75922e-09 6781.37 -2.23332e-09 -0.00886749 0.00127304 -1.39328e-06
5830.96 8.37514e-09 6249.52 3.90711e-09 -0.00850205 0.00105309 -1.45809e-06
6176.4 -2.52069e-09 6602.14 -1.17907e-09 -0.00856919 0.00103136 -1.38741e-06
6049.77 -2.3273e-09 6463.85 -1.0891e-09 -0.00763516 0.000905549 -1.26206e-06
6465.27 2.69962e-08 6889.45 1.2667e-08 -0.00821859 0.00093203 -1.27119e-06
6535.93 -1.31052e-08 6948.94 -6.16315e-09 -0.00767194 0.00124102 -1.17381e-06
5807.38 3.25254e-09 6237.55 1.51412e-09 -0.00819465 0.00120033 -1.41108e-06
6350.06 -6.25302e-09 6762.37 -2.93588e-09 -0.00843791 0.00104269 -1.32879e-06
6686.53 8.53365e-09 7107.97 4.01384e-09 -0.00840061 0.00113897 -1.25635e-06
6449.34 -6.4055e-09 6864.49 -3.00906e-09 -0.00874607 0.00114126 -1.35612e-06
5362.06 7.85064e-09 5796.91 3.63086e-09 -0.0077279 0.00102939 -1.44122e-06
6450.62 -6.62767e-09 6873.11 -3.11013e-09 -0.00822106 0.00114962 -1.27446e-06
6575.76 -2.45802e-09 6980.28 -1.15779e-09 -0.00840753 0.00109832 -1.27856e-06
5971.02 9.98432e-09 6393.26 4.66246e-09 -0.00782994 0.000984696 -1.31132e-06
6078.9 -2.60282e-09 6500.4 -1.21702e-09 -0.00784718 0.00125122 -1.29089e-06
6433.38 -4.21688e-12 6865.68 -1.97568e-12 -0.00794053 0.00102818 -1.23427e-06
6251.62 -1.2157e-08 6664.88 -5.70158e-09 -0.0079074 0.000921024 -1.26486e-06
6486.25 6.77478e-09 6915.96 3.17693e-09 -0.00774791 0.000948669 -1.19451e-06
6527.15 -1.31168e-08 6957.56 -6.1527e-09 -0.00876876 0.00123972 -1.34343e-06
6256.42 -8.59995e-09 6669.76 -4.0335e-09 -0.00621311 0.000895423 -9.93077e-07
6180.74 -8.01331e-10 6598.42 -3.75303e-10 -0.00873971 0.00103511 -1.41402e-06
6556.33 2.43412e-09 6982.17 1.14283e-09 -0.00847049 0.00103059 -1.29196e-06
6755.41 -8.11794e-09 7170.45 -3.82402e-09 -0.00756075 0.000981166 -1.11921e-06
6121.63 -2.49132e-09 6552.29 -1.16379e-09 -0.00864741 0.000984104 -1.4126e-06
6432.01 -6.84007e-09 6858.16 -3.20752e-09 -0.00851702 0.000978463 -1.32416e-06
5863.38 2.17474e-09 6278.42 1.01549e-09 -0.00720142 0.000997352 -1.2282e-06
6560.1 -5.7474e-09 6965.44 -2.70647e-09 -0.00765084 0.00113892 -1.16627e-06
6392.41 2.70569e-09 6807.21 1.27041e-09 -0.00811822 0.0012825 -1.26998e-06
6120.75 3.41053e-09 6546.79 1.59429e-09 -0.00781896 0.00117683 -1.27745e-06
6358.66 6.5669e-09 6776.42 3.08103e-09 -0.00853176 0.00100125 -1.34175e-06
5624.85 -1.72042e-09 6029.94 -8.02421e-10 -0.00847187 0.00108763 -1.50615e-06
5373.8 4.49009e-10 5794.81 2.08194e-10 -0.0074608 0.00101505 -1.38837e-06
5895.15 -1.8945e-08 6294.29 -8.87183e-09 -0.00919473 0.00149811 -1.55971e-06
6210.79 2.80792e-09 6608.37 1.31949e-09 -0.00882268 0.00100254 -1.42054e-06
6649.03 -1.40731e-08 7067.35 -6.62006e-09 -0.00792518 0.000995165 -1.19193e-06
6336.08 3.41229e-09 6752.25 1.60099e-09 -0.00843275 0.00100351 -1.33091e-06
5856.91 -9.85254e-10 6280.05 -4.59434e-10 -0.00798366 0.0009915 -1.36312e-06
5749.1 -1.45947e-08 6159.29 -6.81134e-09 -0.00780387 0.00111286 -1.35741e-06
5618.43 8.0699e-09 6009.28 3.77251e-09 -0.00868471 0.000998687 -1.54575e-06
5265.72 -1.14721e-08 5664.58 -5.33217e-09 -0.00831227 0.00106092 -1.57856e-06
6128.09 1.54877e-08 6515.89 7.28298e-09 -0.00808423 0.0008896 -1.31921e-06
6363.24 -1.03687e-08 6673.37 -4.9434e-09 -0.00841168 0.00102132 -1.32192e-06
6291.94 -5.97602e-09 6690.66 -2.80994e-09 -0.00820549 0.000922134 -1.30413e-06
5929.42 3.73217e-09 6322.87 1.74997e-09 -0.0074523 0.000893873 -1.25683e-06
6526.46 1.63206e-09 6935.84 7.67863e-10 -0.00743037 0.000867174 -1.1385e-06
6210.34 -1.50444e-09 6595.81 -7.0826e-10 -0.00868953 0.00101588 -1.39921e-06
6115.71 6.26453e-09 6423.54 2.98216e-09 -0.00801332 0.00107791 -1.31028e-06
6494.47 3.93396e-09 6904.45 1.85018e-09 -0.00724078 0.00100707 -1.11491e-06
5737.63 -9.95511e-09 6152.53 -4.64189e-09 -0.00713127 0.00108924 -1.24289e-06
6394.64 8.14742e-09 6805.04 3.82803e-09 -0.0083725 0.000945606 -1.3093e-06
5929.62 9.35734e-09 6321.43 4.38868e-09 -0.00801323 0.00124664 -1.35139e-06
6139.7 -1.08521e-08 6544.19 -5.09067e-09 -0.0088755 0.00105512 -1.44559e-06
5969.55 1.1435e-08 6374.41 5.35435e-09 -0.00865284 0.00115441 -1.4495e-06
6028.21 1.40881e-08 6422.61 6.6115e-09 -0.00863726 0.00118174 -1.43281e-06
5924.72 1.60395e-08 6324.28 7.51309e-09 -0.00760476 0.000995526 -1.28356e-06
5865.49 8.10113e-09 6274.5 3.78652e-09 -0.00792192 0.000993147 -1.3506e-06
4947.17 1.54611e-08 5329.72 7.17566e-09 -0.00884845 0.00115762 -1.78859e-06
6142.23 1.3287e-08 6555.37 6.22481e-09 -0.00799552 0.00121533 -1.30173e-06
5546.68 9.36237e-09 5948.93 4.36465e-09 -0.00810457 0.000961337 -1.46116e-06
5902.16 1.22927e-08 6307.23 5.75162e-09 -0.0075711 0.00108294 -1.28277e-06
5833.78 2.60013e-09 6217.47 1.21983e-09 -0.00744629 0.00114111 -1.27641e-06
6077.83 9.24412e-10 6477.96 4.33656e-10 -0.00767368 0.00120154 -1.26257e-06
5894.02 -7.06791e-09 6296 -3.30832e-09 -0.00793086 0.00108452 -1.34558e-06
5930.88 -9.06783e-09 6329.6 -4.24831e-09 -0.00884151 0.00107381 -1.49076e-06
5529 -1.98971e-09 5918.07 -9.2945e-10 -0.00865855 0.00113131 -1.56602e-06
5883.74 -1.23606e-08 6277.5 -5.79264e-09 -0.00844654 0.00114063 -1.43557e-06
6004.56 7.02914e-09 6293.77 3.35307e-09 -0.00819916 0.00101385 -1.36549e-06
6035.44 1.29313e-08 6427.58 6.0712e-09 -0.00830051 0.000997824 -1.37529e-06
6306.59 1.14485e-08 6737.24 5.35833e-09 -0.00800402 0.00104539 -1.26915e-06
6298.01 -3.19518e-09 6710.28 -1.49944e-09 -0.00728798 0.00106604 -1.15719e-06
6852.67 3.61233e-09 7269.47 1.7026e-09 -0.00906595 0.00110116 -1.32298e-06
6773.9 1.19191e-08 7097.19 5.68808e-09 -0.00781161 0.00107157 -1.15319e-06
5823.65 -3.50561e-09 6232.14 -1.63791e-09 -0.00791718 0.00140189 -1.35949e-06
6755.11 1.28355e-08 6961.76 6.22725e-09 -0.00828959 0.00109974 -1.22716e-06
6172.12 2.71938e-09 6599.91 1.27156e-09 -0.00781485 0.00101855 -1.26615e-06
5928.7 5.63357e-09 6375.63 2.61933e-09 -0.00708214 0.0010325 -1.19455e-06
6260.7 -4.96378e-09 6484.25 -2.39632e-09 -0.00861853 0.00115236 -1.37661e-06
6295.23 5.97523e-09 6719.7 2.79889e-09 -0.00921723 0.00110676 -1.46416e-06
5884.98 -5.70609e-09 6322.62 -2.65557e-09 -0.00712596 0.00117712 -1.21087e-06
6792.53 9.93901e-09 7203.8 4.68579e-09 -0.00747508 0.001128 -1.10049e-06
6264.86 -1.04678e-08 6693.34 -4.89884e-09 -0.00762035 0.000949496 -1.21636e-06
6268.58 -2.09192e-08 6682.55 -9.81168e-09 -0.00840301 0.00111735 -1.3405e-06
6765.12 -4.73394e-09 7193.55 -2.226e-09 -0.00810008 0.00113049 -1.19733e-06
6016.72 8.25604e-09 6437.14 3.85841e-09 -0.00812051 0.00110142 -1.34966e-06
6634.28 4.34139e-09 7055.66 2.04105e-09 -0.00724553 0.000994717 -1.09214e-06
6138.12 -6.07251e-09 6555.41 -2.84298e-09 -0.0079059 0.0012239 -1.288e-06
6617.31 -2.87706e-09 7054.49 -1.34938e-09 -0.00813709 0.00118386 -1.22967e-06
6233.99 8.18519e-09 6643.5 3.84032e-09 -0.00819956 0.00107456 -1.3153e-06
5511.89 6.20454e-09 5935.45 2.88089e-09 -0.00781819 0.000944683 -1.41842e-06
6547.2 -4.93986e-09 6966.31 -2.32133e-09 -0.00720208 0.00100438 -1.10002e-06
6264.97 -6.88116e-09 6682.04 -3.22583e-09 -0.00825147 0.00110608 -1.31708e-06
6464.92 1.67075e-09 6888.53 7.84002e-10 -0.00812944 0.00108159 -1.25747e-06
5837.06 5.49588e-09 6267.71 2.55913e-09 -0.00827837 0.00107 -1.41824e-06
5979.68 -1.73856e-08 6294.51 -8.25802e-09 -0.00773632 0.00106767 -1.29377e-06
6629.87 -1.69704e-09 7048.51 -7.98122e-10 -0.0078649 0.00128267 -1.18628e-06
6430.12 -9.16401e-09 6865.39 -4.2915e-09 -0.00951909 0.00113146 -1.48039e-06
