1.165466653225655236e-01 2.831421419621449331e-02 -4.221852474834175695e-02 -1.026423547704364836e-01
1.149074358591883893e-01 3.052999841352033172e-02 -4.231728207287854815e-02 -1.031201521998337256e-01
1.283751959606549420e-01 3.173117357089783042e-02 -3.717730732950474959e-02 -1.229290622020471346e-01
1.039998408586857437e-01 2.881213675563731869e-02 -2.612286944033570535e-02 -1.066891081739864688e-01
1.328838262805938086e-01 3.784867201602803988e-02 -4.623143145679264876e-02 -1.245010668398300879e-01
1.077604909010725365e-01 3.054591321164679130e-02 -2.643902319828939085e-02 -1.118673809144272724e-01
1.376740634433364363e-01 4.821442380419238560e-02 -5.380865604837659077e-02 -1.320798311991477902e-01
1.184963570182118175e-01 4.854042405548675276e-02 -4.881881503167395664e-02 -1.182179660420281664e-01
1.184205283440080692e-01 2.516343198318082841e-02 -2.429480775004400073e-02 -1.192891525771466732e-01
1.249464002389899520e-01 5.223871970349325267e-02 -4.127942968952069691e-02 -1.359056902529633959e-01
1.206118967267029163e-01 3.721784011317019747e-02 -2.641447608969205163e-02 -1.314152607501801739e-01
1.279308514178980616e-01 4.831585344744571131e-02 -5.733371417932975334e-02 -1.189129906860122432e-01
1.461229077643340091e-01 5.169717800155648746e-02 -5.127864268384030311e-02 -1.465414430820484171e-01
1.265491176623658731e-01 4.573950004316529316e-02 -4.092604413582368039e-02 -1.313625735697065977e-01
1.363455690083039684e-01 3.391111205174013321e-02 -4.109103864189833644e-02 -1.291656424181448770e-01
1.175486836006278679e-01 4.873265850998098614e-02 -4.456273942104083119e-02 -1.217186026895671347e-01
1.393232960484285243e-01 3.335501351376901624e-02 -4.854665938409663539e-02 -1.241316501781009052e-01
1.163852058704764048e-01 3.737776080702914783e-02 -3.382269599443787911e-02 -1.199402706830667853e-01
1.276980789626289692e-01 3.550103615642008492e-02 -3.747423747713973796e-02 -1.257248776419093161e-01
1.037213834741930185e-01 4.177272195267178745e-02 -2.524966167523245986e-02 -1.202444437516332343e-01
1.382628864351671538e-01 4.503886475874985251e-02 -5.800793440570473081e-02 -1.252938167882122755e-01
1.112046801573960408e-01 2.867376160365608939e-02 -3.617495382184454655e-02 -1.037034879392075837e-01
1.231909262270765026e-01 4.715701233764413303e-02 -5.297608030854039640e-02 -1.173718582561802393e-01
1.147957560829038215e-01 4.219726893869601980e-02 -3.634416491816505612e-02 -1.206488601034365615e-01
1.221969138212131156e-01 4.317979300381757923e-02 -4.063620656112476581e-02 -1.247405002639059290e-01
1.079409553095009855e-01 5.101814722594077978e-02 -3.569039508288973650e-02 -1.232687074525502524e-01
1.221961111698535163e-01 4.776788514218743842e-02 -5.277804799650098744e-02 -1.171859483155373027e-01
1.170137908167205865e-01 6.297127376733957504e-02 -4.875970770870718951e-02 -1.312253568753494193e-01
1.389969458012476622e-01 3.421929754217156727e-02 -5.506730678075300034e-02 -1.181489365626688937e-01
1.196834444220478133e-01 4.462670340559959925e-02 -3.835320779143813752e-02 -1.259569400362092750e-01
1.235009656593950567e-01 3.412950735063358110e-02 -3.858280188822416079e-02 -1.190476711218071415e-01
1.029597918292850522e-01 4.343776396771747983e-02 -2.872498856002358991e-02 -1.176725672369798303e-01
1.116142970000453261e-01 2.695674312881379819e-02 -3.284222358638544392e-02 -1.057288165424736803e-01
1.075104337582448721e-01 4.760401777015843550e-02 -5.134997068144642185e-02 -1.037644808469577740e-01
1.049587628812966855e-01 4.364617843412599285e-02 -3.911513041756276010e-02 -1.094898108978590301e-01
1.077365729920289894e-01 4.103555540441838900e-02 -4.640901294946608857e-02 -1.023631154469821780e-01
1.108763621667483434e-01 6.351824822228380185e-02 -6.232581841578177517e-02 -1.120687919732494819e-01
1.189247235962174187e-01 5.083502004561779586e-02 -3.630176171415566699e-02 -1.334579819276804358e-01
1.209233841223138484e-01 4.086489220576350334e-02 -4.629081642273025210e-02 -1.154974599053470996e-01
1.065431780880770063e-01 2.639498332549017334e-02 -2.190357069525905587e-02 -1.110345907183081238e-01
9.358525291447250538e-02 3.431768745630225936e-02 -2.457832845678531442e-02 -1.033246119139894503e-01
9.768481078304436238e-02 3.872863171530305237e-02 -3.495271710631353557e-02 -1.014607253920321028e-01
1.041235772710633611e-01 3.892974145628524951e-02 -3.487167047284511767e-02 -1.081816482545061575e-01
1.148338074556169985e-01 3.560195486996953207e-02 -4.302359397911903471e-02 -1.074121683464648314e-01
1.041423986074496710e-01 4.765333833573315303e-02 -4.769147542988516619e-02 -1.041042615132976579e-01
1.179048271384122160e-01 4.452900921993041550e-02 -4.598661710740348241e-02 -1.164472192509400372e-01
1.071454291190221397e-01 4.561348232572903783e-02 -2.982187603566277545e-02 -1.229370354090875139e-01
1.001229833840593386e-01 3.402433998685161498e-02 -3.695962684196008041e-02 -9.718769652895087319e-02
1.259556568786805997e-01 3.082495575857535641e-02 -3.299653466771790278e-02 -1.237840779695371651e-01
1.207418963883597485e-01 4.389210238415230947e-02 -5.024500141547161292e-02 -1.143889973570377805e-01
9.822537127355790432e-02 4.696465232084978680e-02 -4.007578556446489415e-02 -1.051142380299427970e-01
1.145987198635216586e-01 2.494308030853531477e-02 -3.074146086863649430e-02 -1.088003393034195909e-01
1.339768390888904648e-01 4.362289240912797794e-02 -4.951390061658056396e-02 -1.280858308814378788e-01
1.161914343564323104e-01 3.202878245559492854e-02 -2.985586950028462638e-02 -1.183643473117408362e-01
1.029843972727011447e-01 3.893607952253219651e-02 -2.757151200702523397e-02 -1.143489647882081073e-01
1.047029512399362261e-01 3.385236572141536726e-02 -4.231081205158204739e-02 -9.624450490976865780e-02
1.088515884904976971e-01 5.080550432184516296e-02 -4.580776770691930011e-02 -1.138493251054226718e-01
9.332283623316683929e-02 2.805507741334700711e-02 -2.024666674888209172e-02 -1.011312468976299783e-01
1.023689469877702152e-01 3.967201836834810535e-02 -3.603170461925220280e-02 -1.060092607368687823e-01
1.400045976545429838e-01 3.552307798795162341e-02 -4.536294612363711565e-02 -1.301647295188574915e-01
1.018401061138956010e-01 3.608517364687013895e-02 -3.156510793118183500e-02 -1.063601718295812404e-01
1.082922991581645178e-01 4.258589909474164159e-02 -2.960190682943775187e-02 -1.212762914234666312e-01
1.061492378536517123e-01 4.332180548459163560e-02 -3.378412482435066977e-02 -1.156869185138917899e-01
1.118268117346730151e-01 4.915343876228739362e-02 -3.479424467814418165e-02 -1.261860058188162270e-01
1.163745828333588861e-01 3.016735458057961949e-02 -3.215686621081914609e-02 -1.143850712031184713e-01
1.136630828094302714e-01 3.305624594472433841e-02 -4.017829779968984383e-02 -1.065410309544683187e-01
1.089248187003315493e-01 3.121791204773494144e-02 -3.327709741146112066e-02 -1.068656333366044819e-01
1.194692543940929497e-01 4.195116910209417682e-02 -4.344363506876547376e-02 -1.179767884274234291e-01
1.236435820186754242e-01 3.438534336477871989e-02 -3.704127684444458168e-02 -1.209876485390104506e-01
1.067848361573711102e-01 4.017354097410485991e-02 -2.492884615691703942e-02 -1.220295309745598189e-01
1.101465269810333325e-01 4.266054854732548307e-02 -4.122350890014647717e-02 -1.115835666282114502e-01
1.297496608560040343e-01 3.841289615182841288e-02 -4.191013924665476509e-02 -1.262524177611776821e-01
1.232645406599948146e-01 3.887056567643565330e-02 -4.429281704532606057e-02 -1.178422892911035191e-01
1.244083784213279031e-01 4.839053762106093615e-02 -4.847962439007602597e-02 -1.243192916523110370e-01
1.181257276968254999e-01 2.882642228929999106e-02 -2.441786593600969724e-02 -1.225342840501140174e-01
1.388505814278646611e-01 2.967808178833042376e-02 -3.671685828771309446e-02 -1.318118049284802140e-01
1.171722668646433263e-01 3.225304094409953137e-02 -3.972034157273984789e-02 -1.097049662360030098e-01
1.088022611649046567e-01 4.621503026751483389e-02 -3.750422435354927586e-02 -1.175130670788728793e-01
1.059157762889437748e-01 3.537686406001316897e-02 -3.512518605812875450e-02 -1.061674542908281893e-01
1.206868371944782581e-01 3.765365028593148367e-02 -4.164381984330223219e-02 -1.166966676371057332e-01
1.189652508638250339e-01 2.815281281246484468e-02 -3.974831289369262777e-02 -1.073697507826008035e-01
1.385567182975568912e-01 2.861516154993637429e-02 -4.002848892563815042e-02 -1.271433909218560032e-01
1.320372810148056075e-01 4.041182448678082295e-02 -2.427016127796655098e-02 -1.481789442236189913e-01
1.064047809249046850e-01 4.881340517970755855e-02 -4.520577748473186830e-02 -1.100124086198794870e-01
1.051464468476330794e-01 3.577817718100195776e-02 -4.833344575649878294e-02 -9.259117827213714236e-02
1.192806740623408857e-01 4.190887278755006662e-02 -5.278384134535940575e-02 -1.084057055045315465e-01
9.272521671075573124e-02 4.263231545624179830e-02 -2.394520291523782873e-02 -1.114123292517614772e-01
1.123957298296787144e-01 3.953099246346880591e-02 -4.281683750084930296e-02 -1.091098847922964410e-01
1.203209257083077688e-01 2.105838447535024471e-02 -3.109572940420868292e-02 -1.102835807794466660e-01
1.033437313072926855e-01 4.765461572401896717e-02 -3.392018361155013650e-02 -1.170781634197641807e-01
1.015665552787146098e-01 4.202605826532845867e-02 -3.287638027464190316e-02 -1.107162332694038298e-01
1.192880100211324290e-01 4.180985493818667464e-02 -4.033450392199622314e-02 -1.207633610373219923e-01
1.226319074013009214e-01 2.676615204812815563e-02 -2.442079523297024934e-02 -1.249772642164597158e-01
1.065391423313712949e-01 2.414119174789153277e-02 -3.341838879338698831e-02 -9.726194528587672750e-02
1.064999172394109905e-01 4.464301772903667143e-02 -3.182661592573232667e-02 -1.193163190427117826e-01
1.091525793458805182e-01 3.634390238139229012e-02 -3.437436205546440249e-02 -1.111221196718101822e-01
1.064928301125345200e-01 3.708179757946528099e-02 -3.691556829538011897e-02 -1.066590593966161293e-01
1.252028318172593302e-01 3.458826066057341109e-02 -2.813394162395699283e-02 -1.316571508538739721e-01
1.141158486258300186e-01 3.787070218147992051e-02 -3.290423522941932077e-02 -1.190823155778923947e-01
1.211014582315090848e-01 4.048116580361860173e-02 -3.045588096037743497e-02 -1.311267430747493634e-01
1.163844856797808802e-01 2.764004292589206102e-02 -2.001392028951709534e-02 -1.240106083161558459e-01
1.141576931604362244e-01 3.897963338087517826e-02 -4.934928797776638731e-02 -1.037880385635450153e-01
1.206288350448696534e-01 4.015188380896450582e-02 -4.085567884857255194e-02 -1.199250400052598309e-01
1.090446858230400551e-01 3.845034300166005892e-02 -3.236828203452279951e-02 -1.151267467901782027e-01
1.157469479574002591e-01 4.421777554654227060e-02 -3.834214145414271968e-02 -1.216225820497989218e-01
1.175077563774236111e-01 4.513396316893647509e-02 -4.764441764224702780e-02 -1.149973019041130584e-01
1.172313712107841965e-01 3.917165453108406581e-02 -5.086628948361404667e-02 -1.055367362582551038e-01
1.247779993518953745e-01 2.983364501861807128e-02 -2.765796746812654305e-02 -1.269536769023877909e-01
1.125180094281734711e-01 2.670321617623283572e-02 -4.049908293783133217e-02 -9.872214266657763915e-02
1.226604435547651306e-01 4.568760953082495746e-02 -5.282134952608164014e-02 -1.155267035595102243e-01
1.341510654111885970e-01 3.973198887695872372e-02 -4.727655479271675176e-02 -1.266064994954332334e-01
1.343605963362897171e-01 3.252552833262534193e-02 -3.941486990779274890e-02 -1.274712547611223101e-01
1.094821680364654881e-01 3.808147306761533457e-02 -3.902221307763920066e-02 -1.085414280264416220e-01
1.122394961357882082e-01 2.913786348244595814e-02 -3.198568350980046660e-02 -1.093916761084328115e-01
1.224499214092986676e-01 4.190963872827069281e-02 -3.820045388457327107e-02 -1.261591062529978657e-01
1.303854279976999209e-01 4.338771456617518396e-02 -4.382072956639859740e-02 -1.299524129974747311e-01
1.001259028961465347e-01 2.244793910074971421e-02 -2.881234769074048074e-02 -9.376149430615399183e-02
1.086349746175558906e-01 3.397700657551894210e-02 -3.214636444156848682e-02 -1.104656167515063458e-01
1.355460260330145772e-01 3.421813238443061067e-02 -3.267825738841789729e-02 -1.370859010290290669e-01
1.216385160592716730e-01 5.265570334113256479e-02 -5.221638061876188175e-02 -1.220778387816405797e-01
1.153689248942040280e-01 3.761429579471098350e-02 -4.792134933237690575e-02 -1.050618713565345530e-01
1.256813491871637822e-01 3.799856812967483677e-02 -4.546577910727300775e-02 -1.182141382095629467e-01
1.165748600505827071e-01 3.498169741312651126e-02 -2.895854314976720190e-02 -1.225980143139411283e-01
1.285597690952817729e-01 3.703707686961621448e-02 -3.979309543285136641e-02 -1.258037505320501737e-01
1.189763957939860006e-01 4.117765502770520669e-02 -3.344766664098663966e-02 -1.267063841807036795e-01
1.287136856891661907e-01 4.095340602045194345e-02 -3.834442225748535549e-02 -1.313226694521327786e-01
1.257268948854592949e-01 3.159227181799728612e-02 -4.080334595067114378e-02 -1.165158207527845491e-01
1.186029906552050761e-01 4.272087189351658765e-02 -4.732716997112440538e-02 -1.139966925775981466e-01
1.204624353834446993e-01 3.195648868984513058e-02 -2.362944928459587146e-02 -1.287894747886912938e-01
1.164682255699549529e-01 4.070115519325501197e-02 -4.556234938427383696e-02 -1.116070313789379043e-01
1.337190464192161699e-01 5.073351908553203060e-02 -5.224502122275875848e-02 -1.322075442819876656e-01
1.098829971106587422e-01 4.392134621923027282e-02 -3.371864332377505491e-02 -1.200857000061121838e-01
1.337862489548085065e-01 4.381013678323153471e-02 -3.981470535584286097e-02 -1.377816803821971803e-01
1.290078894692472389e-01 4.778349472905674133e-02 -5.552586827575378692e-02 -1.212655159225493051e-01
1.334210014524961352e-01 3.659625244461661708e-02 -4.573778612481760319e-02 -1.242794677722933727e-01
1.335782087222892045e-01 4.299885309789530652e-02 -4.062908476227278243e-02 -1.359479770579126168e-01
1.339105776840208151e-01 3.886380110901299645e-02 -5.247442794269563393e-02 -1.202999508503364012e-01
1.414967401254738633e-01 2.292779383444099039e-02 -3.565591741361018308e-02 -1.287686165463064469e-01
1.276933257986900827e-01 5.300300302559435295e-02 -5.115234971789295315e-02 -1.295439791063905943e-01
1.389356945805193533e-01 4.340868742586234674e-02 -3.756799842950542256e-02 -1.447763835768736129e-01
1.320736112499405479e-01 5.186571532767736414e-02 -3.873527863402959071e-02 -1.452040479435892095e-01
1.367322038280347485e-01 3.303086438979896400e-02 -5.700397740098495092e-02 -1.127590908168505379e-01
1.343825498528286033e-01 2.947785641186850825e-02 -2.823670834196612134e-02 -1.356236979227318784e-01
1.244346202841022375e-01 5.621792269233161221e-02 -4.085562934715358807e-02 -1.397969136292820380e-01
1.373516698806174219e-01 3.343977920256246961e-02 -3.739841735033699877e-02 -1.333930317328420045e-01
1.127878783816917974e-01 3.456093800023829488e-02 -3.919687638158109166e-02 -1.081519400003498887e-01
1.387692456170048771e-01 4.698960746377878195e-02 -4.098688743250278321e-02 -1.447719656482817641e-01
1.474486854332415220e-01 3.980695726357730280e-02 -4.748052287056836462e-02 -1.397751198262504602e-01
1.439032485421405383e-01 4.049799294307554476e-02 -3.219525956515933984e-02 -1.522059819200602959e-01
1.300970173696711640e-01 4.000215991448197173e-02 -3.812583977910311006e-02 -1.319733375050500257e-01
8.516491258700487066e-02 4.048019522909829249e-02 -4.154548958764348043e-02 -8.409961822846234725e-02
1.202257324062481203e-01 4.557378311207926913e-02 -4.980788525271950817e-02 -1.159916302656052167e-01
1.068059416453817079e-01 3.285642587290471539e-02 -1.591896900747258314e-02 -1.237433985108165047e-01
1.334193624535133793e-01 4.998567965278599701e-02 -3.700879018472758020e-02 -1.463962519215717961e-01
1.470957087464643820e-01 2.462146158105849025e-02 -3.657887345573485049e-02 -1.351382968717880217e-01
1.150402601126776503e-01 4.328320250798789459e-02 -3.578629118646059482e-02 -1.225371714342022855e-01
1.352328270758436091e-01 4.953445501713638066e-02 -5.895259746953041002e-02 -1.258146846234522442e-01
7.528020154093439942e-02 2.407790472969484341e-02 -1.810469602803532752e-02 -8.125341024259391531e-02
1.298006866064937981e-01 2.905094796023810488e-02 -2.543481598793473353e-02 -1.334168185787980576e-01
1.113798725141821322e-01 4.674785170838013926e-02 -4.553488701296704022e-02 -1.125928372095925667e-01
1.173542554003965677e-01 4.121687329322210047e-02 -2.704265968213359628e-02 -1.315284690114868482e-01
1.396065439422482513e-01 4.640101200783153246e-02 -5.553734231280316180e-02 -1.304702136372792864e-01
1.310855558248160690e-01 3.409215050585601148e-02 -3.458805570396261686e-02 -1.305896506267103518e-01
1.346298770603890915e-01 5.365780453487190016e-02 -6.771684035617209219e-02 -1.205708412390915640e-01
1.255041851590625868e-01 3.693784304409764019e-02 -3.628690773966969374e-02 -1.261551204634905332e-01
1.344644798462848456e-01 3.803269341444881491e-02 -3.530719409061600089e-02 -1.371899791701167715e-01
1.335433127080074556e-01 4.411097872172842216e-02 -5.335252484604513512e-02 -1.243017665836907426e-01
1.356312677102380349e-01 2.412541270305901264e-02 -3.410376597328834691e-02 -1.256529144400078124e-01
1.226911196257978176e-01 5.575136469873154255e-02 -4.853661241340034849e-02 -1.299058719111307880e-01
1.180636238340992961e-01 5.123727527826726913e-02 -3.803257917877456151e-02 -1.312683199335911155e-01
1.139802822552749006e-01 5.425349891151132198e-02 -3.797957753335001740e-02 -1.302542036334362052e-01
1.227502846686077120e-01 4.429127106570263095e-02 -5.951449571290989837e-02 -1.075270600213977801e-01
1.114872652354552685e-01 5.422554931567358238e-02 -4.421173565148528439e-02 -1.215010788996435664e-01
1.078509723645666440e-01 4.779193571724249523e-02 -4.344071755435052751e-02 -1.122021905274603881e-01
1.410802006957840860e-01 4.722080364601843883e-02 -4.479762213106042168e-02 -1.435033822107412149e-01
1.467953592383475225e-01 3.908702588262524813e-02 -5.043586284618228888e-02 -1.354465222747922581e-01
1.227379310146412550e-01 3.854451750647047703e-02 -3.105164683354466604e-02 -1.302308016875652896e-01
1.147135798847038757e-01 3.508313569323906478e-02 -2.896783791267409924e-02 -1.208288776652679530e-01
1.321179160413388232e-01 5.668937508474591880e-02 -4.655276301718913601e-02 -1.422545281088938296e-01
1.217971392637222650e-01 4.861697977642709390e-02 -4.703352323706688765e-02 -1.233805958030824712e-01
1.354437521825886392e-01 5.099277064031060291e-02 -6.272348579831987792e-02 -1.237130370245820288e-01
1.337796366678158932e-01 3.035528264303266610e-02 -6.194035466825464908e-02 -1.021945646425912457e-01
1.160953527382053707e-01 4.646482854768230197e-02 -3.093708967613473249e-02 -1.316230916097556047e-01
1.179736960682262747e-01 3.914173604224480130e-02 -3.144750887600977762e-02 -1.256679232344577457e-01
1.418580543647953718e-01 4.170566805069331195e-02 -3.873017603507822315e-02 -1.448335463804113488e-01
1.145392842321983906e-01 5.022999567867980630e-02 -4.082969104196365606e-02 -1.239395888689172054e-01
1.194546166796328635e-01 4.061319011732944517e-02 -3.622035784487387389e-02 -1.238474489520902111e-01
1.284619107449422870e-01 2.801269511519688393e-02 -1.925668099571442582e-02 -1.372179248644229688e-01
1.334553645283591550e-01 4.696910388783415158e-02 -4.657552801580244761e-02 -1.338489404003926353e-01
1.324089537285830787e-01 4.744732669161333405e-02 -5.416019326755705521e-02 -1.256960871526384693e-01
1.440220439940960162e-01 4.417927511938568585e-02 -5.469788767532968166e-02 -1.335034314381511322e-01
1.287524978434344547e-01 5.664040578460305397e-02 -5.592167334095865527e-02 -1.294712302870770770e-01
1.245323821861248348e-01 4.948174718368658631e-02 -5.128091607639362337e-02 -1.227332132934169096e-01
1.189422557198405173e-01 4.747824677248857483e-02 -2.839014418584806521e-02 -1.380303583064801387e-01
1.397001828927209033e-01 4.313386942007113589e-02 -5.492999260821562757e-02 -1.279040597045764116e-01
1.411655825573756573e-01 5.412336357062486059e-02 -5.569208636159661552e-02 -1.395968597664039024e-01
1.418500711149182081e-01 4.747476892951674188e-02 -4.642415826588131011e-02 -1.429006817785545280e-01
1.431455172380511343e-01 3.635904202670570129e-02 -3.590881861202177561e-02 -1.435957406527315072e-01
1.150768574934692978e-01 5.177913132612577130e-02 -4.586838217577593468e-02 -1.209876066438182463e-01
1.390542087608075406e-01 3.971013120044464273e-02 -3.707510825266524535e-02 -1.416892317085860498e-01
1.334824812666175475e-01 2.898282368739568682e-02 -2.740004508223137236e-02 -1.350652598717800856e-01
1.204154298489061858e-01 4.266344812131528386e-02 -4.483674137629822809e-02 -1.182421365939232416e-01
1.089538080903746931e-01 3.915313109435558658e-02 -4.012045023065358151e-02 -1.079864889540775863e-01
1.361677159565726214e-01 4.269960371024161816e-02 -4.248501587321218409e-02 -1.363823037936038318e-01
1.310197035153892742e-01 3.887300775586055579e-02 -3.609468365398527112e-02 -1.337980276172645588e-01
1.166768662766806131e-01 4.423213894776267807e-02 -4.660569026639649337e-02 -1.143033149580467978e-01
1.177017113593645803e-01 3.687419676495018450e-02 -4.353219005324593383e-02 -1.110437180710697191e-01
1.230371286721627655e-01 3.359147295809528089e-02 -2.380524944855810787e-02 -1.328233521816999385e-01
1.228324237275835173e-01 3.941958617395791009e-02 -4.050252220295735839e-02 -1.217494876985814045e-01
1.154043477203794410e-01 4.019401230002106473e-02 -4.304496266610957633e-02 -1.125533973542900412e-01
1.284681181967677333e-01 2.657473773877594425e-02 -2.864476455970788038e-02 -1.263980913758331326e-01
1.345975651844826260e-01 3.091683166495329260e-02 -5.294504882618511488e-02 -1.125693480232499155e-01
1.069681587847215454e-01 2.881194112787976991e-02 -3.526215391145193223e-02 -1.005179460011511594e-01
1.223247904927289298e-01 4.552801347001977916e-02 -4.022445090829052106e-02 -1.276283530544555234e-01
1.283069431705126107e-01 4.422116974402889866e-02 -4.388153718967124917e-02 -1.286465757248738129e-01
1.258753774006393655e-01 2.556316080290432780e-02 -3.135083129078797270e-02 -1.200877069127539443e-01
1.349755082688126606e-01 5.462133309211214538e-02 -5.271614647152844668e-02 -1.368806948893945830e-01
1.173458504381041934e-01 1.912736335335463167e-02 -3.179027824497904220e-02 -1.046829355464797828e-01
1.277746815180762496e-01 5.437030405081966222e-02 -4.001328219156263799e-02 -1.421317033773341620e-01
1.122605182613476416e-01 3.941719760318207477e-02 -4.723453712805358862e-02 -1.044431787364743514e-01
1.164984461931508619e-01 3.236703311021660312e-02 -3.471792396467332509e-02 -1.141475553386932518e-01
1.190977393814218743e-01 3.528024460725198708e-02 -3.713975580733741566e-02 -1.172382281813364457e-01
1.208099116769494330e-01 4.768101532750623761e-02 -3.729687623846444922e-02 -1.311940507659929978e-01
1.192977841310236542e-01 4.830088171988311530e-02 -3.642710898427381494e-02 -1.311715568666338427e-01
1.165334995219691194e-01 3.882485746053898623e-02 -3.531686790849608570e-02 -1.200414890740111318e-01
1.133758613905868629e-01 5.035516316637522749e-02 -4.870251593694518988e-02 -1.150285086200177886e-01
1.270524430884609757e-01 4.754625457368266694e-02 -2.814693750724206467e-02 -1.464517601549024661e-01
1.179514020713616773e-01 3.432521403307475794e-02 -3.300546803616821734e-02 -1.192711480682664416e-01
1.219406372818605533e-01 3.215317072880985450e-02 -3.442686622391555318e-02 -1.196669417867566310e-01
1.115100391328791574e-01 4.502577790141959468e-02 -4.921500379839915951e-02 -1.073208132359004807e-01
9.938751449905591784e-02 4.651617252204509612e-02 -2.997625667002168370e-02 -1.159274303510819948e-01
1.182885788801133486e-01 4.974640070741465081e-02 -4.191860717434980899e-02 -1.261163724131799668e-01
1.087514394655935135e-01 4.158235068483495667e-02 -3.470044449004916487e-02 -1.156333456603775289e-01
1.115849769543935111e-01 5.962260176038913784e-02 -6.181197802845161959e-02 -1.093956006863319175e-01
9.615239970311240114e-02 4.180150948868721628e-02 -3.671707206436014559e-02 -1.012368371274394718e-01
1.093423372445849751e-01 4.150291366543790161e-02 -3.729542685630260479e-02 -1.135498240537184955e-01
1.218995969986060857e-01 4.086209466087975528e-02 -4.663032339449646457e-02 -1.161313682649893764e-01
1.275201146573365918e-01 3.594739828968585016e-02 -4.446362856042362921e-02 -1.190038843865988127e-01
1.292850658523407859e-01 1.896199785455543463e-02 -3.838884802007314079e-02 -1.098582156868257442e-01
1.154757186464792085e-01 4.191346791547534423e-02 -3.298106120877797309e-02 -1.244081253531748033e-01
1.189202765933936590e-01 4.302403480928962409e-02 -3.763818012366115795e-02 -1.243061312790203488e-01
1.119787706650541281e-01 4.457158029343410988e-02 -2.596691256787941882e-02 -1.305834383906079310e-01
1.100503238935921502e-01 4.329296598110499161e-02 -4.094705962964262369e-02 -1.123962302450554063e-01
1.126700530697819502e-01 3.872304533302628471e-02 -4.338428864617682734e-02 -1.080088097566287431e-01
1.111000999300166825e-01 4.117829203477541000e-02 -5.020907934461948940e-02 -1.020693126201734913e-01
1.122615059103049262e-01 4.814006066448328625e-02 -3.561760114184409076e-02 -1.247839654329450099e-01
1.075753541214430342e-01 4.000814133286034746e-02 -3.775998699491278643e-02 -1.098235084593888189e-01
1.109527532373348890e-01 3.690546085830881395e-02 -3.521466384703497710e-02 -1.126435502486087259e-01
1.012347261802100107e-01 3.187264063036998607e-02 -3.311681944154010182e-02 -9.999054736904433582e-02
1.215291788755941127e-01 3.959460391488356379e-02 -4.153643638352821910e-02 -1.195873464069503456e-01
1.212318955001574494e-01 2.993985865736448204e-02 -4.212034819025056720e-02 -1.090514059672731406e-01
1.099830831169725798e-01 4.924534124040125249e-02 -4.931798357810013300e-02 -1.099104407792745874e-01
1.142927765637562487e-01 5.584870794877971889e-02 -5.348111954056644635e-02 -1.166603649719668567e-01
1.120400811413952979e-01 6.291833332247254162e-02 -4.805491417763452233e-02 -1.269035002862333172e-01
1.405603661368912682e-01 4.202403233866558452e-02 -4.602234159692120130e-02 -1.365620568786356515e-01
1.049352539239567506e-01 3.705921817785284844e-02 -3.977458515111642612e-02 -1.022198869506922847e-01
1.175386861083334011e-01 3.535592284478195069e-02 -4.147464639939002495e-02 -1.114199625537244387e-01
1.218367513753619846e-01 2.953752440028001303e-02 -3.677064530910456597e-02 -1.146036304665383199e-01
1.035800183617716641e-01 3.928572673202346266e-02 -4.000708755261772609e-02 -1.028586575411765125e-01
1.041267813641333362e-01 4.149906226365729367e-02 -3.254616961271139530e-02 -1.130796740150756818e-01
1.135156328542388238e-01 4.270396251745278704e-02 -2.366147895108472454e-02 -1.325581164206051099e-01
9.618456344781112222e-02 4.077389585094781665e-02 -3.689384934999040411e-02 -1.000646099487667584e-01
1.184586492307477812e-01 4.067458712092975048e-02 -3.353490226704458621e-02 -1.255983340846320573e-01
9.997466773136309826e-02 4.919078016434497158e-02 -4.254580532587670660e-02 -1.066196425698304751e-01
1.291470343851779390e-01 3.398327316804206077e-02 -3.723990687785061482e-02 -1.258904006753693849e-01
9.665294277270142231e-02 3.905044355394959865e-02 -4.464867378744141746e-02 -9.105471253920605079e-02
1.099871164333308116e-01 4.321906782073359210e-02 -3.326216762930567228e-02 -1.199440166247560668e-01
1.184072692633337809e-01 3.297561532619663893e-02 -2.657405207770313638e-02 -1.248088325118263953e-01
1.134310169280672298e-01 3.348091328038993453e-02 -3.250124049999492115e-02 -1.144106897084622432e-01
8.834305623252003414e-02 4.885539734385613286e-02 -3.294005039059300088e-02 -1.042584031857840543e-01
1.032062957454886742e-01 3.945049921971044427e-02 -3.450438660871935070e-02 -1.081524083564779914e-01
9.980797575598110427e-02 2.809710059361059109e-02 -2.744268324474763432e-02 -1.004623931048431729e-01
1.180705592432147455e-01 4.303590440103555181e-02 -4.028001515188694981e-02 -1.208264484923633475e-01
1.009686570948602480e-01 4.158704546747049591e-02 -3.526291680683790730e-02 -1.072927857554919484e-01
1.005929921032464591e-01 4.400525412837286154e-02 -3.508108836244083761e-02 -1.095171578691784831e-01
1.126870361593699243e-01 4.599999818805144969e-02 -4.483851700948893182e-02 -1.138485173379324422e-01
1.179968733833520744e-01 4.189956342449452364e-02 -4.354662369727524407e-02 -1.163498131105740185e-01
1.185593188677334098e-01 3.306184303773651578e-02 -3.736494745700902342e-02 -1.142562144484617903e-01
1.127704876263369016e-01 4.086291645088824254e-02 -4.078583155651305248e-02 -1.128475725207112035e-01
1.011773278970959922e-01 2.559979998801065193e-02 -2.766164430738093927e-02 -9.911548357772570483e-02
9.246764703456999968e-02 3.254247883157646015e-02 -2.842479801800834593e-02 -9.658532784813544936e-02
1.142690845872076366e-01 3.591676973261392902e-02 -4.641847300345958161e-02 -1.037673813163646486e-01
1.007967152363740126e-01 4.055924495826879195e-02 -2.341402227210576115e-02 -1.179419379225343789e-01
1.129890415242176260e-01 4.422681680866435983e-02 -3.992832950585878393e-02 -1.172875288270276428e-01
1.103287877716168097e-01 2.768075061600772102e-02 -2.907573399104546041e-02 -1.089338043965799585e-01
1.003372057583655774e-01 4.166682267756893765e-02 -4.379443880248334864e-02 -9.820958963345205461e-02
1.119652441883136618e-01 4.039041553522260131e-02 -4.892931636255148931e-02 -1.034263433609847738e-01
1.083853097548175271e-01 4.522134327390681108e-02 -4.159068008807231820e-02 -1.120159729406537963e-01
1.073964382759777791e-01 4.537309944586453980e-02 -4.415083443451095491e-02 -1.086187032873304759e-01
9.702760311646319025e-02 3.044476024041120610e-02 -3.144601122669321569e-02 -9.602635213018295701e-02
1.075575571208231551e-01 2.628983721029243270e-02 -2.085638413550494619e-02 -1.129910101956106416e-01
1.262213272263634778e-01 5.048569152964166307e-02 -5.439819070253548716e-02 -1.223088280534732064e-01
1.145567945065470994e-01 2.967083887138333154e-02 -2.585890440345295360e-02 -1.183687289744774773e-01
1.107711378568341232e-01 2.898220635238590859e-02 -2.919256935464797920e-02 -1.105607748545729407e-01
8.783792660093769911e-02 4.888225932692780162e-02 -4.119748130419509380e-02 -9.552270462367218329e-02
1.094574704429884804e-01 3.497260468526341981e-02 -3.623618080493251625e-02 -1.081938943233193839e-01
1.224215639085066698e-01 4.413970613011919397e-02 -4.362197924311850272e-02 -1.229392907955055847e-01
1.263172422142799789e-01 4.276192868991302021e-02 -4.560385020586643634e-02 -1.234753206983256746e-01
1.029082338216094072e-01 4.222042385616120441e-02 -3.182050650743839526e-02 -1.133081511703322164e-01
1.200479592505256932e-01 3.899462324924396484e-02 -4.336926344649683074e-02 -1.156733190532683864e-01
1.204089693190777410e-01 3.889685034218448578e-02 -4.696177859116001940e-02 -1.123440410701013192e-01
1.175305489363731581e-01 2.984849963260316486e-02 -3.010469830688577986e-02 -1.172743502620896550e-01
1.250077640247617694e-01 3.490448127447720594e-02 -4.302558793662214498e-02 -1.168866573626159422e-01
1.125409321030597098e-01 3.615029061075691885e-02 -3.844581753543430125e-02 -1.102454051783832156e-01
1.127260531300020574e-01 4.505278779955101953e-02 -2.979210067366722114e-02 -1.279867402558814149e-01
1.230182528055854263e-01 4.476045557277164022e-02 -3.871811904030408868e-02 -1.290605893380565306e-01
1.069005373630034228e-01 3.572994096905723893e-02 -2.244952856828685839e-02 -1.201809497637746915e-01
1.137872321247561658e-01 3.418000332341364356e-02 -3.394037072242550579e-02 -1.140268647257460799e-01
1.213039074820345675e-01 3.614055373966529316e-02 -2.979387999219351713e-02 -1.276505812295081199e-01
1.212950066594071785e-01 3.134428622272089626e-02 -3.523381666399760803e-02 -1.174054762181313549e-01
1.136708885174071426e-01 4.313623688847645354e-02 -3.439512151518187011e-02 -1.224120038906999497e-01
1.129794717121139769e-01 4.155964784853782845e-02 -3.173044205269359708e-02 -1.228086775079582083e-01
1.060848286553710551e-01 4.060189944534720041e-02 -2.481901339578929111e-02 -1.218677147049298526e-01
1.130473651090193599e-01 4.126603375099158200e-02 -2.457886878105686179e-02 -1.297345300789540801e-01
1.143477699669084302e-01 3.544675838495603415e-02 -3.940361432113093088e-02 -1.103909140307335335e-01
1.219944242762114328e-01 4.757253346121359527e-02 -3.352589963942875784e-02 -1.360410580979980466e-01
1.270154270676391306e-01 5.560652127342802231e-02 -5.201283179325777439e-02 -1.306091165478102667e-01
1.358898260280074766e-01 3.686375303115418944e-02 -4.170885743867902562e-02 -1.310447216204835286e-01
1.291984013207576609e-01 2.602482752006185507e-02 -3.447132231829730387e-02 -1.207519065225239885e-01
1.133396970014866056e-01 2.290633795236729497e-02 -3.964256205133231958e-02 -9.660347290252158103e-02
1.223569734685323596e-01 3.744115282671867107e-02 -4.690045201937476094e-02 -1.128976742758771579e-01
1.114650906607606018e-01 4.622545760010332572e-02 -3.672019288779715396e-02 -1.209703553730667736e-01
1.212963757678648946e-01 3.276197388503376828e-02 -3.660897417168840207e-02 -1.174493754812111490e-01
1.022472168532306824e-01 3.921581258397655034e-02 -3.094339247834998474e-02 -1.105196369588581362e-01
8.856934815830630470e-02 4.141174822376481046e-02 -3.042481656119999656e-02 -9.955627982087200678e-02
1.004157511856709206e-01 3.382092064704611545e-02 -3.717241477915678161e-02 -9.706425705356025446e-02
1.148561161154288968e-01 4.735696706027958669e-02 -6.081958892066108291e-02 -1.013934942550491769e-01
1.064879974656420814e-01 3.197532049229767637e-02 -2.801263075235649325e-02 -1.104506872055805999e-01
1.161837816676429824e-01 4.454096304477150881e-02 -4.433123765717983389e-02 -1.163935070552346573e-01
1.234487836492457191e-01 3.878445934014873586e-02 -3.915788952967691472e-02 -1.230753534597166521e-01
1.043879278022528112e-01 4.195902607813728480e-02 -4.724531782389274071e-02 -9.910163605649557894e-02
1.126377780988878641e-01 4.494591660775348885e-02 -4.635235725759567771e-02 -1.112313374490447870e-01
1.193630123976108237e-01 4.525425047321451899e-02 -3.923235379015110880e-02 -1.253849090806733457e-01
1.137413720362605574e-01 3.402666882295779516e-02 -2.694867529023969865e-02 -1.208193655689777657e-01
1.060733192545626480e-01 4.453339299150993469e-02 -2.887493986816291880e-02 -1.217317723779096639e-01
1.059960315224808269e-01 3.649467745447587674e-02 -4.703964219204959107e-02 -9.545106678490533625e-02
1.320972844537902091e-01 3.057868481960035467e-02 -3.684677207578790359e-02 -1.258291971976017720e-01
1.246624796372257649e-01 3.069966266051427084e-02 -3.799198931511504895e-02 -1.173701529826249867e-01
1.139048608003783158e-01 4.237320005894940067e-02 -4.709935684095878372e-02 -1.091787040183671564e-01
1.208739962033940074e-01 4.436604880247152494e-02 -4.397236125930348294e-02 -1.212676837465620494e-01
1.082898738690385443e-01 5.866177438191311211e-02 -5.997894929551428334e-02 -1.069726989554347085e-01
1.073369327825233199e-01 4.176549289536168885e-02 -4.328727567763301920e-02 -1.058151500002537659e-01
1.046276351805905946e-01 4.598436479872880511e-02 -3.139453911203116121e-02 -1.192174608672900149e-01
1.066634128844761165e-01 4.041240166257420441e-02 -3.237741292122020553e-02 -1.146984016258310035e-01
1.139553565808615332e-01 4.436756987760759330e-02 -4.585161497665701802e-02 -1.124713114818094439e-01
1.064807012694775068e-01 3.638319803148704068e-02 -4.031023626758667433e-02 -1.025536630333796495e-01
1.240006286679875558e-01 2.258468466059415647e-02 -3.627284400635755190e-02 -1.103124693222259367e-01
1.190902499573276430e-01 3.309417564908301301e-02 -4.481076205306777638e-02 -1.073736635533455441e-01
1.153872824340158587e-01 4.058947568378723503e-02 -3.410902368312562771e-02 -1.218677344346783542e-01
1.082148131840492411e-01 3.349928063196205841e-02 -2.558272097685865276e-02 -1.161313728391517586e-01
1.174095085262418792e-01 5.248050782267021930e-02 -5.638053299490852766e-02 -1.135094833540044590e-01
1.225368323828446293e-01 4.068018160414954565e-02 -4.185878672426923686e-02 -1.213582272627258263e-01
1.177222057214546425e-01 3.207588560231666719e-02 -3.788114062546021898e-02 -1.119169506983110907e-01
1.243479860347935784e-01 3.504654598026668566e-02 -4.761059260620381650e-02 -1.117839394088573357e-01
1.161599306207916626e-01 3.967849828720027006e-02 -5.597831842224199050e-02 -9.986011048574994220e-02
1.183182592349210083e-01 4.273997297692844199e-02 -4.175985496457013113e-02 -1.192983772472828718e-01
1.156924945026522877e-01 2.867098866552719727e-02 -2.471326307350185658e-02 -1.196502200946749639e-01
1.094015866216766497e-01 2.901103388213588374e-02 -2.104636623256794792e-02 -1.173662542712445855e-01
1.063973942258655825e-01 2.859040856599648350e-02 -2.107176969917912146e-02 -1.139160330926838327e-01
1.166046434777152641e-01 3.854927531062912749e-02 -3.889996264135309190e-02 -1.162539561469904115e-01
1.056156804335763866e-01 4.782792711498995430e-02 -3.520363393124270601e-02 -1.182399736173227467e-01
1.100185201235523991e-01 3.582500666772059361e-02 -2.043753744505494296e-02 -1.254059893462216024e-01
1.047512821341944900e-01 3.250906937291730969e-02 -2.727802268638779282e-02 -1.099823288207204541e-01
1.061955517769961332e-01 3.859508984929593822e-02 -2.329204825388941913e-02 -1.214985933724008760e-01
1.073169440678682918e-01 5.563832528034229341e-02 -4.216455609465441512e-02 -1.207907132535552819e-01
1.163821821229991116e-01 2.924602047024738027e-02 -3.636795135624648623e-02 -1.092602512370035583e-01
1.059209051130789447e-01 4.433750419972426471e-02 -4.451549965828416333e-02 -1.057429096545172698e-01
1.101186055764875604e-01 1.796614667167872881e-02 -4.058105134033151984e-02 -8.750370090783388122e-02
1.113376966149077774e-01 4.194274611426074273e-02 -4.101831793574728380e-02 -1.122621247934212363e-01
1.084728073734906317e-01 4.844685018192507187e-02 -4.394237484752672174e-02 -1.129772827078880937e-01
1.151494832864594642e-01 4.654724602254045607e-02 -4.975296467391299160e-02 -1.119437646350851523e-01
1.170713969447350067e-01 1.456092458515989563e-02 -2.575728149243694531e-02 -1.058750400374570688e-01
1.102713668427703908e-01 3.300487153667130968e-02 -4.207067883692161558e-02 -1.012055595425245258e-01
1.224414764265677746e-01 2.670097822051964442e-02 -2.823008339013988177e-02 -1.209123712569475373e-01
1.037616429911212279e-01 3.410572728865801650e-02 -2.867258131306638091e-02 -1.091947889667110871e-01
1.286061998278151819e-01 2.296787361688679141e-02 -3.734516940295229404e-02 -1.142289040417496793e-01
1.086824694310690731e-01 4.311446602767343705e-02 -3.527879578271964078e-02 -1.165181396760246457e-01
1.175171527676210914e-01 5.341445627455154721e-02 -5.387370945381331211e-02 -1.170578995883602147e-01
8.843307132115274527e-02 3.479300311315380867e-02 -2.487988961106868402e-02 -9.834618482323875810e-02
1.297884260093082887e-01 3.337685814128299455e-02 -3.154503015652210252e-02 -1.316202539940691807e-01
1.301260017739798158e-01 2.767167245863966230e-02 -2.374639386331001134e-02 -1.340512803693103550e-01
1.167001617641671984e-01 4.295121289864134440e-02 -3.438367353047411257e-02 -1.252677011323344303e-01
1.278601396217258213e-01 3.643845404768430996e-02 -4.908725140833336553e-02 -1.152113422610758775e-01
1.227896613176548968e-01 4.710585702210767778e-02 -4.374700047593194085e-02 -1.261485178638315219e-01
1.048356356531856548e-01 4.806844106943497508e-02 -4.568414256793840167e-02 -1.072199341546831164e-01
1.217024130027573037e-01 4.088318607434526797e-02 -4.638562024413328544e-02 -1.161999788329719507e-01
1.150889057016204475e-01 3.707708940652931773e-02 -4.028356843602853843e-02 -1.118824266721212268e-01
1.221125549237944696e-01 3.906501678832796642e-02 -3.949635607491952527e-02 -1.216812156372020226e-01
1.172645898982853652e-01 5.768699527609921773e-02 -5.333667386290219525e-02 -1.216149113114832758e-01
1.161832566900837804e-01 3.952962970459861225e-02 -4.435116085981505307e-02 -1.113617255348700041e-01
1.232573022330223367e-01 4.168697045327984796e-02 -4.711710843472527444e-02 -1.178271642515760220e-01
1.173262434920880892e-01 4.430728818246265632e-02 -3.454732831640061619e-02 -1.270862033581465766e-01
1.234927251031079365e-01 4.225294149193636883e-02 -4.988587800585797538e-02 -1.158597885891863299e-01
1.189904995314741143e-01 3.601638582332800098e-02 -3.431389022473485539e-02 -1.206929951300672599e-01
9.276001623308971489e-02 2.493003496761048154e-02 -1.702528263281077869e-02 -1.006647685678876414e-01
1.195463712155584446e-01 4.892442613202607760e-02 -5.378366526813316284e-02 -1.146871320794540239e-01
1.239678399346475501e-01 4.926937814267784432e-02 -5.073037753423559337e-02 -1.225068405430880247e-01
1.064083394911330416e-01 4.530912252000085516e-02 -3.557237221624465207e-02 -1.161450897948919092e-01
1.153991430106318106e-01 3.791138301515850628e-02 -4.183002383613665387e-02 -1.114805021896545512e-01
1.237749357615829382e-01 4.333231802050807602e-02 -5.974276424490820858e-02 -1.073644895371828056e-01
1.125701426739116329e-01 4.364403517822701417e-02 -3.810796515944581131e-02 -1.181062126926919476e-01
1.123057595363610162e-01 3.284022524292584677e-02 -3.115895253234235440e-02 -1.139870322469445085e-01
1.295975867541772075e-01 3.501013637385774757e-02 -5.488226913394633755e-02 -1.097254539940912821e-01
1.150231763668196905e-01 3.774135051806037922e-02 -3.687828756182831569e-02 -1.158862393230508658e-01
1.071991649983168315e-01 3.954806716321446203e-02 -3.885080814255204018e-02 -1.078964240189774770e-01
1.139004896250828125e-01 4.474263729410488111e-02 -3.715309527738241968e-02 -1.214900316418052739e-01
1.135529395381906781e-01 5.306652186018023798e-02 -4.144727699015593458e-02 -1.251721844082140933e-01
1.028060004215038958e-01 3.645579158367073802e-02 -2.865238364913214042e-02 -1.106094083560407171e-01
1.263337452409611927e-01 3.874599675827994361e-02 -2.594995430841251505e-02 -1.391297876908268449e-01
1.181764661056217136e-01 4.040630945107182015e-02 -5.080406159347994333e-02 -1.077787139632100377e-01
1.210878595874147479e-01 4.517525427306789965e-02 -5.457256886234329585e-02 -1.116905449981384635e-01
1.202181475521726384e-01 3.724228387920369698e-02 -4.837213267793760707e-02 -1.090882987534360637e-01
1.203026446008133021e-01 4.431925302812800282e-02 -4.369798553621961901e-02 -1.209239120927207978e-01
1.180714484615306148e-01 3.303701990748653117e-02 -3.610611180946676768e-02 -1.150023565595503783e-01
1.031175071971413004e-01 4.821344092689283656e-02 -3.947558004540407950e-02 -1.118553680786318338e-01
1.085564485269880919e-01 3.357448954652397788e-02 -4.283088824893788171e-02 -9.930004982457596441e-02
1.103954675985967526e-01 3.140690203007068249e-02 -2.943574057030318158e-02 -1.123666290583624772e-01
1.271386789905974979e-01 4.660388817342031587e-02 -4.862760669208121556e-02 -1.251149604719374864e-01
1.237394454284626022e-01 4.247366647461525702e-02 -5.123746904849291184e-02 -1.149756428545867237e-01
1.050656671501766226e-01 4.239453497437484231e-02 -4.109847520480780503e-02 -1.063617269197454362e-01
1.106043614076410719e-01 3.430323376611887909e-02 -3.457841929214655607e-02 -1.103291758816116186e-01
1.258764097579145869e-01 3.812486849798268906e-02 -4.411130262199414176e-02 -1.198899756339031342e-01
1.278796600203673250e-01 3.406910272181473687e-02 -3.995288537487873270e-02 -1.219958773673042174e-01
1.254276852038698209e-01 4.258560486885709651e-02 -5.114241034905386840e-02 -1.168708797236748254e-01
1.340430869379893863e-01 2.875076902985362892e-02 -3.200931068534185187e-02 -1.307845452824993870e-01
1.102856306758290827e-01 4.465434528763534416e-02 -4.435084211147533040e-02 -1.105891338519899847e-01
1.143509986582449400e-01 4.482817836160268854e-02 -3.653090269302250448e-02 -1.226482743268242359e-01
1.243400375559460258e-01 4.303888146249690294e-02 -3.564163627868843776e-02 -1.317372827397553792e-01
1.207440801060339908e-01 4.134657249546780378e-02 -4.591678175883640023e-02 -1.161738708426662825e-01
1.262958818813357809e-01 4.949002366183652413e-02 -3.156108805093627012e-02 -1.442248174922351467e-01
1.297466235647446453e-01 2.985855739830967082e-02 -4.324153338380654077e-02 -1.163636475792495517e-01
1.195880020430069024e-01 4.453154716004181779e-02 -3.550188878737259301e-02 -1.286176604156752390e-01
1.274788142356948484e-01 4.912947647665522055e-02 -5.107894184089190048e-02 -1.255293488714572803e-01
1.141606593434083550e-01 3.669322648982475954e-02 -2.770684606409812289e-02 -1.231470397691358798e-01
1.309080895353824658e-01 3.468642259214238521e-02 -4.000671951795098380e-02 -1.255877926095756436e-01
1.183617266879126717e-01 4.650028821543372715e-02 -4.438046928687100490e-02 -1.204815456164753940e-01
1.156659621922866421e-01 4.542385539581772491e-02 -2.810509278355066698e-02 -1.329847248045554764e-01
1.153402284294466895e-01 3.983708341440195255e-02 -5.148671058847575921e-02 -1.036906012553746592e-01
1.156334835947250284e-01 3.995664769479922995e-02 -4.313368002140460788e-02 -1.124564512681196504e-01
1.037012439122602103e-01 3.840110878191982380e-02 -4.155415192420530701e-02 -1.005482007699747271e-01
1.253892905004390101e-01 4.586628575237838845e-02 -4.765586704529667372e-02 -1.235997092075225012e-01
1.346731704149632947e-01 2.755691193385612081e-02 -4.286988448025663700e-02 -1.193601978685645548e-01
1.231739684321011552e-01 4.708471993077001372e-02 -3.546978129454281259e-02 -1.347889070683310209e-01
1.211745033072713085e-01 4.802192651126180323e-02 -4.184632378633423855e-02 -1.273501060321988732e-01
1.345334521927084026e-01 1.605565105358319755e-02 -4.776922486198742490e-02 -1.028198783843050634e-01
1.120610688019718637e-01 3.586490809718601014e-02 -3.157741639195865702e-02 -1.163485605072009932e-01
1.127344182377285620e-01 4.057810374561743316e-02 -3.707581653675529054e-02 -1.162367054465898164e-01
1.137101098461057447e-01 4.276232925325196277e-02 -3.332917318698758180e-02 -1.231432659123674611e-01
9.759629117892387740e-02 5.541705479363034925e-02 -4.830473526170919740e-02 -1.047086107108450292e-01
1.146645666770744754e-01 3.522570510420397483e-02 -3.492529126672128115e-02 -1.149649805145589454e-01
1.028484047109685662e-01 3.655316257045537753e-02 -3.153740402975468982e-02 -1.078641632516719184e-01
1.088409993184775715e-01 4.182419899237643790e-02 -4.563958505107024166e-02 -1.050256132597819914e-01
1.196210400520056893e-01 4.418660630713588944e-02 -4.477382150277353645e-02 -1.190338248563662660e-01
1.046890359581267305e-01 3.863616300212768806e-02 -3.559994571894442572e-02 -1.077252532413091046e-01
1.186383033822613342e-01 4.829049676367880295e-02 -4.215887969990550488e-02 -1.247699204460346323e-01
1.053189868208042057e-01 4.416154838684516193e-02 -3.247964098596156646e-02 -1.170008942216869130e-01
1.076873198748309335e-01 3.452523970630672068e-02 -4.462964669612556889e-02 -9.758291288501119709e-02
1.048748727759214461e-01 3.439249814562117535e-02 -3.299461129201297638e-02 -1.062727596295305332e-01
1.289508812492607959e-01 4.072780153624222521e-02 -5.579068180638202534e-02 -1.138880009791183312e-01
1.098577531757509718e-01 3.674443991014797462e-02 -4.125368667916706755e-02 -1.053485064067318788e-01
1.263525482324316940e-01 3.823762001400154986e-02 -5.929860134090958468e-02 -1.052915669055236592e-01
1.074006539364456003e-01 5.365821094525990986e-02 -4.034530622462106919e-02 -1.207135586570853292e-01
1.052584775756635338e-01 3.960878544398660495e-02 -3.696836901719091628e-02 -1.078988940024583343e-01
1.014538304353767018e-01 4.717267185821327757e-02 -4.667156496708813052e-02 -1.019549373265036252e-01
1.207761148414414620e-01 4.991692812003378776e-02 -4.782568439512768776e-02 -1.228673585663457857e-01
1.257978252222180515e-01 2.756254330760210536e-02 -3.456364950291579419e-02 -1.187967190269034745e-01
1.133651522216361229e-01 4.361611543368759669e-02 -3.571447588071929857e-02 -1.212667917746053092e-01
1.124756474267831763e-01 3.338670921451303286e-02 -3.237015897368600292e-02 -1.134921976676119826e-01
1.076199570876505973e-01 4.787580694144200066e-02 -5.155615849044803412e-02 -1.039396055386418993e-01
1.104400866121375557e-01 4.477367581904179161e-02 -4.238011464780466753e-02 -1.128336477833773444e-01
1.187772516655947186e-01 3.251447144313246440e-02 -4.176144440270590508e-02 -1.095302787060212779e-01
1.117959645669390767e-01 3.572738171646339111e-02 -4.613590492486530081e-02 -1.013874413585380552e-01
1.103380072389388289e-01 3.332237804431770201e-02 -3.109524433677890443e-02 -1.125651409464749619e-01
1.148068910650010821e-01 3.358751938796178393e-02 -3.365174722601871338e-02 -1.147426632269468172e-01
9.910315727627772020e-02 3.663149814716515351e-02 -3.121221863291179233e-02 -1.045224367905319696e-01
1.014313253045262542e-01 2.248904117203220920e-02 -2.658117772367507570e-02 -9.733918875288338768e-02
1.195123634200543350e-01 5.473721814543619502e-02 -4.943954687579932283e-02 -1.248100346896903190e-01
1.078396673673571726e-01 4.439281836730213371e-02 -3.786376585099660019e-02 -1.143687198836618180e-01
1.032053951627824873e-01 3.611453636140549150e-02 -3.151473976263918786e-02 -1.078051917615487909e-01
9.695544800127464669e-02 3.286391369809216201e-02 -3.170037127442082436e-02 -9.811899042494687251e-02
1.165315542778806446e-01 3.673366325213223149e-02 -3.821428507873037006e-02 -1.150509324512825060e-01
9.626416017894001698e-02 3.574621201089556166e-02 -2.690568431518691739e-02 -1.051046878746468849e-01
1.069229249470735610e-01 3.548822076793989311e-02 -2.794545939710690874e-02 -1.144656863179065454e-01
1.131836752445005700e-01 4.152350477342725554e-02 -3.709235427662704865e-02 -1.176148257412998888e-01
9.735444132780113335e-02 4.509387929090014069e-02 -4.036030874784568567e-02 -1.020880118708547002e-01
1.010330703882038605e-01 5.007766618797049318e-02 -4.435415167755962784e-02 -1.067565848986138377e-01
1.060757726490964004e-01 3.946218226977116217e-02 -5.175979928210594494e-02 -9.377815563676072941e-02
1.168201863687849951e-01 4.954632239746548095e-02 -4.016516028724037568e-02 -1.262013484790109885e-01
1.169423929806310269e-01 5.286086060641181916e-02 -5.515716068073484024e-02 -1.146460929063071177e-01
9.767133249187054389e-02 4.091816293960270912e-02 -3.389031159457278619e-02 -1.046991838369004668e-01
1.045103991016382849e-01 4.716266820691927819e-02 -3.756052789579467088e-02 -1.141125394127655568e-01
1.080200524714083343e-01 4.123784260198259943e-02 -2.952993254824942682e-02 -1.197279625251406188e-01
9.063137889124206481e-02 4.037851451201746045e-02 -3.517809153858486582e-02 -9.583180186467288308e-02
1.108449615796178733e-01 3.746033963457406912e-02 -4.484318741442105960e-02 -1.034621137997708828e-01
1.082976852889245833e-01 2.926955341480308448e-02 -2.936600156649316062e-02 -1.082012371372353954e-01
1.120416703700239935e-01 3.933828695819308052e-02 -2.910131432280760322e-02 -1.222786430054068063e-01
1.144693379421681811e-01 4.579591160181539777e-02 -4.021921395695216006e-02 -1.200460355870305307e-01
1.056759141358156739e-01 3.487593364079000224e-02 -1.607076702661647261e-02 -1.244810807499900918e-01
1.140960850115941838e-01 3.137943539803966786e-02 -1.573288694072694227e-02 -1.297426334689042449e-01
1.091410817428544178e-01 3.888409743758636239e-02 -4.190040169565190098e-02 -1.061247774847853265e-01
1.137171588668248745e-01 3.222037383326892268e-02 -3.927411983477124835e-02 -1.066634128653234370e-01
1.182433283189885387e-01 3.400308486340808400e-02 -2.679486176570922140e-02 -1.254515514166874013e-01
1.227708528640372165e-01 2.740394904224174866e-02 -4.552480763519017870e-02 -1.046499942710896747e-01
1.191812348610756800e-01 3.672825945911561973e-02 -4.007305122820525867e-02 -1.158364430919878174e-01
9.952198848163629208e-02 2.309298943441007168e-02 -3.649527246193429164e-02 -8.611970545411029576e-02
1.054547293538128372e-01 5.209153812494449198e-02 -4.536844278101082040e-02 -1.121778246977447324e-01
1.197256106459914093e-01 3.986825202464583384e-02 -3.488905719303669883e-02 -1.247048054776005444e-01
1.283615352837070844e-01 3.272330458193906111e-02 -4.080891388774343653e-02 -1.202759259779035972e-01
1.186884194634085787e-01 3.671414237279257975e-02 -3.970206040137469472e-02 -1.157005014348255756e-01
1.172342954547964666e-01 4.244289305386050870e-02 -3.817323561008389987e-02 -1.215039528985730755e-01
9.991901314068307727e-02 3.646859081760212007e-02 -4.074173095516897547e-02 -9.564587300311711004e-02
1.209620353607148147e-01 3.302440227924297034e-02 -3.522487081036107526e-02 -1.187615668295949334e-01
1.107755010059294776e-01 4.568248716316691826e-02 -4.281015379793551290e-02 -1.136478343711608829e-01
1.250147163435340047e-01 4.333048979153009128e-02 -4.140590053759130029e-02 -1.269393055974763485e-01
1.157930128650583868e-01 5.602714630968286258e-02 -5.197752867811455957e-02 -1.198426304966240252e-01
1.291547561419443824e-01 4.678724326774119646e-02 -3.217237646550152874e-02 -1.437696229441822737e-01
1.181259858882448555e-01 3.739616189650263323e-02 -5.019536100536914347e-02 -1.053267867793774570e-01
1.191091888823549994e-01 5.755687339644932621e-02 -4.088171820501873555e-02 -1.357843440737847018e-01
1.212604742733196517e-01 4.714616396755655359e-02 -5.141196365532785251e-02 -1.169946745855519055e-01
1.160920569629952936e-01 4.844834028534439341e-02 -3.525587295725962633e-02 -1.292845242910791725e-01
1.151047823203139586e-01 3.603704341624869301e-02 -2.528630386999708435e-02 -1.258555218665673436e-01
1.123873195769249378e-01 3.690290657245309802e-02 -2.929175697676189571e-02 -1.199984691726179165e-01
1.053278976710494419e-01 3.482353863411891126e-02 -3.150499177329013634e-02 -1.086464445318773286e-01
1.183526889164614460e-01 4.433824416893550335e-02 -5.410756787594817041e-02 -1.085833652094478907e-01
1.102501155192925353e-01 3.096855206390358717e-02 -3.578238321892879270e-02 -1.054362843642646652e-01
1.118140652392760614e-01 5.937808154314616615e-02 -5.176547374226547760e-02 -1.194266730401576382e-01
1.049208647116177673e-01 3.367402533437680034e-02 -3.301108591940948855e-02 -1.055838041265877436e-01
1.349667885190140026e-01 5.930843557036169500e-02 -4.940704742560253493e-02 -1.448681766637722745e-01
1.375483976873654868e-01 4.057511265092017538e-02 -4.840077468597137056e-02 -1.297227356523142916e-01
1.363317721162946583e-01 3.668366668243905337e-02 -3.747876483151202365e-02 -1.355366739672216880e-01
1.046860457425626834e-01 5.536700112654280304e-02 -4.432618708129254514e-02 -1.157268597878129412e-01
1.107588993470614014e-01 4.390136836355118533e-02 -3.963498480924165790e-02 -1.150252829013727052e-01
1.488193215981832296e-01 4.027797911979824619e-02 -3.469154907872784577e-02 -1.544057516392527418e-01
1.133943885887633840e-01 4.633039086055834588e-02 -3.766061512873797312e-02 -1.220641643205828686e-01
1.243742285341493670e-01 2.963514240920339660e-02 -4.000182659509388117e-02 -1.140075443482571060e-01
1.382012318972707376e-01 4.387725673363185308e-02 -3.286418988312700407e-02 -1.492142987477764748e-01
1.177925878545407201e-01 4.167375614563439967e-02 -3.393955793631864282e-02 -1.255267860638582533e-01
1.204486753022537826e-01 5.747465421563280330e-02 -4.404019201811060213e-02 -1.338831374997777601e-01
1.273768122792615642e-01 4.148333930297010141e-02 -4.670586240255403254e-02 -1.221542891796776331e-01
1.329618812067447919e-01 4.567825017424453904e-02 -5.104510536887829630e-02 -1.275950260121119229e-01
1.441277339815991709e-01 5.958197637681195147e-02 -5.962862573975780123e-02 -1.440810846186515448e-01
9.615759864408168767e-02 4.381922592543219253e-02 -3.229950163647377082e-02 -1.076773229330392212e-01
1.468192050954852945e-01 6.169659954741302244e-02 -5.890843162067760375e-02 -1.496073730222207132e-01
1.269195580846345095e-01 4.197404552586903037e-02 -5.208616444314628779e-02 -1.168074391673590284e-01
1.205760501539865359e-01 5.020802388198575272e-02 -3.914123291120130688e-02 -1.316428411247709818e-01
1.302358534433345483e-01 4.392550405522488433e-02 -3.997989724621664465e-02 -1.341814602523410116e-01
1.292046890138189852e-01 3.605300155030022324e-02 -4.811593188150187217e-02 -1.171417586826155599e-01
1.344570025277400660e-01 5.131803618315267101e-02 -4.410271766050044562e-02 -1.416723210503958441e-01
1.301539476681057295e-01 4.780395284315464011e-02 -3.783647342009999193e-02 -1.401214270911586013e-01
1.338304776193677270e-01 3.259213057539689373e-02 -4.285848752641552295e-02 -1.235641206683499860e-01
1.378690480334183732e-01 3.141149756974570550e-02 -3.772645210328118281e-02 -1.315540934998828959e-01
1.046023948029395356e-01 4.476556428948086364e-02 -3.715646271893291441e-02 -1.122114963734892612e-01
1.007253763415887349e-01 3.638003478501072863e-02 -2.148756657723627228e-02 -1.156178445493614149e-01
1.109066265677700613e-01 4.944407073797130181e-02 -3.795527847111923592e-02 -1.223954188346221272e-01
9.914357676446350354e-02 4.332413447865235412e-02 -4.482040439821499689e-02 -9.764730684489819623e-02
1.150230781709931094e-01 4.052256801992193402e-02 -3.969102897029586074e-02 -1.158546172206209590e-01
1.154355528207302584e-01 4.488216047983861756e-02 -3.724385666742868750e-02 -1.230738566331393002e-01
1.059598380315653898e-01 3.789739814179160504e-02 -3.789842183525138353e-02 -1.059588143381064995e-01
1.110220857684707241e-01 5.713049499832223432e-02 -5.423580307149844515e-02 -1.139167776952980660e-01
1.055825198107429586e-01 3.078475552658144210e-02 -3.866838909059833185e-02 -9.769888624672606880e-02
1.076911384118668380e-01 2.223806699489561112e-02 -3.647075724696335897e-02 -9.345844815979909015e-02
1.048956499527990971e-01 3.940377485182988693e-02 -1.555079164734518571e-02 -1.287486331572837983e-01
1.156880135725275593e-01 2.934540622241765817e-02 -5.171741035419952226e-02 -9.331600944074391890e-02
1.303640259500031817e-01 3.365703982944356909e-02 -3.544917149931681166e-02 -1.285718942801334919e-01
1.153979829323210637e-01 3.746732287866549882e-02 -4.287164763859596661e-02 -1.099936581723932605e-01
1.089844337575298638e-01 3.541069719719303066e-02 -3.141420290160912288e-02 -1.129809280531164362e-01
1.120245361408951368e-01 4.481939745531171582e-02 -3.555355868248177842e-02 -1.212903749137286269e-01
1.256373843296989534e-01 3.589695937655079661e-02 -3.192054034293345666e-02 -1.296138033633198461e-01
1.239611733322316667e-01 4.901084671497368817e-02 -5.011535030520697376e-02 -1.228566697419983811e-01
1.213119359879133441e-01 3.442319679572936053e-02 -4.538372365685550136e-02 -1.103514091267863151e-01
1.182670810997556998e-01 4.465438469246318931e-02 -5.114204998894589238e-02 -1.117794158032729968e-01
1.079420471389385128e-01 3.419290797118179626e-02 -2.921705755557812978e-02 -1.129178975545404029e-01
1.041484465840181173e-01 3.355861591296882551e-02 -3.489225900985992723e-02 -1.028148034871243510e-01
1.052861729762586407e-01 3.210720015523360615e-02 -3.458506230286761962e-02 -1.028083108286228509e-01
1.239439878820434160e-01 4.235928302428337844e-02 -3.831560237386177903e-02 -1.279876685324623509e-01
1.277262363324309646e-01 4.435496752822132294e-02 -4.871733976578251912e-02 -1.233638640948724330e-01
9.699962705680142960e-02 3.273182988446166064e-02 -3.788982218323866391e-02 -9.184163475802442633e-02
1.020879404632264453e-01 3.929022945170856929e-02 -3.192955753648707429e-02 -1.094486123784452758e-01
9.367782315616235422e-02 2.975277115170360531e-02 -3.478678488520881018e-02 -8.864380942265626118e-02
1.131156162165725121e-01 3.555159196687984746e-02 -4.025957337416485871e-02 -1.084076348092892772e-01
1.041792966692822731e-01 4.087012594095629225e-02 -5.924270354686544948e-02 -8.580671906337222765e-02
1.225793061724793631e-01 4.363905776265664116e-02 -3.963098018414434875e-02 -1.265873837509889910e-01
1.118303510203695339e-01 4.692196715303431631e-02 -3.288983747842610939e-02 -1.258624806949786290e-01
1.194947310330825019e-01 5.365261827819889362e-02 -3.964856602764044169e-02 -1.334987832836436183e-01
1.273209852683807597e-01 3.631084241571080895e-02 -4.062036322596185300e-02 -1.230114644581306038e-01
1.046812816268110069e-01 3.957135315357440675e-02 -2.868086426526517130e-02 -1.155717705151193542e-01
1.365942122058525499e-01 4.081533498160716533e-02 -4.736971757086028134e-02 -1.300398296166012102e-01
1.428344106638528288e-01 4.499464946421216638e-02 -4.800716525752868336e-02 -1.398218948705363118e-01
1.265555644761677812e-01 4.667577376083453800e-02 -4.497691142325077607e-02 -1.282544268137506549e-01
1.342107968089036873e-01 4.112073315673736573e-02 -4.345562123263668752e-02 -1.318759087330052537e-01
1.085262950985832475e-01 3.307317674354859349e-02 -3.271429624180921536e-02 -1.088851756003217375e-01
1.160874881837274941e-01 4.504644048104733400e-02 -2.863266190732094429e-02 -1.325012667574521075e-01
1.216031571410853829e-01 5.811304439149989065e-02 -5.329754103085004857e-02 -1.264186605017361131e-01
1.185692113256227032e-01 5.163305129797102211e-02 -3.582143466614606808e-02 -1.343808279574494335e-01
1.259790433151293243e-01 5.087910634877168548e-02 -4.311871762613161962e-02 -1.337394320377685020e-01
1.329358782786096427e-01 3.961032938348285626e-02 -4.371458364557323506e-02 -1.288316240165210402e-01
1.332729572854622901e-01 5.312571477659666641e-02 -5.764881552234513151e-02 -1.287498565397147132e-01
1.356024260757822120e-01 4.794295710863050175e-02 -4.875960187830408188e-02 -1.347857813061095200e-01
1.312492869073169643e-01 4.852231882428181819e-02 -4.195356544753714445e-02 -1.378180402840607499e-01
1.142830771640657161e-01 4.365927230244093238e-02 -3.449514763033079134e-02 -1.234472018361758572e-01
1.252544140188005528e-01 3.357507559115635587e-02 -2.779862011137801403e-02 -1.310308694985780065e-01
1.395774055830445448e-01 3.277850884399136078e-02 -4.967414397491776157e-02 -1.226817704521172558e-01
1.103518943786303552e-01 2.752550651449858776e-02 -1.750165389329794152e-02 -1.203757469998310015e-01
1.158487329684367850e-01 4.108306801935501795e-02 -4.160060458713576992e-02 -1.153311964006560331e-01
1.255699441263802285e-01 5.858278118160420433e-02 -5.135309751639116627e-02 -1.327996277915959311e-01
1.201953991734914240e-01 4.581895968579097200e-02 -2.826501986640383990e-02 -1.377493389928794443e-01
1.134919945044678968e-01 4.035318016136990593e-02 -4.553341399597599093e-02 -1.083117606698600355e-01
1.164245283502189920e-01 4.565448821707107641e-02 -3.483972550984404393e-02 -1.272392910574469127e-01
1.344044974785365554e-01 3.468510591129181364e-02 -3.483516276593245919e-02 -1.342544406238976862e-01
1.318162613211741885e-01 3.681545145547637787e-02 -4.228437450386124397e-02 -1.263473382727884342e-01
1.187046784773029273e-01 3.680600678256951142e-02 -3.120386729963708916e-02 -1.243068179602362378e-01
1.198872263608912192e-01 3.288436392106675044e-02 -1.663742972970450040e-02 -1.361341605522552456e-01
1.311833723502031646e-01 4.495957638738801165e-02 -4.881854762916670865e-02 -1.273244011084244676e-01
1.111851651106903205e-01 3.607852798830624153e-02 -4.505960458853675021e-02 -1.022040885104580354e-01
1.256209361413986869e-01 5.131227891639955629e-02 -4.619822519274485728e-02 -1.307349898650498332e-01
1.226493854780583703e-01 3.012528234980660358e-02 -4.309114995613150256e-02 -1.096835178717352477e-01
1.128853237486913130e-01 3.371108304067149675e-02 -3.068566306964282120e-02 -1.159107437197199886e-01
1.320574091449522314e-01 4.600634387418178761e-02 -5.416814268410163891e-02 -1.238956103350341564e-01
1.245882159966527070e-01 4.389634087133575946e-02 -4.381728325660549928e-02 -1.246672736113811908e-01
1.119397477762884563e-01 5.493114632917706075e-02 -5.289722669987995118e-02 -1.139736674055846777e-01
1.167591087389849847e-01 4.136950001959238676e-02 -2.592271761059183888e-02 -1.322058911479837562e-01
1.131218660077148996e-01 4.124668160434552533e-02 -2.589089196849592156e-02 -1.284776556435653916e-01
1.211211602964095135e-01 4.370094582126871074e-02 -3.947806361364669669e-02 -1.253440425040333039e-01
1.166197690896471073e-01 3.911798601783811336e-02 -5.712244400583621484e-02 -9.861531110164900582e-02
1.097777814897211712e-01 2.623793227803083994e-02 -2.881128640888785952e-02 -1.072044273588632635e-01
1.094488674197702238e-01 4.111804140192454327e-02 -4.246461005333923566e-02 -1.081022987683546432e-01
1.113593945807807017e-01 3.488638639683205867e-02 -3.062731160657072849e-02 -1.156184693710429201e-01
1.467716104805161237e-01 4.197477288604911649e-02 -4.730589007500984877e-02 -1.414404932915580559e-01
1.235963266184736398e-01 3.898086032169967297e-02 -3.923903632802794306e-02 -1.233381506121444815e-01
1.169966082607318825e-01 4.592996622150025132e-02 -3.547388103117121716e-02 -1.274526934510609166e-01
1.316754375390516429e-01 3.512238201228523593e-02 -5.069168309965377262e-02 -1.161061364516813299e-01
1.121940856052123792e-01 4.540006313200439791e-02 -4.745673611102585454e-02 -1.101374126261891462e-01
1.324324330293782381e-01 4.445461751209567325e-02 -4.113335918946869896e-02 -1.357536913520025479e-01
1.029910836345440117e-01 4.120631415985887003e-02 -4.504599434880862674e-02 -9.915140344559425500e-02
1.376124173317760935e-01 3.235737466376242821e-02 -3.765514222755239615e-02 -1.323146497679879019e-01
1.134153847540453341e-01 5.022655089860261768e-02 -3.481389124966227655e-02 -1.288280444029874516e-01
1.149959145545818018e-01 4.681898778766946378e-02 -3.325357892101621360e-02 -1.285613234212359401e-01
1.181090938353746012e-01 3.450162714706195288e-02 -4.381056349034295749e-02 -1.088001574920953729e-01
1.072049048648739955e-01 3.620619765639254695e-02 -2.965806543579940779e-02 -1.137530370854680228e-01
1.112872389387504768e-01 3.455152478536405170e-02 -3.483903438443913814e-02 -1.109997293396762785e-01
1.108206603721964001e-01 3.589067995903327812e-02 -3.710992952086211716e-02 -1.096014108103675611e-01
9.639528704472599685e-02 3.759638412249355355e-02 -3.956259813661144875e-02 -9.442907303060987800e-02
1.004232934203823646e-01 3.897220552628333223e-02 -2.169303350070261871e-02 -1.177024654459639663e-01
1.125167177843913180e-01 4.619027911487005866e-02 -4.676992660443435312e-02 -1.119370702948270235e-01
1.027548019286328440e-01 4.357257118229007631e-02 -2.935053317890634617e-02 -1.169768399320174623e-01
1.187729805258639360e-01 4.515350577208998573e-02 -4.310891282213091813e-02 -1.208175734758238917e-01
1.042346581591520049e-01 4.289440421031365247e-02 -4.507211948453626604e-02 -1.020569428849285032e-01
1.177679056795870594e-01 6.315673754396211592e-02 -5.495206018149545457e-02 -1.259725830420537207e-01
1.250321022543996463e-01 4.639230282065831545e-02 -4.371990231436129193e-02 -1.277045027606966698e-01
1.091434915564404307e-01 2.897128655120706497e-02 -3.214336625625513477e-02 -1.059714118513941372e-01
1.171449086808635798e-01 4.310256830950809359e-02 -3.976852132587271882e-02 -1.204789556644980664e-01
1.290175503022021886e-01 4.437981464940232712e-02 -3.775400982883514445e-02 -1.356433551227702594e-01
1.049585635789318516e-01 4.356350439068901181e-02 -4.051141933444046828e-02 -1.080106486351786188e-01
1.068502332190437443e-01 4.599024756468672592e-02 -3.918869592117424361e-02 -1.136517848625562266e-01
1.036562108451226649e-01 4.176326273037034298e-02 -2.353131163515342905e-02 -1.218881619403404670e-01
1.158502184006557911e-01 3.318505328826404366e-02 -4.715898344576618939e-02 -1.018762882431527572e-01
1.146309383820103278e-01 2.475156967479819059e-02 -3.367146256652908676e-02 -1.057110454902803198e-01
1.258281331504349509e-01 3.404520572382718768e-02 -3.966831456845287818e-02 -1.202050243058057077e-01
1.205714127317758511e-01 5.116147913337254494e-02 -4.500781478691173731e-02 -1.267250770782366587e-01
1.044464968177516440e-01 1.616508015815920629e-02 -2.007070463026749962e-02 -1.005408723456442388e-01
1.247075971424971286e-01 3.867528602071068633e-02 -4.515542867251465253e-02 -1.182274544906922742e-01
1.425625617353141195e-01 3.862467269877267739e-02 -5.366556649582676641e-02 -1.275216679382609186e-01
1.247660653335858072e-01 4.034452630456986100e-02 -3.716761372597332524e-02 -1.279429779121805666e-01
1.286312762579298052e-01 3.749672143529814150e-02 -5.424528753782364987e-02 -1.118827101554042969e-01
1.371428369426581639e-01 4.345377547988960032e-02 -4.053571402153099967e-02 -1.400608984010185409e-01
1.265517010564751743e-01 5.127360719828111257e-02 -4.348616452428633039e-02 -1.343391437304681801e-01
1.397503301644240636e-01 4.159670720701136304e-02 -5.011054414976001681e-02 -1.312364932216771862e-01
1.123796001664540967e-01 6.079327376581034059e-02 -3.833365398768773247e-02 -1.348392199445775930e-01
1.211131947337555914e-01 5.022288284455100893e-02 -2.942464995773974579e-02 -1.419114276205659664e-01
1.398015166642823104e-01 3.883687853528172695e-02 -4.391441919694827334e-02 -1.347239760026157640e-01
1.207089619794237123e-01 4.307209324398186823e-02 -2.898052961779740144e-02 -1.348005256056055146e-01
1.292421543757402702e-01 3.218725685021883720e-02 -4.349984945385809709e-02 -1.179295617721010103e-01
1.318172065488569800e-01 5.337426571680037313e-02 -5.123370508926416989e-02 -1.339577671763922950e-01
1.105199276080375270e-01 4.029736166348030224e-02 -3.236595060789326794e-02 -1.184513386636236731e-01
1.241399984758198016e-01 4.623141162124611014e-02 -4.274785827966631757e-02 -1.276235518173995942e-01
1.410835509317935887e-01 4.266368357969696490e-02 -4.844516519944974675e-02 -1.353020693120381424e-01
1.216544507076271486e-01 4.498453081527831188e-02 -1.801423102366861428e-02 -1.486247504992368462e-01
1.527416674099715266e-01 5.889372705177642331e-02 -6.453849138636424954e-02 -1.470969030753837004e-01
1.214208244608219189e-01 5.441901915260594080e-02 -4.205817677884748917e-02 -1.337816668345803706e-01
1.534495934795749861e-01 4.350355932272442772e-02 -4.905415014151159880e-02 -1.478990026607887032e-01
1.451511769941689067e-01 2.993488935453569866e-02 -3.292801497120834142e-02 -1.421580513774962640e-01
1.188416722790606173e-01 3.628867180000749926e-02 -4.402885908288123318e-02 -1.111014849961851070e-01
1.278059664059094658e-01 5.869000464426576968e-02 -4.430156508099258872e-02 -1.421944059691853113e-01
1.494430613323967094e-01 4.813739731127508747e-02 -4.605418655011117579e-02 -1.515262720935606211e-01
1.068618588064831343e-01 3.703064324650462424e-02 -3.106754006851453198e-02 -1.128249619844723384e-01
1.229303004666508770e-01 4.670491040743041111e-02 -4.669194946797183832e-02 -1.229432614061103379e-01
1.331641815017814423e-01 5.600473682247475438e-02 -4.595141862319707116e-02 -1.432174997010609019e-01
1.381210705586886078e-01 5.182631962145922699e-02 -3.967495909037044299e-02 -1.502724310897773918e-01
1.326843307509451009e-01 3.951084222770084864e-02 -4.677856302269223221e-02 -1.254166099559554937e-01
1.298261367597604021e-01 2.637657721651809339e-02 -4.023710471993169335e-02 -1.159656092563432495e-01
1.316676929326154877e-01 5.838925550303120104e-02 -4.898483106182194291e-02 -1.410721173738238576e-01
1.294110480712147293e-01 5.261746195189065389e-02 -4.442348127348694220e-02 -1.376050287496184410e-01
1.154358752607107519e-01 3.681804036685232262e-02 -2.643263410841090177e-02 -1.258212815191548373e-01
9.109001904564806296e-02 5.208474145887098672e-02 -3.265986991746050450e-02 -1.105148905870603215e-01
1.435865034843173405e-01 3.906668844823890652e-02 -3.675098719728708829e-02 -1.459022047352682705e-01
1.317001708636107438e-01 2.552962017259385874e-02 -3.369895897165964271e-02 -1.235308320645422953e-01
1.469568504323053304e-01 4.249165848511626820e-02 -3.444996019147872346e-02 -1.549985487259446515e-01
1.428525799247664096e-01 3.728498278807546029e-02 -3.869882189220064106e-02 -1.414387408206412289e-01
1.131241765508583796e-01 4.320297159544406185e-02 -3.660301187967363035e-02 -1.197241362666314757e-01
1.355347569275107134e-01 5.064332077521260800e-02 -5.042667324736527235e-02 -1.357514044553562726e-01
1.003757937958518198e-01 3.632077289759028105e-02 -3.805732237723979949e-02 -9.863924431620230138e-02
1.219680904633353435e-01 4.731793334663780826e-02 -3.046068298676463115e-02 -1.388253408232094088e-01
1.181639620776202548e-01 4.996303823259307109e-02 -4.070735952209592057e-02 -1.274196407881165172e-01
1.192771285497213896e-01 4.773589567430658320e-02 -4.400680884466723342e-02 -1.230062153793625157e-01
1.473684259916030470e-01 3.466216874278238436e-02 -4.446383548029331223e-02 -1.375667592540903428e-01
1.182152511734342326e-01 2.759376611525432565e-02 -4.532921564946956750e-02 -1.004798016392189908e-01
1.464536038521337957e-01 4.027069462818477774e-02 -3.779881409067531450e-02 -1.489254843896397063e-01
1.238679101125725879e-01 3.230105902653068739e-02 -3.895909069683867187e-02 -1.172098784422654916e-01
9.327055859172439511e-02 3.385910198580699415e-02 -3.947252005791934693e-02 -8.765714051961204234e-02
1.472073982252002367e-01 3.651848354538511643e-02 -5.401326289222829757e-02 -1.297126188783579437e-01
1.464468980716153723e-01 4.058962999144721806e-02 -4.059592624858598953e-02 -1.464406018144739363e-01
1.175605843905698222e-01 3.310351309311077017e-02 -2.427338914133869707e-02 -1.263907083423410072e-01
1.307420000075572020e-01 4.936641056890422874e-02 -5.679248260193059394e-02 -1.233159279745308368e-01
1.106584224553728291e-01 2.530020328284976472e-02 -2.715204270163340539e-02 -1.088065830365883002e-01
1.258251854251728474e-01 2.826756818618481049e-02 -1.816021424977254384e-02 -1.359325393615877786e-01
1.142300953758450532e-01 2.734260775304875324e-02 -2.098117664222343137e-02 -1.205915264866677106e-01
1.328663926415725172e-01 5.024196644067568940e-02 -3.592191746024830934e-02 -1.471864416220007854e-01
1.193963342759447599e-01 2.741295745616323387e-02 -3.157301675800461283e-02 -1.152362749741016046e-01
1.082720072558922553e-01 4.228683025553614527e-02 -2.812987562211066717e-02 -1.224289618893141807e-01
1.224786699584807792e-01 3.697005679380627186e-02 -3.890228597620559725e-02 -1.205464407760823420e-01
1.262388992297500678e-01 3.628451600249960052e-02 -2.983414973308473606e-02 -1.326892654991658205e-01
1.183007159895934635e-01 3.571418277958304799e-02 -4.493846152554770157e-02 -1.090764372436288099e-01
1.144898400853540110e-01 3.175419579592286823e-02 -3.975383841394819484e-02 -1.064901974673286844e-01
1.231976853848220088e-01 3.420518603354505416e-02 -4.964209000529162807e-02 -1.077607814130736585e-01
1.017212205896864674e-01 3.772721603641571164e-02 -2.557629781972892147e-02 -1.138721388063741458e-01
1.226284734008560307e-01 4.052345188446260238e-02 -3.076425483563927088e-02 -1.323876704496811385e-01
1.197934558938831273e-01 5.119505549445957371e-02 -5.513377412026443380e-02 -1.158547372680800436e-01
1.247664693832941651e-01 3.618392913662038524e-02 -3.473958633671170304e-02 -1.262108121832001828e-01
1.201615901831782907e-01 4.516616695537845061e-02 -5.168068471159603661e-02 -1.136470724269615928e-01
1.094425857771836874e-01 4.641826385596470317e-02 -3.807161671026371152e-02 -1.177892329228837909e-01
1.194489218586678447e-01 4.988076282477749146e-02 -5.604462898894269074e-02 -1.132850556945017573e-01
1.113903422998916426e-01 4.220691678567423111e-02 -4.248421664617207938e-02 -1.111130424393946825e-01
9.385433272411525252e-02 4.213232445985415353e-02 -4.949641539286631087e-02 -8.649024179110664790e-02
1.184834320236998195e-01 2.670134691511893976e-02 -3.936066053163944645e-02 -1.058241184071802010e-01
1.022368528126955667e-01 3.705904238805146633e-02 -3.235715011724860091e-02 -1.069387450834966558e-01
1.170050222767846648e-01 3.915709618881990650e-02 -3.903991689353691896e-02 -1.171222015720649878e-01
1.052447626814041470e-01 4.317285731649089797e-02 -4.004869066394789456e-02 -1.083689293339453741e-01
9.485678484316117931e-02 4.426394497096985958e-02 -3.407721063828450525e-02 -1.050435191758447573e-01
1.127099327923195560e-01 3.303955853527718034e-02 -3.759485108168814094e-02 -1.081546402459059308e-01
9.873374185070193931e-02 4.448756367677209056e-02 -3.312061647287745103e-02 -1.101006890545983552e-01
8.984429021330342380e-02 2.942283825317915102e-02 -3.436050241355737001e-02 -8.490662605292520482e-02
1.384463974522605056e-01 6.049028253821298051e-02 -4.739459583907468243e-02 -1.515420841513996919e-01
1.245069232317401742e-01 2.544663069154928792e-02 -4.619018374962635676e-02 -1.037633701736631053e-01
1.425232372960456573e-01 4.675825421967960693e-02 -3.756854100880069325e-02 -1.517129505069210182e-01
1.253484209535029592e-01 4.942165063359471588e-02 -5.092634366467940765e-02 -1.238437279224182674e-01
1.197490910538236975e-01 3.788402332420481855e-02 -4.369107077240563797e-02 -1.139420436056255426e-01
1.314601329412896646e-01 4.094933991918203731e-02 -3.854113517184654114e-02 -1.338683376886242726e-01
1.243920539911069767e-01 3.882089965455914893e-02 -4.148214909603975542e-02 -1.217308045496281466e-01
1.317721581402180320e-01 3.493790583567335517e-02 -5.346599858777878467e-02 -1.132440653881134907e-01
1.374722708853939324e-01 3.385806852305428549e-02 -4.201825362289834942e-02 -1.293120857855498684e-01
1.245605776120681796e-01 4.850130972516009109e-02 -3.327884971307515372e-02 -1.397830376241522288e-01
1.270768691965571406e-01 3.478925410515731897e-02 -4.221095069753655338e-02 -1.196551726041752417e-01
1.313349613650469649e-01 3.739347524364777797e-02 -2.776358474984785829e-02 -1.409648518588477728e-01
1.159951742558105181e-01 3.894319323595940574e-02 -4.423284605002297809e-02 -1.107055214417478339e-01
1.292176510589708727e-01 4.399287275582697276e-02 -4.427721038362264494e-02 -1.289333134311743123e-01
1.269208559206980169e-01 4.106796360908315791e-02 -5.412669058519359311e-02 -1.138621289445875817e-01
1.478749738378075662e-01 4.449367451424279807e-02 -4.730809298062155221e-02 -1.450605553714270357e-01
1.251970572477123511e-01 4.440187134021744697e-02 -5.674100066606868609e-02 -1.128579279218620002e-01
1.373458714089057509e-01 3.789574577880383544e-02 -4.610043706833089061e-02 -1.291411801193769193e-01
1.385397873329754503e-01 5.035677802148974536e-02 -3.570154491713495304e-02 -1.531950204373320190e-01
1.271750294229709866e-01 4.176282818038945521e-02 -5.394496584767782821e-02 -1.149928917556799490e-01
1.347211703766317825e-01 4.038962952418145846e-02 -5.313992030350078721e-02 -1.219708795973151183e-01
1.184229548726385417e-01 1.951299630241543070e-02 -2.556044948641211789e-02 -1.123755016886400782e-01
1.343218949764386494e-01 2.948686992742466373e-02 -4.377424102959803776e-02 -1.200345238742626108e-01
1.205908935139943239e-01 6.460731278906628461e-02 -5.349016414786689211e-02 -1.317080421551946046e-01
1.205375268077144568e-01 5.018814215769129561e-02 -3.848109353746220762e-02 -1.322445754279462093e-01
1.334677165879050165e-01 4.281611694396492140e-02 -5.184552604830283684e-02 -1.244383074835688774e-01
1.372948661526418590e-01 4.927190417849125481e-02 -4.316646722668870950e-02 -1.434003031044426280e-01
1.395127932644912860e-01 4.315290810276728450e-02 -3.905883935910914317e-02 -1.436068620081512037e-01
1.095062525650476459e-01 4.274827443655482284e-02 -5.042927190803592197e-02 -1.018252550935674350e-01
1.300955646932298038e-01 4.899775316621557408e-02 -3.992142712155821727e-02 -1.391718907378844960e-01
1.350883982419697205e-01 5.018794798059378337e-02 -5.686341406822137401e-02 -1.284129321543421298e-01
1.189684733167650776e-01 3.285742504578070822e-02 -3.253113322143441621e-02 -1.192947651411122578e-01
1.174820497968509514e-01 5.797468845838249507e-02 -4.148543798996495724e-02 -1.339713002652693774e-01
1.277335445186196239e-01 4.333898539127289951e-02 -4.356414744933978511e-02 -1.275083824605545146e-01
1.249447640192160591e-01 2.849141583589709370e-02 -3.713466193757941625e-02 -1.163015179175328484e-01
1.259135786325273898e-01 3.809467783029507615e-02 -4.471393882729035596e-02 -1.192943176355338863e-01
1.405807977251489760e-01 5.719895342280256756e-02 -4.929054124324405706e-02 -1.484892099047065983e-01
9.609690687608640758e-02 3.598469136222171016e-02 -2.588682637674821763e-02 -1.061947718615599001e-01
1.371973410352937961e-01 3.282506436947763007e-02 -3.997406120069779689e-02 -1.300483442040736293e-01
1.383699503615902771e-01 3.939071605558730482e-02 -4.532616986779203216e-02 -1.324344965493882142e-01
1.249929245646006493e-01 4.435650066074892095e-02 -4.690796373248762308e-02 -1.224414614928654998e-01
1.368265591716832930e-01 2.344778271513892065e-02 -3.579141548251030258e-02 -1.244829264043101347e-01
1.385604977109426983e-01 2.830765638102938908e-02 -3.941360383484138197e-02 -1.274545502571298172e-01
1.064214377330383599e-01 4.294940895643861722e-02 -4.030615889470556823e-02 -1.090646877947740734e-01
1.210563508020827683e-01 5.118135466335260730e-02 -3.754444324606343031e-02 -1.346932622193701690e-01
1.254777147526251468e-01 5.948957089684103750e-02 -4.101786066071611003e-02 -1.439494249887509625e-01
1.185383789286085232e-01 5.388122607740886139e-02 -4.246818243235317425e-02 -1.299514225736615458e-01
1.365733527452155371e-01 3.684406578763166351e-02 -4.980766094719335513e-02 -1.236097575856529573e-01
1.215123306692058591e-01 4.267662764403734599e-02 -4.734984907134354160e-02 -1.168391092418987753e-01
1.043375774660466604e-01 4.140352254130341692e-02 -4.149740687924285965e-02 -1.042436931281089940e-01
1.320248808958375264e-01 6.325490777497222439e-02 -3.900084883268117864e-02 -1.562789398381259076e-01
1.379624249670561298e-01 3.324080975560494977e-02 -5.253887845554139346e-02 -1.186643562671196861e-01
1.302787353561107864e-01 3.804032631911802298e-02 -3.877861043936725594e-02 -1.295404512358633298e-01
1.342141766953437454e-01 3.592743113219221129e-02 -4.435237890054732901e-02 -1.257892289269868513e-01
1.197289736773399227e-01 3.747735027311982492e-02 -4.228669553721697838e-02 -1.149196284132418810e-01
1.132066006110612477e-01 5.040327142521228154e-02 -5.393573197890333404e-02 -1.096741400573693070e-01
1.251351267150520030e-01 2.847635422064431765e-02 -3.943059233533130481e-02 -1.141808886003659040e-01
1.133400833024094112e-01 4.015259285010142065e-02 -4.900418896951119763e-02 -1.044884871830005224e-01
1.250848165443407822e-01 2.219831896712687325e-02 -3.984957120213028503e-02 -1.074335643093391468e-01
1.318106344962348686e-01 3.209574447134944108e-02 -3.542651295902299324e-02 -1.284798660085630928e-01
1.296737949182498184e-01 2.832676820682156205e-02 -4.468137943328365225e-02 -1.133191836917868400e-01
1.114219904024116303e-01 2.838175730721914647e-02 -3.315231749338654055e-02 -1.066514302162433481e-01
1.210602352919583069e-01 2.994046250555282285e-02 -3.930988765819698472e-02 -1.116908101393168096e-01
1.343211545401334917e-01 2.533391942298113264e-02 -3.341059121429701406e-02 -1.262444827488149457e-01
1.208035903540674028e-01 4.800803407624076868e-02 -5.372983852837975860e-02 -1.150817859019284128e-01
1.153295910200871077e-01 4.875572090362290112e-02 -5.094647105883520766e-02 -1.131388408648748012e-01
1.024743474544322908e-01 4.527864356213839869e-02 -3.192967929856749265e-02 -1.158233117180014204e-01
1.344232593584218094e-01 3.045003177531580008e-02 -4.714682919601465017e-02 -1.177264619377247357e-01
1.159996578632611630e-01 5.423116822210616306e-02 -3.892702128670322281e-02 -1.313038047986632151e-01
1.365792824401745875e-01 3.686166589854877884e-02 -4.597877027578167741e-02 -1.274621780629381362e-01
1.285865037074964690e-01 4.543636333106526592e-02 -4.186186190194529644e-02 -1.321610051366182148e-01
1.285267291377154564e-01 4.303439461868041604e-02 -3.425600512110804630e-02 -1.373051186352904907e-01
1.127380385417566799e-01 3.624596860591111636e-02 -3.321422365586634839e-02 -1.157697834918023361e-01
1.185324228601656316e-01 4.015555472259624281e-02 -5.352429090778443310e-02 -1.051636866749783294e-01
1.137347247040612075e-01 3.902904868775447511e-02 -3.792020537922979884e-02 -1.148435680125841074e-01
1.207055431633063947e-01 5.847559908807209439e-02 -5.104539286800324760e-02 -1.281357493833743533e-01
1.161316773738532149e-01 3.172075008041019828e-02 -4.042335261788831957e-02 -1.074290748363750936e-01
1.116517704538484423e-01 4.966712536897865959e-02 -5.001490972022537562e-02 -1.113039861026017263e-01
1.062253229849412506e-01 4.436318858843524282e-02 -2.845960776050304730e-02 -1.221289038128752225e-01
1.137851083848078204e-01 4.870162264492261528e-02 -2.959978333175872223e-02 -1.328869476979690489e-01
1.164110755696645683e-01 4.223261333831107578e-02 -3.614542318442737212e-02 -1.224982657235491601e-01
1.320342599387176463e-01 3.943578105731848638e-02 -4.784081335242440502e-02 -1.236292276436108395e-01
1.211852159168724796e-01 4.476842385159152116e-02 -4.956693666953171373e-02 -1.163867030989305107e-01
1.233343502835495542e-01 4.498557606231035066e-02 -4.078981981507023846e-02 -1.275301065307914428e-01
1.208341561823882415e-01 3.225469914838718921e-02 -3.373564149811958401e-02 -1.193532138326567349e-01
1.254830849969446049e-01 3.525936660049922011e-02 -4.267519833490496239e-02 -1.180672532625397508e-01
1.265838547296418426e-01 4.610321715002907439e-02 -4.931095004038610341e-02 -1.233761218392857018e-01
1.124988182431021499e-01 4.803368727236634328e-02 -3.848350885105933372e-02 -1.220489966644091595e-01
1.527397598103963361e-01 4.613339511161029804e-02 -5.683457945032088787e-02 -1.420385754716875226e-01
1.283854385826508349e-01 5.035111438673744999e-02 -4.707655177783109934e-02 -1.316600011915571855e-01
1.136401421512465149e-01 4.707741962270084457e-02 -1.430030308523999594e-02 -1.464172586887055871e-01
1.337467727224197489e-01 4.854774393444216685e-02 -4.738050631900403431e-02 -1.349140103378596578e-01
1.214548488293285544e-01 3.728790094974154812e-02 -3.375829474797242824e-02 -1.249844550310950098e-01
1.071061260503789470e-01 4.921497743558678195e-02 -4.820146704785432945e-02 -1.081196364381087349e-01
1.333247713434788650e-01 2.933053216213732384e-02 -2.190535469290200155e-02 -1.407499488127115228e-01
1.460561344108839421e-01 3.959071669851965680e-02 -4.710518311183609086e-02 -1.385416679975683962e-01
1.051672045410150247e-01 5.830137252059319763e-02 -4.789089363436538349e-02 -1.155776834272428388e-01
1.217244480998020961e-01 5.510935221703139320e-02 -4.261440721233089590e-02 -1.342193931044999289e-01
1.206349815012561777e-01 3.619092080659935817e-02 -3.872326008044346679e-02 -1.181026422274120691e-01
1.307398048789671918e-01 4.654767330666942371e-02 -4.386935975484451689e-02 -1.334181184307920986e-01
1.342517060004126961e-01 3.757645895260974811e-02 -2.485020092701883954e-02 -1.469779640260044928e-01
1.227036376112797811e-01 4.631762362124547394e-02 -4.305504879086274883e-02 -1.259662124416625062e-01
1.182277900936350434e-01 4.625176040914613651e-02 -4.289332742854412572e-02 -1.215862230742370542e-01
1.190657072501402070e-01 5.500771322090702853e-02 -3.947936001540508499e-02 -1.345940604556430387e-01
1.319511814677607475e-01 5.634842725352307014e-02 -4.623565458401834860e-02 -1.420639541372654691e-01
1.270491979229069202e-01 4.164523839042910680e-02 -3.854635382952853462e-02 -1.301480824838066042e-01
1.129490712689111831e-01 3.014189544800682796e-02 -3.462669322581835019e-02 -1.084642734910996609e-01
1.158170571324044218e-01 4.792384774325242347e-02 -4.566935292430240878e-02 -1.180715519513553247e-01
1.287517874102359627e-01 4.159582227519553754e-02 -3.490772845221190579e-02 -1.354398812332204827e-01
1.313520744969922660e-01 5.065558937579250909e-02 -6.531872417351713977e-02 -1.166889396992685235e-01
1.238813114773131829e-01 3.960156004666082197e-02 -3.801732257581491581e-02 -1.254655489481617536e-01
1.150451328824209085e-01 4.451624203816351155e-02 -3.963073081662571440e-02 -1.199306441039560411e-01
1.253665281319236158e-01 6.699367703994063561e-02 -5.225852179983547785e-02 -1.401016833720287735e-01
1.549121253933725129e-01 3.193342547771660378e-02 -3.859641451501261145e-02 -1.482491363560782816e-01
