-1.028225251657449578e-06
-9.886260502802059078e-07
-9.861124090864047563e-07
-9.948733539591674049e-07
-9.891457231738019854e-07
-1.006784076665715680e-06
-1.007567799434818936e-06
-1.015752969421043822e-06
-9.538160085743479731e-07
-1.012792551536172538e-06
-1.070961872540394491e-06
-1.037466696112921473e-06
-9.897058964368767524e-07
-9.761097151026157606e-07
-1.031788895699627686e-06
-1.032968806521389888e-06
-1.030156844874581682e-06
-9.709383169667675826e-07
-1.005525104895204511e-06
-9.764926349074042182e-07
-9.844665717910426160e-07
-9.541312102484703685e-07
-9.815381459648220181e-07
-1.003889921834255246e-06
-1.011913996234761272e-06
-9.815267473992167730e-07
-1.001628937126779350e-06
-1.031272365879725030e-06
-1.003200664410244165e-06
-9.936076687900434845e-07
-1.054868543295208959e-06
-1.144674876571473169e-06
-1.045489440229287167e-06
-1.037858213789204929e-06
-1.074241061501383789e-06
-1.103738252154853896e-06
-1.077139063625770112e-06
-1.068592081421029155e-06
-1.084426404314876672e-06
-1.061981964480283313e-06
-1.023495892447087019e-06
-1.085954432221224614e-06
-1.084296444230908123e-06
-1.094553009793887109e-06
-9.981952283679041870e-07
-1.121280681727327367e-06
-1.033882376715735409e-06
-1.098667404614822342e-06
-1.068883189264507373e-06
-1.049189612601614106e-06
-1.097960165391967391e-06
-1.083793691833172300e-06
-1.090463802032417181e-06
-1.090547689720485235e-06
-1.038209112795952928e-06
-1.046147428038722027e-06
-1.083783265036113745e-06
-1.057022559286623869e-06
-1.038657229552029654e-06
-1.063092049717446323e-06
-1.020059796547130177e-06
-9.712969964096948323e-07
-9.847124725982663603e-07
-9.846497694349462056e-07
-1.069238124006933264e-06
-1.018085197938912332e-06
-1.016699286960128041e-06
-1.087171715734178871e-06
-1.013305179454711156e-06
-1.018251316274350013e-06
-1.044593814477722059e-06
-1.026108471791109430e-06
-1.084962118699398495e-06
-1.050303660889899872e-06
-1.075893566692527679e-06
-1.018907237358177615e-06
-1.093289675139400557e-06
-1.099917848691274806e-06
-1.023492775480382424e-06
-1.074652392701873893e-06
-1.074234314485007873e-06
-1.085196278142246744e-06
-1.126478595446410396e-06
-1.006554377789190992e-06
-1.063372670271020284e-06
-1.092826392092663671e-06
-9.909900298819464355e-07
-1.059725493246382862e-06
-1.004765524792910486e-06
-1.046357163225238117e-06
-1.072890175736662404e-06
-1.029568198618867366e-06
-1.027170492625948021e-06
-1.030434861387264576e-06
-1.028270886710378601e-06
-1.033928106734161631e-06
-1.060713351004049777e-06
-1.110092974385123962e-06
-1.017115586651190639e-06
-1.055605796864590627e-06
-1.031438745122299729e-06
-1.064597418702425254e-06
-1.031191848998778097e-06
-1.040046592507980929e-06
-9.977473443424816764e-07
-1.061304737574990567e-06
-1.008710353286139741e-06
-1.041507741464997078e-06
-9.590417193651807643e-07
-1.058531041031867663e-06
-1.068434500577173555e-06
-1.027348037787175217e-06
-1.023092037271401018e-06
-1.020992942930595782e-06
-1.028912024094126328e-06
-1.053633938664501619e-06
-1.021969791158953271e-06
-1.054005525979839262e-06
-1.052035634013390671e-06
-1.030886825777179317e-06
-1.069523291672265259e-06
-1.025486371407603025e-06
-1.011591511898566004e-06
-9.849121754401474343e-07
-1.069330998157734768e-06
-1.043319915256343044e-06
-1.073459455320704422e-06
-1.009660005997621556e-06
-1.034127062803880741e-06
-1.013215026290952190e-06
-9.526574187010860068e-07
-8.886247304802024377e-07
-9.884403818752372199e-07
-9.574456761511458547e-07
-9.412213534448008677e-07
-9.316213975463614623e-07
-9.514397922437514536e-07
-8.884218229478428934e-07
-8.922722445507398918e-07
-9.293227323300902452e-07
-9.659215724430300426e-07
-9.533030101429577274e-07
-9.717203567561648306e-07
-9.814231949004969276e-07
-9.720626874595001702e-07
-9.089141773115741499e-07
-9.355668351216275382e-07
-1.029222789467498877e-06
-1.018539824768984060e-06
-9.562484706128413721e-07
-1.007527280743487354e-06
-9.592257511775116222e-07
-9.386611891599603069e-07
-1.031778593569166300e-06
-9.842846995284576311e-07
-9.595424863348205234e-07
-9.567009895453303710e-07
-9.630040872921361940e-07
-1.007123604800791862e-06
-9.280102494336401713e-07
-1.002626703713817670e-06
-9.722123805452446366e-07
-9.998269999564377805e-07
-1.048175682831126370e-06
-1.022954705087870039e-06
-9.371885824170698988e-07
-9.805341869908736442e-07
-9.481768345218575423e-07
-9.973858616227805844e-07
-9.766896029824549652e-07
-9.852497620520270879e-07
-9.449777874762599990e-07
-9.349095922287806353e-07
-9.792770962016859750e-07
-1.005508060576001422e-06
-9.533767287374144104e-07
-9.601659219935237762e-07
-9.774293763086755326e-07
-9.456872855853394096e-07
-9.895602545812601041e-07
-1.028557426877483702e-06
-1.006684627717080796e-06
-9.604888361512641028e-07
-9.739130550003226482e-07
-9.843613673834204654e-07
-9.638396001928169507e-07
-9.664536079718389475e-07
-9.838554202222932944e-07
-1.001954518955321953e-06
-9.293021325498468266e-07
-9.864063227323532114e-07
-9.621799214599966824e-07
-9.526612443635722909e-07
-1.011323054649874746e-06
-9.485365549742629494e-07
-1.047116572185814122e-06
-1.002489583534761700e-06
-9.905136825554331293e-07
-9.643754386759366118e-07
-9.270874755142023334e-07
-9.494511248416600280e-07
-9.523946718033931980e-07
-9.201692828094299284e-07
-9.610130089838405804e-07
-9.776634047189717241e-07
-9.317918733467074988e-07
-1.005339015692971102e-06
-1.097489151339963456e-06
-1.069314461413452789e-06
-1.097615251099808469e-06
-1.042151132934572877e-06
-1.053228438052139921e-06
-1.079628024227613654e-06
-1.089988149191075006e-06
-1.081204387951270568e-06
-1.073179414947124737e-06
-1.089832081195716641e-06
-1.104804004430399158e-06
-1.140078781489938151e-06
-1.059803799121065907e-06
-1.083783456311895555e-06
-1.060310075004168094e-06
-1.123485261106298107e-06
-1.051858724688578309e-06
-1.036495478332745728e-06
-1.063713075074441250e-06
-1.055667036113565490e-06
-1.063883673944692727e-06
-1.102541129105224829e-06
-1.078003924892971499e-06
-1.039644109556411483e-06
-1.103313197135720302e-06
-1.051088349150727995e-06
-1.099607780495320388e-06
-9.846695728054078669e-07
-1.078923620534482321e-06
-1.115040524671581248e-06
-1.086745741539051896e-06
-1.077256123713018165e-06
-1.051859472069849289e-06
-1.117039509180189658e-06
-1.091365375254017468e-06
-1.059836286638573183e-06
-1.087497289664233897e-06
-1.087067827446862407e-06
-1.046362334693015256e-06
-1.046374141568347837e-06
-1.042430799804959747e-06
-1.049052601619683956e-06
-1.125272032073460444e-06
-1.084957953931669361e-06
-1.096707679519343246e-06
-1.116877841361709574e-06
-1.047420006464858736e-06
-1.071923407430524351e-06
-9.961752017716925689e-07
-1.078621415303430499e-06
-1.139622524471932910e-06
-1.040086019403663295e-06
-1.050225560608114059e-06
-1.134300030519761217e-06
-1.049362767541408001e-06
-1.070558139397736442e-06
-1.067169048614862150e-06
-1.030877164188609157e-06
-1.142191061449808293e-06
-1.139572070438155927e-06
-1.085225010513882489e-06
-1.119073882557569947e-06
-1.110442549918463942e-06
-1.140603656543790345e-06
-1.102197351877084653e-06
-1.144494938209670161e-06
-1.126380037090658605e-06
-1.173135539914678797e-06
-1.144453804604821695e-06
-1.169411268979942562e-06
-1.289321419622108397e-06
-1.103848893081140816e-06
-1.116865482576970459e-06
-1.087775498563942510e-06
-1.163467160869521086e-06
-1.238987259421748890e-06
-1.077002683973330550e-06
-1.141756107802973193e-06
-1.080917773399832045e-06
-1.173615904282173741e-06
-1.125394711258372614e-06
-1.143285079815858434e-06
-1.123382106237951468e-06
-1.157903214513474308e-06
-1.191794391222712967e-06
-1.174474474226373034e-06
-1.197332454508127174e-06
-1.118545027230743984e-06
-1.004086351794653897e-06
-1.081005556942055793e-06
-1.030652762376330063e-06
-1.035245206471897443e-06
-1.056278481777739645e-06
-1.094396352809503625e-06
-1.047365374267705070e-06
-1.080181025418319014e-06
-1.070955505043509597e-06
-1.029411120302908237e-06
-1.052110374783935130e-06
-1.019570668042606874e-06
-1.034497703995985846e-06
-1.047919372614899043e-06
-1.052821845257006574e-06
-1.054933921565004824e-06
-1.058832542675200477e-06
-1.046817003290205168e-06
-1.003405229653424947e-06
-1.049881109949927202e-06
-1.108869362477959428e-06
-9.961404795171670456e-07
-1.085870808634315910e-06
-1.033146366625007569e-06
-1.042835016572231278e-06
-1.064789680315280696e-06
-1.015843257525566135e-06
-1.060902299341833968e-06
-1.101462691940449073e-06
-9.825166344861339187e-07
-1.015176811466975287e-06
-1.107700573214315284e-06
-1.048920335144555486e-06
-1.161895631463099993e-06
-1.057166727717882785e-06
-1.075372375090680131e-06
-1.117184244804918355e-06
-1.048121926193806104e-06
-1.090244080200920640e-06
-1.057972240630994616e-06
-1.043128540596518290e-06
-1.137498172641642970e-06
-1.147065513238994730e-06
-1.104209079751787646e-06
-1.100226769914274530e-06
-1.090207222126520147e-06
-1.049603950077371811e-06
-1.076432990461055073e-06
-1.053574694675723986e-06
-1.091998238681097339e-06
-1.062311605015400157e-06
-1.054154703634820185e-06
-1.102871234384231196e-06
-1.130077543687925378e-06
-1.093626376736544238e-06
-1.132733947860083584e-06
-1.124327980408681368e-06
-1.062708364086931904e-06
-1.093094440421327862e-06
-9.993083383482716508e-07
-1.055883987981807496e-06
-1.122667127598869169e-06
-1.125357845778039709e-06
-1.068164207886532282e-06
-1.099232752973306085e-06
-1.111134753565463533e-06
-1.066586077625749488e-06
-1.081898885620244162e-06
-1.086247415487740863e-06
-1.101707076957224116e-06
-1.096014079949306993e-06
-1.071674095249615096e-06
-1.033867127668875277e-06
-1.085420477130378988e-06
-1.093746245441033692e-06
-1.121074776242553741e-06
-1.100606073500402292e-06
-1.086296522127973089e-06
-1.018374010745877117e-06
-1.043253386661827210e-06
-1.067399152782390606e-06
-1.070848583252550846e-06
-1.055316926476575751e-06
-1.031085002678720279e-06
-1.100309224696205259e-06
-1.076280341721105955e-06
-1.121167123705066857e-06
-1.125411573099019428e-06
-1.120422312369185814e-06
-1.115057543950182252e-06
-1.075623609184529418e-06
-1.107014332544498456e-06
-1.069707590360608720e-06
-1.090507749660599754e-06
-1.059574519219193901e-06
-1.036510970638359532e-06
-1.110960847763199124e-06
-1.068824458978357818e-06
-1.136056500553400062e-06
-9.991902636273613484e-07
-1.075604652273023558e-06
-1.103297831475801018e-06
-1.027537665256072726e-06
-1.084452540198733360e-06
-1.130438632859364440e-06
-1.120740687237361945e-06
-1.011151494532163025e-06
-1.093786221748749920e-06
-1.058871020625088768e-06
-1.054942907632115230e-06
-1.057680042042326526e-06
-1.067915361965240951e-06
-1.063113327653878089e-06
-1.099891957890250040e-06
-1.032394966849693488e-06
-1.026983479070486663e-06
-1.080701005260854201e-06
-1.019145348623075613e-06
-1.090224019179849392e-06
-1.071976868585294911e-06
-9.254832793207214907e-07
-9.792433553668752943e-07
-1.054933394491944521e-06
-1.036141980961585413e-06
-9.838476184939057061e-07
-9.612440452978523654e-07
-1.037447237341755505e-06
-1.058221348378395057e-06
-1.047940639799517033e-06
-1.068765526603241331e-06
-1.003679632281317681e-06
-1.017961483609778778e-06
-1.040428520116381412e-06
-1.041412327479005208e-06
-1.017092579847106899e-06
-9.938122947161049867e-07
-1.017392635224039642e-06
-1.045128541637382595e-06
-1.034398176555260536e-06
-1.029349606786633347e-06
-9.993785567595383042e-07
-1.015157855375210549e-06
-1.001960545727133553e-06
-9.964855098573929667e-07
-1.023637664627997714e-06
-9.784996039033720430e-07
-1.034587144462968692e-06
-1.075682466876477778e-06
-1.043187095251263122e-06
-1.123610903193346686e-06
-1.062396807248748531e-06
-1.030950406755887590e-06
-1.109167778166565335e-06
-1.069120443748034277e-06
-1.063994497659533040e-06
-1.092528192814127315e-06
-1.093110887748474907e-06
-1.128915024304911084e-06
-1.038752849796871093e-06
-1.122421255389904050e-06
-1.055096310121494832e-06
-1.069814864395614399e-06
-1.113625702548570803e-06
-1.111695614659903735e-06
-1.023617951717219466e-06
-1.036506089504408659e-06
-1.088721381681493067e-06
-1.020203963206108599e-06
-1.041396602305881229e-06
-1.120622580900318811e-06
-1.073513098880673758e-06
-1.082170478088334997e-06
-1.051337672199959559e-06
-1.008382574261125488e-06
-1.024582803358172418e-06
-1.114500360773401766e-06
-1.062658144328278635e-06
-1.113793233226580835e-06
-1.130127297236962348e-06
-1.156400600442827671e-06
-1.097566017881171715e-06
-1.240213195990440398e-06
-1.115216480833532294e-06
-1.178903829246692279e-06
-1.152354570994626241e-06
-1.127730637698475950e-06
-1.080944099099163083e-06
-1.146651596240322656e-06
-1.234414017339995545e-06
-1.119195355399079151e-06
-1.094743199158663014e-06
-1.088241780269177708e-06
-1.174068402285609826e-06
-1.156802761086460086e-06
-1.126539979778432812e-06
-1.085114802626835836e-06
-1.141025418580743837e-06
-1.114643815371356081e-06
-1.115749338551440898e-06
-1.117074155475552905e-06
-1.096465852862511427e-06
-1.178954853801386217e-06
-1.153747392201162524e-06
-1.207426213937545598e-06
-1.185420658614600636e-06
-1.059790127097960710e-06
-1.115280650816943419e-06
-1.098760985402144773e-06
-1.035401796860826267e-06
-1.031827831310629708e-06
-1.053130804620014630e-06
-1.040923571022768368e-06
-1.029172270859127968e-06
-1.093952424059379793e-06
-1.132632993286348914e-06
-1.008474395735412360e-06
-1.039379507353325863e-06
-1.062236272422625439e-06
-1.134742229112203802e-06
-1.130841957024263773e-06
-1.095471880347754663e-06
-1.045607016129781150e-06
-1.095029277592016000e-06
-1.082902249504844178e-06
-1.042823211009771602e-06
-1.100186065118530217e-06
-1.051014099243421790e-06
-1.019122067354498552e-06
-1.056223517707630399e-06
-1.068290554203694527e-06
-1.129751547727739648e-06
-1.075615154294960632e-06
-1.009959087152933700e-06
-9.891941755384909620e-07
-9.847767478805067494e-07
-9.240638119664461545e-07
-1.005099893405052693e-06
-9.769242302282149560e-07
-9.051063442533373461e-07
-8.930515682138512981e-07
-1.038935116999265973e-06
-9.905324757540351298e-07
-9.921468078855738578e-07
-1.013577408694527757e-06
-9.688495069212831719e-07
-9.597906668071640867e-07
-9.498237506506700260e-07
-9.851487267761560241e-07
-9.310253120313570347e-07
-9.453354226042633881e-07
-1.002763892565990854e-06
-9.619696016360506051e-07
-1.003810009859770436e-06
-1.020323624609742104e-06
-9.592159564690099023e-07
-9.374269041954517836e-07
-1.133987338861112419e-06
-1.150395472660609800e-06
-1.180138435839133643e-06
-1.137426167734376143e-06
-1.091259653123478032e-06
-1.124092557946674476e-06
-1.143042772366666210e-06
-1.121059542331838009e-06
-1.096113682715627063e-06
-1.067568510120376794e-06
-1.155589725412947086e-06
-1.134373694316244587e-06
-1.070325221747398425e-06
-1.123382901094120852e-06
-1.118318264591187202e-06
-1.131695141647417515e-06
-1.152928577364536525e-06
-1.159295567398798753e-06
-1.111843949828622647e-06
-1.105898447039099942e-06
-1.164469300596873042e-06
-1.136417493153193604e-06
-1.107351223476649542e-06
-1.095150974928329206e-06
-1.190898473530286217e-06
-1.081544628907338346e-06
-1.113945564773640449e-06
-1.123329133721242856e-06
-1.099501344813597616e-06
-1.087470688578510100e-06
-1.052329511482325627e-06
-1.040673589873638950e-06
-9.807592795005780296e-07
-9.985694018329439556e-07
-9.662499729320409266e-07
-9.875244279980306085e-07
-1.057142470408515006e-06
-9.991093549960613437e-07
-1.035053270022518315e-06
-9.652497875731638615e-07
-1.017649792212663288e-06
-1.001460359289580184e-06
-9.957594119975143838e-07
-1.013483495089998593e-06
-9.828774590591701396e-07
-1.046082333029515922e-06
-9.754699092318577197e-07
-1.001011334378010327e-06
-1.009840301630989387e-06
-1.010512524192054567e-06
-1.003888836468818745e-06
-1.023421373357466055e-06
-1.062848724705825721e-06
-9.577828437002589530e-07
-9.646217773918723338e-07
-1.021479177329818157e-06
-9.786490828150231457e-07
-9.624632125363910869e-07
-1.044627829318268571e-06
-9.984117235538995220e-07
-1.028928000062146530e-06
-1.010953809660128123e-06
-9.504788973594344549e-07
-1.012032108474778286e-06
-1.011501813839461833e-06
-9.857471252018571588e-07
-1.037096685870588015e-06
-1.034060900707256224e-06
-1.004114882271292832e-06
-1.005197325425856891e-06
-1.031261458132574135e-06
-1.044093363040811580e-06
-9.983275559915299304e-07
-9.735389808373054357e-07
-1.087638282618414445e-06
-1.041572119390759049e-06
-1.039299917649110106e-06
-9.968198446824518168e-07
-1.057925404420979506e-06
-1.021382381126118348e-06
-9.873101984533085231e-07
-1.041537461663499062e-06
-9.788199620727663180e-07
-1.041511418100029743e-06
-1.042980883044607944e-06
-1.045929597893843075e-06
-1.027974510171900904e-06
-1.047178721301341397e-06
-1.065618044423606928e-06
-1.064369983336234585e-06
-1.024136421225165443e-06
-1.058405021315245338e-06
-1.049491870141717311e-06
-1.021076580500280969e-06
-1.060048080523602035e-06
-1.056817823220752616e-06
-1.032309246822505125e-06
-1.118570384344576080e-06
-9.426525825162043604e-07
-1.131441632549445831e-06
-1.119473739187430990e-06
-1.001367701208981767e-06
-1.099785778805607650e-06
-1.048513350018430099e-06
-1.045196345324668515e-06
-1.004585488336423873e-06
-1.044597585474739042e-06
-1.042183888752905300e-06
-1.011129561138067348e-06
-1.062117123012498531e-06
-1.070914556952268806e-06
-1.052169654262292957e-06
-1.078583246712374756e-06
-1.047323544013373144e-06
-1.060488717905571705e-06
-9.333864432219612614e-07
-9.677998357009297240e-07
-9.091415867190956974e-07
-9.357947839262140403e-07
-9.501871085445886681e-07
-9.766136769221291433e-07
-9.303953365050242724e-07
-9.386652222238319034e-07
-9.673842671085786565e-07
-9.607739546173368187e-07
-8.847846588820346994e-07
-9.834189695492458817e-07
-9.302980406372685164e-07
-9.416715458183709740e-07
-9.283589295704224423e-07
-8.829998045561164997e-07
-1.023194677155196412e-06
-9.654303598110846723e-07
-9.214704757327235560e-07
-9.437201356162216004e-07
-9.769923067375467020e-07
-9.654327982756870643e-07
-9.053697389695437322e-07
-9.596194497906212139e-07
-9.889160428625490351e-07
-9.190880671292106764e-07
-9.384107985283168755e-07
-9.466047690821079933e-07
-9.372086796423442973e-07
-9.508579870409645608e-07
-9.727276953401059684e-07
-1.015427397589230438e-06
-9.402567411859443918e-07
-9.900966005997209325e-07
-8.763705372487471541e-07
-9.425984222041285642e-07
-1.010984453757873807e-06
-9.232923443040869296e-07
-9.594241826596871800e-07
-9.155993282030138563e-07
-9.291707168120554675e-07
-1.009102358928114204e-06
-9.390168166429654961e-07
-9.960599275525486951e-07
-9.519016338722600649e-07
-1.136815113503279599e-06
-1.093479277451792226e-06
-1.050330060849619907e-06
-1.118599724149977377e-06
-1.063316674727635157e-06
-1.031088029362098380e-06
-1.055334075857766469e-06
-1.078119771361742505e-06
-1.109390791118006798e-06
-1.124454449863253660e-06
-1.069780740521359286e-06
-1.105836017240017756e-06
-1.106603387033522415e-06
-1.085004950722903390e-06
-1.076453830706641475e-06
-1.047851183713549666e-06
-1.079191379924546776e-06
-1.142515841539773483e-06
-1.069617909006788496e-06
-1.112136124113218527e-06
-1.078845778840877969e-06
-1.061774068105096563e-06
-1.027564630294937651e-06
-1.103882439489267686e-06
-1.061026282909096036e-06
-1.070705281043646302e-06
-1.091911560844376529e-06
-9.988519121256562009e-07
-1.032783301685122570e-06
-9.854961750788783801e-07
-1.034683176898791085e-06
-9.619868946055903972e-07
-1.034084539276471031e-06
-1.030907106367504827e-06
-9.928342056862283322e-07
-9.447468809088183336e-07
-1.006016396436964347e-06
-9.917521169866899623e-07
-1.032817261899624717e-06
-1.033354758361377634e-06
-1.011361452132952301e-06
-1.025770574244857291e-06
-9.781529308647299486e-07
-9.796804508407985064e-07
-9.711695595274570731e-07
-9.787607340857524772e-07
-1.002481404982811718e-06
-1.031266289931106030e-06
-1.000546449049083897e-06
-1.005496082522625389e-06
-9.448673250277503882e-07
-9.440868616526514596e-07
-9.694828675391466292e-07
-9.998589235449690524e-07
-1.031829470591208224e-06
-9.748610963409353018e-07
-9.919696936160596152e-07
-1.029664204768867079e-06
-9.730706722949378979e-07
-1.031872850515904901e-06
-9.865202596142197034e-07
-9.773851965183877997e-07
-1.018658274246298682e-06
-9.854658945830816825e-07
-9.436920731100894057e-07
-9.723265354811784560e-07
-9.993474881933924501e-07
-9.454678978380972822e-07
-1.036885852839105887e-06
-1.002827674186034449e-06
-9.590028007640351968e-07
-1.007237911985374237e-06
-9.892626022780257216e-07
-9.985057665446106390e-07
-9.943704935606235441e-07
-1.065483796165847875e-06
-1.025072236799216896e-06
-9.834286192667227660e-07
-9.861974232246770235e-07
-1.018573475645766167e-06
-1.066255149992377553e-06
-9.813010816586765726e-07
-9.925215570701677656e-07
-9.893487350096363419e-07
-1.045752650263069569e-06
-1.052456268853232650e-06
-1.056050391437140865e-06
-1.084807549013158379e-06
-9.481171080603740603e-07
-1.091869760025743951e-06
-1.018779973330678462e-06
-1.017375397638714723e-06
-1.000199007842576145e-06
-1.048514212794042661e-06
-1.030830365636188315e-06
-1.030895798149050433e-06
-1.059797062428380068e-06
-1.029776088922430471e-06
-1.068929067207317594e-06
-1.015970668299019782e-06
-1.076503567252816789e-06
-1.033574260186972522e-06
-9.766423172999629306e-07
-1.058457147688915815e-06
-1.067452384450098709e-06
-1.102458095476030569e-06
-1.056982576545981245e-06
-9.902188206976884820e-07
-1.039219612002048476e-06
-1.054924451785431337e-06
-1.014721135141569816e-06
-9.711037054842816646e-07
-1.042233796876957498e-06
-1.008285854694993372e-06
-1.013080254174362829e-06
-1.020595786663863959e-06
-9.714293904157572496e-07
-9.224442934038008309e-07
-9.688085906954474793e-07
-9.643630865063617605e-07
-9.965478256085606262e-07
-9.413883323461706381e-07
-9.979755547400840915e-07
-1.008927489099647146e-06
-9.701297572323501215e-07
-1.026096759731002568e-06
-9.961609355983531247e-07
-9.665602030950620206e-07
-9.625966255728039558e-07
-9.910143413720225370e-07
-9.929840697743678752e-07
-9.880039281620288937e-07
-8.791969172006234837e-07
-9.859385074399721898e-07
-1.035215857600686842e-06
-9.927220596821559882e-07
-9.791824218685761232e-07
-9.497712826419809935e-07
-9.993699247970085284e-07
-9.520841283382560216e-07
-1.027350632089089616e-06
-9.505670671063013868e-07
-9.469274073627761515e-07
-1.023643340056853400e-06
