1.877571059056881708e-02 4.561430306702751736e-03 -6.801419843645684082e-03 -1.653572105362555167e-02
1.880941006434366791e-02 4.997511737424575884e-03 -6.926993935298275673e-03 -1.687992786647063426e-02
2.000588668006164639e-02 4.944960418049149098e-03 -5.793681496944702580e-03 -1.915716560116609291e-02
1.819962647029060854e-02 5.042028164985667971e-03 -4.571415323532002084e-03 -1.867023931174427442e-02
2.081401994088794005e-02 5.928358899105479196e-03 -7.241377398371939833e-03 -1.950100144162159044e-02
1.859105636966984498e-02 5.269842310778871664e-03 -4.561313395367250223e-03 -1.929958528508102233e-02
2.074112672829842019e-02 7.263688230326970086e-03 -8.106480816106209630e-03 -1.989833414251840349e-02
1.918024200409695901e-02 7.856925763739974755e-03 -7.901987117771458458e-03 -1.913518065006614144e-02
1.945853930753527194e-02 4.134786740140228289e-03 -3.992056767387008875e-03 -1.960126928028882443e-02
2.030444707871192911e-02 8.489066652984211814e-03 -6.708124395477632618e-03 -2.208538933621873035e-02
1.984979487643911966e-02 6.125154417101263959e-03 -4.347182544828576134e-03 -2.162776674871180749e-02
2.125117130606279936e-02 8.025964550616881965e-03 -9.523962110263184400e-03 -1.975317374641616386e-02
2.094072982465577937e-02 7.408671602495697783e-03 -7.348691718817912388e-03 -2.100070970833334272e-02
1.868705063830522484e-02 6.754186589888577785e-03 -6.043400960187739202e-03 -1.939783626800606342e-02
2.189671964487605038e-02 5.446030397934675804e-03 -6.599106664064824379e-03 -2.074364337874579078e-02
1.869636360363680083e-02 7.751031104440198050e-03 -7.087796765300802271e-03 -1.935959794277597457e-02
2.160380058859612262e-02 5.172107472471321188e-03 -7.527760097004621009e-03 -1.924814796406271178e-02
1.835449456154991665e-02 5.894648742719388324e-03 -5.333998295090403019e-03 -1.891514500917867991e-02
1.882415455038577434e-02 5.233257984271322272e-03 -5.524130383621428386e-03 -1.853328215103577925e-02
1.667222100511667193e-02 6.714565782411918704e-03 -4.058641773310389667e-03 -1.932814501421831199e-02
2.072571335586070873e-02 6.751360577886833525e-03 -8.695434124485368343e-03 -1.878163980926195187e-02
1.853309098380129250e-02 4.778696651042357857e-03 -6.028826390815034131e-03 -1.728296124402861622e-02
1.944575128279413256e-02 7.443758734853478387e-03 -8.362301617233725004e-03 -1.852720840041377492e-02
1.878385049517494743e-02 6.904673291900476073e-03 -5.946939011419294374e-03 -1.974158477565657321e-02
1.977718009615214712e-02 6.988511542939113141e-03 -6.576840203670442087e-03 -2.018885143542070715e-02
1.701091312810154577e-02 8.040185191327431369e-03 -5.624614017189610848e-03 -1.942648430223903322e-02
1.888685134372058982e-02 7.383090485018506399e-03 -8.157470292455504257e-03 -1.811247153628325890e-02
1.970584032493083448e-02 1.060474886981754850e-02 -8.211433948867363775e-03 -2.209915524588046409e-02
2.177552110730984758e-02 5.360859057812472628e-03 -8.626947118979377827e-03 -1.850943304614338647e-02
1.878298472746209313e-02 7.003664479679150290e-03 -6.019109156446211806e-03 -1.976754005069525366e-02
2.011238175870544431e-02 5.558059221703492980e-03 -6.283287233855183729e-03 -1.938715374655419765e-02
1.822020140624203144e-02 7.686930927763402366e-03 -5.083295795929920757e-03 -2.082383653807573509e-02
1.913993834776106517e-02 4.622619282740547675e-03 -5.631878276727841914e-03 -1.813067935377377093e-02
1.997371851681650767e-02 8.844064877914670220e-03 -9.540002996772711796e-03 -1.927778039795868814e-02
1.869915815082778821e-02 7.775880458328110478e-03 -6.968641680690002005e-03 -1.950639692846589668e-02
1.910388337923230040e-02 7.276437732115725865e-03 -8.229260932566373477e-03 -1.815106017878187483e-02
1.928171900069441946e-02 1.104600646796582986e-02 -1.083863948723429171e-02 -1.948908598142584658e-02
1.827850722983526133e-02 7.813247349537588704e-03 -5.579512769782524195e-03 -2.051224180959054788e-02
1.951285402526092838e-02 6.594180953144013202e-03 -7.469737554261945967e-03 -1.863729742414310664e-02
1.775505859499326711e-02 4.398634281122415501e-03 -3.650155628100448801e-03 -1.850353724801512278e-02
1.510820203983098686e-02 5.540173686375826634e-03 -3.967872507282810268e-03 -1.668050321892411425e-02
1.773629998106263095e-02 7.031826385826889236e-03 -6.346246369127395148e-03 -1.842187999776168095e-02
1.689816593269766187e-02 6.317889262801523742e-03 -5.659306849076672918e-03 -1.755674834642295679e-02
2.052535636719610146e-02 6.363481515296642854e-03 -7.690022809356711342e-03 -1.919881507313569990e-02
1.742648445638983468e-02 7.973987260778692132e-03 -7.980368864115461314e-03 -1.742010285305317652e-02
2.062061042140261868e-02 7.787767251440147476e-03 -8.042691202598262201e-03 -2.036568647024472600e-02
1.802961495231358846e-02 7.675488630070281815e-03 -5.018197663675838527e-03 -2.068690591870780970e-02
1.850614448478871132e-02 6.288859266018409500e-03 -6.831400456951297606e-03 -1.796360329385582322e-02
2.174344412546003191e-02 5.321243363066496812e-03 -5.696118186834464581e-03 -2.136856930169195312e-02
1.985042391159130837e-02 7.216027449941542216e-03 -8.260468051020097846e-03 -1.880598331051230865e-02
1.723589740280728755e-02 8.241026920695171398e-03 -7.032217026722187292e-03 -1.844470729678027165e-02
1.980810524315379517e-02 4.311349729109625883e-03 -5.313585465347547832e-03 -1.880586950691565118e-02
2.165421852504256783e-02 7.050618982695544545e-03 -8.002762501862714650e-03 -2.070207500587528671e-02
1.990085853649614656e-02 5.485776746586124020e-03 -5.113607889430160647e-03 -2.027302739365177686e-02
1.761310362530843499e-02 6.659117512506806946e-03 -4.715470604738869476e-03 -1.955675053307648348e-02
1.834856061199841015e-02 5.932422887254817923e-03 -7.414714583281134530e-03 -1.686626891597198252e-02
1.924178006985521883e-02 8.980928565726520318e-03 -8.097474772125190512e-03 -2.012523386345643761e-02
1.612881705666890930e-02 4.848708305221327564e-03 -3.499194807840666499e-03 -1.747833055404912628e-02
1.919347658086700825e-02 7.438231786828675141e-03 -6.755697886205225267e-03 -1.987601048149101324e-02
2.197046286695236716e-02 5.574520258112558579e-03 -7.118658530087196290e-03 -2.042632459497784048e-02
1.726795816610326995e-02 6.118584246699976248e-03 -5.352164133201053886e-03 -1.803437827960163720e-02
1.818731092982872610e-02 7.152152037433134879e-03 -4.971536183163705047e-03 -2.036792678409771185e-02
1.922849530419457054e-02 7.847565843837500665e-03 -6.119854449044392908e-03 -2.095620669898734523e-02
1.783256653753739762e-02 7.838298827270273605e-03 -5.548496587907125743e-03 -2.012236877690054548e-02
2.070407365587478843e-02 5.367040774991060914e-03 -5.720992594441920431e-03 -2.035012183642370687e-02
1.876551392375858107e-02 5.457510285753475188e-03 -6.633344689912390457e-03 -1.758967951960044296e-02
1.957735636794621925e-02 5.610880940762674740e-03 -5.980983973059017522e-03 -1.920725333564976545e-02
2.142243376151853340e-02 7.522405206810356404e-03 -7.790024298220066257e-03 -2.115481467010926764e-02
1.997118417582144367e-02 5.553996528369298247e-03 -5.982988764077212807e-03 -1.954219194011352911e-02
1.679937318560087434e-02 6.320094980680757146e-03 -3.921802053049039394e-03 -1.919766611323281413e-02
1.814889155589916037e-02 7.029197293110245326e-03 -6.792415640224702678e-03 -1.838567320878470301e-02
2.082790945212487088e-02 6.166184308813438264e-03 -6.727575082635550707e-03 -2.026651867830275844e-02
2.007506410255111007e-02 6.330523713298008559e-03 -7.213600413440546255e-03 -1.919198740240846135e-02
2.043902235131889178e-02 7.950069702537421179e-03 -7.964705746236422357e-03 -2.042438630761944651e-02
2.073825519427519026e-02 5.060791695673305668e-03 -4.286821719145073040e-03 -2.151222517080308982e-02
2.121369932985683882e-02 4.534240312645820836e-03 -5.609630035702473094e-03 -2.013830960679996451e-02
2.080991462813885917e-02 5.728173112157453062e-03 -7.054373353415521741e-03 -1.948371438688056845e-02
1.837618433993259970e-02 7.805498767937013582e-03 -6.334285086248891972e-03 -1.984739802162105438e-02
1.766460737881714316e-02 5.900144773608673177e-03 -5.858169977738358902e-03 -1.770658217468734641e-02
1.893184192331598403e-02 5.906633827021057215e-03 -6.532561733190611619e-03 -1.830591401714620758e-02
1.989313110668700091e-02 4.707657002643861333e-03 -6.646633314537742088e-03 -1.795415479479367526e-02
2.258111713430510648e-02 4.663522077569037805e-03 -6.523595594967290801e-03 -2.072104361690707552e-02
2.228310630942909043e-02 6.820050930130605593e-03 -4.095923361548736708e-03 -2.500723387801084829e-02
1.902352014432739935e-02 8.727077756071288661e-03 -8.082090025895549701e-03 -1.966850787450291627e-02
1.886292213269014084e-02 6.418485744865920495e-03 -8.670859083147131052e-03 -1.661054879440915233e-02
1.954321978551654126e-02 6.866446038209739200e-03 -8.648225881059845577e-03 -1.776143994266654591e-02
1.596986291735436048e-02 7.342471205102230059e-03 -4.124030351715823883e-03 -1.918830377074121074e-02
1.861117884100282893e-02 6.545785783987012607e-03 -7.089876291047958468e-03 -1.806708833394177205e-02
2.031887716042857228e-02 3.556178817881061605e-03 -5.251208817240837767e-03 -1.862384716106835203e-02
1.704362019225258429e-02 7.859278550653714390e-03 -5.594173144452097013e-03 -1.930872559845464576e-02
1.865676184426456885e-02 7.719767182787773407e-03 -6.039062715106346957e-03 -2.033746631194655041e-02
1.929249245837905136e-02 6.761922769421557788e-03 -6.523313722726409303e-03 -1.953110150507419984e-02
1.896265421607767898e-02 4.138868070629353468e-03 -3.776203970872415994e-03 -1.932531831583461646e-02
1.931994058360197997e-02 4.377793738342017349e-03 -6.060132189536382441e-03 -1.763760213240761487e-02
1.776455307829616359e-02 7.446609148437088876e-03 -5.308789176279193889e-03 -1.990237305045339244e-02
1.978226983839537212e-02 6.586787854190312430e-03 -6.229838174956148222e-03 -2.013921951762986939e-02
1.774176175542985234e-02 6.177847066537012211e-03 -6.150153179991790786e-03 -1.776945564197440763e-02
2.129194055528649265e-02 5.882064959765287426e-03 -4.784446197810487966e-03 -2.238955931724095905e-02
1.843193707275725401e-02 6.116857631220939950e-03 -5.314676273971863374e-03 -1.923411843000677468e-02
1.932015933263220298e-02 6.458242408621250874e-03 -4.858838872487392102e-03 -2.091956286876583970e-02
1.814903285799229771e-02 4.310196881726513496e-03 -3.120976948345899338e-03 -1.933825279137302289e-02
2.009446791146363154e-02 6.861342153014593492e-03 -8.686647883898168665e-03 -1.826916218058005636e-02
1.878361601478295562e-02 6.252216291877665810e-03 -6.361807135328967355e-03 -1.867402517133143203e-02
1.809991836050373060e-02 6.382228203149820089e-03 -5.372689717730749770e-03 -1.910945684592302296e-02
1.877601755679925155e-02 7.172834745414080615e-03 -6.219712345013395094e-03 -1.972913995719982605e-02
2.064408369619186168e-02 7.929257964960800820e-03 -8.370301465919549599e-03 -2.020304019523311290e-02
1.969691488114277966e-02 6.581521115751609585e-03 -8.546423742471387364e-03 -1.773201225442333495e-02
1.998474206856637458e-02 4.778227762578746152e-03 -4.429766055412454051e-03 -2.033320377573277771e-02
1.846609493115169975e-02 4.382446218017754802e-03 -6.646579636053528972e-03 -1.620196151311625865e-02
2.042258759609305585e-02 7.606846842052927826e-03 -8.794592668814327219e-03 -1.923484176933187850e-02
2.146832117512564864e-02 6.358347550372345225e-03 -7.565711530001961727e-03 -2.026095719549647622e-02
2.260430824336512323e-02 5.471969373884055798e-03 -6.631005615202467673e-03 -2.144527200204671136e-02
1.842086111655771852e-02 6.407377010097414782e-03 -6.565660695762698396e-03 -1.826257743089232388e-02
1.853566791429339666e-02 4.811940358224964243e-03 -5.282240458671427774e-03 -1.806536781384682211e-02
2.060461292944060219e-02 7.052122811269878611e-03 -6.427979348305301599e-03 -2.122875639240540124e-02
1.939006243578855759e-02 6.452335259421460023e-03 -6.516730399422132614e-03 -1.932566729578755194e-02
1.721561096783896794e-02 3.859690403881677057e-03 -4.953984479205031377e-03 -1.612131689251528055e-02
1.822115287297942920e-02 5.698903443925651402e-03 -5.391853064470431001e-03 -1.852820325243476063e-02
2.052328324387819869e-02 5.181032919630901290e-03 -4.947877499082875552e-03 -2.075643866442644647e-02
1.824632409859527904e-02 7.898592155905825862e-03 -7.832691773067002039e-03 -1.831222448143376980e-02
1.814361769472672137e-02 5.915452565597112411e-03 -7.536402393447105830e-03 -1.652266786687628386e-02
2.020452339792488949e-02 6.108646699203967856e-03 -7.309074924154335129e-03 -1.900409517297396711e-02
1.900426059509507937e-02 5.702784403166738514e-03 -4.720878071255540931e-03 -1.998616692700627695e-02
2.010485365639347322e-02 5.792053109338946015e-03 -6.223053804798261979e-03 -1.967385296093482339e-02
1.937550894514838973e-02 6.705851341395785425e-03 -5.447009550692216706e-03 -2.063435073585173640e-02
2.230386128784478394e-02 7.096518775406623902e-03 -6.644426896909916280e-03 -2.275595316634149157e-02
1.980507823571664439e-02 4.976559832878146850e-03 -6.427530557946870005e-03 -1.835410751064792123e-02
1.976621285075785828e-02 7.119802311495559977e-03 -7.887481673989227282e-03 -1.899853348826430199e-02
2.089561106012682856e-02 5.543224793561840613e-03 -4.098802919302091397e-03 -2.234003293438591164e-02
1.919450427442637164e-02 6.707739329829376373e-03 -7.508886700468009323e-03 -1.839335690378784971e-02
2.089440309320145239e-02 7.927416673212173137e-03 -8.163597948633860568e-03 -2.065822181777954292e-02
1.712432969096622237e-02 6.844767915929139690e-03 -5.254763522940075759e-03 -1.871433408395495324e-02
1.968974788601451920e-02 6.447677207879642935e-03 -5.859656853652417396e-03 -2.027776824024163371e-02
1.920588246137944211e-02 7.113705891444555007e-03 -8.266341725746806368e-03 -1.805324662707707972e-02
2.105994451980985893e-02 5.776564691661212336e-03 -7.219517375535056125e-03 -1.961699183593579310e-02
2.033335039252337495e-02 6.545309709414137700e-03 -6.184582234639357523e-03 -2.069407786729815513e-02
1.918140388443601019e-02 5.566866176287987855e-03 -7.516457724113689842e-03 -1.723181233661019718e-02
2.135362540204077675e-02 3.460090461460341160e-03 -5.380923285873362438e-03 -1.943279257762786649e-02
1.930763482654906937e-02 8.014221735770155064e-03 -7.734397100988776863e-03 -1.958745946133044757e-02
2.107195121229832324e-02 6.583662653354860339e-03 -5.697823244345978644e-03 -2.195779062130664983e-02
2.025501263913831451e-02 7.954206064010538313e-03 -5.940502049482376812e-03 -2.226871665366647601e-02
2.121784559906014778e-02 5.125667260564847894e-03 -8.845769739421194267e-03 -1.749774312020402345e-02
2.110513066696917406e-02 4.629574390692781094e-03 -4.434648842539079538e-03 -2.130005621512298664e-02
1.969511437597470938e-02 8.897993298627282499e-03 -6.466498560107059035e-03 -2.212660911449526591e-02
2.092103460847560825e-02 5.093456662046191852e-03 -5.696425710504104956e-03 -2.031806556001758413e-02
1.635556946807947831e-02 5.011742666458651740e-03 -5.684008279871477498e-03 -1.568330385466687460e-02
2.141472967953195194e-02 7.251388714480722086e-03 -6.325055028366444176e-03 -2.234106336564622985e-02
2.296423293361149476e-02 6.199690667252344412e-03 -7.394801681721796527e-03 -2.176912191914204264e-02
2.136490077832675638e-02 6.012620352325193096e-03 -4.779937444849835515e-03 -2.259758368580266907e-02
1.984989726506869445e-02 6.103435580133709237e-03 -5.817151062035730291e-03 -2.013618178316656238e-02
1.230728875263298328e-02 5.849843982855151836e-03 -6.003791011964909607e-03 -1.215334172352355857e-02
1.956857951737833723e-02 7.417831281933962018e-03 -8.106996261556087546e-03 -1.887941453775565659e-02
1.704371046683306190e-02 5.243111019160862085e-03 -2.540292183319525776e-03 -1.974652930267462025e-02
2.112929829613907629e-02 7.916109899617884693e-03 -5.860991635788903587e-03 -2.318441655996794637e-02
2.245360201465618211e-02 3.758372722572955738e-03 -5.583626291472465475e-03 -2.062834844575645032e-02
1.963514749282624372e-02 7.387605559773469110e-03 -6.108027789394232521e-03 -2.091472526320492520e-02
2.084718488586689844e-02 7.636118864717378329e-03 -9.087998273230812885e-03 -1.939530547735379695e-02
1.097136635071471744e-02 3.509123359658472552e-03 -2.638585560692185972e-03 -1.184190414968100402e-02
2.028232260905271644e-02 4.539426670481683246e-03 -3.974379156661322909e-03 -2.084737012287307678e-02
1.959867571261253438e-02 8.225866713729601543e-03 -8.012430469104381281e-03 -1.981211195723731056e-02
1.890887253588591221e-02 6.641127761155329878e-03 -4.357287285545519140e-03 -2.119271301149616704e-02
2.048436540680986795e-02 6.808386328991833381e-03 -8.148953347983156625e-03 -1.914379838781898879e-02
2.057358636830430854e-02 5.350687179072721733e-03 -5.428518396704107296e-03 -2.049575515067303400e-02
2.125040629733199182e-02 8.469517853584518363e-03 -1.068864060608742950e-02 -1.903128354482952478e-02
1.991448432975584382e-02 5.861143957425651863e-03 -5.757856239145264787e-03 -2.001777204803623089e-02
2.006171859536909352e-02 5.674369867617601315e-03 -5.267733107269245707e-03 -2.046835535571722708e-02
2.057565340227696105e-02 6.796388310345458095e-03 -8.220277280142518350e-03 -1.915176443247990079e-02
2.029650732815224679e-02 3.610241384519374819e-03 -5.103449578258145714e-03 -1.880329913441347589e-02
1.845324646348456277e-02 8.385233394226698778e-03 -7.300105126587963511e-03 -1.953837473112374212e-02
1.900823529629369624e-02 8.249197786769801866e-03 -6.123242625272307116e-03 -2.113419045779107996e-02
1.736834557991917549e-02 8.267162524694393611e-03 -5.787338077486103849e-03 -1.984817002712768730e-02
1.887856923120279085e-02 6.811844301699343518e-03 -9.153123600564971873e-03 -1.653728993233694045e-02
1.787120290717769677e-02 8.692255501351997538e-03 -7.087059647911453375e-03 -1.947639876061812991e-02
1.600212663472833086e-02 7.091012632514548386e-03 -6.445411183298443980e-03 -1.664772808394476833e-02
2.205760598602157785e-02 7.382877795964803980e-03 -7.004018233631059687e-03 -2.243646554835510010e-02
2.273316794427460152e-02 6.053133617045736159e-03 -7.810648418626220391e-03 -2.097565314269433934e-02
1.965290849706069487e-02 6.171782996143626576e-03 -4.972017768736014531e-03 -2.085267372446797385e-02
1.816276169326092038e-02 5.554761987979661697e-03 -4.586518329440236741e-03 -1.913100535180012329e-02
2.045108519600735697e-02 8.775185639499527568e-03 -7.206097031353331239e-03 -2.202017380415322023e-02
1.879142849714687813e-02 7.500853507222515759e-03 -7.256550475824630198e-03 -1.903573152854476369e-02
2.010546578949590213e-02 7.569440369890934051e-03 -9.310764635462986938e-03 -1.836414152392429333e-02
2.166458678953042671e-02 4.915805362617708951e-03 -1.003076568982441685e-02 -1.654962646232349677e-02
1.934268307884412508e-02 7.741519636340177257e-03 -5.154438199922228847e-03 -2.192976451526240655e-02
1.763187703809987461e-02 5.849967407611789127e-03 -4.700018971480646179e-03 -1.878182547423035142e-02
2.142243378152919320e-02 6.298104934055359649e-03 -5.848766467111077283e-03 -2.187177224847358659e-02
1.747188784840769671e-02 7.662112235176543606e-03 -6.228184395880798085e-03 -1.890581568770399734e-02
1.986592211485094239e-02 6.754184092108594939e-03 -6.023633308774201112e-03 -2.059647289818544724e-02
1.869922419407799019e-02 4.077595165772107677e-03 -2.803048725373846750e-03 -1.997377063447591805e-02
2.173394331900846410e-02 7.649178024806024823e-03 -7.585082019938127473e-03 -2.179803932387669452e-02
2.107264551890009052e-02 7.551156232540989777e-03 -8.619496807608761912e-03 -2.000430494383198532e-02
2.179814170895766345e-02 6.686657632014147978e-03 -8.278679247021192289e-03 -2.020612009395061914e-02
2.016587154743421095e-02 8.871308647043107953e-03 -8.758737113455095091e-03 -2.027844308102166870e-02
1.913134653089376691e-02 7.601656980353199700e-03 -7.878055158479724263e-03 -1.885494835276724235e-02
1.750032086515762586e-02 6.985612872441038235e-03 -4.177124686710942392e-03 -2.030880905088761068e-02
2.162662514581104034e-02 6.677443119402326488e-03 -8.503570538002214185e-03 -1.980049772721126367e-02
2.273427306241249113e-02 8.716397468701009288e-03 -8.969035340079423158e-03 -2.248163519103418828e-02
2.133157386231254726e-02 7.139309357101275566e-03 -6.981317339221138063e-03 -2.148956588019279579e-02
2.094987211077703471e-02 5.321279319303595656e-03 -5.255387469241479259e-03 -2.101576396083859599e-02
1.746819805127208802e-02 7.859861145225632839e-03 -6.962633509377536001e-03 -1.836542568712007384e-02
2.078656413957502558e-02 5.936082025455702293e-03 -5.542184753295487099e-03 -2.118046141173490771e-02
2.149932886102146057e-02 4.668112638180010876e-03 -4.413182722106223643e-03 -2.175425877709502576e-02
1.817354920140745733e-02 6.438927922337578380e-03 -6.766929507749819273e-03 -1.784554761599532746e-02
1.843445614348993011e-02 6.624519974928411159e-03 -6.788185683428094030e-03 -1.827079043499058031e-02
2.052379405144488800e-02 6.435871134879089794e-03 -6.403527516994245161e-03 -2.055613766932995468e-02
2.041169882345306164e-02 6.056067182148572314e-03 -5.623229118255634873e-03 -2.084453688734588805e-02
1.914246757804471955e-02 7.256899441464792488e-03 -7.646313646796909502e-03 -1.875305337271260253e-02
2.006319724373084590e-02 6.285501496580137015e-03 -7.420409655924276038e-03 -1.892828908438670688e-02
2.037998737452162423e-02 5.564123628093442520e-03 -3.943124229610850406e-03 -2.200098677300421635e-02
1.873122952677497288e-02 6.011257403114145248e-03 -6.176398843024122343e-03 -1.856608808686455170e-02
1.950010006557456599e-02 6.791661470037846371e-03 -7.273392171860293409e-03 -1.901836936375178588e-02
2.083223326396854702e-02 4.309327039842214546e-03 -4.645000062858395395e-03 -2.049656024095181106e-02
2.195815425172020774e-02 5.043750663268120604e-03 -8.637418867100454811e-03 -1.836448604788787353e-02
1.846620657989328507e-02 4.973884405226725036e-03 -6.087402325876678510e-03 -1.735268865924366466e-02
2.063341604555191111e-02 7.679542632940350444e-03 -6.784951990937426736e-03 -2.152800668755450175e-02
2.084917268827513048e-02 7.185696905315008820e-03 -7.130508482916408930e-03 -2.090436111067417446e-02
2.086638456440770284e-02 4.237609888528393043e-03 -5.197033094449521329e-03 -1.990696135848624149e-02
2.174095458800429093e-02 8.798040011279928407e-03 -8.491165257992983051e-03 -2.204782934129101424e-02
2.152166815618516971e-02 3.508030026258213141e-03 -5.830456010390561161e-03 -1.919924217205293271e-02
2.030177971962587868e-02 8.638753178755953499e-03 -6.357604114218928792e-03 -2.258292878416312544e-02
1.903220121579107804e-02 6.682634712231294571e-03 -8.007955324622728632e-03 -1.770688060339931091e-02
1.914537593212028987e-02 5.319204134921040605e-03 -5.705549967459644378e-03 -1.875903009958135303e-02
1.965560388176745832e-02 5.822566544534835131e-03 -6.129455791572091528e-03 -1.934871463473031294e-02
1.998599166097503321e-02 7.888031383307403388e-03 -6.170148186811386104e-03 -2.170387485747138356e-02
2.028354974825430368e-02 8.212334741890758849e-03 -6.193502106091930415e-03 -2.230238238405335416e-02
1.903618766026182740e-02 6.342187229710694041e-03 -5.769143875680726730e-03 -1.960923101429168369e-02
1.898054493166978496e-02 8.430087545075126698e-03 -8.153413616342364278e-03 -1.925721886040265840e-02
2.022239135880399274e-02 7.567733010571897623e-03 -4.480027081627535601e-03 -2.331009728774846579e-02
1.929885873184589151e-02 5.616189760626166816e-03 -5.400256833090422148e-03 -1.951479165938141414e-02
1.945233227091835992e-02 5.129169196768090799e-03 -5.491875848459892850e-03 -1.908962561922677992e-02
1.930584086699260737e-02 7.795356452539037306e-03 -8.520641181625987493e-03 -1.858055613790576821e-02
1.662356369151263280e-02 7.780298767939841653e-03 -5.013831108453437047e-03 -1.939003135099948150e-02
1.874279338920281646e-02 7.882303762061004804e-03 -6.641991990015139180e-03 -1.998310516124879310e-02
1.748435564758077376e-02 6.685342388190518292e-03 -5.578913856906675406e-03 -1.859078417886428358e-02
1.995726047025159211e-02 1.066365585873185751e-02 -1.105523144212749997e-02 -1.956568488685606066e-02
1.793742365429129570e-02 7.798155713249377285e-03 -6.849643680211237040e-03 -1.888593568732932493e-02
1.893598095204551690e-02 7.187503051678589827e-03 -6.458847600537498401e-03 -1.966463640318627526e-02
2.024489189593481342e-02 6.786311927351462714e-03 -7.744290214551363682e-03 -1.928691360873480143e-02
2.006342090187329674e-02 5.655796218120512364e-03 -6.995700223682455032e-03 -1.872351689631135407e-02
2.158758547529737726e-02 3.166210627414178802e-03 -6.410040730288391053e-03 -1.834375537242349807e-02
1.896996756537161488e-02 6.885405314886572370e-03 -5.418019205556401374e-03 -2.043735367470156383e-02
2.078408553993305041e-02 7.519451227033346896e-03 -6.578147795033295608e-03 -2.172538897193276863e-02
1.991445830961402486e-02 7.926671031263765599e-03 -4.617991380787778155e-03 -2.322313796008990128e-02
1.899868939205262564e-02 7.473940870278639181e-03 -7.068952092986413582e-03 -1.940367816934507328e-02
1.995348607870894853e-02 6.857720618088425368e-03 -7.683211074730134094e-03 -1.912799562206679571e-02
1.869768605029076269e-02 6.930135769800616075e-03 -8.449979820461028801e-03 -1.717784199963057201e-02
1.956229880194215731e-02 8.388719209010853106e-03 -6.206599051876704465e-03 -2.174441895907641698e-02
1.776021101335234498e-02 6.605165636001331109e-03 -6.234005385043928094e-03 -1.813137126430919288e-02
1.859792211170985254e-02 6.186100538410288507e-03 -5.902688814006129547e-03 -1.888133383611390048e-02
1.777665276381523718e-02 5.596783697951357439e-03 -5.815259467450539788e-03 -1.755817699431683199e-02
1.951543948067890888e-02 6.358194004201678240e-03 -6.670017998851140995e-03 -1.920361548602966817e-02
2.119226086982983759e-02 5.233715867058119642e-03 -7.362958428499544183e-03 -1.906301830838885714e-02
1.912172778718379540e-02 8.561825903574904473e-03 -8.574455545952042179e-03 -1.910909814480687974e-02
1.751372318458477295e-02 8.558010756576805989e-03 -8.195211905738242208e-03 -1.787652203542300366e-02
1.825641712422143570e-02 1.025225371308180478e-02 -7.830327764475564223e-03 -2.067834307282778727e-02
2.356564096818591914e-02 7.045536984187750207e-03 -7.715873317603705317e-03 -2.289530463476974198e-02
1.803852072445732979e-02 6.370532782222326773e-03 -6.837308261292585065e-03 -1.757174524538684945e-02
1.896359252623103231e-02 5.704294785117358657e-03 -6.691484485053966758e-03 -1.797640282629409114e-02
2.218678183494282585e-02 5.378858205060677022e-03 -6.696027891368583340e-03 -2.086961214863514158e-02
1.700996964275169887e-02 6.451524431779764868e-03 -6.569986716821185624e-03 -1.689150735770994505e-02
1.835731648590877008e-02 7.316190992001647686e-03 -5.737816228999492729e-03 -1.993569124891014788e-02
1.831828059384310592e-02 6.891237340570732783e-03 -3.818307662063147312e-03 -2.139121027235058037e-02
1.618454623955201122e-02 6.860841065462697230e-03 -6.207962996931160049e-03 -1.683742430808321533e-02
1.900334307669115930e-02 6.525088193907624401e-03 -5.379727499531083978e-03 -2.014870377106769972e-02
1.711977650229612458e-02 8.423485483842974020e-03 -7.285592388727724078e-03 -1.825766959741115247e-02
2.190903923636300377e-02 5.765063586346874658e-03 -6.317532453063989806e-03 -2.135657036964588862e-02
2.083448699418721795e-02 8.417704986544816137e-03 -9.624458259070101107e-03 -1.962773372166126684e-02
2.014089184740308625e-02 7.914295773456370142e-03 -6.090983585683162893e-03 -2.196420403517584941e-02
1.877210890849378977e-02 5.227904047438780566e-03 -4.213009917771182167e-03 -1.978700303816138817e-02
1.923021047861794841e-02 5.676093072554788677e-03 -5.510006985368298693e-03 -1.939629656580443839e-02
1.546725435784779279e-02 8.553687066046755660e-03 -5.767200724985488414e-03 -1.825374069890917106e-02
1.760459389875657088e-02 6.729337709967975201e-03 -5.885645924839311149e-03 -1.844828568388490186e-02
1.861228354920640982e-02 5.239573282574294666e-03 -5.117536930626442881e-03 -1.873431990115415058e-02
2.121425729493098267e-02 7.732450449421390815e-03 -7.237287692655303140e-03 -2.170942005169707034e-02
1.824547326878533937e-02 7.514959079743199766e-03 -6.372161663733888481e-03 -1.938827068479442861e-02
1.872491974271595083e-02 8.191374315279054130e-03 -6.530182176106347214e-03 -2.038611188188854673e-02
1.909832429926350272e-02 7.796130886950303207e-03 -7.599281764178900112e-03 -1.929517342203490582e-02
2.199197332827607099e-02 7.809139809189957759e-03 -8.116114939551111185e-03 -2.168499819791536165e-02
2.223550965743648078e-02 6.200667625109845815e-03 -7.007704311770002192e-03 -2.142847297077654645e-02
1.847642267353744039e-02 6.695018633968707888e-03 -6.682388972430453045e-03 -1.848905233507547319e-02
2.070672096317216493e-02 5.239196627172093557e-03 -5.661168978864705714e-03 -2.028474861147966379e-02
1.565349925818759758e-02 5.508993519205862555e-03 -4.811926862621218604e-03 -1.635056591477190846e-02
1.966368354874803437e-02 6.180639292479694902e-03 -7.987796237743816086e-03 -1.785652660348424625e-02
1.958523929509969896e-02 7.880837349445668494e-03 -4.549446159873515860e-03 -2.291663048467140751e-02
2.053241238583569661e-02 8.036914279281326401e-03 -7.255791501834307766e-03 -2.131353516328360342e-02
2.254510550790289614e-02 5.656415299945871666e-03 -5.941472790444990437e-03 -2.226004801740399941e-02
1.783934804364850635e-02 7.408108946228786351e-03 -7.786386219038488044e-03 -1.746107077083902670e-02
2.026788845026250563e-02 7.311451356733389417e-03 -8.857158604645865019e-03 -1.872218120235014105e-02
2.047145157961050010e-02 8.541254726225355753e-03 -7.855507314709742062e-03 -2.115719899112655789e-02
1.918825197699591811e-02 8.106697755723368815e-03 -7.888318734994070880e-03 -1.940663099772510503e-02
1.820549392246095799e-02 5.712414609091220896e-03 -5.900281444508492790e-03 -1.801762708704401916e-02
1.812215611534395698e-02 4.429521708425365745e-03 -3.514050146012803744e-03 -1.903762767775663001e-02
2.150341115093135080e-02 8.600880739069172165e-03 -9.267424818355629590e-03 -2.083686707164544849e-02
1.910613484095025072e-02 4.948593846071380753e-03 -4.312827680800546126e-03 -1.974190100622119637e-02
2.033520338696437335e-02 5.320511030052266221e-03 -5.359129162165632287e-03 -2.029658525485111831e-02
1.592377027777924781e-02 8.861660313513430864e-03 -7.468519052043598450e-03 -1.731691153924941329e-02
1.706141898622859365e-02 5.451270335045776960e-03 -5.648227212556533594e-03 -1.686446210871783702e-02
1.955722028977380234e-02 7.051453426601961283e-03 -6.968744968584128507e-03 -1.963992874779141307e-02
2.009549063805904368e-02 6.802887100683996380e-03 -7.255001208123501577e-03 -1.964337653061920541e-02
1.795499726216398528e-02 7.366442573087716994e-03 -5.551908588890319685e-03 -1.976953124636149361e-02
2.015146807660506134e-02 6.545708152576823480e-03 -7.280043186940976518e-03 -1.941713304224024217e-02
1.992077564204786100e-02 6.435196922877306491e-03 -7.769479801682854792e-03 -1.858649276324220168e-02
1.923512164359353349e-02 4.885023736447502429e-03 -4.926953368439734859e-03 -1.919319201160096799e-02
1.967573153582469203e-02 5.493828389873334217e-03 -6.772058711843720324e-03 -1.839750121385419490e-02
1.918598424483786147e-02 6.162903515577244917e-03 -6.554245070933606421e-03 -1.879464268948172201e-02
1.893474415845197711e-02 7.567576322624613994e-03 -5.004218532766113725e-03 -2.149810194830981125e-02
2.131120919467188735e-02 7.754129249971208893e-03 -6.707378097753902146e-03 -2.235796034688997125e-02
1.817188107221401339e-02 6.073685446520871167e-03 -3.816165693207862475e-03 -2.042940082552724412e-02
1.901731681979956790e-02 5.712520991726810493e-03 -5.672471075683915842e-03 -1.905736673584268459e-02
1.914813458483766162e-02 5.704879598212198033e-03 -4.703040781926293157e-03 -2.014997340112378854e-02
2.011808022861827361e-02 5.198786679720068804e-03 -5.843907098312173254e-03 -1.947295981002616916e-02
1.980137943398907474e-02 7.514298560729049115e-03 -5.991603133250644753e-03 -2.132407486146725706e-02
1.879455122655415700e-02 6.913600485203508228e-03 -5.278475899764822898e-03 -2.042967581199273130e-02
1.818799913682123126e-02 6.961101991918905441e-03 -4.255162589608563195e-03 -2.089393853913179555e-02
1.872174336467913314e-02 6.834056617057937544e-03 -4.070499768564328491e-03 -2.148530021317285321e-02
1.944130488653628142e-02 6.026625942952446024e-03 -6.699367026311797702e-03 -1.876856380317681872e-02
1.935867859467887975e-02 7.549044890159173349e-03 -5.320055564569936557e-03 -2.158766792026833858e-02
1.927869113110247667e-02 8.440084588580143432e-03 -7.894626205226407123e-03 -1.982414951445632401e-02
2.152490539159757077e-02 5.839206801333762797e-03 -6.606669804508857879e-03 -2.075744238842269773e-02
2.138649003581716279e-02 4.307945831774295797e-03 -5.706112333785151591e-03 -1.998832353380652904e-02
1.949421380222049471e-02 3.939846861100271269e-03 -6.818445793853933345e-03 -1.661561486946683264e-02
1.985735150576317665e-02 6.076336406378723964e-03 -7.611489031864815402e-03 -1.832219888027708521e-02
1.756967863296843291e-02 7.286285148841109560e-03 -5.788018334302758028e-03 -1.906794544750667342e-02
2.140105031469596852e-02 5.780392423795133183e-03 -6.459141860240769084e-03 -2.072230087825044365e-02
1.727832517239535903e-02 6.626914478252254881e-03 -5.228993156316863455e-03 -1.867624649433086148e-02
1.512895090231092254e-02 7.073737344621466860e-03 -5.197007379386997528e-03 -1.700568086754572494e-02
1.761403688297669134e-02 5.932564728732714343e-03 -6.520453984741103604e-03 -1.702614762696830208e-02
1.826546144986496145e-02 7.531134479183965169e-03 -9.672082727493092058e-03 -1.612451320155627865e-02
1.877649593295327435e-02 5.638048319691835175e-03 -4.939327059489961869e-03 -1.947521719315459254e-02
1.979695862626673630e-02 7.589489599278520515e-03 -7.553753761096682062e-03 -1.983269446444857476e-02
2.045185746704225593e-02 6.425452004571896580e-03 -6.487318478945791611e-03 -2.038999099266813886e-02
1.819936656219622861e-02 7.315287430892825071e-03 -8.236918535765025418e-03 -1.727773545732358418e-02
1.865689336471532123e-02 7.444670762184690815e-03 -7.677628244752265907e-03 -1.842393588214785716e-02
1.988993959808516010e-02 7.540898058692624417e-03 -6.537445155769483485e-03 -2.089339250100819001e-02
2.041114859654924452e-02 6.106163317333157536e-03 -4.836001236681819471e-03 -2.168131067720047156e-02
1.635258947183904077e-02 6.865404971730493244e-03 -4.451449629429782284e-03 -1.876654481413986275e-02
1.749065675464911429e-02 6.022073350854473262e-03 -7.762123011823773844e-03 -1.575060709367948064e-02
2.231862707254150813e-02 5.166451874309307968e-03 -6.225482743168142541e-03 -2.125959620368245151e-02
2.134237533744975934e-02 5.255821359726464692e-03 -6.504276973626321734e-03 -2.009391972354990230e-02
1.879777811293403822e-02 6.992871129872346714e-03 -7.772831228948784421e-03 -1.801781801385726745e-02
1.983239510059386923e-02 7.279357318692891710e-03 -7.214763054024575517e-03 -1.989698936526218542e-02
1.776720903250894601e-02 9.624685766296048328e-03 -9.840795742106278610e-03 -1.755109905669838266e-02
1.821008413455449393e-02 7.085661196287729169e-03 -7.343836940472914243e-03 -1.795190839036964192e-02
1.767510880667066964e-02 7.768298020119468461e-03 -5.303588232522415957e-03 -2.013981859426805521e-02
1.843323664031104592e-02 6.983944568287325794e-03 -5.595363002535047592e-03 -1.982181820606354616e-02
1.967112668314374702e-02 7.658789493290241168e-03 -7.914967351206003698e-03 -1.941494882522776244e-02
1.857563604904721721e-02 6.347075450066075319e-03 -7.032150136415671327e-03 -1.789056136269784325e-02
1.911645503512238164e-02 3.481749354292906773e-03 -5.591973193137200759e-03 -1.700623119627842073e-02
2.124099046809280189e-02 5.902692031996226163e-03 -7.992467645153489286e-03 -1.915121485493598286e-02
1.953007756526625727e-02 6.870043142676252046e-03 -5.773182833973766748e-03 -2.062693787396874257e-02
1.905637334362286772e-02 5.899144300879788361e-03 -4.505056819269270818e-03 -2.045046082523338526e-02
2.041299150501818538e-02 9.124339023391492276e-03 -9.802403191358499690e-03 -1.973492733705140001e-02
2.143417321433860323e-02 7.115787489673675026e-03 -7.321949390587056961e-03 -2.122801131342533232e-02
1.897822715854546871e-02 5.171016288232355151e-03 -6.106892810994635212e-03 -1.804235063578307763e-02
1.992600998577320759e-02 5.615996265305511770e-03 -7.629308474962792630e-03 -1.791269777611614877e-02
2.039006217838390533e-02 6.964940861251767146e-03 -9.826119791660592462e-03 -1.752888324797496900e-02
1.923954200024824424e-02 6.949878323906144573e-03 -6.790502908937234849e-03 -1.939891741521770907e-02
1.955422215672442121e-02 4.845939956855227493e-03 -4.177009394034203460e-03 -2.022315271954489013e-02
2.044054286795926600e-02 5.420408423895128891e-03 -3.932293529519403918e-03 -2.192865776233499098e-02
1.727846140512712125e-02 4.642954600144744148e-03 -3.421961243826099341e-03 -1.849945476144587708e-02
2.000148837817095071e-02 6.612454351012431175e-03 -6.672608632700027798e-03 -1.994133409648324307e-02
1.793820431258796866e-02 8.123293103014628258e-03 -5.979130896205719914e-03 -2.008236651939676598e-02
1.804279162805677572e-02 5.875221095989369147e-03 -3.351710503809890440e-03 -2.056630222023669852e-02
1.797220068396354620e-02 5.577588234867425498e-03 -4.680096395893507122e-03 -1.886969252293679844e-02
1.722740696152724738e-02 6.261027966093735131e-03 -3.778516025604417017e-03 -1.970991890201634344e-02
1.828870017002159898e-02 9.481751999673049269e-03 -7.185584074491657702e-03 -2.058486809520265748e-02
1.943302792128398515e-02 4.883382679524927994e-03 -6.072574007925934936e-03 -1.824383659288331128e-02
1.873775512915676345e-02 7.843449750032593926e-03 -7.874937729794750929e-03 -1.870626714939427337e-02
2.058148896888400969e-02 3.357925280661699929e-03 -7.584717007033114911e-03 -1.635469724251259471e-02
1.720944806141866401e-02 6.483082843928622552e-03 -6.340194143979460684e-03 -1.735233676136782588e-02
1.789405928310361382e-02 7.991964347802804625e-03 -7.248890109892824896e-03 -1.863713352101337151e-02
2.001559947764142144e-02 8.090970159689403474e-03 -8.648196981144273821e-03 -1.945837265618621803e-02
2.193029945785873736e-02 2.727612763402831320e-03 -4.824960759767460416e-03 -1.983295146149388621e-02
1.769681115996513121e-02 5.296760126100474864e-03 -6.751678881518730080e-03 -1.624189240454754213e-02
1.833441319358430910e-02 3.998210260568901830e-03 -4.227178799780184626e-03 -1.810544465437313733e-02
1.764018889250151823e-02 5.798206874379818743e-03 -4.874534903436145150e-03 -1.856386086344496977e-02
2.190456608664947957e-02 3.911952193474954598e-03 -6.360733248469419010e-03 -1.945578503165512618e-02
1.848758968466257535e-02 7.334049010530474533e-03 -6.001150916188802142e-03 -1.982048777900458081e-02
1.838885143318691462e-02 8.358188380886311108e-03 -8.430051409259453621e-03 -1.831698840481388313e-02
1.662458785980502896e-02 6.540758208662733608e-03 -4.677185860472610202e-03 -1.848816020799537441e-02
2.193958580108823497e-02 5.642062743783649026e-03 -5.332408420357093171e-03 -2.224924012451467981e-02
2.131263376848924196e-02 4.532193511155080401e-03 -3.889293368208535107e-03 -2.195553391143589828e-02
2.081278384415541360e-02 7.660094865251654284e-03 -6.132124875747213544e-03 -2.234075383365985434e-02
2.067738115076833694e-02 5.892781011485048737e-03 -7.938328630146651577e-03 -1.863183353210651205e-02
2.258787709974252600e-02 8.665398191308737452e-03 -8.047516864440162898e-03 -2.320575842661121158e-02
1.835024454867739685e-02 8.413815046782957552e-03 -7.996471647213621026e-03 -1.876758794824695542e-02
2.092385360228066205e-02 7.028897612695761410e-03 -7.974911123719841122e-03 -1.997784009125713744e-02
1.992955137919460995e-02 6.420512505646458479e-03 -6.975767490261519654e-03 -1.937429639457965980e-02
2.128993639307141805e-02 6.810861693433478692e-03 -6.886064329076457824e-03 -2.121473375742821688e-02
1.839280506072049626e-02 9.048133452496776030e-03 -8.365790950179419205e-03 -1.907514756303785308e-02
2.050239345107662814e-02 6.975635253028800165e-03 -7.826471523220135396e-03 -1.965155718088573700e-02
2.137126817610357499e-02 7.227997115514250837e-03 -8.169514842515268604e-03 -2.042975044910233517e-02
2.125446756276971882e-02 8.026574374487172037e-03 -6.258489552090851227e-03 -2.302255238516559555e-02
1.912230078170962244e-02 6.542680594716632214e-03 -7.724606961189151022e-03 -1.794037441523721466e-02
2.091502974056513864e-02 6.330621214371223715e-03 -6.031372566639103816e-03 -2.121427838829714752e-02
1.646622276997944390e-02 4.425435937920996210e-03 -3.022229921233243743e-03 -1.786942878666675227e-02
1.998645338704685415e-02 8.179468372256915032e-03 -8.991864060246546053e-03 -1.917405769905777824e-02
2.007532837168835016e-02 7.978673706056094161e-03 -8.215267669069548084e-03 -1.983873440867456317e-02
1.854405518123569685e-02 7.896137391508517567e-03 -6.199288857058671276e-03 -2.024090371568598723e-02
1.940972580972455397e-02 6.376559913654489264e-03 -7.035661375742185975e-03 -1.875062434763696828e-02
2.211003129417865587e-02 7.740492059945092151e-03 -1.067190525228811637e-02 -1.917861810183552063e-02
1.926934879626762687e-02 7.470827670192914383e-03 -6.523183280494837533e-03 -2.021699318596559269e-02
1.804810341740803459e-02 5.277590248996988365e-03 -5.007401223262708534e-03 -1.831829244314231442e-02
2.149077984338876313e-02 5.805626107257211288e-03 -9.100962392922240518e-03 -1.819544355772417799e-02
1.838748128562106565e-02 6.033291709244492651e-03 -5.895323393142581914e-03 -1.852544960172297639e-02
1.787229568088166687e-02 6.593472532733235525e-03 -6.477225177787482302e-03 -1.798854303582697600e-02
1.868990872939169101e-02 7.341810470627985197e-03 -6.096444027890779438e-03 -1.993527517212900779e-02
1.913408676576278111e-02 8.941903554054997372e-03 -6.984018180062445680e-03 -2.109197213975533280e-02
1.796989538023674449e-02 6.372261911526067024e-03 -5.008271253217788654e-03 -1.933388603854480081e-02
2.249979673828983451e-02 6.900587406958980097e-03 -4.621636888810343180e-03 -2.477874725643824938e-02
1.864445164436689950e-02 6.374818164003315246e-03 -8.015249574906735397e-03 -1.700402023346270219e-02
2.032183119401897997e-02 7.581634481047316854e-03 -9.158759069846311718e-03 -1.874470660521987408e-02
1.981846587617708266e-02 6.139546709373444600e-03 -7.974348967734523619e-03 -1.798366361781555955e-02
1.965055542109239717e-02 7.239225211884914302e-03 -7.137745719712706993e-03 -1.975203491326449345e-02
1.856161123919108924e-02 5.193637649189897232e-03 -5.676119159192416497e-03 -1.807912972918856997e-02
1.819514284015544270e-02 8.507289094984438194e-03 -6.965488568792976842e-03 -1.973694336634701507e-02
1.853911378449168978e-02 5.733802923780118022e-03 -7.314597350156493150e-03 -1.695831935811575875e-02
1.845826104144987490e-02 5.251273524037758378e-03 -4.921692848574465984e-03 -1.878784171691294524e-02
2.041000186240271574e-02 7.481479687901027020e-03 -7.806354061795528487e-03 -2.008512748850843632e-02
1.949981423144664383e-02 6.693327282303318526e-03 -8.074394746764301800e-03 -1.811874676698588260e-02
1.646867796044326759e-02 6.645195930443881238e-03 -6.442043068605851630e-03 -1.667183082228174129e-02
1.691841198837362725e-02 5.247137038744131843e-03 -5.289230334553862711e-03 -1.687631869256356332e-02
2.051923568343116955e-02 6.214771803663809990e-03 -7.190626238423813987e-03 -1.954338124867105453e-02
2.230358689846068110e-02 5.942017620218509322e-03 -6.968212541860974163e-03 -2.127739197681821626e-02
1.979476130185942040e-02 6.720780040739615657e-03 -8.071198983029881369e-03 -1.844434235956937673e-02
2.241288132049201742e-02 4.807316728218102853e-03 -5.352166217070353227e-03 -2.186803183163954500e-02
1.875759467940052438e-02 7.594897943155487496e-03 -7.543277532341963187e-03 -1.880921509021438176e-02
1.861477726837912350e-02 7.297413799089991215e-03 -5.946730898920837838e-03 -1.996546016854805483e-02
1.951388481855009793e-02 6.754507977372092853e-03 -5.593586738093514477e-03 -2.067480605782900938e-02
1.822169080307456390e-02 6.239680314908291336e-03 -6.929378228290983266e-03 -1.753199288969209402e-02
2.010755005608433343e-02 7.879299888749802250e-03 -5.024836505793217611e-03 -2.296201343904080705e-02
2.021203241933622330e-02 4.651389867021071822e-03 -6.736200531485714293e-03 -1.812722175487191389e-02
1.839695643592742513e-02 6.850561253068709888e-03 -5.461473477745282246e-03 -1.978604421125074175e-02
2.076853619863450184e-02 8.004053981384373628e-03 -8.321656103963626094e-03 -2.045093407605524938e-02
1.916756286943677168e-02 6.160788923884386037e-03 -4.651976581966699165e-03 -2.067637521135468059e-02
2.123323143918121048e-02 5.626121665285976903e-03 -6.489071360387232978e-03 -2.037028174408028747e-02
1.889707613052782342e-02 7.424017130262638986e-03 -7.085576818542604904e-03 -1.923551644224785750e-02
1.982359832181246340e-02 7.785041048617546977e-03 -4.816836860027762235e-03 -2.279180251040258121e-02
1.896927159061956303e-02 6.551750980172688088e-03 -8.467690846111430858e-03 -1.705333172468104230e-02
1.830432226344402835e-02 6.324979004661557269e-03 -6.827890633194444447e-03 -1.780141063491103015e-02
1.789137324356526726e-02 6.625268359995661882e-03 -7.169256740302998310e-03 -1.734738486325793083e-02
2.021005107231355069e-02 7.392656692236876381e-03 -7.681098625224702658e-03 -1.992160913932583544e-02
2.165057551438831496e-02 4.430154877389069767e-03 -6.891927088172100646e-03 -1.918880330360561715e-02
1.990716693602556653e-02 7.609752220612664431e-03 -5.732565625698793355e-03 -2.178435353093965965e-02
2.038275029800251659e-02 8.077763144826111130e-03 -7.038965668077379334e-03 -2.142154777475113736e-02
2.312111592858401288e-02 2.759347680954649107e-03 -8.209688875526088836e-03 -1.767077473401268417e-02
1.919336439449947918e-02 6.142795686707058778e-03 -5.408451533857161486e-03 -1.992770854734959851e-02
1.914217125028572219e-02 6.890114155488014092e-03 -6.295429918253936385e-03 -1.973685548751957786e-02
1.953250055569144550e-02 7.345478964291274337e-03 -5.725103024494804238e-03 -2.115287649548747151e-02
1.651196701887225338e-02 9.375813055825021891e-03 -8.172505182952538583e-03 -1.771527489174484771e-02
1.794205426581330087e-02 5.511916460741561608e-03 -5.464909425085151540e-03 -1.798906130146993299e-02
1.765964087289750850e-02 6.276380519240509770e-03 -5.415146990311536790e-03 -1.852087440182703659e-02
1.825005242737054445e-02 7.012925543895320857e-03 -7.652675234157579887e-03 -1.761030273710806338e-02
1.978920020131935686e-02 7.309897974876689020e-03 -7.407042415876974317e-03 -1.969205576031862748e-02
1.868369250791523939e-02 6.895337058086647986e-03 -6.353467992362360484e-03 -1.922556157363941587e-02
2.039436371527458824e-02 8.301315232202011174e-03 -7.247267551172220656e-03 -2.144841139630437876e-02
1.729012729765910805e-02 7.249963338229248322e-03 -5.332154668227451211e-03 -1.920793596766068312e-02
1.834131693893059634e-02 5.880342872141008925e-03 -7.601326654592011067e-03 -1.662033315647926113e-02
1.840661680949939871e-02 6.036236495279956316e-03 -5.790893001873520518e-03 -1.865196030290594553e-02
2.082992489473212139e-02 6.578916242438115347e-03 -9.012080418484891275e-03 -1.839676071868490137e-02
1.938632274338969452e-02 6.484199344434227186e-03 -7.279934835710322183e-03 -1.859058725211371055e-02
2.135900405720181361e-02 6.463799048313623175e-03 -1.002400888897769793e-02 -1.779879421653784988e-02
1.867261987387669464e-02 9.328987667859278687e-03 -7.014413220177373454e-03 -2.098719432155893294e-02
1.736385033214182805e-02 6.534020234074899847e-03 -6.098446808490698423e-03 -1.779942375772580743e-02
1.809327573032359915e-02 8.412774118079280328e-03 -8.323406717039905089e-03 -1.818264313136330745e-02
1.924662467150239920e-02 7.954655451054559734e-03 -7.621399300840159263e-03 -1.957988082171646660e-02
2.081014823810845016e-02 4.559543148200395635e-03 -5.717703533706708363e-03 -1.965198785260191539e-02
1.955140187444337485e-02 7.522207524398139000e-03 -6.159459560499680464e-03 -2.091414983834205543e-02
1.800065587293842029e-02 5.343224751753750112e-03 -5.180535569861310918e-03 -1.816334505483108153e-02
1.735871734948424283e-02 7.722197843826661412e-03 -8.315825494448203514e-03 -1.676508969886236766e-02
1.894943427461215357e-02 7.682317654688297637e-03 -7.271627736851526969e-03 -1.936012419244925731e-02
2.042913694389913992e-02 5.592338435648880335e-03 -7.182774939765934619e-03 -1.883870043978208564e-02
1.841591142966980676e-02 5.885295590525974063e-03 -7.599869477536103091e-03 -1.670133754265967774e-02
1.958540958875021332e-02 5.914846921748928565e-03 -5.519522346268623814e-03 -1.998073416422974091e-02
2.024983100036514827e-02 5.924222710138815629e-03 -5.935551323378973620e-03 -2.023850238712565641e-02
1.995245386061417214e-02 7.375025142629221264e-03 -6.283960766501617279e-03 -2.104351823674177613e-02
1.837026762883242625e-02 4.072999182508363347e-03 -4.814127659354183741e-03 -1.762913915198660586e-02
2.152280400924122539e-02 9.857544311249188951e-03 -8.903494561257829787e-03 -2.247685375923236251e-02
1.932895694167768852e-02 7.956876126280043593e-03 -6.786622377928597238e-03 -2.049921069002902385e-02
2.019315871010807228e-02 7.066167067502515664e-03 -6.166171261986708174e-03 -2.109315451562387977e-02
1.881548505211161348e-02 6.377676445084468071e-03 -6.151875672343987134e-03 -1.904128582485231647e-02
2.109398836842291125e-02 6.649353217432540930e-03 -6.917368346740948581e-03 -2.082597323911450360e-02
1.794374585069480332e-02 6.663133426357825684e-03 -5.015249293125467744e-03 -1.959162998392705024e-02
2.016111990049362923e-02 6.691570346693875848e-03 -5.269326085667214166e-03 -2.158336416152040194e-02
2.111197238758566463e-02 7.745313838931622286e-03 -6.918778327237196102e-03 -2.193850789928020184e-02
1.816238089101096520e-02 8.412684622953303659e-03 -7.529592798842799084e-03 -1.904547271512135875e-02
1.870908441240204390e-02 9.273273397382819638e-03 -8.213405418517671919e-03 -1.976895239126708059e-02
1.831525346110240982e-02 6.813618721307923565e-03 -8.936949684859363252e-03 -1.619192249755063706e-02
2.049942892531086969e-02 8.694313423632582527e-03 -7.048121340799462509e-03 -2.214562100814398971e-02
1.974699194375606481e-02 8.926129882665501114e-03 -9.313885066327687312e-03 -1.935923676009365657e-02
1.885333631269126009e-02 7.898365544076524358e-03 -6.541790983424555783e-03 -2.020991087334311764e-02
1.919079986691674122e-02 8.660280072881221258e-03 -6.897079907262959608e-03 -2.095400003253566901e-02
1.956124759928634660e-02 7.467721327123921782e-03 -5.347547135467589641e-03 -2.168142179094267874e-02
1.686502955796331804e-02 7.513786605509054084e-03 -6.546072241744305131e-03 -1.783274392172773393e-02
1.880439071169348608e-02 6.354992167824313753e-03 -7.607461853760266735e-03 -1.755192102575753310e-02
1.951383562990494092e-02 5.273993186220016227e-03 -5.291371889872609202e-03 -1.949645692625268101e-02
1.926763229669514743e-02 6.764944201466782658e-03 -5.004507893095699878e-03 -2.102806860506589715e-02
2.094430355270326949e-02 8.379217450753317920e-03 -7.358856449323547544e-03 -2.196466455413281782e-02
1.805387621976306534e-02 5.958271514834079241e-03 -2.745560717670181283e-03 -2.126658701692707432e-02
2.143770772957087623e-02 5.895935559171672224e-03 -2.956078921931615255e-03 -2.437756436681026706e-02
1.881277887037202667e-02 6.702498408352131065e-03 -7.222422382960003162e-03 -1.829285489576348844e-02
1.927621992164696429e-02 5.461682459857453154e-03 -6.657364453246383817e-03 -1.808053792825836670e-02
2.019293833169677477e-02 5.806857820188637831e-03 -4.575877547878692830e-03 -2.142391860400671977e-02
2.032964835654826885e-02 4.537825018015695377e-03 -7.538461362224690987e-03 -1.732901201233927324e-02
1.985990158072370448e-02 6.120255583352385287e-03 -6.677618790903894208e-03 -1.930253837317230658e-02
1.652348406576864548e-02 3.834093839683028193e-03 -6.059254464272800789e-03 -1.429832344117853982e-02
1.772196410738469119e-02 8.754129611877381478e-03 -7.624294514809726309e-03 -1.885179920445223534e-02
1.919506353201105853e-02 6.391895822407622774e-03 -5.593604123452666776e-03 -1.999335523096590350e-02
2.027729190478710919e-02 5.169305568297088982e-03 -6.446590541240859729e-03 -1.900000693184367151e-02
2.101648646323117653e-02 6.501074659813976808e-03 -7.030153563087226942e-03 -2.048740755995770435e-02
1.861817715647817728e-02 6.740427780494773202e-03 -6.062356245392086507e-03 -1.929624869158086398e-02
1.659153908883559403e-02 6.055604744745313184e-03 -6.765159106783436016e-03 -1.588198472679758222e-02
1.940409520333696847e-02 5.297601383349670456e-03 -5.650589002501815727e-03 -1.905110758418460115e-02
2.033683093758864580e-02 8.386665009948002236e-03 -7.859344821687375138e-03 -2.086415112584916187e-02
2.153562555072774387e-02 7.464314845267994158e-03 -7.132776009489028013e-03 -2.186716438650726513e-02
2.023114320790719844e-02 9.788960425811676913e-03 -9.081418647474914785e-03 -2.093868498624362751e-02
2.189583375729853287e-02 7.931923927190442924e-03 -5.454239764052126738e-03 -2.437351792043662702e-02
1.940650925526776760e-02 6.143685967984646723e-03 -8.246422077220039171e-03 -1.730377314603237515e-02
1.973360771618182241e-02 9.535828189522144172e-03 -6.773144854660739789e-03 -2.249629105104322679e-02
2.059234781450491880e-02 8.006320380632203637e-03 -8.730734757237734733e-03 -1.986793343790005384e-02
1.902127042026102721e-02 7.938088152526390218e-03 -5.776549326162450093e-03 -2.118280924662485631e-02
1.996514226391443714e-02 6.250693360194903292e-03 -4.385957246226146466e-03 -2.182987837788341601e-02
1.878731362392183080e-02 6.168903057932828560e-03 -4.896579320422866921e-03 -2.005963736143212550e-02
1.841347278981064761e-02 6.087867462112317440e-03 -5.507717533416056632e-03 -1.899362271850679740e-02
1.965673461654016130e-02 7.363965339286071554e-03 -8.986514055753014318e-03 -1.803418590007299649e-02
1.852693354862555708e-02 5.204097097609716727e-03 -6.013035296933866292e-03 -1.771799534930085240e-02
1.740863504315393051e-02 9.244734541537624750e-03 -8.059506988558395868e-03 -1.859386259613327042e-02
1.733662392398449548e-02 5.564135549525062174e-03 -5.454594598320872123e-03 -1.744616487518924064e-02
2.138079839860473896e-02 9.395361023115000876e-03 -7.826830082189317750e-03 -2.294932933953008902e-02
2.156112707434920672e-02 6.360271545372331303e-03 -7.586967722249426949e-03 -2.033443089747222210e-02
2.038380686656759977e-02 5.484802003266953108e-03 -5.603682047581437509e-03 -2.026492682225289332e-02
1.533607153424365599e-02 8.111036040097552302e-03 -6.493602572311019117e-03 -1.695350500203018917e-02
1.708291037518150368e-02 6.771132121423217853e-03 -6.113106009624891257e-03 -1.774093648698027437e-02
2.362908538677377379e-02 6.395216680251447627e-03 -5.508220079070147435e-03 -2.451608198795485194e-02
1.617190091559050913e-02 6.607474141377078780e-03 -5.371021827992761288e-03 -1.740835322897471560e-02
1.974424686714071342e-02 4.704540277888247246e-03 -6.350237896858512698e-03 -1.809854924817033694e-02
2.206760923806849739e-02 7.006204957390904653e-03 -5.247667407231371151e-03 -2.382614678822814192e-02
1.919080109658399813e-02 6.789499914256147406e-03 -5.529442196025025069e-03 -2.045085881481534251e-02
1.914871208660717805e-02 9.137216354523580719e-03 -7.001429904293199336e-03 -2.128449853683789250e-02
2.058286271702391979e-02 6.703307004141345615e-03 -7.547216300281878176e-03 -1.973895342088338722e-02
2.113373234432969205e-02 7.260365936299972844e-03 -8.113405019266939355e-03 -2.028069326136272554e-02
2.166090324249259069e-02 8.954552948562843895e-03 -8.961563863875032787e-03 -2.165389232718006873e-02
1.415639127202061864e-02 6.451098157448376114e-03 -4.755156009559224906e-03 -1.585233341990954781e-02
2.151074234387695405e-02 9.039278311680165601e-03 -8.630778879712530660e-03 -2.191924177584470002e-02
1.872753862737708275e-02 6.193454900062178581e-03 -7.685542490704855290e-03 -1.723545103673473911e-02
1.879945733462862201e-02 7.828118449890952846e-03 -6.102654193757106604e-03 -2.052492159076246825e-02
1.965566816421371321e-02 6.629396658662578545e-03 -6.033911344182296688e-03 -2.025115347869388405e-02
2.071615993058761873e-02 5.780593195142236240e-03 -7.714714904501929205e-03 -1.878203822122748168e-02
2.153976838973536978e-02 8.221056492562439644e-03 -7.065175527537714828e-03 -2.269564935476053869e-02
1.975261008727136058e-02 7.254892057127593219e-03 -5.742193148458585306e-03 -2.126530899593992441e-02
2.114303466435019097e-02 5.149025534381790337e-03 -6.770942639910959571e-03 -1.952111755882124378e-02
2.117063493073745306e-02 4.823427427421034253e-03 -5.793127290738442348e-03 -2.020093506742026701e-02
1.822785636798585074e-02 7.800780064717516282e-03 -6.474829442089324871e-03 -1.955380699061437522e-02
2.053726652081588888e-02 7.417658762401080352e-03 -4.381178782434269614e-03 -2.357374650078225553e-02
1.869410506273760930e-02 8.334151724831873054e-03 -6.397633625534582258e-03 -2.063062316203501112e-02
1.767297695994529683e-02 7.722804194060906013e-03 -7.989523881581472864e-03 -1.740625727242428589e-02
1.954721958730099018e-02 6.886474852891844023e-03 -6.745161677684574641e-03 -1.968853276250848161e-02
1.981214150795751472e-02 7.703100932780815313e-03 -6.392142979928405744e-03 -2.112309946080981327e-02
2.024659953740237661e-02 7.241361047171324117e-03 -7.241556652524350213e-03 -2.024640393204946154e-02
1.923902626068363375e-02 9.900148118733298475e-03 -9.398526719610167390e-03 -1.974064765980731995e-02
1.938578866590390248e-02 5.652325459172269362e-03 -7.099823155433004906e-03 -1.793829096964305592e-02
1.838752375318897236e-02 3.796997516451128263e-03 -6.227131824074305655e-03 -1.595738944556579497e-02
2.033507891219188402e-02 7.638818877720554568e-03 -3.014677686234978893e-03 -2.495922010367745969e-02
2.140989091318901139e-02 5.430830097461258887e-03 -9.571122191512682065e-03 -1.726959881913714412e-02
2.216475534832129668e-02 5.722437981889427761e-03 -6.027139832919692353e-03 -2.186005349729169822e-02
1.942577208536055977e-02 6.307143819978433541e-03 -7.216892659550944167e-03 -1.851602324578849323e-02
1.971112937660435271e-02 6.404445201068975635e-03 -5.681631736823455903e-03 -2.043394284085031654e-02
1.992680568183735623e-02 7.972426886425632020e-03 -6.324229312340667875e-03 -2.157500325592298651e-02
2.322189251026629542e-02 6.634930650101233951e-03 -5.899958524828941009e-03 -2.395686463553914347e-02
2.056358799554391936e-02 8.130278474037577752e-03 -8.313501624953367752e-03 -2.038036484462812936e-02
2.169487838049533046e-02 6.156088944336168822e-03 -8.116220033679066859e-03 -1.973474729115232140e-02
2.059440657535405172e-02 7.775879350173209303e-03 -8.905607213566479885e-03 -1.946467871196089217e-02
2.079671482899003720e-02 6.587795720932154708e-03 -5.629120720153091284e-03 -2.175538982976876756e-02
1.919299234439986179e-02 6.184348201359490815e-03 -6.430118566529086088e-03 -1.894722197922993345e-02
1.806704836009775939e-02 5.509577578080904203e-03 -5.934777335897756245e-03 -1.764184860228079632e-02
2.164562330765629206e-02 7.397640656831461214e-03 -6.691450791303066303e-03 -2.235181317318424288e-02
2.157693502351087922e-02 7.492933948476165895e-03 -8.229874337710274546e-03 -2.083999463427732568e-02
1.984112450664476945e-02 6.695245453754328224e-03 -7.750304844286071138e-03 -1.878606511611302654e-02
1.775253530585207962e-02 6.832356322907129353e-03 -5.552375676252441217e-03 -1.903251595250632366e-02
1.875438500123838281e-02 5.956531719386815027e-03 -6.964345826064866074e-03 -1.774657089455999870e-02
2.081422372457386594e-02 6.541791608566382976e-03 -7.408099741607498956e-03 -1.994791559153319405e-02
1.763339436552269213e-02 6.917680110408719329e-03 -1.002742376191956275e-02 -1.452365071401173768e-02
1.918619755016415240e-02 6.830415420684854411e-03 -6.203068353558216508e-03 -1.981354461729034622e-02
1.774256375092408966e-02 7.444454800824562568e-03 -5.218172284125355276e-03 -1.996884626762329695e-02
1.795202859297906350e-02 8.060383324782538494e-03 -5.956515277663276819e-03 -2.005589664009876927e-02
2.036579464518184501e-02 5.808148267727686331e-03 -6.497483302763007451e-03 -1.967645961014674594e-02
1.805124624408360745e-02 6.823686421162600269e-03 -4.945729888855665557e-03 -1.992920277639032012e-02
1.988476471258149303e-02 5.941710996885785079e-03 -6.895868230335167048e-03 -1.893060747913233310e-02
2.189890955380469073e-02 6.898434028903777104e-03 -7.360303200209306063e-03 -2.143704038249893973e-02
1.918240298427398294e-02 7.074785732173349828e-03 -6.817284119271294074e-03 -1.943990459717581665e-02
2.018410877269039005e-02 6.184192111087227772e-03 -6.535338486912123379e-03 -1.983296239686571649e-02
1.832209598783807181e-02 5.583623013828864501e-03 -5.523034536215609691e-03 -1.838268446545121559e-02
1.833600951761860109e-02 7.115081688115143521e-03 -4.522526668993664956e-03 -2.092856453673985762e-02
1.938516846724769316e-02 9.263995953385117943e-03 -8.496340358781662161e-03 -2.015282406185125996e-02
1.930527701190887235e-02 8.406822876977582126e-03 -5.832397057063842816e-03 -2.187970283182283371e-02
1.973909390975348010e-02 7.972020042655181271e-03 -6.756079377117640838e-03 -2.095503457529090952e-02
1.982177023016507000e-02 5.906207247790673520e-03 -6.518183382471454124e-03 -1.920979409548451144e-02
2.151456185507005792e-02 8.576207056077533863e-03 -9.306381674793917647e-03 -2.078438723635389618e-02
2.010923953636245542e-02 7.109728317399088837e-03 -7.230833121824153942e-03 -1.998813473193727930e-02
2.169441950098183192e-02 8.020337211261940880e-03 -6.934576711441375885e-03 -2.278018000080228589e-02
1.811449515695695567e-02 6.920234354063303783e-03 -5.467670281498304696e-03 -1.956705922952184373e-02
1.947611507414426235e-02 5.220670592401610577e-03 -4.322475406817627430e-03 -2.037431025972802345e-02
2.022876433082632097e-02 4.750544887628604940e-03 -7.199206401685809276e-03 -1.778010281676900561e-02
1.795822497709553822e-02 4.479390602030397517e-03 -2.848149004209266089e-03 -1.958946657491666965e-02
2.048951210833882541e-02 7.266130565792394691e-03 -7.357664340054248520e-03 -2.039797833407697158e-02
1.935138575646200287e-02 9.028099878667150691e-03 -7.913944748026091602e-03 -2.046554088710361707e-02
1.941861065520544827e-02 7.402450883171374230e-03 -4.566459446214810036e-03 -2.225460209216223451e-02
1.848383017649379845e-02 6.572105217120594034e-03 -7.415782014690730506e-03 -1.764015337892332891e-02
1.823140787560051379e-02 7.149228842340038526e-03 -5.455699542395775481e-03 -1.992493717554499888e-02
2.121478859130965233e-02 5.474795880939575810e-03 -5.498481282154576988e-03 -2.119110319009487320e-02
1.948437046820816754e-02 5.441861936632097496e-03 -6.250248714324224686e-03 -1.867598369051592933e-02
1.975940334857062552e-02 6.126672874195771001e-03 -5.194149109520540541e-03 -2.069192711324596701e-02
2.018304856232844280e-02 5.536091993339153916e-03 -2.800916013989018793e-03 -2.291822454167891099e-02
1.916751607118283296e-02 6.569151162376662967e-03 -7.132994673714199152e-03 -1.860367255984540780e-02
1.816827333528192590e-02 5.895431799499473158e-03 -7.362989583450718634e-03 -1.670071555133045837e-02
1.966183912484309460e-02 8.031255013477345273e-03 -7.230817565080038811e-03 -2.046227657323984594e-02
2.090637005541107207e-02 5.135046526111297638e-03 -7.345161360447716170e-03 -1.869625522107498661e-02
1.996393632446502586e-02 5.961854853257841924e-03 -5.426804860480749504e-03 -2.049898631724211828e-02
2.227789822799430830e-02 7.761205170594642766e-03 -9.138089091171752720e-03 -2.090101430741753141e-02
1.955351065522870080e-02 6.889315832054876410e-03 -6.876908126401182209e-03 -1.956591836088217295e-02
1.746042173143758092e-02 8.568189585486107873e-03 -8.250937713824346709e-03 -1.777767360309923106e-02
1.806830178490703709e-02 6.401869790867431576e-03 -4.011502742112926789e-03 -2.045866883366131983e-02
1.757204514276589080e-02 6.407148120164629646e-03 -4.021821231501410132e-03 -1.995737203142933236e-02
1.971051683881586136e-02 7.111624644069891588e-03 -6.424418621125860263e-03 -2.039772286176022575e-02
1.921557265543771820e-02 6.445515270076862535e-03 -9.412130392802864343e-03 -1.624895753271171639e-02
1.721344643020916720e-02 4.114177163888399491e-03 -4.517685896496592690e-03 -1.680993769760075196e-02
2.018451542114951813e-02 7.582972399170717637e-03 -7.831306039809193820e-03 -1.993618178051081991e-02
1.832820144048064037e-02 5.741812083467801031e-03 -5.040827842310191542e-03 -1.902918568163847191e-02
2.267152550582340886e-02 6.483761614195282519e-03 -7.307248928454246339e-03 -2.184803819156488913e-02
1.944378446781436232e-02 6.132346059157134377e-03 -6.172961494576356678e-03 -1.940316903239514001e-02
1.809134952123847562e-02 7.102215053619964635e-03 -5.485375945083248439e-03 -1.970818862977496977e-02
2.078711308068736940e-02 5.544640216866181248e-03 -8.002508049615220109e-03 -1.832924524793788645e-02
1.861796119863301513e-02 7.533878539564220489e-03 -7.875171554388993300e-03 -1.827666818380813130e-02
2.080598667228716891e-02 6.984106221722186092e-03 -6.462315185983391608e-03 -2.132777770802551931e-02
1.832816722428942668e-02 7.333025248072777558e-03 -8.016330036287100391e-03 -1.764486243607510385e-02
2.129115982725715561e-02 5.006278131832075928e-03 -5.825939744608987780e-03 -2.047149821448035478e-02
1.784740644108406826e-02 7.903810139736622276e-03 -5.478424891612987402e-03 -2.027279168920803620e-02
1.945249871729748392e-02 7.919814398732683003e-03 -5.625114629612237849e-03 -2.174719848641804010e-02
1.990163893936136574e-02 5.813599139608660593e-03 -7.382175139960533983e-03 -1.833306293900971440e-02
1.953193147519693973e-02 6.596498289825891703e-03 -5.403477597495154328e-03 -2.072495216752801017e-02
2.036754574402088735e-02 6.323544085579113627e-03 -6.376163460153017049e-03 -2.031492636944720598e-02
2.042731293454780328e-02 6.615645029496741714e-03 -6.840386447397928116e-03 -2.020257151664661688e-02
1.740913049673098456e-02 6.789962221804834996e-03 -7.145063362178905031e-03 -1.705402935635713657e-02
1.702861416573653308e-02 6.608453362675348330e-03 -3.678452328998105259e-03 -1.995861519941399820e-02
1.903162658535695329e-02 7.812849159643420194e-03 -7.910893563975118781e-03 -1.893358218102525470e-02
1.798554877067770619e-02 7.626666485204269819e-03 -5.137331161430780391e-03 -2.047488409445130664e-02
1.939325231564970053e-02 7.372664443523024858e-03 -7.038823305700270261e-03 -1.972709345347267718e-02
1.757471661260789908e-02 7.232306524302956063e-03 -7.599485056696386742e-03 -1.720753808021435738e-02
1.843458703374500907e-02 9.886126175914222713e-03 -8.601821780337193246e-03 -1.971889142932192751e-02
2.159727963747726243e-02 8.013522279307405682e-03 -7.551908181830380151e-03 -2.205889373495439898e-02
1.754658887715110360e-02 4.657604838427698013e-03 -5.167568169051506288e-03 -1.703662554652751737e-02
1.987677169638057961e-02 7.313505294111788402e-03 -6.747794914847560221e-03 -2.044248207564458575e-02
2.007136339048476437e-02 6.904203226181682140e-03 -5.873421475973805705e-03 -2.110214514069286285e-02
1.772917819660335681e-02 7.358571858028684076e-03 -6.843025932204982453e-03 -1.824472412242672537e-02
1.732369596676641699e-02 7.456427957566180709e-03 -6.353688083026942657e-03 -1.842643584130576606e-02
1.816178689921876810e-02 7.317414670485744566e-03 -4.122962472700386627e-03 -2.135623909700423706e-02
1.893613052623610571e-02 5.424215070647830927e-03 -7.708303690246443018e-03 -1.665204190663716055e-02
1.878482132046377373e-02 4.056093584374531602e-03 -5.517815843076090410e-03 -1.732309906176221492e-02
2.039612804870816198e-02 5.518562168903784482e-03 -6.430040748099608017e-03 -1.948464946951178334e-02
1.945493833557554453e-02 8.255219036960692591e-03 -7.262287481413887136e-03 -2.044786989112212794e-02
1.780613246089002288e-02 2.755837364649238452e-03 -3.421671727808495156e-03 -1.714029809773087720e-02
2.092684991018001206e-02 6.489996795174368671e-03 -7.577412283710338592e-03 -1.983943442164382009e-02
2.199476098995067908e-02 5.959071119259640170e-03 -8.279602260918395018e-03 -1.967422984829214627e-02
2.091707978734791418e-02 6.763775658382265021e-03 -6.231165018572015768e-03 -2.144969042715794139e-02
2.068809598746379486e-02 6.030693271775744435e-03 -8.724407843079928782e-03 -1.799438141615961051e-02
2.042385574812088933e-02 6.471308760249483427e-03 -6.036739462878304430e-03 -2.085842504549240140e-02
1.967554631319146097e-02 7.971731906029289050e-03 -6.760984142748394099e-03 -2.088629407647202285e-02
2.053123588134653232e-02 6.111125508967640840e-03 -7.361924661436369810e-03 -1.928043672887802540e-02
1.833374240034557623e-02 9.917887403453784501e-03 -6.253798166511281842e-03 -2.199783163728818991e-02
1.859625809599974033e-02 7.711444601519623632e-03 -4.517991505396778962e-03 -2.178971119212247398e-02
2.187286809129584952e-02 6.076285447745188861e-03 -6.870700127719842065e-03 -2.107845341132119632e-02
1.888602436752861990e-02 6.739024089238432325e-03 -4.534269697712312031e-03 -2.109077875905429611e-02
1.958208787462223377e-02 4.876842970688910484e-03 -6.590867187665661042e-03 -1.786806365764548321e-02
1.955386925707025547e-02 7.917581026355646756e-03 -7.600048560424066402e-03 -1.987140172300172480e-02
1.593442464230321320e-02 5.809950174665790001e-03 -4.666423622417203987e-03 -1.707795119455179922e-02
1.829543179681070164e-02 6.813465833508391967e-03 -6.300068754775289825e-03 -1.880882887554391480e-02
2.240624279535152752e-02 6.775650644722519544e-03 -7.693839051758466496e-03 -2.148805438831513648e-02
1.911860251835051372e-02 7.069542948319629261e-03 -2.831026079292198183e-03 -2.335711938737783377e-02
2.291158214107347213e-02 8.834187080850597340e-03 -9.680914001617857423e-03 -2.206485522030621205e-02
2.049769681311763847e-02 9.186764794347768159e-03 -7.100065083180839842e-03 -2.258439652428445577e-02
2.299696843644127853e-02 6.519730407436474806e-03 -7.351578566618610644e-03 -2.216512027725903167e-02
2.187900789640662147e-02 4.512162382205531230e-03 -4.963323856457702021e-03 -2.142784642215467272e-02
1.869985281748531847e-02 5.710057832312598336e-03 -6.927983835824491621e-03 -1.748192681397320314e-02
1.961345536735015216e-02 9.006729646282352064e-03 -6.798640109337061865e-03 -2.182154490429577542e-02
2.270830196479134422e-02 7.314615641553334768e-03 -6.998065789060814446e-03 -2.302485181728397556e-02
1.586492480597079258e-02 5.497643192660772726e-03 -4.612348995220449943e-03 -1.675021900341100434e-02
1.898967726915135046e-02 7.214748293585593331e-03 -7.212746150448423599e-03 -1.899167941228852019e-02
2.186690133606594699e-02 9.196542498427051626e-03 -7.545686279551544473e-03 -2.351775755494167619e-02
1.995276793163469620e-02 7.486754366838654917e-03 -5.731386588774589619e-03 -2.170813570969876150e-02
1.950464822504738294e-02 5.808109174346931525e-03 -6.876466957831173232e-03 -1.843629044156336327e-02
2.000211414050467873e-02 4.063798872001589402e-03 -6.199269125452100404e-03 -1.786664388705339057e-02
1.929758795788116821e-02 8.557693757432094372e-03 -7.179354820937233761e-03 -2.067592689437602882e-02
1.965438543378872360e-02 7.991310581002775137e-03 -6.746844541273833151e-03 -2.089885147351766559e-02
1.713274932845831877e-02 5.464455958303249261e-03 -3.923075848365820129e-03 -1.867412943839630302e-02
1.312418341176702086e-02 7.504331506595907086e-03 -4.705610202874188630e-03 -1.592290471548907238e-02
2.133681541285059602e-02 5.805272083266865835e-03 -5.461161119186930257e-03 -2.168092637693053160e-02
2.025661024282099376e-02 3.926673459057727911e-03 -5.183187485646167936e-03 -1.900009621623210965e-02
2.227061249407502608e-02 6.439408966433468606e-03 -5.220727795974045016e-03 -2.348929366453467171e-02
2.311532125097426338e-02 6.033173187612872468e-03 -6.261949910485120618e-03 -2.288654452810190421e-02
1.749147842985920853e-02 6.680126819997633802e-03 -5.659628315379139352e-03 -1.851197693447792503e-02
2.071258961090038930e-02 7.739375076395882402e-03 -7.706266732556810162e-03 -2.074569795473923950e-02
1.480279018656838197e-02 5.356358941584149491e-03 -5.612454326972993179e-03 -1.454669480117964930e-02
1.814150557020610677e-02 7.038058463633367623e-03 -4.530714943371094705e-03 -2.064884909046837969e-02
1.712315583859558288e-02 7.240150675249079626e-03 -5.898909012687858500e-03 -1.846439750115669298e-02
1.763052910301898812e-02 7.055913469560914919e-03 -6.504711619910175102e-03 -1.818173095267006101e-02
2.297246647096562455e-02 5.403297917424332297e-03 -6.931226705235826735e-03 -2.144453768315390807e-02
1.905080315162499538e-02 4.446832377849929685e-03 -7.304962395153768995e-03 -1.619267313432104505e-02
2.170861187252026703e-02 5.969268468140276340e-03 -5.602865090056030617e-03 -2.207501525060384662e-02
2.039026142548916454e-02 5.317172440162609703e-03 -6.413170638674192681e-03 -1.929426322697769258e-02
1.357008841519613540e-02 4.926216960035700865e-03 -5.742922474617828676e-03 -1.275338290061400759e-02
2.144452577919286895e-02 5.319851931680830148e-03 -7.868414376421051237e-03 -1.889596333445264786e-02
2.180962968687549797e-02 6.044817684071723818e-03 -6.045755355257864672e-03 -2.180869201568902405e-02
2.003594333493885493e-02 5.641857906366176678e-03 -4.136932900631218324e-03 -2.154086834067370226e-02
2.128298077915746767e-02 8.036165633180214485e-03 -9.245026965685521070e-03 -2.007411944665216108e-02
2.005993321394394791e-02 4.586369269432344353e-03 -4.922066943766401081e-03 -1.972423553960978015e-02
2.050645707906517679e-02 4.606928825741984923e-03 -2.959674987175420213e-03 -2.215371091763207456e-02
1.985048590909244126e-02 4.751497826679607073e-03 -3.646031721520448521e-03 -2.095595201425115572e-02
2.040995175737392309e-02 7.717798992376234679e-03 -5.518059065348857040e-03 -2.260969168440141175e-02
2.149269846901669112e-02 4.934644202623683640e-03 -5.683502203414958487e-03 -2.074384046822508321e-02
1.751745662862069786e-02 6.841636483310820083e-03 -4.551165981565463703e-03 -1.980792713036561015e-02
2.251854861654334350e-02 6.797200047566676062e-03 -7.152453715792539413e-03 -2.216329494831781322e-02
2.025389621808471041e-02 5.821524315580139941e-03 -4.786621050528738763e-03 -2.128879948313622261e-02
2.037813230960594524e-02 6.152019756801907491e-03 -7.740966798867932042e-03 -1.878918526754003171e-02
1.871928557600543996e-02 5.191865574247556125e-03 -6.499820887672536074e-03 -1.741133026258057104e-02
2.234882719705444387e-02 6.205033718928776310e-03 -9.005384214511913399e-03 -1.954847670147097372e-02
1.826071037983156842e-02 6.772684809369877712e-03 -4.591385793120683623e-03 -2.044200939608076251e-02
2.099398554731868316e-02 6.937611955821099130e-03 -5.266838145185026576e-03 -2.266475935795497776e-02
1.949344460856838879e-02 8.330738695758732604e-03 -8.971668476003724635e-03 -1.885251482832361880e-02
2.171532872927728341e-02 6.297733035185215655e-03 -6.046348357452324684e-03 -2.196671340700961927e-02
2.051900773043491277e-02 7.712655329367157364e-03 -8.825086015380123605e-03 -1.940657704442205755e-02
1.929191373602656689e-02 8.182346348326818841e-03 -6.711047076873755124e-03 -2.076321300747951959e-02
2.006440187188873736e-02 8.378708283167890514e-03 -9.414082113906152571e-03 -1.902902804115047530e-02
2.140868104248161430e-02 8.111963753718809400e-03 -8.165259435767735496e-03 -2.135538536043302127e-02
1.635978561941042742e-02 7.344102033486121783e-03 -8.627739617912411063e-03 -1.507614803498491529e-02
2.030243584751301178e-02 4.575343349928928660e-03 -6.744548766949076679e-03 -1.813323043049286376e-02
1.816531644274110846e-02 6.584604411456584927e-03 -5.749178059519688411e-03 -1.900074279467756089e-02
2.024248585689991664e-02 6.774384127925747734e-03 -6.754111491919845278e-03 -2.026275849290548603e-02
1.784195663051391101e-02 7.319017386052895091e-03 -6.789382993794168542e-03 -1.837159102277230449e-02
1.570270542358165322e-02 7.327506302411634920e-03 -5.641182137841593836e-03 -1.738902958815136124e-02
1.992559216928535548e-02 5.840947221929626565e-03 -6.646261352129756439e-03 -1.912027803908478152e-02
1.566599529888601516e-02 7.058802293476107437e-03 -5.255218856638710356e-03 -1.746957873572374531e-02
1.349454082359446971e-02 4.419286868546645763e-03 -5.160920092285414817e-03 -1.275290759985547862e-02
1.996105853924312612e-02 8.721426436661072756e-03 -6.833303859089201460e-03 -2.184918111681499742e-02
1.999122272569064940e-02 4.085790963015867305e-03 -7.416441006743546005e-03 -1.666057268196285968e-02
2.271397972477262606e-02 7.451879837008457130e-03 -5.987311928585148380e-03 -2.417854763319537970e-02
1.925742359906323919e-02 7.592705627852192052e-03 -7.823873367068467921e-03 -1.902625585984696333e-02
1.907846493700993129e-02 6.035695171488608679e-03 -6.960875898566087905e-03 -1.815328420993278513e-02
1.919525415215384001e-02 5.979249902802630245e-03 -5.627614002691627704e-03 -1.954689005226473153e-02
1.962520831651115572e-02 6.124734002781018205e-03 -6.544596630622012690e-03 -1.920534568867038328e-02
1.973789750421683920e-02 5.233281553017388177e-03 -8.008568843224317391e-03 -1.696261021401002100e-02
2.169773870940705507e-02 5.343939685341192458e-03 -6.631890797056061437e-03 -2.040978759769207507e-02
1.889835561110109197e-02 7.358628358683949600e-03 -5.049073697817818562e-03 -2.120791027196722300e-02
2.021144798940954779e-02 5.533195808036017738e-03 -6.713609172155354798e-03 -1.903103462528987766e-02
1.972994646269232710e-02 5.617478064812830851e-03 -4.170816628212059562e-03 -2.117660789929332044e-02
1.843247134548020583e-02 6.188354800349404883e-03 -7.028918854400045824e-03 -1.759190729142967591e-02
2.044953187344877854e-02 6.962157617416364630e-03 -7.007155892301941691e-03 -2.040453359856309046e-02
2.056335852752400051e-02 6.653715447810570893e-03 -8.769453501850987820e-03 -1.844762047348347256e-02
2.117109778842030110e-02 6.370110571518150522e-03 -6.773047775987750541e-03 -2.076816058395025699e-02
2.022676515068932979e-02 7.173541004823480449e-03 -9.167043699892185593e-03 -1.823326245562084669e-02
2.099488426295392784e-02 5.792797326361620591e-03 -7.046978047411833757e-03 -1.974070354190360366e-02
2.123050683284533058e-02 7.716916132517015470e-03 -5.471077355450493229e-03 -2.347634560991207486e-02
2.109548951181827725e-02 6.927517987301845537e-03 -8.948261827958603476e-03 -1.907474567116107522e-02
2.114781994035275225e-02 6.340151367799418125e-03 -8.341624876635256314e-03 -1.914634643151724713e-02
1.888543912795670465e-02 3.111824935204898779e-03 -4.076239386004210097e-03 -1.792102467715694925e-02
2.013171737413887996e-02 4.419393664234938512e-03 -6.560737166713459523e-03 -1.799037387165991486e-02
1.796365781183717480e-02 9.624140142476367288e-03 -7.968089273173606379e-03 -1.961970868114004674e-02
2.005980024600595435e-02 8.352287731997920517e-03 -6.404006039054999100e-03 -2.200808193894920883e-02
2.043502047076062311e-02 6.555504571415626813e-03 -7.937982406529320301e-03 -1.905254263564726269e-02
2.000731783068121494e-02 7.180156655864688986e-03 -6.290440812782183144e-03 -2.089703367376360976e-02
2.107356748110800204e-02 6.518296276855961580e-03 -5.899882496134045695e-03 -2.169198126183013997e-02
1.956608622353694926e-02 7.638070009164277252e-03 -9.010476198669126191e-03 -1.819368003403198930e-02
1.960244381217557397e-02 7.382847413963888883e-03 -6.015251433801771519e-03 -2.097003979233735826e-02
2.003688595051666965e-02 7.444089965271238896e-03 -8.434223495648596192e-03 -1.904675242013942338e-02
1.923114573131812222e-02 5.311372935994596034e-03 -5.258628158744005354e-03 -1.928389050856893494e-02
1.873866586727190864e-02 9.247100452020928785e-03 -6.617025853699609605e-03 -2.136874046559356088e-02
1.923609592285124847e-02 6.526655807817638433e-03 -6.560564198628160426e-03 -1.920218753204094853e-02
1.935203720519451664e-02 4.412885514755604532e-03 -5.751592434140140320e-03 -1.801333028580964779e-02
1.879059172885977347e-02 5.685022583947096919e-03 -6.672841628502346190e-03 -1.780277268430496829e-02
2.098934566236732024e-02 8.540061120325237454e-03 -7.359299596964352652e-03 -2.217010718572798300e-02
1.480302699283475576e-02 5.543179014603216714e-03 -3.987676628426251035e-03 -1.635852937901149939e-02
2.153842673415162778e-02 5.153162872040928377e-03 -6.275474305411199438e-03 -2.041611530078135672e-02
2.050586641349783079e-02 5.837544634923252929e-03 -6.717154858519425176e-03 -1.962625618990199161e-02
1.798323313479155416e-02 6.381747568547480043e-03 -6.748836789107093281e-03 -1.761614391423238501e-02
2.160613075769490798e-02 3.702613457418291176e-03 -5.651782867299837143e-03 -1.965696134781302895e-02
2.088982046742238197e-02 4.267752132983915203e-03 -5.942120024724273364e-03 -1.921545257568202381e-02
1.749801988768306948e-02 7.061825399965249161e-03 -6.627217081062952708e-03 -1.793262820658592105e-02
1.796537874175130334e-02 7.595573589908699574e-03 -5.571786511774701189e-03 -1.998916581988507968e-02
1.910904499676546742e-02 9.059687525766246807e-03 -6.246624323545724167e-03 -2.192210819898599006e-02
1.875348647317576223e-02 8.524334932987098767e-03 -6.718722594183157426e-03 -2.055909881197925948e-02
2.085695796557973658e-02 5.626684239401269494e-03 -7.606434709686471507e-03 -1.887720749529442354e-02
2.091162621694930834e-02 7.344420772584125956e-03 -8.148657340006248972e-03 -2.010738964952696328e-02
1.862650613682603762e-02 7.391421053002389385e-03 -7.408181430607951867e-03 -1.860974575922069718e-02
2.188884138987612360e-02 1.048724023852742882e-02 -6.466079638750898972e-03 -2.591000198965198731e-02
2.161631149119536133e-02 5.208256509468434103e-03 -8.231928094655005523e-03 -1.859263990600890093e-02
1.903627160356125003e-02 5.558435777868186989e-03 -5.666313529331223897e-03 -1.892839385209854619e-02
2.056609898355810095e-02 5.505283592856624608e-03 -6.796267257932475658e-03 -1.927511531848180582e-02
1.971760682366885398e-02 6.171970198873832913e-03 -6.963998862314135785e-03 -1.892557816022844008e-02
1.902698438661754032e-02 8.471434114843079399e-03 -9.065145713271327566e-03 -1.843327278818907011e-02
2.156932073681794293e-02 4.908418872655584408e-03 -6.796581545485236298e-03 -1.968115806398862411e-02
2.074627988216137808e-02 7.349711637674172238e-03 -8.969947701972458276e-03 -1.912604381786342511e-02
1.980217096952996414e-02 3.514214750975686030e-03 -6.308583597972594603e-03 -1.700780212253327761e-02
2.042127179445785146e-02 4.972557212852279918e-03 -5.488589389096354410e-03 -1.990523961821399901e-02
2.000507788790151231e-02 4.370036402861821045e-03 -6.893100308086319572e-03 -1.748201398267679174e-02
1.816248635354522634e-02 4.626405235809150085e-03 -5.404036598945949343e-03 -1.738485499040842708e-02
1.796893708747449026e-02 4.444054530661434299e-03 -5.834755702748495310e-03 -1.657823591538787333e-02
2.105777965475241764e-02 3.971646125487948709e-03 -5.237841130344533802e-03 -1.979158464989538846e-02
1.946329410609570765e-02 7.734823807328039535e-03 -8.656693451625341318e-03 -1.854142446179840586e-02
1.721944030502564615e-02 7.279538739387358959e-03 -7.606631649257677985e-03 -1.689234739515543815e-02
1.720538795045012392e-02 7.602259957821821956e-03 -5.360976020946095488e-03 -1.944667188732551732e-02
2.040009125683894808e-02 4.621100767492780648e-03 -7.155008907385518313e-03 -1.786618311694665451e-02
1.902433694449690016e-02 8.894095346101860144e-03 -6.384163391902508700e-03 -2.153426889869614058e-02
2.163530267925906081e-02 5.839196726825424122e-03 -7.283422448586818199e-03 -2.019107695749688958e-02
2.092834240716068273e-02 7.395082237337868847e-03 -6.813307418934932969e-03 -2.151011722556406269e-02
2.076236293393263210e-02 6.951828041603214103e-03 -5.533756408202195054e-03 -2.218043456733409524e-02
1.841308937878349816e-02 5.919920802188061160e-03 -5.424757045030981217e-03 -1.890825313594068913e-02
1.952293444303543346e-02 6.613838167282004576e-03 -8.815741695716305948e-03 -1.732103091460135413e-02
2.221205077525123528e-02 7.622256205550792529e-03 -7.405702431540039932e-03 -2.242860454926165481e-02
1.907441140415588876e-02 9.240566794859850219e-03 -8.066413507901271096e-03 -2.024856469111435686e-02
2.019163650838251556e-02 5.515238132098865265e-03 -7.028346278707409134e-03 -1.867852836177397169e-02
1.830742974322840944e-02 8.143869143719006942e-03 -8.200894997857810509e-03 -1.825040388908949485e-02
1.766193248252756476e-02 7.376203898854294394e-03 -4.731938266890334255e-03 -2.030619811449196899e-02
1.817516326848056529e-02 7.779224852674904156e-03 -4.728043084047284239e-03 -2.122634503710774112e-02
1.913775329570599482e-02 6.942959088268585433e-03 -5.942236924514121554e-03 -2.013847545946068074e-02
2.164686961154926870e-02 6.465452307405694654e-03 -7.843447975026007768e-03 -2.026887394392862252e-02
2.126456618736893844e-02 7.855587869310509674e-03 -8.697590688268364012e-03 -2.042256336841064002e-02
2.038091798035113200e-02 7.433836023110540481e-03 -6.740490140605404079e-03 -2.107426386285649045e-02
1.985559847032170033e-02 5.300126845796171438e-03 -5.543476885081388694e-03 -1.961224843103670512e-02
2.019283533390492380e-02 5.673964612513238137e-03 -6.867326005249640986e-03 -1.899947394116863197e-02
1.943947019270120258e-02 7.080066549480346083e-03 -7.572677775781078147e-03 -1.894685896640058154e-02
1.731676216579391969e-02 7.393748231596886100e-03 -5.923704626291770303e-03 -1.878680577109903549e-02
2.178739495942982884e-02 6.580647379331949764e-03 -8.107106043471423718e-03 -2.026093629529068796e-02
1.870198574792247825e-02 7.334677780039378092e-03 -6.857670232154444712e-03 -1.917899329580741163e-02
1.892530620324306412e-02 7.840139626298370246e-03 -2.381531821098459289e-03 -2.438391400844264201e-02
1.989957493603822236e-02 7.223198352636517328e-03 -7.049530368551493176e-03 -2.007324292012346856e-02
1.901927265475089612e-02 5.839114384663668389e-03 -5.286394230940683059e-03 -1.957199280847332634e-02
1.734503700870626552e-02 7.969997949523355274e-03 -7.805867513364428412e-03 -1.750916744486463728e-02
2.132037442430356755e-02 4.690335647753007819e-03 -3.502952671463166467e-03 -2.250775740059318686e-02
2.256493456319930146e-02 6.116565628794923271e-03 -7.277512709708555683e-03 -2.140398748228578008e-02
1.720699350617493906e-02 9.539013067250357025e-03 -7.835696492722310502e-03 -1.891031008070309660e-02
1.745339641622023485e-02 7.901825684979435493e-03 -6.110244521373653370e-03 -1.924497757982568391e-02
1.860661939077568050e-02 5.582051577991853364e-03 -5.972637065305375081e-03 -1.821603390346204776e-02
2.028088565946828403e-02 7.220662757763562922e-03 -6.805191960977285959e-03 -2.069635645625467202e-02
1.929282980214575005e-02 5.399977763692609400e-03 -3.571132995752179795e-03 -2.112167457008629068e-02
1.975109193637902827e-02 7.455554376602391287e-03 -6.930391335973284939e-03 -2.027625497700824564e-02
1.728946793903252122e-02 6.763793251014948993e-03 -6.272660672984708974e-03 -1.778060051706276123e-02
1.882803047031011978e-02 8.698448315176854351e-03 -6.242927627824634840e-03 -2.128355115766222827e-02
1.937390278191331028e-02 8.273430668676473587e-03 -6.788609749491025802e-03 -2.085872370109886909e-02
1.979683754430650033e-02 6.489171379181035704e-03 -6.006302417993825138e-03 -2.027970650549371090e-02
1.967946069223547312e-02 5.251714246027550104e-03 -6.033114222048108211e-03 -1.889806071621502603e-02
1.714814986143253783e-02 7.095719260922672689e-03 -6.761913377968942207e-03 -1.748195574438637934e-02
1.995588307979279108e-02 6.447144405745675044e-03 -5.410523314553383756e-03 -2.099250417098519339e-02
1.972935743797088470e-02 7.608575904516579058e-03 -9.811009544741233768e-03 -1.752692379774645204e-02
2.048453547464990088e-02 6.548361104296684942e-03 -6.286397711394164922e-03 -2.074649886755286499e-02
1.892277832623578959e-02 7.322091416645637452e-03 -6.518515954222703357e-03 -1.972635378865827960e-02
1.843603778383973157e-02 9.851895714037883778e-03 -7.684986549324701599e-03 -2.060294694855269171e-02
2.343350151793388569e-02 4.830557792068868039e-03 -5.838465748421284296e-03 -2.242559356158158046e-02
