3.886065215888833146e-07
-8.422110632722212092e-07
7.191591889876542948e-07
5.610134839173091541e-07
-3.556684850427986339e-07
1.098113005765935233e-06
-2.822383107337458131e-07
1.430436870340685351e-07
-1.485292739695571668e-07
-1.323907833020743600e-07
-2.543071367068475046e-07
-4.180050943984821105e-07
-4.133454104446208337e-07
-4.651344907131489263e-07
-1.368289681760978886e-06
-1.062683362269618002e-06
-8.889631678215501607e-07
-8.830007574214829051e-07
-9.077420805764908113e-07
-1.239103896445373599e-06
-5.645887611137952309e-07
-7.854942627939724509e-07
-1.055287481482132731e-06
-6.486164770526584229e-07
-1.287195306015140560e-06
-4.833116325433666019e-07
-1.452893758836528371e-06
-1.575390053895356131e-07
-1.299250692082770643e-06
-1.060454463305199457e-06
-4.509302847515295057e-07
-6.420599633231643003e-06
-1.423818242222286779e-06
-1.176006701852050669e-06
-1.074955537800781609e-06
-2.738300724773370073e-07
-1.282860140443409750e-06
8.206591082273407957e-08
-9.867132019792500693e-07
2.615813555270581870e-07
