3.875472730575032188e+01
3.875472730575032188e+01
3.875472730575032188e+01
3.875472730575032188e+01
3.875472730575032188e+01
3.875472730575032188e+01
3.875472730575032188e+01
3.875472730575032188e+01
3.875472730575032188e+01
3.766814444518566063e+01
3.766814444518566063e+01
3.766814444518566063e+01
3.766814444518566063e+01
3.766814444518566063e+01
3.766814444518566063e+01
3.766814444518566063e+01
3.766814444518566063e+01
3.766814444518566063e+01
3.690876123638241069e+01
3.690876123638241069e+01
3.690876123638241069e+01
3.690876123638241069e+01
3.690876123638241069e+01
3.690876123638241069e+01
3.690876123638241069e+01
3.690876123638241069e+01
3.690876123638241069e+01
3.888705911987155162e+01
3.888705911987155162e+01
3.888705911987155162e+01
3.888705911987155162e+01
3.888705911987155162e+01
3.888705911987155162e+01
3.888705911987155162e+01
3.888705911987155162e+01
3.888705911987155162e+01
4.119020559408308202e+01
4.119020559408308202e+01
4.119020559408308202e+01
4.119020559408308202e+01
4.119020559408308202e+01
4.119020559408308202e+01
4.119020559408308202e+01
4.119020559408308202e+01
4.119020559408308202e+01
3.841379719736750786e+01
3.841379719736750786e+01
3.841379719736750786e+01
3.841379719736750786e+01
3.841379719736750786e+01
3.841379719736750786e+01
3.841379719736750786e+01
3.841379719736750786e+01
3.841379719736750786e+01
3.788633202149171808e+01
3.788633202149171808e+01
3.788633202149171808e+01
3.788633202149171808e+01
3.788633202149171808e+01
3.788633202149171808e+01
3.788633202149171808e+01
3.788633202149171808e+01
3.788633202149171808e+01
3.978774938571749686e+01
3.978774938571749686e+01
3.978774938571749686e+01
3.978774938571749686e+01
3.978774938571749686e+01
3.978774938571749686e+01
3.978774938571749686e+01
3.978774938571749686e+01
3.978774938571749686e+01
3.973259496097354315e+01
3.973259496097354315e+01
3.973259496097354315e+01
3.973259496097354315e+01
3.973259496097354315e+01
3.973259496097354315e+01
3.973259496097354315e+01
3.973259496097354315e+01
3.973259496097354315e+01
4.340891292490681508e+01
4.340891292490681508e+01
4.340891292490681508e+01
4.340891292490681508e+01
4.340891292490681508e+01
4.340891292490681508e+01
4.340891292490681508e+01
4.340891292490681508e+01
4.340891292490681508e+01
3.605195188925912930e+01
3.605195188925912930e+01
3.605195188925912930e+01
3.605195188925912930e+01
3.605195188925912930e+01
3.605195188925912930e+01
3.605195188925912930e+01
3.605195188925912930e+01
3.605195188925912930e+01
3.966058461917646838e+01
3.966058461917646838e+01
3.966058461917646838e+01
3.966058461917646838e+01
3.966058461917646838e+01
3.966058461917646838e+01
3.966058461917646838e+01
3.966058461917646838e+01
3.966058461917646838e+01
4.026544564722746600e+01
4.026544564722746600e+01
4.026544564722746600e+01
4.026544564722746600e+01
4.026544564722746600e+01
4.026544564722746600e+01
4.026544564722746600e+01
4.026544564722746600e+01
4.026544564722746600e+01
3.593836366061302101e+01
3.593836366061302101e+01
3.593836366061302101e+01
3.593836366061302101e+01
3.593836366061302101e+01
3.593836366061302101e+01
3.593836366061302101e+01
3.593836366061302101e+01
3.593836366061302101e+01
3.773052712747821147e+01
3.773052712747821147e+01
3.773052712747821147e+01
3.773052712747821147e+01
3.773052712747821147e+01
3.773052712747821147e+01
3.773052712747821147e+01
3.773052712747821147e+01
3.773052712747821147e+01
3.920023206480107092e+01
3.920023206480107092e+01
3.920023206480107092e+01
3.920023206480107092e+01
3.920023206480107092e+01
3.920023206480107092e+01
3.920023206480107092e+01
3.920023206480107092e+01
3.920023206480107092e+01
3.919956209664049851e+01
3.919956209664049851e+01
3.919956209664049851e+01
3.919956209664049851e+01
3.919956209664049851e+01
3.919956209664049851e+01
3.919956209664049851e+01
3.919956209664049851e+01
3.919956209664049851e+01
3.807092932611963221e+01
3.807092932611963221e+01
3.807092932611963221e+01
3.807092932611963221e+01
3.807092932611963221e+01
3.807092932611963221e+01
3.807092932611963221e+01
3.807092932611963221e+01
3.807092932611963221e+01
3.940456978423713252e+01
3.940456978423713252e+01
3.940456978423713252e+01
3.940456978423713252e+01
3.940456978423713252e+01
3.940456978423713252e+01
3.940456978423713252e+01
3.940456978423713252e+01
3.940456978423713252e+01
3.929877363138520252e+01
3.929877363138520252e+01
3.929877363138520252e+01
3.929877363138520252e+01
3.929877363138520252e+01
3.929877363138520252e+01
3.929877363138520252e+01
3.929877363138520252e+01
3.929877363138520252e+01
5.093871269429482140e+01
5.093871269429482140e+01
5.093871269429482140e+01
5.093871269429482140e+01
5.093871269429482140e+01
5.093871269429482140e+01
5.093871269429482140e+01
5.093871269429482140e+01
5.093871269429482140e+01
4.809529547740005739e+01
4.809529547740005739e+01
4.809529547740005739e+01
4.809529547740005739e+01
4.809529547740005739e+01
4.809529547740005739e+01
4.809529547740005739e+01
4.809529547740005739e+01
4.809529547740005739e+01
4.078518804603109515e+01
4.078518804603109515e+01
4.078518804603109515e+01
4.078518804603109515e+01
4.078518804603109515e+01
4.078518804603109515e+01
4.078518804603109515e+01
4.078518804603109515e+01
4.078518804603109515e+01
5.272045773684587289e+01
5.272045773684587289e+01
5.272045773684587289e+01
5.272045773684587289e+01
5.272045773684587289e+01
5.272045773684587289e+01
5.272045773684587289e+01
5.272045773684587289e+01
5.272045773684587289e+01
4.228814450347077525e+01
4.228814450347077525e+01
4.228814450347077525e+01
4.228814450347077525e+01
4.228814450347077525e+01
4.228814450347077525e+01
4.228814450347077525e+01
4.228814450347077525e+01
4.228814450347077525e+01
4.299230966004979138e+01
4.299230966004979138e+01
4.299230966004979138e+01
4.299230966004979138e+01
4.299230966004979138e+01
4.299230966004979138e+01
4.299230966004979138e+01
4.299230966004979138e+01
4.299230966004979138e+01
4.169583674863395117e+01
4.169583674863395117e+01
4.169583674863395117e+01
4.169583674863395117e+01
4.169583674863395117e+01
4.169583674863395117e+01
4.169583674863395117e+01
4.169583674863395117e+01
4.169583674863395117e+01
5.066215717633508575e+01
5.066215717633508575e+01
5.066215717633508575e+01
5.066215717633508575e+01
5.066215717633508575e+01
5.066215717633508575e+01
5.066215717633508575e+01
5.066215717633508575e+01
5.066215717633508575e+01
4.562593728919409841e+01
4.562593728919409841e+01
4.562593728919409841e+01
4.562593728919409841e+01
4.562593728919409841e+01
4.562593728919409841e+01
4.562593728919409841e+01
4.562593728919409841e+01
4.562593728919409841e+01
5.352982421817856817e+01
5.352982421817856817e+01
5.352982421817856817e+01
5.352982421817856817e+01
5.352982421817856817e+01
5.352982421817856817e+01
5.352982421817856817e+01
5.352982421817856817e+01
5.352982421817856817e+01
5.249070788643820151e+01
5.249070788643820151e+01
5.249070788643820151e+01
5.249070788643820151e+01
5.249070788643820151e+01
5.249070788643820151e+01
5.249070788643820151e+01
5.249070788643820151e+01
5.249070788643820151e+01
5.186935631725096840e+01
5.186935631725096840e+01
5.186935631725096840e+01
5.186935631725096840e+01
5.186935631725096840e+01
5.186935631725096840e+01
5.186935631725096840e+01
5.186935631725096840e+01
5.186935631725096840e+01
5.301667258106597558e+01
5.301667258106597558e+01
5.301667258106597558e+01
5.301667258106597558e+01
5.301667258106597558e+01
5.301667258106597558e+01
5.301667258106597558e+01
5.301667258106597558e+01
5.301667258106597558e+01
4.371002191224823719e+01
4.371002191224823719e+01
4.371002191224823719e+01
4.371002191224823719e+01
4.371002191224823719e+01
4.371002191224823719e+01
4.371002191224823719e+01
4.371002191224823719e+01
4.371002191224823719e+01
5.633256415396365213e+01
5.633256415396365213e+01
5.633256415396365213e+01
5.633256415396365213e+01
5.633256415396365213e+01
5.633256415396365213e+01
5.633256415396365213e+01
5.633256415396365213e+01
5.633256415396365213e+01
5.167376181764078780e+01
5.167376181764078780e+01
5.167376181764078780e+01
5.167376181764078780e+01
5.167376181764078780e+01
5.167376181764078780e+01
5.167376181764078780e+01
5.167376181764078780e+01
5.167376181764078780e+01
5.794569385947485785e+01
5.794569385947485785e+01
5.794569385947485785e+01
5.794569385947485785e+01
5.794569385947485785e+01
5.794569385947485785e+01
5.794569385947485785e+01
5.794569385947485785e+01
5.794569385947485785e+01
5.274603450170471319e+01
5.274603450170471319e+01
5.274603450170471319e+01
5.274603450170471319e+01
5.274603450170471319e+01
5.274603450170471319e+01
5.274603450170471319e+01
5.274603450170471319e+01
5.274603450170471319e+01
5.651029716095657562e+01
5.651029716095657562e+01
5.651029716095657562e+01
5.651029716095657562e+01
5.651029716095657562e+01
5.651029716095657562e+01
5.651029716095657562e+01
5.651029716095657562e+01
5.651029716095657562e+01
5.045625519638674916e+01
5.045625519638674916e+01
5.045625519638674916e+01
5.045625519638674916e+01
5.045625519638674916e+01
5.045625519638674916e+01
5.045625519638674916e+01
5.045625519638674916e+01
5.045625519638674916e+01
