3.438157052887078624e+00
3.438157052887078624e+00
3.438157052887078624e+00
3.438157052887078624e+00
3.438157052887078624e+00
3.438157052887078624e+00
3.438157052887078624e+00
3.438157052887078624e+00
3.438157052887078624e+00
2.851650203760668134e+00
2.851650203760668134e+00
2.851650203760668134e+00
2.851650203760668134e+00
2.851650203760668134e+00
2.851650203760668134e+00
2.851650203760668134e+00
2.851650203760668134e+00
2.851650203760668134e+00
3.481766864689745056e+00
3.481766864689745056e+00
3.481766864689745056e+00
3.481766864689745056e+00
3.481766864689745056e+00
3.481766864689745056e+00
3.481766864689745056e+00
3.481766864689745056e+00
3.481766864689745056e+00
4.826225115633969942e+00
4.826225115633969942e+00
4.826225115633969942e+00
4.826225115633969942e+00
4.826225115633969942e+00
4.826225115633969942e+00
4.826225115633969942e+00
4.826225115633969942e+00
4.826225115633969942e+00
4.570588898275666168e+00
4.570588898275666168e+00
4.570588898275666168e+00
4.570588898275666168e+00
4.570588898275666168e+00
4.570588898275666168e+00
4.570588898275666168e+00
4.570588898275666168e+00
4.570588898275666168e+00
3.792444804924412161e+00
3.792444804924412161e+00
3.792444804924412161e+00
3.792444804924412161e+00
3.792444804924412161e+00
3.792444804924412161e+00
3.792444804924412161e+00
3.792444804924412161e+00
3.792444804924412161e+00
5.407538039270534114e+00
5.407538039270534114e+00
5.407538039270534114e+00
5.407538039270534114e+00
5.407538039270534114e+00
5.407538039270534114e+00
5.407538039270534114e+00
5.407538039270534114e+00
5.407538039270534114e+00
5.506416737104319559e+00
5.506416737104319559e+00
5.506416737104319559e+00
5.506416737104319559e+00
5.506416737104319559e+00
5.506416737104319559e+00
5.506416737104319559e+00
5.506416737104319559e+00
5.506416737104319559e+00
4.997031838278640059e+00
4.997031838278640059e+00
4.997031838278640059e+00
4.997031838278640059e+00
4.997031838278640059e+00
4.997031838278640059e+00
4.997031838278640059e+00
4.997031838278640059e+00
4.997031838278640059e+00
6.329101604293437155e+00
6.329101604293437155e+00
6.329101604293437155e+00
6.329101604293437155e+00
6.329101604293437155e+00
6.329101604293437155e+00
6.329101604293437155e+00
6.329101604293437155e+00
6.329101604293437155e+00
4.985163533858435692e+00
4.985163533858435692e+00
4.985163533858435692e+00
4.985163533858435692e+00
4.985163533858435692e+00
4.985163533858435692e+00
4.985163533858435692e+00
4.985163533858435692e+00
4.985163533858435692e+00
5.087596445091338460e+00
5.087596445091338460e+00
5.087596445091338460e+00
5.087596445091338460e+00
5.087596445091338460e+00
5.087596445091338460e+00
5.087596445091338460e+00
5.087596445091338460e+00
5.087596445091338460e+00
5.782048517577848656e+00
5.782048517577848656e+00
5.782048517577848656e+00
5.782048517577848656e+00
5.782048517577848656e+00
5.782048517577848656e+00
5.782048517577848656e+00
5.782048517577848656e+00
5.782048517577848656e+00
4.971704805157709295e+00
4.971704805157709295e+00
4.971704805157709295e+00
4.971704805157709295e+00
4.971704805157709295e+00
4.971704805157709295e+00
4.971704805157709295e+00
4.971704805157709295e+00
4.971704805157709295e+00
4.843896902768887180e+00
4.843896902768887180e+00
4.843896902768887180e+00
4.843896902768887180e+00
4.843896902768887180e+00
4.843896902768887180e+00
4.843896902768887180e+00
4.843896902768887180e+00
4.843896902768887180e+00
5.843917039219126863e+00
5.843917039219126863e+00
5.843917039219126863e+00
5.843917039219126863e+00
5.843917039219126863e+00
5.843917039219126863e+00
5.843917039219126863e+00
5.843917039219126863e+00
5.843917039219126863e+00
6.032282543716394940e+00
6.032282543716394940e+00
6.032282543716394940e+00
6.032282543716394940e+00
6.032282543716394940e+00
6.032282543716394940e+00
6.032282543716394940e+00
6.032282543716394940e+00
6.032282543716394940e+00
5.196692388421766395e+00
5.196692388421766395e+00
5.196692388421766395e+00
5.196692388421766395e+00
5.196692388421766395e+00
5.196692388421766395e+00
5.196692388421766395e+00
5.196692388421766395e+00
5.196692388421766395e+00
6.111306468732689012e+00
6.111306468732689012e+00
6.111306468732689012e+00
6.111306468732689012e+00
6.111306468732689012e+00
6.111306468732689012e+00
6.111306468732689012e+00
6.111306468732689012e+00
6.111306468732689012e+00
5.632921181760104368e+00
5.632921181760104368e+00
5.632921181760104368e+00
5.632921181760104368e+00
5.632921181760104368e+00
5.632921181760104368e+00
5.632921181760104368e+00
5.632921181760104368e+00
5.632921181760104368e+00
7.275107438302594431e+00
7.275107438302594431e+00
7.275107438302594431e+00
7.275107438302594431e+00
7.275107438302594431e+00
7.275107438302594431e+00
7.275107438302594431e+00
7.275107438302594431e+00
7.275107438302594431e+00
6.726860022102938430e+00
6.726860022102938430e+00
6.726860022102938430e+00
6.726860022102938430e+00
6.726860022102938430e+00
6.726860022102938430e+00
6.726860022102938430e+00
6.726860022102938430e+00
6.726860022102938430e+00
5.337329721992954745e+00
5.337329721992954745e+00
5.337329721992954745e+00
5.337329721992954745e+00
5.337329721992954745e+00
5.337329721992954745e+00
5.337329721992954745e+00
5.337329721992954745e+00
5.337329721992954745e+00
7.790058027110672967e+00
7.790058027110672967e+00
7.790058027110672967e+00
7.790058027110672967e+00
7.790058027110672967e+00
7.790058027110672967e+00
7.790058027110672967e+00
7.790058027110672967e+00
7.790058027110672967e+00
5.976048891229951643e+00
5.976048891229951643e+00
5.976048891229951643e+00
5.976048891229951643e+00
5.976048891229951643e+00
5.976048891229951643e+00
5.976048891229951643e+00
5.976048891229951643e+00
5.976048891229951643e+00
6.179357131546427517e+00
6.179357131546427517e+00
6.179357131546427517e+00
6.179357131546427517e+00
6.179357131546427517e+00
6.179357131546427517e+00
6.179357131546427517e+00
6.179357131546427517e+00
6.179357131546427517e+00
5.997663566323601536e+00
5.997663566323601536e+00
5.997663566323601536e+00
5.997663566323601536e+00
5.997663566323601536e+00
5.997663566323601536e+00
5.997663566323601536e+00
5.997663566323601536e+00
5.997663566323601536e+00
6.957947431711710706e+00
6.957947431711710706e+00
6.957947431711710706e+00
6.957947431711710706e+00
6.957947431711710706e+00
6.957947431711710706e+00
6.957947431711710706e+00
6.957947431711710706e+00
6.957947431711710706e+00
6.255750406442887268e+00
6.255750406442887268e+00
6.255750406442887268e+00
6.255750406442887268e+00
6.255750406442887268e+00
6.255750406442887268e+00
6.255750406442887268e+00
6.255750406442887268e+00
6.255750406442887268e+00
7.474689462751643809e+00
7.474689462751643809e+00
7.474689462751643809e+00
7.474689462751643809e+00
7.474689462751643809e+00
7.474689462751643809e+00
7.474689462751643809e+00
7.474689462751643809e+00
7.474689462751643809e+00
5.943204064771935968e+00
5.943204064771935968e+00
5.943204064771935968e+00
5.943204064771935968e+00
5.943204064771935968e+00
5.943204064771935968e+00
5.943204064771935968e+00
5.943204064771935968e+00
5.943204064771935968e+00
3.456893065337568460e-01
3.456893065337568460e-01
3.456893065337568460e-01
3.456893065337568460e-01
3.456893065337568460e-01
3.456893065337568460e-01
3.456893065337568460e-01
3.456893065337568460e-01
3.456893065337568460e-01
6.601636476400868148e+00
6.601636476400868148e+00
6.601636476400868148e+00
6.601636476400868148e+00
6.601636476400868148e+00
6.601636476400868148e+00
6.601636476400868148e+00
6.601636476400868148e+00
6.601636476400868148e+00
6.452248134310361039e+00
6.452248134310361039e+00
6.452248134310361039e+00
6.452248134310361039e+00
6.452248134310361039e+00
6.452248134310361039e+00
6.452248134310361039e+00
6.452248134310361039e+00
6.452248134310361039e+00
7.689859559504442998e+00
7.689859559504442998e+00
7.689859559504442998e+00
7.689859559504442998e+00
7.689859559504442998e+00
7.689859559504442998e+00
7.689859559504442998e+00
7.689859559504442998e+00
7.689859559504442998e+00
6.904785401058591177e+00
6.904785401058591177e+00
6.904785401058591177e+00
6.904785401058591177e+00
6.904785401058591177e+00
6.904785401058591177e+00
6.904785401058591177e+00
6.904785401058591177e+00
6.904785401058591177e+00
7.778751322855886663e+00
7.778751322855886663e+00
7.778751322855886663e+00
7.778751322855886663e+00
7.778751322855886663e+00
7.778751322855886663e+00
7.778751322855886663e+00
7.778751322855886663e+00
7.778751322855886663e+00
6.919729528989372547e+00
6.919729528989372547e+00
6.919729528989372547e+00
6.919729528989372547e+00
6.919729528989372547e+00
6.919729528989372547e+00
6.919729528989372547e+00
6.919729528989372547e+00
6.919729528989372547e+00
7.849045556108925403e+00
7.849045556108925403e+00
7.849045556108925403e+00
7.849045556108925403e+00
7.849045556108925403e+00
7.849045556108925403e+00
7.849045556108925403e+00
7.849045556108925403e+00
7.849045556108925403e+00
6.687878652873341601e+00
6.687878652873341601e+00
6.687878652873341601e+00
6.687878652873341601e+00
6.687878652873341601e+00
6.687878652873341601e+00
6.687878652873341601e+00
6.687878652873341601e+00
6.687878652873341601e+00
