-6.987109450907304383e-07
-7.230070857632799979e-07
-6.616433149640547228e-07
-6.694437989507147074e-07
-7.601482659102634209e-07
-6.693937210431342915e-07
-6.936006988958200411e-07
-7.426898897905541233e-07
-6.967873349535215571e-07
-7.155426240473817555e-07
-6.751705989695989080e-07
-7.000334275673679661e-07
-7.300700701221167015e-07
-6.380920936159567348e-07
-7.036373967235015001e-07
-6.754770452422452673e-07
-7.177556684189086658e-07
-6.859663582967406467e-07
-7.044350379299200144e-07
-7.613945809927174870e-07
-6.944287686094883106e-07
-7.114055611515341216e-07
-7.326634140261355660e-07
-7.167988639545047700e-07
-6.937515898239019287e-07
-7.069984169188864768e-07
-7.245021857065998551e-07
-8.098674114211688329e-07
-8.142204713432516405e-07
-8.142930858653480116e-07
-7.760437006600470171e-07
-8.050612716317224018e-07
-7.934929964492111211e-07
-7.852920789643004039e-07
-7.329539388823190693e-07
-8.074850803201466702e-07
-7.039366032198906544e-07
-6.888226132400262135e-07
-6.184813338453600917e-07
-6.796168288169622998e-07
-6.566674014875788578e-07
-6.501418654089510664e-07
-6.893323022847324332e-07
-6.517269104670173736e-07
-6.689469602219573093e-07
-7.731894994891946534e-07
-7.179927668406841845e-07
-7.159670370772438692e-07
-7.721164614749845065e-07
-7.317915955125808555e-07
-6.983018814884888705e-07
-6.870995222319573437e-07
-7.336376487648046182e-07
-7.034172722402491285e-07
-7.784729853001629437e-07
-7.094891574298735568e-07
-6.863296200391586277e-07
-7.481723618217789744e-07
-7.070021573066221754e-07
-7.510810583525999100e-07
-7.307290193542541339e-07
-7.073583781056382384e-07
-7.319475607593166267e-07
-7.711551291397306747e-07
-8.351071657776539653e-07
-7.423260044147474201e-07
-7.789975125616757547e-07
-7.480380780099952365e-07
-7.889071403146014201e-07
-7.108138727411244610e-07
-7.976710368460089584e-07
-8.308535620532948456e-07
-7.157097041858360965e-07
-7.070631796034571063e-07
-6.766743099450548796e-07
-6.695792954687426080e-07
-7.344047800511712590e-07
-7.012647522520809228e-07
-6.756560688448658470e-07
-6.508978702974337015e-07
-6.724666121135188570e-07
-7.511602118615637796e-07
-7.832693628889297515e-07
-7.188505726343397632e-07
-6.900997159281478834e-07
-7.329027044113837523e-07
-7.562553895782184912e-07
-7.168327687142274219e-07
-6.968931859013760416e-07
-7.081903925839371386e-07
-7.441839628010067217e-07
-7.424347029511688403e-07
-7.594489941108904214e-07
-7.329419457732149906e-07
-7.211293760070116451e-07
-7.046026289102581336e-07
-7.829024128850068278e-07
-7.519907833211353702e-07
-7.203542931276364537e-07
-6.856900930825825501e-07
-6.789778948851039477e-07
-6.831937764889555436e-07
-6.658088719750200872e-07
-6.445433567935663988e-07
-6.918138018681238256e-07
-6.842471339224543808e-07
-7.164392131808091144e-07
-7.109424008465203959e-07
-6.326771878269793742e-07
-6.751282679515451112e-07
-6.468433257503052042e-07
-6.228826189054381425e-07
-6.686278844699304641e-07
-7.206342050954823401e-07
-6.969392435697658170e-07
-6.696376840830826253e-07
-6.071202323334033853e-07
-6.901885918434589835e-07
-7.474584196659102839e-07
-7.250609574451811275e-07
-7.272349178259304218e-07
-7.118393910372767169e-07
-7.347261526947956425e-07
-7.015368683638285912e-07
-6.826699879058481790e-07
-6.645648752388929558e-07
-7.418509707202949680e-07
-8.051906496844159596e-07
-7.486652960678382624e-07
-7.826807573354407282e-07
-7.719686874624271539e-07
-7.505686338724023198e-07
-7.907711236847743400e-07
-7.264635110169409094e-07
-7.415527244078381595e-07
-6.555132680493778593e-07
-6.420543963091295648e-07
-6.698517915775064989e-07
-6.412646815574051711e-07
-7.166888391114350369e-07
-6.642933790396560210e-07
-6.628372272571860673e-07
-6.561973236027771168e-07
-6.727357443828171699e-07
-7.342579902438147013e-07
-7.427680885320394723e-07
-7.176465609574039203e-07
-7.648785275311719336e-07
-7.287546876118749680e-07
-7.223103347118952541e-07
-6.984417585912020217e-07
-7.356763365564688071e-07
-7.062388501675277781e-07
-7.288776704973155073e-07
-7.301198368164099168e-07
-6.928610884631337409e-07
-7.076561052893570735e-07
-7.352170205336237470e-07
-6.768243147314093769e-07
-7.243994515171385176e-07
-7.036595129605892736e-07
-7.482394120109227212e-07
-6.502698384626414616e-07
-6.677471090962862341e-07
-6.999129974081184646e-07
-6.841846250793551002e-07
-6.849056387373670779e-07
-6.442361583740674213e-07
-6.743321587592753810e-07
-6.865599423620590216e-07
-6.075828572236568056e-07
-6.806097498815646745e-07
-6.914534067959115788e-07
-6.660299447880821517e-07
-6.594693093531989184e-07
-6.611912434575974952e-07
-6.948457553297475557e-07
-6.482719461114936621e-07
-6.987439558160712151e-07
-6.738069460695268026e-07
-8.660986449950944233e-07
-8.568223903235425575e-07
-8.233573401584902088e-07
-8.588009546097937429e-07
-8.511911467296689773e-07
-8.542405174381084434e-07
-8.224844985467565396e-07
-8.232569121447753971e-07
-8.503209595130786055e-07
-7.649524857970719715e-07
-8.156360496224543153e-07
-7.621057977671534389e-07
-7.560827221109576687e-07
-8.309944403549498093e-07
-8.328903003810681241e-07
-7.752475379406114227e-07
-8.302359523815684193e-07
-7.922668119260762742e-07
-6.935521578868354515e-07
-6.585470553114100104e-07
-7.024514879298398818e-07
-7.181128411086707787e-07
-6.781836285495419865e-07
-6.673455664388669999e-07
-6.535809399892261398e-07
-6.664183465852644459e-07
-7.079650807539916713e-07
-7.592255846858962828e-07
-7.810275720540623874e-07
-7.194196561234233831e-07
-7.822086674374067515e-07
-7.610296171433107415e-07
-7.484602103443315860e-07
-7.828040688388450848e-07
-7.082758973165456149e-07
-7.128285669654309453e-07
-6.501504341735388606e-07
-6.680296175802586176e-07
-6.558497042656597324e-07
-7.121930282419312965e-07
-6.459931127056922012e-07
-6.575475584596561841e-07
-6.944494296659372184e-07
-6.684077194617130789e-07
-6.735980583257781289e-07
-7.018360040760750466e-07
-7.526733710942976122e-07
-6.928830700039809097e-07
-6.914527265069960205e-07
-7.251304220474328699e-07
-7.243180218322108612e-07
-7.157048109750950788e-07
-7.153013025951959876e-07
-7.188877930406137360e-07
-7.199964897434380229e-07
-5.917870827191547257e-07
-7.141417150194786758e-07
-7.027316967478827162e-07
-6.364340068103461124e-07
-7.294370064109306667e-07
-7.173746295717023275e-07
-6.675007762785067863e-07
-6.909324862229778486e-07
-8.926357653308535784e-07
-8.852534451579508052e-07
-8.935741812412461533e-07
-9.134671543113543684e-07
-8.860175771886969053e-07
-8.729377575611540302e-07
-8.728908782660337639e-07
-8.855807071443228105e-07
-8.907731063662790353e-07
-6.847518457640144107e-07
-7.042309182932127318e-07
-7.101911529966922129e-07
-7.139577915280854994e-07
-6.880698292476807534e-07
-6.705005863505984613e-07
-6.883512491976425625e-07
-7.155029388832162209e-07
-7.309438379432156045e-07
-9.191630801027179209e-07
-9.379478372958265149e-07
-8.473230756777352848e-07
-8.348942335281160260e-07
-9.110663672653250452e-07
-8.764173038340863327e-07
-8.951581860888542466e-07
-8.701840576349778520e-07
-8.330250024110429246e-07
-7.046417392914753633e-07
-7.589464871140510988e-07
-7.384787468336967144e-07
-7.178621545985411967e-07
-7.432213341911333310e-07
-7.605029069790387113e-07
-7.090555511826478641e-07
-7.294351783701598339e-07
-7.478343992532966428e-07
-8.625851603262987593e-07
-8.891961976555904419e-07
-8.498157065213989756e-07
-8.640405400116927604e-07
-8.993224617080040984e-07
-8.738499926505700911e-07
-8.517794045166110887e-07
-8.807817091384262884e-07
-8.506987386959912387e-07
-7.661793045774122609e-07
-7.264312178527554966e-07
-7.239399856183856754e-07
-7.737832505790518610e-07
-7.505539865316464903e-07
-7.896537640898616482e-07
-7.203917296126812507e-07
-7.564350997289735202e-07
-7.694315487667639549e-07
-6.996474544229506794e-07
-7.416827748661306937e-07
-7.371280783895796749e-07
-6.874834176905581883e-07
-6.947524417065736671e-07
-6.714725224518612731e-07
-6.417937762327193551e-07
-7.005076355169063703e-07
-7.103713994057373780e-07
-8.255126936262209471e-07
-8.031834806804279131e-07
-7.996701269553153036e-07
-8.468657045770380117e-07
-8.153147595377636601e-07
-8.338986514167814494e-07
-8.087791182212253621e-07
-8.096272989253816652e-07
-8.013016641323523486e-07
-8.561591791687977824e-07
-8.615993361113087710e-07
-8.624273332491793460e-07
-8.782197988191279169e-07
-8.584103453116115125e-07
-8.620606129439230621e-07
-8.507916181810833125e-07
-8.616642961349055817e-07
-8.898299910926062064e-07
-8.035221327328496660e-07
-7.968962363369770763e-07
-8.060426245539826550e-07
-7.927342881869041947e-07
-8.338079904668814249e-07
-7.981169343744359416e-07
-8.023749865328002795e-07
-7.907767317981814780e-07
-8.149718776755520575e-07
-7.946186840607971613e-07
-8.047040678912073387e-07
-8.238337664453214726e-07
-8.268491922763401609e-07
-7.678127249248748244e-07
-8.085462207605506948e-07
-8.170848817435277238e-07
-7.889044351516981722e-07
-7.990205400357881652e-07
-7.725805177559815339e-07
-7.636962291689979705e-07
-7.720235271644173369e-07
-8.033369967796083315e-07
-7.682379785916094470e-07
-7.677689515941575129e-07
-7.869816365363465847e-07
-7.995621058342386273e-07
-7.813681687638735684e-07
-8.237236783084724270e-07
-8.508379410779530340e-07
-8.284174321213724143e-07
-8.712527785471924310e-07
-8.641226662912303296e-07
-8.353003494422449717e-07
-8.404393491595227155e-07
-8.361600519211146250e-07
-8.389813309422675809e-07
