1283 124 
713 156 
3519 157 
1897 165 
3972 184 
1473 167 
1254 168 
2087 164 
3542 166 
3256 173 
2014 179 
1590 181 
1371 182 
947 184 
3373 187 
1298 197 
2131 193 
874 199 
3396 194 
684 200 
3490 201 
1064 198 
3899 199 
2847 204 
231 202 
2248 207 
3194 203 
1824 209 
2467 206 
3154 207 
991 213 
801 214 
1634 210 
3826 214 
3499 213 
2774 219 
348 216 
2584 220 
2394 221 
1941 223 
2175 222 
1561 225 
918 228 
728 229 
3534 230 
3943 228 
2891 233 
2701 234 
275 231 
2511 235 
1868 238 
1035 242 
845 243 
3888 240 
2818 248 
2628 249 
2438 250 
1605 254 
3987 257 
772 258 
3154 261 
1152 256 
2935 262 
319 260 
2555 264 
1912 267 
1722 268 
1532 269 
3914 272 
889 272 
1079 271 
3271 275 
3081 276 
2862 277 
2029 281 
1415 284 
1196 285 
2458 280 
816 287 
3388 289 
363 289 
2599 293 
3198 290 
1766 297 
3149 292 
1358 292 
933 301 
3315 304 
3125 305 
2906 306 
2716 307 
2526 308 
2073 310 
1693 312 
1050 315 
860 316 
1240 314 
3240 312 
3242 319 
2833 321 
3432 318 
2643 322 
2000 325 
1810 326 
1167 329 
977 330 
743 331 
3177 326 
553 332 
3359 333 
3169 334 
2760 336 
2570 337 
334 333 
2117 339 
1927 340 
1737 341 
2858 338 
1094 344 
670 346 
3476 347 
3286 348 
3096 349 
2877 350 
2687 351 
1878 347 
1854 355 
885 351 
1211 358 
1021 359 
3812 360 
787 360 
597 361 
3403 362 
3213 363 
4002 359 
2804 365 
1781 370 
1547 371 
1328 372 
1138 373 
3929 374 
524 376 
3330 377 
3140 378 
2921 379 
3520 376 
2497 381 
1268 382 
1065 388 
3856 389 
641 390 
3447 391 
3257 392 
831 389 
2424 396 
2205 397 
2015 398 
1825 399 
2884 394 
1239 394 
1591 400 
1182 402 
3973 403 
3783 404 
3564 405 
568 405 
3374 406 
3184 407 
2731 409 
2351 411 
2132 412 
1708 414 
1518 415 
1299 416 
1889 411 
3900 418 
685 419 
3491 420 
3710 419 
2652 413 
2658 424 
2468 425 
2278 426 
2059 427 
1445 430 
3827 433 
612 434 
3418 435 
992 432 
3228 436 
2775 438 
2585 439 
2395 440 
1986 442 
1752 443 
2197 438 
1562 444 
2176 441 
1372 445 
3944 447 
919 447 
3754 448 
729 448 
3345 450 
2512 454 
2322 455 
2103 456 
1869 457 
646 452 
1679 458 
1433 454 
1036 461 
3871 462 
846 462 
656 463 
3462 464 
3272 465 
2819 467 
2629 468 
2439 469 
203 465 
1606 473 
3389 479 
3798 477 
2746 482 
2366 484 
1080 490 
890 491 
3915 491 
3725 492 
700 492 
3316 494 
2863 496 
247 494 
2483 498 
1007 505 
3842 506 
817 506 
3719 501 
2790 511 
2600 512 
2410 513 
3882 510 
1577 517 
3959 520 
934 520 
510 522 
2717 526 
291 523 
2527 527 
1884 530 
1051 534 
861 535 
627 536 
3886 535 
2834 540 
2644 541 
3243 538 
218 538 
2454 542 
443 538 
2001 544 
1811 545 
1168 548 
978 549 
3360 552 
3247 544 
3170 553 
554 551 
842 549 
2761 555 
2571 556 
1928 559 
1111 558 
3930 564 
671 565 
481 566 
3287 567 
3097 568 
2878 569 
2688 570 
2045 573 
1212 577 
1665 575 
788 579 
598 580 
3341 575 
3404 581 
3214 582 
2805 584 
2615 585 
1139 592 
949 593 
3762 588 
715 594 
525 595 
3331 596 
3141 597 
2951 598 
2922 598 
2732 599 
2089 602 
1709 604 
1475 605 
1066 607 
3857 608 
832 608 
642 609 
3448 610 
3258 611 
3068 612 
2849 613 
233 611 
2425 615 
2166 606 
2016 617 
1826 618 
1592 619 
3784 623 
759 623 
569 624 
3375 625 
3185 626 
2542 629 
2352 630 
1519 634 
3901 637 
876 637 
686 638 
3492 639 
3302 640 
3112 641 
3711 638 
2469 644 
2279 645 
1870 647 
1636 648 
1227 650 
803 652 
613 653 
3638 653 
3419 654 
3229 655 
2586 658 
1987 661 
1563 663 
730 667 
3755 667 
3346 669 
3945 666 
3156 670 
2703 672 
2323 674 
2104 675 
1914 676 
1490 678 
3872 681 
847 681 
3682 682 
657 682 
3463 683 
1105 679 
3273 684 
2526 682 
2440 688 
204 684 
2250 689 
1797 691 
3833 686 
1417 693 
3989 695 
964 695 
774 696 
3799 696 
3344 693 
3390 698 
3200 699 
2557 702 
2367 703 
2747 701 
3916 710 
891 710 
3726 711 
701 711 
3507 712 
467 712 
3317 713 
2674 716 
2484 717 
1841 720 
1593 715 
1461 722 
1356 717 
1008 724 
3843 725 
818 725 
3434 727 
394 727 
2791 730 
2411 732 
3960 739 
935 739 
3770 740 
745 740 
511 741 
2793 736 
983 738 
2718 745 
2528 746 
2338 747 
1885 749 
1505 751 
1052 753 
3887 754 
862 754 
3697 755 
438 756 
2645 760 
2455 761 
1622 765 
4004 768 
979 768 
789 769 
555 770 
365 771 
3814 769 
3171 772 
2762 774 
2572 775 
1676 772 
1929 778 
1549 780 
1096 782 
906 783 
672 784 
3741 784 
3931 783 
482 785 
3098 787 
3288 786 
2499 790 
2689 789 
1856 793 
1666 794 
1023 797 
3858 798 
599 799 
3157 794 
3215 801 
409 800 
3025 802 
2806 803 
1783 808 
1593 809 
1140 811 
950 812 
716 813 
526 814 
3142 816 
2952 817 
2733 818 
3332 815 
2543 819 
1710 823 
985 818 
3902 827 
453 829 
3259 830 
643 828 
3069 831 
2850 832 
3449 829 
2660 833 
1827 837 
1403 839 
3146 835 
760 842 
570 843 
3376 844 
3186 845 
2777 847 
2996 846 
2353 849 
2163 850 
1520 853 
1330 854 
497 858 
3303 859 
3113 860 
2704 862 
1937 857 
2280 864 
2061 865 
1281 860 
1871 866 
1447 868 
2752 863 
1257 869 
804 871 
3639 872 
614 872 
3420 873 
3230 874 
3829 871 
3040 875 
2397 878 
2207 879 
1988 880 
1564 882 
1948 877 
1374 883 
3990 885 
921 885 
731 886 
3756 886 
541 887 
3347 888 
3157 889 
2514 892 
2324 893 
1915 895 
1491 897 
1301 898 
3873 900 
848 900 
658 901 
3683 901 
3464 902 
3274 903 
3084 904 
432 894 
2441 907 
2251 908 
1842 910 
1608 911 
1418 912 
965 914 
3800 915 
585 916 
779 911 
3391 917 
2676 912 
3610 916 
3201 918 
2368 922 
1725 925 
1345 927 
3917 929 
892 929 
3727 930 
702 930 
3508 931 
3318 932 
3128 933 
2485 936 
2295 937 
2675 935 
1652 940 
1462 941 
1064 937 
3844 944 
819 944 
629 945 
3654 945 
3435 946 
395 946 
3245 947 
2412 951 
2222 952 
2602 950 
1769 954 
1579 955 
1389 956 
936 958 
3771 959 
746 959 
512 960 
3581 960 
3362 961 
322 961 
3172 962 
3961 958 
2529 965 
2339 966 
1696 969 
3888 973 
863 973 
3698 974 
439 975 
3289 976 
2646 979 
2456 980 
2266 981 
1813 983 
1433 985 
3504 982 
980 987 
3815 988 
790 988 
3625 989 
556 989 
3406 990 
366 990 
2573 994 
2383 995 
1740 998 
1550 999 
3932 1002 
907 1002 
673 1003 
3742 1003 
483 1004 
2690 1008 
2382 1006 
2500 1009 
1857 1012 
1667 1013 
1477 1014 
1024 1016 
834 1017 
600 1018 
410 1019 
3669 1018 
197 1015 
3026 1021 
3859 1017 
2617 1023 
2427 1024 
1594 1028 
3976 1031 
951 1031 
3786 1032 
717 1032 
527 1033 
3143 1035 
1292 1030 
2953 1036 
2734 1037 
2544 1038 
1901 1041 
1711 1042 
1068 1045 
878 1046 
3903 1046 
454 1048 
3260 1049 
1278 1044 
644 1047 
3070 1050 
2880 1051 
2661 1052 
2152 1048 
2471 1053 
2047 1055 
1404 1058 
1735 1051 
761 1061 
571 1062 
3830 1061 
3187 1064 
2646 1059 
2997 1065 
2778 1066 
2588 1067 
2164 1069 
1521 1072 
688 1076 
498 1077 
3304 1078 
3114 1079 
2924 1080 
2705 1081 
3713 1076 
2281 1083 
2091 1084 
1872 1085 
1448 1087 
1258 1088 
805 1090 
615 1091 
3421 1092 
3830 1090 
2882 1088 
3041 1094 
2632 1096 
1989 1099 
1799 1100 
2398 1097 
2248 1096 
1375 1102 
1185 1103 
3757 1105 
732 1105 
542 1106 
3567 1106 
3348 1107 
2968 1109 
2325 1112 
2135 1113 
1492 1116 
849 1119 
917 1114 
659 1120 
3684 1120 
3465 1121 
3275 1122 
3085 1123 
235 1122 
2442 1126 
2252 1127 
2062 1128 
1609 1130 
1419 1131 
3801 1134 
776 1134 
352 1136 
3392 1136 
3611 1135 
586 1135 
3012 1138 
3202 1137 
2369 1141 
2179 1142 
1346 1146 
1178 1142 
3918 1148 
376 1143 
3728 1149 
703 1149 
3319 1151 
893 1148 
3129 1152 
279 1151 
2486 1155 
2296 1156 
1653 1159 
1463 1160 
3845 1163 
820 1163 
3436 1165 
396 1165 
3246 1166 
630 1164 
3655 1164 
3056 1167 
2603 1169 
2223 1171 
698 1166 
1580 1174 
1390 1175 
747 1178 
3772 1178 
3582 1179 
3962 1177 
3363 1180 
937 1177 
3173 1181 
323 1180 
513 1179 
2530 1184 
2340 1185 
1697 1188 
3889 1192 
864 1192 
3699 1193 
674 1193 
3054 1189 
440 1194 
3290 1195 
3100 1196 
250 1195 
2457 1199 
2267 1200 
2647 1198 
1814 1202 
1624 1203 
1434 1204 
981 1206 
3816 1207 
791 1207 
557 1208 
3626 1208 
367 1209 
3217 1210 
2574 1213 
2384 1214 
2194 1215 
1741 1217 
1551 1218 
3933 1221 
908 1221 
484 1223 
3334 1224 
3743 1222 
1356 1219 
3100 1225 
294 1224 
2691 1227 
2501 1228 
2311 1229 
1858 1231 
1668 1232 
3860 1236 
835 1236 
601 1237 
3670 1237 
411 1238 
354 1234 
3027 1240 
2618 1242 
2428 1243 
1702 1241 
1595 1247 
1785 1246 
3977 1250 
952 1250 
683 1245 
528 1252 
2406 1247 
3787 1251 
294 1248 
3144 1254 
2954 1255 
338 1253 
2735 1256 
2545 1257 
1308 1252 
1902 1260 
2355 1258 
1712 1261 
1522 1262 
3904 1265 
879 1265 
645 1266 
3714 1266 
3071 1269 
2881 1270 
2662 1271 
2472 1272 
1829 1275 
1639 1276 
1215 1278 
996 1279 
3831 1280 
3188 1283 
382 1282 
2998 1284 
2589 1286 
2399 1287 
1756 1290 
1332 1292 
689 1295 
3758 1295 
3948 1294 
499 1296 
1632 1293 
3115 1298 
2925 1299 
2706 1300 
3305 1297 
2516 1301 
533 1296 
2092 1303 
1873 1304 
2326 1302 
1259 1307 
1683 1305 
3875 1309 
806 1309 
616 1310 
426 1311 
3232 1312 
3042 1313 
2852 1314 
2633 1315 
2209 1317 
2019 1318 
1566 1320 
1376 1321 
1186 1322 
543 1325 
3159 1327 
2969 1328 
2326 1331 
2136 1332 
1493 1335 
1303 1336 
660 1339 
3685 1339 
3276 1341 
850 1338 
3086 1342 
236 1341 
2063 1347 
1844 1348 
1610 1349 
2253 1346 
1420 1350 
1230 1351 
777 1353 
3612 1354 
587 1354 
3393 1355 
3203 1356 
3013 1357 
2370 1360 
1317 1355 
2180 1361 
1537 1364 
1347 1365 
704 1368 
3729 1368 
3320 1370 
280 1370 
894 1367 
3130 1371 
2940 1372 
2487 1374 
2297 1375 
2107 1376 
1654 1378 
1464 1379 
1274 1380 
3846 1382 
821 1382 
3656 1383 
397 1384 
3247 1385 
631 1383 
3057 1386 
2414 1389 
2224 1390 
1581 1393 
1391 1394 
938 1396 
3773 1397 
748 1397 
3583 1398 
3364 1399 
324 1399 
3174 1400 
514 1398 
2531 1403 
2341 1404 
2151 1405 
1698 1407 
1318 1409 
3890 1411 
865 1411 
3700 1412 
675 1412 
3407 1408 
441 1413 
3291 1414 
3101 1415 
251 1414 
2458 1418 
2268 1419 
3021 1416 
1435 1423 
982 1425 
3817 1426 
792 1426 
558 1427 
3627 1427 
368 1428 
3218 1429 
2575 1432 
2385 1433 
2195 1434 
1742 1436 
1552 1437 
3744 1441 
485 1442 
3554 1442 
3934 1440 
3335 1443 
295 1443 
3145 1444 
2502 1447 
2312 1448 
1669 1451 
1479 1452 
1026 1454 
3861 1455 
836 1455 
556 1450 
3671 1456 
412 1457 
602 1456 
2619 1461 
3028 1459 
2239 1463 
2429 1462 
3978 1469 
953 1469 
3788 1470 
529 1471 
339 1472 
3598 1471 
2955 1474 
2546 1476 
2356 1477 
1523 1481 
1289 1482 
880 1484 
646 1485 
3905 1484 
456 1486 
3715 1485 
3072 1488 
2882 1489 
2663 1490 
2473 1491 
1830 1494 
1640 1495 
1216 1497 
3832 1499 
1406 1496 
3642 1500 
383 1501 
2999 1503 
2809 1504 
2590 1505 
3189 1502 
2400 1506 
2166 1507 
1569 1503 
1757 1509 
1567 1510 
1333 1511 
1143 1512 
2391 1509 
3949 1513 
500 1515 
3759 1514 
3116 1517 
690 1514 
2926 1518 
2517 1520 
2283 1521 
2093 1522 
1684 1524 
1450 1525 
1260 1526 
1874 1523 
1606 1521 
807 1528 
617 1529 
3686 1529 
3233 1531 
193 1531 
427 1530 
3043 1532 
2853 1533 
3876 1528 
2634 1534 
2444 1535 
2210 1536 
1801 1538 
1377 1540 
456 1537 
734 1543 
3803 1543 
3160 1546 
2970 1547 
2327 1550 
2780 1548 
2137 1551 
3640 1547 
1494 1554 
1304 1555 
661 1558 
471 1559 
237 1560 
3087 1561 
2897 1562 
3277 1560 
2254 1565 
2064 1566 
1421 1569 
1231 1570 
778 1572 
354 1574 
588 1573 
3014 1576 
3204 1575 
2371 1579 
2824 1577 
2181 1580 
1538 1583 
1348 1584 
705 1587 
3730 1587 
3321 1589 
281 1589 
895 1586 
3131 1590 
3540 1588 
2941 1591 
2298 1594 
2108 1595 
2488 1593 
1655 1597 
822 1601 
3657 1602 
632 1602 
398 1603 
3847 1601 
3058 1605 
3248 1604 
2415 1608 
2225 1609 
3225 1606 
3976 1608 
939 1615 
749 1616 
515 1617 
3584 1617 
3365 1618 
325 1618 
3175 1619 
3774 1616 
2985 1620 
2532 1622 
2342 1623 
2152 1624 
1699 1626 
866 1630 
3701 1631 
2621 1626 
676 1631 
3511 1632 
442 1632 
3292 1633 
3891 1630 
3102 1634 
252 1633 
2459 1637 
2269 1638 
1436 1642 
793 1645 
3628 1646 
3066 1641 
3409 1647 
369 1647 
3219 1648 
3818 1645 
559 1646 
2807 1645 
3029 1649 
2386 1652 
391 1647 
2196 1653 
2576 1651 
1743 1655 
910 1659 
720 1660 
3106 1656 
486 1661 
3935 1659 
296 1662 
3146 1663 
3745 1660 
3555 1661 
3336 1662 
2503 1666 
2313 1667 
1480 1671 
3862 1674 
837 1674 
603 1675 
413 1676 
3263 1677 
3672 1675 
2649 1680 
2430 1681 
2240 1682 
1787 1684 
1597 1685 
954 1688 
3789 1689 
530 1690 
3979 1688 
3190 1692 
3599 1690 
340 1691 
2956 1693 
2547 1695 
2357 1696 
1524 1700 
3906 1703 
647 1704 
457 1705 
3716 1704 
3073 1707 
2883 1708 
2474 1710 
2284 1711 
1831 1713 
1641 1714 
1451 1715 
574 1719 
3833 1718 
3643 1719 
3000 1722 
384 1720 
2810 1723 
2401 1725 
651 1722 
1758 1728 
1568 1729 
1334 1730 
3950 1732 
3129 1727 
691 1733 
501 1734 
3760 1733 
3117 1736 
2927 1737 
2708 1738 
2518 1739 
2094 1741 
1685 1743 
1451 1744 
1261 1745 
3687 1748 
618 1748 
3877 1747 
428 1749 
3044 1751 
2854 1752 
3234 1750 
194 1750 
1802 1757 
2211 1755 
1378 1759 
735 1762 
2616 1757 
545 1763 
3804 1762 
311 1764 
3161 1765 
2971 1766 
2138 1770 
1305 1774 
1071 1775 
3921 1776 
1495 1773 
662 1777 
472 1778 
238 1779 
3088 1780 
2898 1781 
3278 1779 
2255 1784 
2065 1785 
1232 1789 
779 1791 
589 1792 
3848 1791 
355 1793 
3015 1795 
3205 1794 
2372 1798 
1136 1793 
2182 1799 
165 1794 
1992 1800 
1539 1802 
1349 1803 
706 1806 
3541 1807 
282 1808 
3132 1809 
946 1807 
2942 1810 
2299 1813 
820 1808 
2109 1814 
1656 1816 
1466 1817 
772 1813 
3658 1821 
399 1822 
633 1821 
209 1823 
3059 1824 
3249 1823 
2416 1827 
3941 1823 
1583 1831 
1393 1832 
750 1835 
3585 1836 
326 1837 
940 1834 
3176 1838 
3775 1835 
560 1836 
2533 1841 
2986 1839 
2153 1843 
2343 1842 
1700 1845 
1320 1847 
867 1849 
677 1850 
920 1845 
3512 1851 
443 1851 
3892 1849 
3103 1853 
2913 1854 
253 1852 
3293 1852 
2270 1857 
2460 1856 
1627 1860 
794 1864 
3819 1864 
1999 1859 
3439 1866 
370 1866 
3220 1867 
3629 1865 
560 1865 
2577 1870 
3030 1868 
2387 1871 
2197 1872 
2782 1875 
1744 1874 
1364 1876 
487 1880 
3936 1878 
3337 1881 
3746 1879 
297 1881 
3147 1882 
3556 1880 
2504 1885 
2314 1886 
1671 1889 
2124 1887 
1481 1890 
838 1893 
604 1894 
3673 1894 
414 1895 
3863 1893 
3264 1896 
3483 1895 
3074 1897 
2241 1901 
1832 1903 
1788 1903 
2789 1898 
1598 1904 
708 1899 
1408 1905 
3790 1908 
2868 1904 
3980 1907 
341 1910 
3600 1909 
2957 1912 
531 1909 
1991 1909 
2358 1915 
1715 1918 
1525 1919 
1291 1920 
3907 1922 
648 1923 
458 1924 
3717 1923 
1047 1921 
2884 1927 
2475 1929 
2285 1930 
1832 1932 
1642 1933 
2058 1928 
2499 1931 
1408 1934 
575 1938 
3834 1937 
3644 1938 
3001 1941 
385 1939 
2811 1942 
2592 1943 
151 1940 
2402 1944 
1759 1947 
1569 1948 
1335 1949 
1145 1950 
3951 1951 
502 1953 
268 1954 
3761 1952 
3118 1955 
692 1952 
2928 1956 
2519 1958 
2095 1960 
3878 1966 
3688 1967 
619 1967 
429 1968 
3045 1970 
2855 1971 
3235 1969 
2446 1973 
2212 1974 
2022 1975 
1379 1978 
1189 1979 
736 1981 
546 1982 
3805 1981 
312 1983 
2972 1985 
3162 1984 
2782 1986 
2139 1989 
3213 1986 
1306 1993 
3922 1995 
663 1996 
3732 1996 
2899 2000 
3089 1999 
2256 2003 
2066 2004 
1423 2007 
780 2010 
590 2011 
2848 2007 
397 2007 
3206 2013 
3016 2014 
2826 2015 
356 2012 
2183 2018 
1350 2022 
1774 2020 
707 2025 
283 2027 
3133 2028 
3542 2026 
2300 2032 
2110 2033 
2943 2029 
1657 2035 
1467 2036 
983 2033 
824 2039 
634 2040 
3469 2041 
400 2041 
3250 2042 
3060 2043 
2746 2038 
3659 2040 
2417 2046 
2227 2047 
210 2042 
1584 2050 
2037 2048 
1394 2051 
751 2054 
517 2055 
327 2056 
3631 2051 
3776 2054 
3177 2057 
2987 2058 
3586 2055 
2344 2061 
2154 2062 
2534 2060 
1701 2064 
1511 2065 
1303 2060 
1321 2066 
868 2068 
3703 2069 
678 2069 
3513 2070 
444 2070 
3294 2071 
254 2071 
3104 2072 
2461 2075 
2271 2076 
2081 2077 
1628 2079 
1438 2080 
795 2083 
561 2084 
3820 2083 
3221 2086 
3031 2087 
3630 2084 
2578 2089 
2388 2090 
1170 2085 
2198 2091 
1745 2093 
1555 2094 
1365 2095 
912 2097 
3557 2099 
488 2099 
3937 2097 
3338 2100 
363 2096 
298 2100 
3148 2101 
3747 2098 
906 2098 
2505 2104 
2315 2105 
1672 2108 
1482 2109 
1248 2110 
605 2113 
415 2114 
3864 2112 
3674 2113 
2622 2118 
3484 2114 
1789 2122 
2242 2120 
1599 2123 
1365 2124 
2432 2119 
1175 2125 
532 2128 
342 2129 
3791 2127 
2469 2126 
2958 2131 
2549 2133 
3601 2128 
2359 2134 
1716 2137 
1526 2138 
1292 2139 
1102 2140 
649 2142 
459 2143 
3908 2141 
3718 2142 
3104 2145 
3528 2143 
2885 2146 
2476 2148 
3075 2145 
1833 2151 
1219 2154 
3835 2156 
1409 2153 
3645 2157 
576 2157 
3002 2160 
386 2158 
2812 2161 
2403 2163 
2169 2164 
1979 2165 
1760 2166 
1336 2168 
3535 2164 
1146 2169 
3762 2171 
503 2172 
3952 2170 
1852 2168 
269 2173 
693 2171 
2739 2176 
3119 2174 
2520 2177 
2929 2175 
2096 2179 
1687 2181 
1453 2182 
1263 2183 
620 2186 
1522 2182 
1008 2182 
430 2187 
3689 2186 
810 2185 
3879 2185 
3046 2189 
2856 2190 
2213 2193 
2023 2194 
1804 2195 
1380 2197 
547 2201 
2058 2197 
3806 2200 
3616 2201 
737 2200 
2973 2204 
2783 2205 
313 2202 
3163 2203 
2330 2207 
2140 2208 
1497 2211 
1307 2212 
664 2215 
3923 2214 
3639 2212 
3733 2215 
240 2217 
854 2214 
3090 2218 
2900 2219 
2257 2222 
2067 2223 
1424 2226 
1234 2227 
781 2229 
591 2230 
357 2231 
3017 2233 
2001 2229 
3207 2232 
2374 2236 
2827 2234 
2184 2237 
3478 2233 
1541 2240 
1351 2241 
3414 2238 
898 2243 
563 2238 
708 2244 
3134 2247 
284 2246 
474 2245 
2301 2251 
2111 2252 
1809 2247 
2944 2248 
1658 2254 
1468 2255 
635 2259 
401 2260 
3251 2261 
3061 2262 
3660 2259 
2418 2265 
2871 2263 
2228 2266 
3829 2263 
1585 2269 
1395 2270 
752 2273 
518 2274 
328 2275 
3777 2273 
3178 2276 
3587 2274 
2988 2277 
2345 2280 
2155 2281 
2029 2276 
3619 2277 
2535 2279 
1702 2283 
1512 2284 
1322 2285 
2210 2281 
869 2287 
1405 2282 
445 2289 
3295 2290 
255 2290 
3704 2288 
3105 2291 
3514 2289 
1917 2288 
2272 2295 
2462 2294 
1629 2298 
568 2293 
3631 2303 
3441 2304 
372 2304 
3222 2305 
3821 2302 
562 2303 
3664 2303 
3032 2306 
2389 2309 
2199 2310 
1746 2312 
1556 2313 
1366 2314 
1132 2315 
915 2310 
489 2318 
299 2319 
3748 2317 
3149 2320 
3558 2318 
1421 2316 
2506 2323 
2316 2324 
1999 2319 
1673 2327 
1249 2329 
1059 2330 
606 2332 
3675 2332 
416 2333 
3266 2334 
3865 2331 
182 2334 
3485 2333 
2243 2339 
2433 2338 
1790 2341 
1600 2342 
1176 2344 
157 2340 
3792 2346 
533 2347 
343 2348 
3193 2349 
329 2344 
3602 2347 
2769 2351 
2550 2352 
2360 2353 
2959 2350 
1717 2356 
1527 2357 
1293 2358 
1346 2354 
650 2361 
460 2362 
3909 2360 
3719 2361 
3529 2362 
2886 2365 
2274 2360 
226 2363 
2477 2367 
3076 2364 
2053 2369 
1644 2371 
1410 2372 
1220 2373 
3836 2375 
3646 2376 
1173 2371 
577 2376 
387 2377 
3003 2379 
2813 2380 
2594 2381 
2404 2382 
1761 2385 
2170 2383 
1337 2387 
1605 2382 
3763 2390 
1147 2388 
3573 2391 
504 2391 
3953 2389 
270 2392 
694 2390 
2930 2394 
2740 2395 
3120 2393 
2287 2397 
2097 2398 
1454 2401 
1264 2402 
3690 2405 
621 2405 
3880 2404 
431 2406 
3047 2408 
2857 2409 
2214 2412 
2024 2413 
1381 2416 
1191 2417 
224 2412 
738 2419 
548 2420 
3807 2419 
3617 2420 
2945 2418 
2974 2423 
3656 2419 
314 2421 
3164 2422 
2784 2424 
2141 2427 
2331 2426 
1498 2430 
1308 2431 
1873 2429 
665 2434 
3924 2433 
241 2436 
3734 2434 
3091 2437 
2901 2438 
431 2435 
2258 2441 
1615 2444 
1235 2446 
3851 2448 
782 2448 
592 2449 
3208 2451 
3018 2452 
2375 2455 
2828 2453 
2185 2456 
1995 2457 
1542 2459 
1352 2460 
1988 2456 
709 2463 
899 2462 
3135 2466 
2945 2467 
2302 2470 
3917 2465 
2112 2471 
1279 2475 
826 2477 
3661 2478 
402 2479 
2872 2482 
212 2480 
3252 2480 
2419 2484 
2229 2485 
1586 2488 
1396 2489 
753 2492 
3778 2492 
284 2487 
519 2493 
3297 2489 
329 2494 
3179 2495 
2989 2496 
3588 2493 
2078 2491 
1482 2493 
2346 2499 
2156 2500 
1513 2503 
1323 2504 
1046 2500 
870 2506 
446 2508 
465 2503 
3296 2509 
256 2509 
3106 2510 
3705 2507 
3515 2508 
2273 2514 
2463 2513 
863 2511 
1630 2517 
1440 2518 
1206 2519 
3632 2522 
563 2522 
3442 2523 
373 2523 
1505 2518 
3223 2524 
3822 2521 
3033 2525 
2390 2528 
2200 2529 
2678 2524 
2580 2527 
1747 2531 
1557 2532 
914 2535 
3749 2536 
3559 2537 
490 2537 
3150 2539 
2507 2542 
2317 2543 
1674 2546 
1484 2547 
1250 2548 
1060 2549 
2470 2544 
3866 2550 
3676 2551 
417 2552 
3267 2553 
3486 2552 
2843 2555 
410 2550 
3077 2554 
2010 2559 
2434 2557 
1791 2560 
2244 2558 
1601 2561 
1177 2563 
3603 2566 
534 2566 
344 2567 
3194 2568 
3793 2565 
2770 2570 
2361 2572 
2960 2569 
2232 2567 
962 2567 
2127 2573 
2046 2568 
2551 2571 
1937 2574 
1718 2575 
1528 2576 
1294 2577 
1104 2578 
3720 2580 
651 2580 
3530 2581 
461 2581 
3910 2579 
227 2582 
2478 2586 
2887 2584 
2054 2588 
1835 2589 
1645 2590 
1411 2591 
1221 2592 
3837 2594 
3545 2589 
3647 2595 
578 2595 
3004 2598 
2814 2599 
2595 2600 
2405 2601 
2034 2596 
2171 2602 
1981 2603 
1762 2604 
2094 2599 
1338 2606 
368 2602 
505 2610 
3954 2608 
271 2611 
3764 2609 
3121 2612 
3574 2610 
695 2609 
2931 2613 
2741 2614 
2288 2616 
2098 2617 
3836 2614 
1265 2621 
812 2623 
3691 2624 
622 2624 
3881 2623 
2566 2621 
3048 2627 
2858 2628 
388 2625 
198 2626 
2215 2631 
2025 2632 
1572 2634 
1382 2635 
3808 2638 
739 2638 
1192 2636 
315 2640 
2785 2643 
3165 2641 
2975 2642 
2332 2645 
2142 2646 
3839 2643 
1499 2649 
1309 2650 
3735 2653 
666 2653 
3925 2652 
856 2652 
242 2655 
3092 2656 
2902 2657 
2259 2660 
2069 2661 
1616 2663 
1426 2664 
1236 2665 
3207 2662 
2752 2662 
359 2669 
783 2667 
3019 2671 
3852 2667 
3209 2670 
2186 2675 
2376 2674 
1543 2678 
3461 2673 
1353 2679 
1070 2675 
710 2682 
1568 2677 
3473 2678 
476 2683 
2598 2679 
3136 2685 
286 2684 
3545 2683 
2303 2689 
2113 2690 
2493 2688 
2946 2686 
1660 2692 
509 2687 
1470 2693 
827 2696 
3472 2698 
593 2697 
3063 2700 
403 2698 
3253 2699 
2420 2703 
2873 2701 
2230 2704 
1397 2708 
1777 2706 
330 2713 
3180 2714 
3779 2711 
2990 2715 
3589 2712 
2347 2718 
2537 2717 
1704 2721 
2157 2719 
1514 2722 
3516 2727 
3107 2729 
637 2726 
3297 2728 
3706 2726 
2917 2730 
2274 2733 
2464 2732 
1631 2736 
1441 2737 
1207 2738 
374 2742 
3823 2740 
3224 2743 
3633 2741 
3034 2744 
564 2741 
3443 2742 
2391 2747 
2201 2748 
2581 2746 
3684 2744 
1748 2750 
1558 2751 
1324 2752 
3220 2749 
3750 2755 
681 2755 
922 2750 
3543 2751 
491 2756 
3527 2752 
3560 2756 
2180 2754 
3151 2758 
2508 2761 
2318 2762 
1894 2764 
1675 2765 
3677 2770 
418 2771 
3867 2769 
608 2770 
3487 2771 
1400 2771 
2844 2774 
2245 2777 
2011 2778 
2435 2776 
1368 2781 
1178 2782 
3794 2784 
725 2784 
535 2785 
2504 2781 
301 2786 
3604 2785 
2961 2788 
2552 2790 
2362 2791 
1938 2793 
1719 2794 
3086 2789 
1485 2795 
1779 2790 
1295 2796 
652 2799 
3531 2800 
462 2800 
3911 2798 
228 2801 
2888 2803 
3721 2799 
2479 2805 
3078 2802 
2055 2807 
1646 2809 
1412 2810 
1222 2811 
769 2813 
3648 2814 
579 2814 
505 2809 
441 2810 
3838 2813 
2815 2818 
345 2815 
2596 2819 
2406 2820 
3005 2817 
2172 2821 
1529 2824 
1339 2825 
3765 2828 
696 2828 
506 2829 
272 2830 
3955 2827 
2742 2833 
3122 2831 
2932 2832 
2289 2835 
646 2830 
2099 2836 
1456 2839 
1266 2840 
623 2843 
389 2844 
3692 2843 
813 2842 
3049 2846 
199 2845 
3882 2842 
2859 2847 
2216 2850 
2026 2851 
1573 2853 
1383 2854 
1193 2855 
3809 2857 
740 2857 
316 2859 
2976 2861 
3166 2860 
2143 2865 
2333 2864 
1500 2868 
1310 2869 
3926 2871 
857 2871 
3249 2868 
433 2873 
2709 2869 
3736 2872 
3093 2875 
243 2874 
2195 2869 
2450 2878 
2903 2876 
2260 2879 
2070 2880 
1617 2882 
559 2877 
1427 2883 
1237 2884 
3853 2886 
784 2886 
550 2887 
360 2888 
3210 2889 
3020 2890 
3857 2885 
279 2887 
2377 2893 
2830 2891 
2187 2894 
1544 2897 
3573 2892 
1354 2898 
901 2900 
477 2902 
3327 2903 
287 2903 
3137 2904 
2494 2907 
2947 2905 
3546 2902 
2304 2908 
2114 2909 
1471 2912 
1661 2911 
828 2915 
404 2917 
3254 2918 
3663 2916 
3064 2919 
594 2916 
3757 2915 
2231 2923 
2588 2918 
2421 2922 
1778 2925 
1730 2920 
1588 2926 
1398 2927 
3231 2924 
945 2929 
3590 2931 
521 2931 
2631 2927 
331 2932 
3780 2930 
3181 2933 
2991 2934 
1657 2930 
2538 2936 
2348 2937 
2158 2938 
1705 2940 
1515 2941 
1672 2938 
448 2946 
363 2942 
3108 2948 
3707 2945 
1713 2943 
638 2945 
3517 2946 
2465 2951 
2275 2952 
3634 2960 
1632 2955 
1442 2956 
565 2960 
375 2961 
3824 2959 
3225 2962 
2801 2964 
2392 2966 
1805 2961 
2582 2965 
1749 2969 
1559 2970 
1042 2965 
1135 2972 
682 2974 
492 2975 
3941 2973 
258 2976 
3751 2974 
3561 2975 
2918 2978 
2509 2980 
2319 2981 
267 2976 
1676 2984 
1252 2986 
3367 2981 
3703 2983 
799 2988 
609 2989 
3483 2985 
419 2990 
3488 2990 
2845 2993 
3868 2988 
2626 2994 
3678 2989 
2436 2995 
3035 2992 
2012 2997 
1793 2998 
1369 3000 
1179 3001 
726 3003 
3605 3004 
536 3004 
302 3005 
3795 3003 
2772 3008 
2553 3009 
2962 3007 
2363 3010 
2129 3011 
1939 3012 
1720 3013 
1486 3014 
1183 3009 
1296 3015 
3092 3010 
653 3018 
3722 3018 
3079 3021 
2889 3022 
3912 3017 
229 3020 
2480 3024 
2056 3026 
2805 3021 
1837 3027 
2246 3025 
1413 3029 
1223 3030 
3839 3032 
770 3032 
3649 3033 
580 3033 
346 3034 
3006 3036 
2816 3037 
1983 3041 
1530 3043 
2173 3040 
1340 3044 
405 3039 
697 3047 
791 3044 
2933 3051 
463 3048 
273 3049 
3956 3046 
3766 3047 
3123 3050 
1736 3048 
2290 3054 
2743 3052 
2100 3055 
1457 3058 
2373 3053 
1267 3059 
814 3061 
624 3062 
3666 3057 
3883 3061 
390 3063 
3693 3062 
3050 3065 
3240 3064 
2860 3066 
2217 3069 
1574 3072 
2027 3070 
1384 3073 
741 3076 
507 3077 
317 3078 
3167 3079 
2977 3080 
3810 3076 
2144 3084 
2334 3083 
1501 3087 
3254 3082 
1311 3088 
1691 3086 
858 3090 
3094 3094 
2904 3095 
244 3093 
3284 3093 
2261 3098 
2071 3099 
2451 3097 
1618 3101 
1428 3102 
268 3097 
785 3105 
551 3106 
361 3107 
3211 3108 
3021 3109 
2378 3112 
2188 3113 
1735 3115 
1545 3116 
1355 3117 
668 3120 
478 3121 
3138 3123 
3737 3120 
2948 3124 
2305 3127 
2115 3128 
606 3123 
2495 3126 
1662 3130 
3490 3126 
1472 3131 
595 3135 
405 3136 
3255 3137 
3065 3138 
2422 3141 
2232 3142 
1779 3144 
1589 3145 
1399 3146 
1165 3147 
210 3143 
3591 3150 
522 3150 
3781 3149 
3182 3152 
1879 3149 
2992 3153 
2349 3156 
2539 3155 
1706 3159 
1516 3160 
3518 3165 
449 3165 
3898 3163 
3708 3164 
3109 3167 
639 3164 
2466 3170 
2276 3171 
215 3166 
1633 3174 
1209 3176 
756 3178 
566 3179 
746 3174 
3825 3178 
2583 3184 
3635 3179 
2393 3185 
2992 3182 
1969 3187 
1750 3188 
1560 3189 
625 3184 
1326 3190 
419 3185 
1136 3191 
3466 3186 
683 3193 
3562 3194 
493 3194 
3942 3192 
3752 3193 
2729 3198 
259 3195 
2510 3199 
2919 3197 
2320 3200 
2086 3201 
1677 3203 
1253 3205 
800 3207 
3679 3208 
610 3208 
3580 3204 
3869 3207 
3489 3209 
2846 3212 
2627 3213 
3036 3211 
2203 3215 
186 3210 
2013 3216 
2437 3214 
1794 3217 
1370 3219 
1180 3220 
537 3223 
3986 3221 
303 3224 
727 3222 
3606 3223 
2963 3226 
2773 3227 
3796 3222 
2554 3228 
2130 3230 
1721 3232 
1487 3233 
1297 3234 
844 3236 
654 3237 
420 3238 
3913 3236 
3723 3237 
2890 3241 
2671 3242 
3080 3240 
2085 3238 
230 3239 
2057 3245 
1604 3247 
2247 3244 
1414 3248 
1224 3249 
3840 3251 
771 3251 
347 3253 
3650 3252 
2817 3256 
3197 3254 
3007 3255 
2364 3258 
2225 3253 
1531 3262 
2174 3259 
1341 3263 
3957 3265 
888 3265 
3767 3266 
698 3266 
464 3267 
3351 3264 
2934 3270 
274 3268 
2066 3266 
3124 3269 
2291 3273 
2842 3268 
2101 3274 
2148 3270 
1577 3270 
1648 3276 
1458 3277 
1268 3278 
815 3280 
581 3281 
391 3282 
3396 3278 
3694 3281 
3051 3284 
2861 3285 
3884 3280 
3241 3283 
2218 3288 
2408 3287 
1575 3291 
2028 3289 
1385 3292 
932 3294 
1334 3289 
742 3295 
508 3296 
240 3291 
3811 3295 
318 3297 
3168 3298 
2978 3299 
2335 3302 
1692 3305 
2145 3303 
1502 3306 
1991 3303 
859 3309 
1312 3307 
625 3310 
2460 3306 
435 3311 
3157 3309 
3285 3312 
2452 3316 
2905 3314 
2262 3317 
2072 3318 
1619 3320 
1429 3321 
552 3325 
3431 3326 
2970 3321 
3212 3327 
3621 3325 
362 3326 
3022 3328 
2379 3331 
2189 3332 
1546 3335 
1736 3334 
669 3339 
479 3340 
3139 3342 
3548 3340 
3329 3341 
1391 3340 
2949 3343 
2496 3345 
1473 3350 
1239 3351 
1663 3349 
2780 3349 
596 3354 
406 3355 
3256 3356 
3855 3353 
2954 3348 
3665 3354 
3475 3355 
3066 3357 
2423 3360 
2233 3361 
1780 3363 
1590 3364 
361 3362 
901 3363 
523 3369 
776 3365 
3183 3371 
713 3368 
3782 3368 
3592 3369 
3672 3368 
2350 3375 
1529 3370 
1439 3371 
2540 3374 
1707 3378 
1473 3379 
1283 3380 
2418 3377 
2307 3379 
3519 3384 
640 3383 
3300 3385 
3709 3383 
3110 3386 
2467 3389 
2277 3390 
1824 3392 
1634 3393 
1400 3394 
1210 3395 
757 3397 
3636 3398 
2669 3393 
567 3398 
3826 3397 
333 3399 
2993 3401 
2584 3403 
2394 3404 
1751 3407 
1517 3408 
1327 3409 
3943 3411 
3753 3412 
3110 3415 
684 3412 
2511 3418 
3563 3413 
2087 3420 
1868 3421 
2131 3416 
2920 3416 
1678 3422 
1444 3423 
1254 3424 
801 3426 
377 3428 
3870 3426 
611 3427 
2628 3432 
3680 3427 
2438 3433 
3037 3430 
2847 3431 
2222 3428 
2204 3434 
2056 3429 
2014 3435 
1561 3437 
1371 3438 
214 3435 
728 3441 
2980 3447 
304 3443 
3607 3442 
2964 3445 
494 3442 
3797 3441 
1615 3441 
3154 3444 
2689 4001 
672 3996 
862 3995 
2148 3989 
2382 3988 
2572 3987 
2762 3986 
2981 3985 
3215 3984 
3369 3981 
745 3981 
1388 3978 
1812 3976 
2455 3973 
2645 3972 
2390 3971 
3478 3968 
3288 3969 
628 3967 
175 3969 
818 3966 
1656 3961 
1271 3964 
2646 3963 
1695 3962 
1885 3961 
2338 3959 
2528 3958 
3171 3955 
3361 3954 
3118 3954 
701 3952 
511 3953 
1344 3949 
1768 3947 
1958 3946 
2411 3944 
516 3945 
824 3944 
2601 3943 
3244 3940 
1314 3774 
1255 3643 
1211 3614 
1284 3599 
1196 3541 
2424 3579 
2307 3565 
2497 3564 
2336 3521 
1693 3524 
2417 3507 
2409 3506 
1649 3495 
2482 3491 
2365 3477 
3081 3459 
803 3864 
1577 3729 
2702 3636 
3813 3667 
1489 3671 
3038 3649 
1372 3657 
1562 3656 
2921 3635 
3366 3634 
1445 3642 
2088 3639 
1518 3627 
3944 3630 
2585 3622 
3111 3634 
2994 3620 
3029 3626 
685 3631 
2877 3606 
3754 3631 
451 3632 
2161 3624 
3184 3619 
1401 3613 
2658 3607 
3974 3604 
1825 3611 
2044 3610 
3637 3617 
1474 3598 
3827 3616 
3900 3601 
2468 3608 
2541 3593 
3374 3589 
3783 3587 
1708 3597 
2950 3591 
3184 3590 
3710 3602 
831 3601 
1167 3585 
1591 3583 
1357 3584 
2614 3578 
1547 3554 
3856 3572 
3257 3575 
3593 3588 
1781 3582 
714 3587 
1240 3570 
3666 3573 
1824 3573 
787 3572 
3330 3560 
1854 3567 
1313 3555 
3739 3558 
3140 3561 
670 3558 
2380 3550 
2570 3549 
1664 3568 
1737 3553 
480 3559 
3213 3546 
3549 3559 
1620 3539 
2453 3535 
2263 3536 
1810 3538 
3695 3529 
3023 3547 
3286 3531 
553 3544 
2600 3724 
3622 3544 
626 3529 
436 3530 
2476 3527 
1503 3525 
1079 3527 
3096 3532 
2526 3520 
1386 3511 
3169 3517 
3892 3510 
557 3532 
509 3515 
4002 3513 
2979 3518 
1576 3510 
2146 3522 
2124 3522 
2219 3507 
3242 3502 
1766 3509 
3052 3503 
1563 3875 
1459 3496 
2102 3493 
3885 3499 
392 3501 
2668 3488 
373 3497 
3982 3494 
2337 3906 
3916 3893 
3958 3484 
2292 3492 
3841 3470 
1532 3481 
1112 3493 
3008 3474 
2935 3489 
1342 3482 
3768 3485 
2818 3475 
1722 3480 
348 3472 
889 3484 
465 3486 
1387 3759 
3125 3488 
2175 3478 
1030 3478 
3198 3473 
1415 3467 
2034 3486 
614 3478 
538 3471 
2705 3458 
2484 3929 
1724 3918 
962 3469 
1298 3453 
2248 3463 
1605 3466 
1227 3935 
1488 3452 
3914 3455 
3447 3929 
3724 3456 
1651 3933 
2321 3448 
1912 3450 
2131 3449 
1678 3451 
3317 3925 
3434 3939 
1534 3919 
1300 3920 
1841 3932 
2557 3914 
3127 3926 
657 3923 
3390 3910 
1285 3818 
2604 3903 
1183 3906 
3424 3900 
3974 3805 
2323 3886 
1110 3921 
2513 3885 
1015 3918 
3200 3911 
2367 3915 
1066 3892 
1797 3903 
3010 3912 
3312 3897 
1490 3890 
1056 3912 
423 3895 
257 3909 
3273 3896 
1680 3889 
1607 3904 
2250 3901 
3346 3881 
2440 3900 
3083 3897 
496 3880 
613 3894 
3156 3882 
2396 3871 
2966 3883 
1139 3877 
3607 3869 
3039 3868 
3229 3867 
1753 3874 
2206 3872 
1848 3874 
452 3851 
1431 3788 
720 3870 
1509 3864 
2279 3857 
569 3865 
2469 3856 
2922 3854 
3302 3852 
1636 3860 
3112 3853 
1446 3861 
1519 3846 
3945 3849 
2352 3842 
2473 3845 
2660 3849 
2995 3839 
335 3837 
876 3849 
2162 3843 
686 3850 
2769 3853 
3185 3838 
1329 3847 
1753 3845 
3638 3836 
3828 3835 
2235 3828 
2477 3818 
759 3835 
2501 3852 
1592 3831 
3068 3824 
731 3840 
679 3833 
2118 3814 
1475 3817 
3711 3821 
832 3820 
3901 3820 
3451 3811 
1358 3803 
2308 3813 
375 3830 
1402 3832 
2951 3810 
2659 3826 
998 3826 
642 3821 
1899 3815 
3302 3823 
2878 3825 
1548 3802 
525 3807 
3594 3807 
1782 3801 
2615 3797 
3667 3792 
2732 3811 
715 3806 
2527 3739 
2663 3726 
1927 3810 
2542 3812 
3784 3806 
1168 3804 
1097 3812 
3024 3795 
3930 3776 
2498 3783 
1855 3786 
3857 3791 
481 3778 
2425 3798 
2688 3782 
3258 3794 
2907 3781 
2372 3794 
1665 3787 
788 3791 
1928 3771 
3853 3776 
554 3763 
3141 3780 
3813 3762 
671 3777 
1124 3775 
3331 3779 
1738 3772 
3740 3777 
2112 3777 
1197 3760 
2571 3768 
1811 3757 
3404 3764 
3696 3748 
3214 3765 
2381 3769 
2644 3753 
1621 3758 
3623 3763 
1046 3763 
627 3748 
744 3762 
454 3749 
437 3749 
1270 3745 
3287 3750 
282 3750 
3097 3751 
3170 3736 
2264 3755 
1694 3743 
700 3733 
2454 3754 
408 3822 
510 3734 
1153 3731 
1767 3728 
3959 3703 
2337 3740 
393 3720 
3360 3735 
1376 3739 
3325 3735 
1226 3716 
3243 3721 
2293 3711 
1744 3700 
2220 3726 
3053 3722 
2483 3710 
1650 3714 
1840 3713 
2410 3725 
3886 3718 
611 3724 
3316 3706 
1460 3715 
2195 3698 
2556 3695 
3021 3697 
2366 3696 
2936 3708 
1723 3699 
890 3703 
3126 3707 
466 3705 
3009 3693 
1606 3685 
656 3704 
539 3690 
3419 3681 
1416 3686 
3550 3687 
2176 3697 
3072 3690 
773 3689 
3842 3689 
3082 3678 
3272 3677 
3199 3692 
1861 3692 
349 3691 
3988 3659 
2205 3653 
3427 3665 
2965 3664 
3915 3674 
2512 3666 
2892 3679 
422 3676 
3725 3675 
846 3674 
1679 3670 
3155 3663 
305 3662 
2439 3681 
2132 3668 
3798 3660 
495 3661 
2322 3667 
919 3659 
378 3647 
3228 3648 
3871 3645 
729 3660 
2096 3652 
3681 3646 
2278 3638 
1869 3640 
1635 3641 
802 3645 
1656 3637 
875 3630 
261 3633 
1328 3628 
290 3589 
568 3617 
1468 3638 
1373 3876 
598 3792 
758 3616 
524 3588 
334 3618 
1761 3622 
2804 3621 
582 3500 
311 3583 
597 3573 
2072 3531 
584 3938 
1533 3700 
2438 3462 
845 3455 
772 3470 
655 3456 
722 3451 
2891 3460 
467 3924 
3448 3793 
891 3922 
1241 3789 
641 3602 
1992 3927 
2294 3930 
421 3457 
1417 3934 
540 3909 
379 3866
