4518.63 -2.16379e-09 5037.7 -9.70419e-10 0.000880264 0.00025942 1.94808e-07
4223.24 3.17091e-08 4704.78 1.42318e-08 -0.00183529 0.000731149 -4.34569e-07
3446.53 -3.97619e-08 3866.45 -1.77217e-08 -0.00120751 0.00058019 -3.50355e-07
3735.63 -3.13752e-08 4150.38 -1.41199e-08 -0.00145931 0.000158358 -3.90646e-07
4325.2 -7.27728e-08 4783.18 -3.29025e-08 -0.00262806 0.000509897 -6.07616e-07
4035.62 1.55235e-08 4456.93 7.02803e-09 -0.00239212 0.000375935 -5.92752e-07
3943.75 9.35487e-10 4368.13 4.22301e-10 -0.00179223 0.000546844 -4.54448e-07
3608.44 5.37083e-08 3975.04 2.43775e-08 0.000323818 0.000242187 8.97391e-08
4275.55 2.49919e-10 4740.97 1.12692e-10 -0.00161507 0.00039125 -3.77746e-07
3527.1 -3.46915e-08 3967.71 -1.54196e-08 -0.00231756 0.000368507 -6.57071e-07
4118.03 -1.48103e-08 4565.01 -6.68008e-09 -0.0019081 0.000503289 -4.63351e-07
4423.39 -5.30402e-09 4878.63 -2.40454e-09 -0.00227096 0.000452227 -5.13399e-07
3647.95 2.28764e-08 4069.34 1.02537e-08 -0.000947723 0.000219341 -2.59796e-07
4292.54 -6.59196e-08 4761.29 -2.97149e-08 -0.00249593 0.000512253 -5.81457e-07
3999.64 7.21136e-09 4456.51 3.23604e-09 -0.000676421 0.000385431 -1.6912e-07
4566.48 5.06489e-08 5023.1 2.30223e-08 -0.00110797 0.000229055 -2.4263e-07
4060.99 4.88363e-08 4502.42 2.20241e-08 -0.00140363 0.000583053 -3.45638e-07
3535.63 -3.56951e-08 3929.31 -1.60594e-08 -0.00274442 0.000323705 -7.76217e-07
4243.46 3.76422e-08 4706.92 1.69679e-08 -0.0017543 0.00071818 -4.13414e-07
4377.62 -1.62952e-09 4835.01 -7.37683e-10 -0.0031131 0.000475322 -7.1114e-07
4059.83 -4.11137e-08 4472.76 -1.8659e-08 -0.00343148 0.00045564 -8.45229e-07
3992.46 4.53794e-09 4369.39 2.07324e-09 -0.00228385 0.000879487 -5.72041e-07
4667.41 1.81192e-08 5136.48 8.23225e-09 -0.00365558 0.000769045 -7.83214e-07
4060.39 -1.37957e-08 4511.54 -6.2081e-09 -0.00224419 0.000816539 -5.52704e-07
3619.47 -4.78148e-08 4015.94 -2.15472e-08 -0.00131142 0.000759262 -3.62322e-07
4131.78 4.50899e-08 4595.95 2.0268e-08 -0.00129918 0.000694077 -3.14436e-07
4348.63 3.17315e-08 4845.86 1.42378e-08 -0.000706601 0.00074981 -1.62488e-07
3692.74 1.19267e-08 4140.21 5.31883e-09 -0.00435099 0.000872222 -1.17825e-06
4441.05 1.81369e-09 4928.95 8.17079e-10 -0.00228478 0.00106897 -5.14468e-07
4710.76 -9.02142e-09 5156.65 -4.12068e-09 -0.00119504 0.000369764 -2.53683e-07
2142.13 -2.67148e-08 2391.02 -1.19669e-08 -0.000543014 0.000350634 -2.53493e-07
3545.13 3.10391e-08 3927.26 1.40095e-08 -0.00220599 0.000406148 -6.22258e-07
2208.97 -1.09715e-07 2464.51 -4.91695e-08 6.58625e-05 0.000447464 2.98159e-08
3582.95 4.58868e-08 3971.76 2.06973e-08 -0.00407117 0.00092902 -1.13626e-06
3272.61 2.26331e-10 3643.96 1.01633e-10 -0.00465587 0.000788197 -1.42268e-06
3050.65 -1.00749e-07 3310.15 -4.64252e-08 -0.00315963 0.000474071 -1.03572e-06
4456.61 -1.82512e-09 4908.1 -8.28614e-10 -0.00441012 0.00091794 -9.89568e-07
3501.3 -2.61857e-08 3883.4 -1.18046e-08 -0.00325127 0.000515386 -9.28591e-07
2756.77 1.44824e-07 3076.53 6.48859e-08 5.45805e-05 0.000338646 1.97987e-08
4061.4 -1.64265e-08 4501.59 -7.41011e-09 -0.00121235 0.00115457 -2.98506e-07
3556.09 5.83315e-09 3942.72 2.63058e-09 -0.00661767 0.00104048 -1.86094e-06
4313.67 3.55757e-08 4789.33 1.60212e-08 -0.00331105 0.000377052 -7.67571e-07
4063.06 -2.94595e-08 4501.6 -1.32948e-08 -0.00428365 0.00114201 -1.05429e-06
3114.58 3.84412e-08 3487.57 1.7165e-08 -0.0038386 0.000638888 -1.23246e-06
3900.2 5.16428e-09 4320.93 2.33072e-09 -0.00266794 0.000722342 -6.84051e-07
4007.75 -3.21327e-08 4447.38 -1.44782e-08 -0.00180781 0.000943071 -4.51077e-07
4222.46 -2.82882e-08 4679.91 -1.27615e-08 -0.00402747 0.00123173 -9.53819e-07
3745.99 -4.89946e-10 4157.95 -2.20702e-10 -0.00273267 0.000435472 -7.29491e-07
2258.66 9.34409e-08 2509.01 4.20585e-08 -0.000760941 0.00025776 -3.369e-07
3457.25 2.61156e-08 3806.31 1.18603e-08 -0.00409609 0.000597834 -1.18478e-06
4694.61 -4.20997e-08 5164.32 -1.91353e-08 -0.00342017 0.00100116 -7.28531e-07
1854.91 3.9363e-08 2066.16 1.76692e-08 -0.000772225 0.00037578 -4.16314e-07
3866.66 -2.0533e-08 4287.93 -9.25784e-09 -0.00179884 0.000775884 -4.65218e-07
3206.61 2.67088e-08 3575.06 1.19781e-08 -0.00383566 0.000429684 -1.19617e-06
4009.18 -7.22606e-09 4396.68 -3.2946e-09 -0.00499707 0.000646236 -1.24641e-06
3598.88 -5.75422e-08 3997.64 -2.59012e-08 -0.00220583 0.000522457 -6.12922e-07
4306.64 -4.02803e-08 4745.52 -1.82775e-08 -0.00249159 0.000882435 -5.78547e-07
2921.1 -6.18206e-08 3212.91 -2.81029e-08 -0.00190288 0.000338122 -6.51425e-07
3866.66 -9.54981e-08 4304.6 -4.28912e-08 -0.00346874 0.00118676 -8.9709e-07
4374.37 -1.70913e-08 4818.19 -7.7585e-09 -0.00632673 0.00205521 -1.44632e-06
4291.4 -5.24698e-10 4760.97 -2.36474e-10 -0.00405882 0.00156316 -9.45803e-07
4711.39 -6.14163e-08 5232.17 -2.76516e-08 -0.00589587 0.00123252 -1.25141e-06
4148.9 4.59948e-09 4604.29 2.07228e-09 -0.00576683 0.00107092 -1.38997e-06
4315.02 5.29026e-08 4797.32 2.3792e-08 -0.00319916 0.000495228 -7.414e-07
4793.37 8.87644e-09 5326.63 3.9939e-09 -0.00593403 0.00126722 -1.23797e-06
5183.75 -2.01307e-09 5676.69 -9.19131e-10 -0.00788734 0.00192614 -1.52155e-06
3934.28 -2.04566e-10 4405.4 -9.13443e-11 -0.00326236 0.00139998 -8.29214e-07
5153.2 -9.85679e-09 5699.94 -4.45567e-09 -0.00478336 0.000895194 -9.2823e-07
4988.33 8.15522e-09 5518.79 3.68567e-09 -0.00223776 0.000375103 -4.48599e-07
4082 8.73097e-09 4572.46 3.89723e-09 -0.00467416 0.00118509 -1.14507e-06
4535.25 3.63582e-08 4972.24 1.65814e-08 -0.00444337 0.001371 -9.79739e-07
5118.51 -4.64363e-08 5648.29 -2.10404e-08 -0.0058084 0.00135941 -1.13478e-06
5185.96 3.0652e-09 5685.4 1.39797e-09 -0.00415419 0.00121118 -8.01045e-07
4559.04 9.6772e-09 5061 4.3587e-09 -0.00103263 0.000450458 -2.26502e-07
4286.99 -4.26716e-08 4805.51 -1.90337e-08 -0.0016332 0.00128336 -3.80967e-07
5268.98 -9.23823e-09 5755.64 -4.22855e-09 -0.0069333 0.00161009 -1.31587e-06
3904.95 -2.96227e-08 4323.63 -1.33771e-08 -0.00353733 0.00106752 -9.05859e-07
4468.24 5.69367e-09 4962.71 2.56319e-09 -0.00492877 0.0008181 -1.10307e-06
4137.5 -4.24467e-08 4609.31 -1.90509e-08 -0.00298685 0.000484546 -7.21896e-07
5001.31 -1.71395e-08 5477.08 -7.82533e-09 -0.00621528 0.0011325 -1.24273e-06
4407.23 3.93816e-08 4878.9 1.77872e-08 -0.00282389 0.00088349 -6.4074e-07
3968.22 5.24478e-08 4413.1 2.35803e-08 -0.00233954 0.000458318 -5.89568e-07
4169.59 -2.23494e-08 4663.08 -9.99209e-09 -0.00322558 0.000700234 -7.73597e-07
4635.17 1.71824e-09 5106.89 7.79761e-10 -0.00503148 0.00159723 -1.0855e-06
4205.31 -5.14865e-08 4692.15 -2.30722e-08 -0.00432725 0.00106387 -1.029e-06
4335.76 -3.742e-08 4794.87 -1.69185e-08 -0.00444433 0.00116419 -1.02504e-06
4416.09 -2.41981e-08 4927.79 -1.08427e-08 -0.00592137 0.000972623 -1.34086e-06
4702.52 8.26178e-09 5182.97 3.74796e-09 -0.00511231 0.00155443 -1.08714e-06
4503.73 -1.26933e-08 5000.77 -5.71583e-09 -0.00456139 0.000646504 -1.0128e-06
4485.84 6.21954e-09 4978.53 2.80202e-09 -0.00473838 0.000996392 -1.0563e-06
4726.61 5.44766e-08 5225.54 2.46376e-08 -0.00274448 0.000404764 -5.80644e-07
4738.85 -4.08757e-09 5219.52 -1.85557e-09 -0.00777619 0.00175634 -1.64095e-06
4469.32 1.91072e-08 4956.52 8.61456e-09 -0.000752895 0.00118832 -1.68459e-07
4699.73 -3.44526e-08 5153.48 -1.57096e-08 -0.00800404 0.00179752 -1.70308e-06
4609.35 1.69496e-08 5090.16 7.67429e-09 -0.00615014 0.00148319 -1.33428e-06
4767.66 2.88381e-08 5271.98 1.30397e-08 -0.0039958 0.00108386 -8.38105e-07
5170.99 -2.62695e-08 5676.02 -1.19661e-08 -0.00587934 0.0009234 -1.13699e-06
4506.85 9.85599e-09 4978.45 4.46118e-09 -0.00400438 0.000692053 -8.88509e-07
3641.02 -1.96596e-07 4073.81 -8.78552e-08 -0.00516093 0.000729089 -1.41744e-06
4091.66 1.575e-08 4518.52 7.13106e-09 -0.00440692 0.00131847 -1.07705e-06
4237.82 -3.37859e-09 4680.76 -1.52944e-09 -0.00441427 0.000836755 -1.04164e-06
3839.88 -9.78421e-08 4323.07 -4.34532e-08 -0.00338338 0.000412506 -8.81117e-07
4837.1 1.48789e-08 5321.91 6.76177e-09 -0.00532522 0.000813392 -1.10091e-06
4497.73 -3.33239e-08 4956.22 -1.51206e-08 -0.00466083 0.00128193 -1.03626e-06
4029.49 -9.32944e-09 4492.01 -4.18442e-09 -0.0038489 0.000669402 -9.55183e-07
4205.24 2.04142e-08 4668.33 9.19455e-09 -0.00472248 0.000766484 -1.123e-06
4152.2 -1.93777e-08 4655.57 -8.64126e-09 -0.00235647 0.00123094 -5.67524e-07
4591.61 4.96918e-08 5062.36 2.25355e-08 -0.00605751 0.00148833 -1.31925e-06
4063.1 -5.3897e-08 4496.87 -2.4349e-08 -0.00447155 0.00128906 -1.10053e-06
4280.96 -1.48178e-09 4757.05 -6.66738e-10 -0.00468279 0.000842543 -1.09387e-06
4387.78 -2.17965e-08 4858.69 -9.84196e-09 -0.00476346 0.00121534 -1.08562e-06
4276.69 5.71191e-08 4747 2.573e-08 -0.00233927 0.00132585 -5.46981e-07
4276.21 3.97787e-08 4772.01 1.78229e-08 -0.00631024 0.00123643 -1.47566e-06
4024.71 -2.49168e-08 4474.5 -1.12061e-08 -0.00344161 0.000774174 -8.5512e-07
4408.88 8.5433e-09 4853.92 3.87999e-09 -0.00727732 0.00145664 -1.65061e-06
5378.77 -8.30656e-09 5913.13 -3.77795e-09 -0.00475109 0.00109624 -8.83306e-07
4499.71 2.93452e-08 4990.12 1.32306e-08 -0.0015032 0.00033274 -3.34066e-07
4323.3 4.25583e-08 4773.77 1.92712e-08 -0.00208548 0.00122242 -4.82383e-07
3539.88 3.1262e-08 3954.69 1.39915e-08 -0.0020226 0.000505803 -5.71376e-07
4169.16 2.84567e-08 4630.99 1.28094e-08 -0.00649762 0.00150621 -1.5585e-06
3787.26 3.60702e-08 4248.08 1.60787e-08 -0.00275332 0.000436236 -7.26995e-07
4510.45 -1.60147e-08 4962.82 -7.27748e-09 -0.00393894 0.000749492 -8.73292e-07
4689.09 1.99225e-08 5197.35 8.98713e-09 -0.00274292 0.00103571 -5.84958e-07
4226.46 2.59385e-10 4654.91 1.17755e-10 -0.0054671 0.00141083 -1.29354e-06
3636.24 3.03493e-08 4046.85 1.3635e-08 -0.0043446 0.000592637 -1.19481e-06
4019.63 -1.35225e-08 4457.95 -6.09645e-09 -0.00381258 0.000701927 -9.48489e-07
4257.32 1.04381e-08 4771.29 4.65685e-09 -0.00243485 0.000299259 -5.71921e-07
4686.64 -1.87881e-08 5184.62 -8.49178e-09 -0.00224739 0.000557552 -4.79531e-07
4187.44 -9.33251e-09 4642.81 -4.20858e-09 -0.00219577 0.000990713 -5.24371e-07
3725.19 -3.56096e-09 4155.77 -1.596e-09 -0.00406816 0.000577289 -1.09207e-06
3979.32 -1.67713e-08 4410.56 -7.56575e-09 -0.00412646 0.00107171 -1.03698e-06
4170.54 -5.38553e-09 4654.12 -2.41298e-09 -0.00396899 0.000655197 -9.51674e-07
4200.73 1.25706e-08 4658.75 5.66735e-09 -0.00315315 0.000691653 -7.50619e-07
4338.39 1.50659e-08 4799.29 6.80953e-09 -0.00303966 0.00115653 -7.00641e-07
4439.88 4.73715e-09 4893.96 2.14881e-09 -0.00420197 0.00103034 -9.46416e-07
4588.13 3.99879e-08 5054.33 1.81497e-08 -0.00546844 0.000978054 -1.19187e-06
3829.37 4.57882e-09 4265.77 2.0552e-09 -0.00204038 0.000573444 -5.32824e-07
3793.97 6.12025e-08 4274.33 2.71623e-08 -0.00285133 0.000436396 -7.51543e-07
4482.91 -1.35535e-08 4953.91 -6.13247e-09 -0.00594869 0.00139273 -1.32697e-06
4405.8 6.10068e-09 4870.35 2.75939e-09 -0.00245164 0.000793151 -5.56456e-07
4142.64 -3.44809e-08 4588.89 -1.55639e-08 -0.00340558 0.000950038 -8.22078e-07
4939.26 -2.70122e-09 5476.59 -1.2181e-09 -0.00613467 0.00148457 -1.24202e-06
3937.47 -2.17013e-08 4386.29 -9.74035e-09 -0.00403492 0.000961232 -1.02475e-06
4189.59 -1.36259e-08 4662.49 -6.12193e-09 -0.00411077 0.000789286 -9.81186e-07
5300.3 -2.85881e-09 5828.74 -1.29982e-09 -0.0047202 0.00141633 -8.90553e-07
4827.06 1.14678e-09 5311.65 5.21081e-10 -0.00467604 0.00083026 -9.68712e-07
4659.01 2.4486e-08 5163.83 1.10461e-08 -0.00593136 0.00142516 -1.27309e-06
4087.21 4.10154e-08 4505.24 1.86048e-08 -0.00640296 0.00122249 -1.56659e-06
3842.89 3.87642e-08 4272.72 1.74323e-08 -0.00444853 0.00103024 -1.1576e-06
4609.86 -1.8553e-08 5064.47 -8.44379e-09 -0.00642226 0.00135139 -1.39316e-06
4161.38 -6.69194e-09 4618.45 -3.01484e-09 -0.00389959 0.000690078 -9.3709e-07
4074.35 -5.62711e-08 4540.36 -2.52478e-08 -0.00460489 0.00133131 -1.13021e-06
5031.73 -2.58679e-08 5513.97 -1.18027e-08 -0.00687543 0.00140107 -1.36642e-06
4302.87 -1.77481e-08 4761.21 -8.01979e-09 -0.00721184 0.00146049 -1.67605e-06
4720.21 1.1002e-08 5223.93 4.97057e-09 -0.00770189 0.00122894 -1.63168e-06
4027.47 -5.12781e-08 4500.98 -2.29418e-08 -0.00317474 0.000543226 -7.88271e-07
4423.89 1.83734e-08 4925.99 8.25031e-09 -0.00476197 0.000909015 -1.07642e-06
4017.39 6.16659e-08 4502.81 2.75091e-08 -0.00364983 0.00115154 -9.08508e-07
3412.4 1.67636e-08 3842.93 7.44278e-09 -0.00109084 0.000446961 -3.19669e-07
4111.62 5.52708e-09 4545.02 2.50002e-09 -0.00222397 0.000903917 -5.40899e-07
4551.22 -6.11118e-09 5053.81 -2.75172e-09 -0.00502596 0.000857803 -1.10431e-06
3681.14 -6.50176e-08 4100.88 -2.91814e-08 -0.0038692 0.0010911 -1.05109e-06
3998.19 2.31534e-08 4449.07 1.04035e-08 -0.000663457 0.000858455 -1.65939e-07
4198.65 8.96054e-09 4625.03 4.06724e-09 -0.00625293 0.000907713 -1.48927e-06
5457.18 -7.80329e-09 5983.66 -3.55836e-09 -0.0058255 0.00153236 -1.06749e-06
5350.58 1.08165e-08 5907.45 4.89843e-09 -0.00625545 0.00102134 -1.16912e-06
3677.34 1.19717e-08 4124.75 5.33658e-09 0.000108469 0.00068717 2.94967e-08
3509.78 -6.06349e-09 3908.43 -2.72251e-09 -0.00328908 0.000510319 -9.37119e-07
3703.37 4.44805e-08 4158.72 1.98051e-08 -0.00305034 0.000651813 -8.23665e-07
4860.87 1.4193e-08 5368.25 6.42578e-09 -0.00346591 0.00107184 -7.13023e-07
4330.55 -1.01336e-08 4805.68 -4.56586e-09 -0.00702348 0.00114818 -1.62184e-06
4209.07 -4.30504e-08 4652.58 -1.94733e-08 -0.00571783 0.0015378 -1.35845e-06
3714.64 -5.88046e-08 4138.74 -2.63894e-08 -0.00402422 0.000569824 -1.08334e-06
3914.37 -8.35862e-09 4339.41 -3.76996e-09 -0.00675662 0.00111829 -1.7261e-06
4541.22 2.63379e-08 5007.8 1.1942e-08 -0.00227983 0.000327375 -5.02031e-07
3746.14 -8.76071e-09 4162.49 -3.94221e-09 -0.00388672 0.00128293 -1.03753e-06
4245.3 -6.90254e-09 4688.79 -3.12483e-09 -0.00486011 0.0011096 -1.14482e-06
4562.03 2.10728e-08 5055.23 9.50844e-09 -0.00638245 0.00134747 -1.39904e-06
3719.76 -2.9467e-08 4158.57 -1.31789e-08 -0.00437127 0.000578816 -1.17515e-06
4173.61 -4.22047e-09 4674.61 -1.88407e-09 -0.00162111 0.0010502 -3.8842e-07
4211.33 -7.6218e-08 4689.82 -3.42208e-08 -0.003313 0.00112166 -7.86687e-07
3908.78 -4.58084e-08 4326.45 -2.06931e-08 -0.00388059 0.000950442 -9.92787e-07
3734.48 3.11718e-08 4185.78 1.39054e-08 -0.00161694 0.000513463 -4.32977e-07
3578.83 -6.00552e-08 4047.93 -2.65478e-08 -0.00130122 0.00074091 -3.63588e-07
4059.63 5.41118e-08 4534.82 2.42208e-08 -0.00217476 0.00044665 -5.35704e-07
4239.72 5.00919e-08 4715.38 2.25194e-08 -0.00537437 0.00088593 -1.26762e-06
3782.96 -3.93805e-08 4218.42 -1.76576e-08 -0.00156726 0.000792818 -4.14294e-07
4188.95 1.52786e-08 4619.1 6.9279e-09 -0.00337026 0.00112552 -8.0456e-07
5071.02 -9.75209e-09 5605.9 -4.4108e-09 -0.00580473 0.000822238 -1.14469e-06
5378.14 1.01001e-08 5971.23 4.54848e-09 -0.00386358 0.00130741 -7.18385e-07
5787.76 -1.30091e-09 6405.13 -5.8776e-10 -0.0035521 0.0010173 -6.13726e-07
4238.97 -4.72658e-08 4711.63 -2.12622e-08 -0.00216961 0.000565953 -5.11825e-07
3485.3 -4.5931e-08 3903.33 -2.0506e-08 -0.00298155 0.000496555 -8.55463e-07
4078.62 -8.60295e-09 4507.7 -3.89202e-09 -0.00477549 0.00061079 -1.17086e-06
5048.26 1.71863e-08 5588.68 7.76219e-09 -0.00432168 0.00103123 -8.56075e-07
3638.09 3.22876e-09 4085.45 1.4376e-09 -0.00377601 0.000526287 -1.03791e-06
4795.54 -2.63981e-09 5279.76 -1.19885e-09 -0.00399626 0.000868582 -8.3333e-07
3690.71 6.86287e-08 4127.81 3.06808e-08 -0.00608171 0.000752575 -1.64784e-06
4967.93 -2.74144e-08 5503.99 -1.23722e-08 -0.00153136 0.000621071 -3.0825e-07
4276 6.90334e-08 4720.79 3.12645e-08 -0.00152405 0.000853255 -3.56421e-07
3536.77 -4.36771e-09 3976.34 -1.94244e-09 -0.00306196 0.000804406 -8.6575e-07
3782.96 5.90229e-08 4171.75 2.67611e-08 -0.00422542 0.000926537 -1.11696e-06
3880.53 1.50937e-08 4325.52 6.77046e-09 -0.00652122 0.00153795 -1.6805e-06
4221.58 -1.82781e-08 4700.57 -8.20775e-09 -0.00371592 0.000464052 -8.80221e-07
3766.9 -2.36112e-08 4202.78 -1.05812e-08 -0.00680842 0.0015792 -1.80743e-06
4545.76 1.82902e-09 5046.12 8.23829e-10 -0.00367303 0.0012306 -8.08012e-07
4399.79 1.21063e-08 4910.21 5.42393e-09 -0.00318548 0.000438956 -7.24007e-07
4747.34 -4.75447e-08 5248.49 -2.15025e-08 -0.00576278 0.000970042 -1.2139e-06
4529.77 1.82535e-08 5000.92 8.26688e-09 -0.00270884 0.00108013 -5.98008e-07
4052.01 1.84446e-08 4539.9 8.23121e-09 -0.0061333 0.000899371 -1.51365e-06
4124.71 -8.50917e-09 4577.59 -3.83366e-09 -0.00495469 0.00105725 -1.20122e-06
3755.46 -2.18629e-08 4184.08 -9.81162e-09 -0.00266094 0.000827494 -7.08553e-07
3812.94 -2.9608e-08 4260.41 -1.32492e-08 -0.00174505 0.000511896 -4.57666e-07
3685.9 -6.79049e-08 4114.54 -3.04154e-08 -0.00611246 0.000657701 -1.65834e-06
3632.14 -1.92848e-08 4082.12 -8.57949e-09 -0.00273728 0.000404659 -7.53625e-07
5958.29 -3.82817e-09 6557.78 -1.73911e-09 -0.007577 0.00167224 -1.27167e-06
5094.54 -3.90832e-08 5621.07 -1.77111e-08 -0.00537203 0.00107593 -1.05447e-06
3798.34 -5.46079e-09 4245.26 -2.44295e-09 -0.00318615 0.00136241 -8.38827e-07
3041.81 1.06825e-08 3457.2 4.6995e-09 -0.000462765 0.000661612 -1.52135e-07
3956.16 1.74088e-08 4371.36 7.87762e-09 -0.00335556 0.00072316 -8.48186e-07
3883.71 3.31399e-08 4305.45 1.49468e-08 -0.00363813 0.000758271 -9.36767e-07
4539.98 -3.51417e-11 5050.07 -1.57961e-11 -0.00279498 0.00048616 -6.15637e-07
4663.67 -9.77955e-11 5184.9 -4.39821e-11 -0.00764918 0.00177585 -1.64016e-06
3747.62 -7.37247e-08 4202.95 -3.28688e-08 -0.00534221 0.000663057 -1.42549e-06
4430.58 -3.87269e-09 4917.24 -1.7447e-09 -0.00523801 0.00118342 -1.18224e-06
3731.06 -3.6193e-08 4170.32 -1.61904e-08 -0.0035395 0.000926735 -9.48656e-07
4131.04 3.95175e-08 4572.96 1.78493e-08 -0.00426648 0.00119627 -1.03279e-06
3676.08 6.71162e-08 4104.69 3.0054e-08 -0.00120738 0.000940709 -3.28441e-07
4661.85 2.87e-08 5169.22 1.29415e-08 -0.00118923 0.000196758 -2.55099e-07
4233.45 -2.84114e-08 4728.92 -1.27173e-08 -0.00402844 0.000459039 -9.51573e-07
4934.51 1.68135e-08 5437.09 7.62966e-09 -0.00820323 0.00185883 -1.66242e-06
4079.64 7.60462e-08 4506.52 3.44214e-08 -0.00197629 0.000585864 -4.84428e-07
4092.57 -3.8009e-08 4510.57 -1.72433e-08 -0.00209653 0.000577983 -5.12277e-07
4064.88 1.05947e-08 4536.85 4.74627e-09 -0.0050833 0.000769973 -1.25054e-06
4193.67 1.4548e-08 4669.77 6.53237e-09 -0.0028353 0.00101987 -6.7609e-07
3948.49 -4.68037e-09 4397.53 -2.10123e-09 -0.00527534 0.000713028 -1.33604e-06
3716.38 -5.81952e-08 4162.5 -2.5979e-08 -0.00365685 0.00105722 -9.83984e-07
3886.79 5.89181e-09 4358.66 2.62698e-09 -0.00247676 0.000449265 -6.37224e-07
3667.14 2.60927e-08 4085.69 1.17099e-08 -0.0022617 0.00040538 -6.16746e-07
5812.95 -2.79519e-08 6419.62 -1.26552e-08 -0.00360441 0.00131088 -6.20064e-07
3595.68 3.13965e-08 4058.5 1.39081e-08 -0.00114185 0.000719291 -3.17561e-07
3984.95 7.58268e-09 4404.43 3.43024e-09 -0.00414863 0.00122762 -1.04108e-06
5144.25 -1.09706e-08 5685.98 -4.96268e-09 -0.00824471 0.0020646 -1.6027e-06
4040.74 2.85241e-08 4519.8 1.27504e-08 -0.00420466 0.000791894 -1.04057e-06
4630.11 -2.11484e-08 5150.66 -9.50553e-09 -0.00521254 0.00160772 -1.12579e-06
4141.27 -3.17304e-09 4619.57 -1.42225e-09 -0.00590855 0.000836417 -1.42675e-06
4157.36 9.69139e-09 4585.86 4.39292e-09 -0.00596871 0.00122227 -1.4357e-06
4297.42 3.57586e-09 4832.37 1.59e-09 -0.00330784 0.000513138 -7.69729e-07
3622.75 -1.29819e-08 4032.59 -5.83126e-09 -0.00508732 0.00108602 -1.40427e-06
3698.3 -4.5105e-08 4143.08 -2.01313e-08 -0.00325462 0.000723969 -8.80031e-07
4464.25 2.17923e-09 5012.08 9.7052e-10 -0.00486296 0.000796814 -1.08931e-06
4319.39 6.89476e-09 4804.44 3.09934e-09 -0.00696581 0.00188821 -1.61268e-06
4573.17 1.31006e-08 5077.71 5.89943e-09 -0.00425053 0.000652351 -9.29449e-07
4508.81 -3.18284e-09 4978.99 -1.44114e-09 -0.00456066 0.00097523 -1.0115e-06
3967.26 4.62799e-08 4431.44 2.07161e-08 -0.00447515 0.000968983 -1.12802e-06
4389.17 -2.91145e-08 4861.49 -1.31429e-08 -0.00638127 0.00128765 -1.45386e-06
3402.42 7.98791e-09 3862.01 3.51867e-09 -0.00363118 0.000499493 -1.06723e-06
4210.6 5.85863e-08 4687.88 2.63108e-08 -0.00521516 0.00124426 -1.23858e-06
4741.82 4.04306e-09 5268.34 1.8195e-09 -0.00393613 0.00148106 -8.30089e-07
4779.09 -1.83177e-08 5274.9 -8.29798e-09 -0.00562676 0.00163126 -1.17737e-06
3987.21 -1.33211e-08 4425.07 -6.0015e-09 -0.00312076 0.00102738 -7.82693e-07
4177.94 3.09155e-08 4629.85 1.39489e-08 -0.00441254 0.00118816 -1.05615e-06
3812 1.35465e-08 4267.13 6.05082e-09 -0.00359064 0.000767824 -9.41932e-07
4856.61 -8.81197e-09 5416.72 -3.95039e-09 -0.00669449 0.000851654 -1.37843e-06
3805.17 5.7728e-08 4256.65 2.58026e-08 -0.00418261 0.000749474 -1.09919e-06
3903.05 3.11301e-11 4341.1 1.39944e-11 -0.00341586 0.000763615 -8.75179e-07
4912.49 -1.78513e-08 5418.63 -8.09192e-09 -0.00387726 0.0010251 -7.89266e-07
4064.71 2.42357e-08 4535.61 1.08597e-08 -0.00509884 0.00132828 -1.25442e-06
4755.64 1.81502e-08 5217.26 8.27215e-09 -0.00400791 0.00111676 -8.42768e-07
3890.95 2.00319e-09 4368.8 8.92047e-10 -0.00356379 0.000650817 -9.15917e-07
4380.48 -1.60662e-08 4873.85 -7.2199e-09 -0.00156093 0.000329784 -3.56338e-07
4262.67 -1.98239e-09 4759.24 -8.87773e-10 -0.00557198 0.00134182 -1.30716e-06
4179.4 1.0974e-08 4694.9 4.88451e-09 -0.00676421 0.0014277 -1.61847e-06
4469.12 -6.62778e-08 4910.6 -3.01596e-08 -0.0042594 0.00142937 -9.53072e-07
4522.01 -2.31126e-08 5003.51 -1.04442e-08 -0.00535842 0.00177604 -1.18496e-06
4179.18 -1.28697e-08 4627.11 -5.81191e-09 -0.00485218 0.000544996 -1.16104e-06
4790.97 1.34973e-08 5294.35 6.10699e-09 -0.00771817 0.00165241 -1.61098e-06
4174.92 -5.33427e-08 4640.45 -2.39957e-08 -0.00528959 0.000953479 -1.26699e-06
4027.86 -3.33014e-08 4535.87 -1.47858e-08 -0.0048722 0.00122198 -1.20963e-06
5324.42 -1.23535e-09 5850.89 -5.62096e-10 -0.00601076 0.00104104 -1.1289e-06
5272.41 7.33464e-09 5716.4 3.38248e-09 0.000450216 0.000610826 8.5391e-08
5823.49 -1.55218e-08 6413.52 -7.04689e-09 -0.00676655 0.00152386 -1.16194e-06
5134.69 -1.54944e-08 5737.11 -6.93371e-09 -0.0053506 0.0011785 -1.04205e-06
4122.14 7.09269e-09 4624.3 3.16124e-09 -0.00383775 0.00192391 -9.3101e-07
4025.66 7.87373e-09 4511.17 3.51317e-09 -0.00574363 0.00118326 -1.42675e-06
3999.39 7.31669e-09 4442.07 3.29377e-09 -0.0039893 0.00045728 -9.97476e-07
3919.92 -8.38766e-09 4415.57 -3.72307e-09 -0.00279722 0.000976101 -7.13592e-07
3730.24 6.25968e-09 4165.88 2.80254e-09 -0.00288469 0.000327885 -7.73326e-07
3933.29 2.88242e-08 4349.04 1.30343e-08 -0.00587638 0.00113851 -1.49401e-06
4547.37 2.27723e-08 5066.15 1.02202e-08 -0.00456594 0.00120967 -1.00409e-06
4709.72 -1.07199e-08 5218.87 -4.83706e-09 -0.00620916 0.00113955 -1.31837e-06
5088.35 -4.63429e-09 5629.1 -2.09455e-09 -0.00873063 0.00216656 -1.71581e-06
4451.32 -2.27855e-08 4932.31 -1.02817e-08 -0.00438007 0.00126581 -9.83993e-07
3968.77 3.22253e-08 4463.53 1.43266e-08 -0.00511977 0.000722194 -1.29001e-06
4177.43 1.21369e-09 4669.88 5.42852e-10 -0.000801625 0.000185848 -1.91894e-07
4335.83 -7.64774e-09 4881 -3.39678e-09 -0.00147659 0.000617759 -3.40554e-07
4327.33 -1.39786e-08 4808.77 -6.28956e-09 -0.00606187 0.00152154 -1.40083e-06
4366.04 -2.01903e-08 4859.55 -9.06996e-09 -0.00478139 0.00132951 -1.09513e-06
4768.55 -1.69414e-08 5310.4 -7.60638e-09 -0.00533334 0.00089815 -1.11844e-06
3916.29 -2.07903e-08 4393.44 -9.26616e-09 -0.00310585 0.00107308 -7.9306e-07
4126.94 4.3775e-08 4590.2 1.96785e-08 -0.00469021 0.001029 -1.13649e-06
4364.44 1.60524e-08 4858.93 7.20937e-09 -0.00325046 0.000969492 -7.4476e-07
3715.97 -1.62788e-08 4190.67 -7.2174e-09 -0.00324318 0.000840878 -8.72768e-07
4202.9 6.92171e-08 4683.72 3.10557e-08 -0.00444998 0.000544978 -1.05879e-06
5438.55 -1.13621e-09 6010.9 -5.1401e-10 -0.00316909 0.00094447 -5.82709e-07
3548.38 7.22927e-08 3967.56 3.23274e-08 -0.00270308 0.000469736 -7.6178e-07
5586.15 2.46168e-08 6170.56 1.11427e-08 -0.00605454 0.00107107 -1.08385e-06
4160.76 -5.39056e-09 4644.58 -2.41451e-09 -0.00315151 0.000457855 -7.57436e-07
4115.54 -6.05282e-08 4620.41 -2.69571e-08 -0.00242286 0.00086518 -5.8871e-07
4218.3 -5.75043e-08 4735 -2.56146e-08 -0.00488857 0.00103846 -1.1589e-06
5467.32 -4.00253e-08 6004.2 -1.82231e-08 -0.0134851 0.00229541 -2.46649e-06
4194.72 3.29239e-08 4638.49 1.4887e-08 -0.00724288 0.0013951 -1.72667e-06
3832.88 -5.74936e-08 4301.68 -2.56139e-08 -0.00831039 0.00123213 -2.16819e-06
4714.01 -1.34394e-08 5219.38 -6.06909e-09 -0.00765987 0.00166802 -1.62492e-06
4815.34 -5.91923e-08 5345.3 -2.66619e-08 -0.00286782 0.000985427 -5.95559e-07
4552.73 2.28673e-08 5072.89 1.02613e-08 -0.00654377 0.00107475 -1.43733e-06
4417.91 3.07567e-08 4905.34 1.38502e-08 -0.00712984 0.00139056 -1.61385e-06
4158.44 -6.41625e-08 4665.02 -2.85975e-08 -0.0040916 0.00083974 -9.83928e-07
4893.69 2.98069e-08 5422.66 1.34496e-08 -0.00882814 0.00211724 -1.80399e-06
4766.72 -2.1854e-08 5287.31 -9.85114e-09 -0.00922954 0.0026683 -1.93624e-06
3993.37 2.18124e-08 4484.63 9.7115e-09 -0.00359856 0.00112515 -9.01134e-07
3741.74 2.61605e-09 4184.8 1.16954e-09 -0.00403806 0.000686093 -1.07919e-06
4348.98 -5.72018e-08 4824.07 -2.57842e-08 -0.00593596 0.00124738 -1.36491e-06
4362.46 -2.81247e-08 4843.34 -1.26662e-08 -0.00445068 0.00103451 -1.02022e-06
4508.52 -2.41965e-08 5022.98 -1.08591e-08 -0.0054546 0.00109939 -1.20984e-06
4760.44 3.3281e-08 5264.23 1.5048e-08 -0.00468586 0.0013577 -9.84335e-07
5913.75 -2.05438e-08 6565.26 -9.25256e-09 -0.00447487 0.000993376 -7.56689e-07
5967.93 -2.4833e-08 6605.7 -1.12177e-08 -0.00607116 0.0018199 -1.0173e-06
6175.43 1.86558e-08 6776.59 8.50042e-09 -0.00949283 0.00209187 -1.53719e-06
4332.32 4.24869e-08 4824.44 1.90765e-08 -0.00657672 0.000965726 -1.51806e-06
4126.28 -7.35473e-09 4646.94 -3.26534e-09 -0.00696106 0.00135302 -1.68701e-06
4175.62 -4.58363e-09 4666.63 -2.05068e-09 -0.00440117 0.00126013 -1.05402e-06
4837.61 3.2919e-08 5340.89 1.49085e-08 -0.00951276 0.00204212 -1.96642e-06
4923.98 5.2605e-08 5414.75 2.39186e-08 -0.00583939 0.00126183 -1.18591e-06
4411.56 -2.5315e-08 4945.44 -1.12911e-08 -0.00333316 0.000428467 -7.55551e-07
4357.82 5.20194e-08 4856.32 2.33398e-08 -0.00729523 0.00152405 -1.67406e-06
4538.83 -2.99605e-08 5039.92 -1.34908e-08 -0.00485542 0.000762151 -1.06975e-06
5450.84 2.30148e-08 6025.96 1.04091e-08 -0.00474284 0.00160778 -8.70112e-07
4855.4 2.29879e-08 5400.76 1.03333e-08 -0.00340291 0.000867841 -7.00851e-07
4660.59 3.87114e-08 5198.57 1.73526e-08 -0.00532195 0.000925813 -1.14191e-06
4095.19 -7.67515e-09 4588.72 -3.42484e-09 -0.00235106 0.000482892 -5.74102e-07
4846.73 1.93274e-08 5326.43 8.79337e-09 -0.003349 0.00136187 -6.90981e-07
4144.73 -3.59846e-08 4662.59 -1.5994e-08 -0.00535774 0.00132757 -1.29266e-06
4591.54 -2.10642e-08 5110.71 -9.46221e-09 -0.00612251 0.00146052 -1.33343e-06
4675.47 -1.32389e-08 5157.21 -6.00112e-09 -0.00512293 0.00104078 -1.0957e-06
5034.6 -2.27543e-08 5588.18 -1.02501e-08 -0.00830533 0.00176863 -1.64965e-06
4081.8 1.15303e-08 4537.85 5.18576e-09 -0.00424285 0.000988874 -1.03946e-06
5943.38 9.81238e-10 6554.09 4.44903e-10 -0.00636571 0.00180681 -1.07106e-06
4658.12 -7.35531e-09 5178.29 -3.30823e-09 -0.00418138 0.00126995 -8.97653e-07
4529.21 -1.47187e-08 5080.65 -6.56059e-09 -0.00386236 0.000893736 -8.52767e-07
4532.01 4.78955e-08 4978.82 2.17986e-08 -0.090326 0.0118399 -1.99307e-05
4710.43 -2.99989e-09 5226.16 -1.35193e-09 -0.00589954 0.00108622 -1.25244e-06
4550.22 1.26055e-08 5110.51 5.61177e-09 -0.00667878 0.00188197 -1.46779e-06
4010.67 -1.91352e-08 4521.06 -8.48749e-09 -0.00195707 0.000440752 -4.87966e-07
5214.13 -1.85846e-08 5742.33 -8.43754e-09 -0.0154455 0.00278075 -2.96223e-06
5604.85 5.40952e-10 6144.92 2.46704e-10 -0.00414111 0.00165683 -7.38843e-07
4604.01 -3.92187e-08 5146.06 -1.75439e-08 -0.00314112 0.000457992 -6.82258e-07
4921.97 -5.44654e-09 5440.51 -2.46371e-09 -0.00719378 0.00164797 -1.46156e-06
5482.64 -1.22609e-08 6046.9 -5.55838e-09 -0.0037706 0.0012341 -6.87735e-07
5106.28 1.54826e-08 5674.72 6.96583e-09 -0.00302092 0.00063451 -5.91609e-07
4298.95 9.06492e-09 4800.61 4.05882e-09 -0.00431667 0.00104681 -1.00412e-06
4344.81 -1.2108e-08 4827.14 -5.44909e-09 -0.00679146 0.00172857 -1.56312e-06
4460.41 -1.2466e-08 4973.96 -5.58946e-09 -0.0020096 0.000508042 -4.50542e-07
3915.93 9.08531e-09 4413.66 4.03039e-09 -0.00490166 0.00071028 -1.25172e-06
5052.8 1.77682e-08 5628.86 7.97489e-09 -0.0101902 0.00208344 -2.01675e-06
4321.21 -3.88183e-08 4824.56 -1.73842e-08 -0.00961018 0.00144185 -2.22395e-06
3872.07 -4.62061e-08 4379.22 -2.04275e-08 -0.00431268 0.00078948 -1.11379e-06
4917.11 -4.04745e-09 5482 -1.81519e-09 -0.00401448 0.00161643 -8.16432e-07
4697.06 -1.83834e-08 5190.43 -8.31801e-09 -0.00388663 0.00133196 -8.27461e-07
4428.31 4.39155e-08 4969.56 1.95663e-08 -0.00411804 0.001744 -9.29935e-07
5135.68 -2.3185e-08 5720.65 -1.04071e-08 -0.00447903 0.000865952 -8.72138e-07
5693.19 2.2552e-08 6296.78 1.01951e-08 -0.00339213 0.000793263 -5.95823e-07
5744.23 -3.13758e-06 6371.95 -1.41424e-06 -0.00218192 0.000646319 -3.79845e-07
5161.85 -5.55317e-10 5712.56 -2.50891e-10 -0.00309048 0.000603701 -5.98715e-07
4292.48 -1.08787e-08 4804 -4.86016e-09 -0.00368745 0.000651281 -8.59048e-07
4701.55 -3.4379e-08 5261.59 -1.53599e-08 -0.00583288 0.00171346 -1.24063e-06
4348.46 -4.97543e-08 4854.17 -2.22855e-08 -0.00475249 0.000999566 -1.09291e-06
4650.85 -8.91034e-09 5196.47 -3.98739e-09 0.000837191 0.00100856 1.80008e-07
5181.21 -1.51384e-08 5735.65 -6.83752e-09 -0.010148 0.00221701 -1.95861e-06
4467.41 3.9031e-09 4972.8 1.75321e-09 -0.00343459 0.000571688 -7.6881e-07
5469.09 8.78647e-09 6070.57 3.95795e-09 -0.0103913 0.00164256 -1.9e-06
5270.46 3.71782e-08 5886.27 1.66444e-08 -0.00284108 0.000789133 -5.39056e-07
5485.57 8.85594e-09 6074.3 3.9988e-09 -0.00418946 0.00143515 -7.63725e-07
4823.25 7.72857e-09 5276.77 3.53216e-09 -0.000645568 0.00104574 -1.33845e-07
4558.92 -2.5419e-08 5079.39 -1.14072e-08 -0.00352001 0.00100409 -7.72115e-07
4261.75 3.17919e-08 4770.98 1.41993e-08 -0.00523433 0.000849846 -1.22821e-06
3790.45 2.01726e-08 4263.54 8.96711e-09 -0.00276254 0.000622367 -7.28816e-07
4884.38 2.0455e-08 5443.72 9.17663e-09 -0.00663003 0.00143964 -1.35739e-06
5200.52 -3.08609e-09 5771.84 -1.39031e-09 -0.00441772 0.000994923 -8.49476e-07
4698.03 3.1492e-08 5268.86 1.40401e-08 -0.00236964 0.00107398 -5.04391e-07
4639.92 -1.24992e-08 5153.57 -5.62672e-09 -0.00881217 0.00171049 -1.89921e-06
4520.55 1.1979e-08 5014.66 5.39934e-09 -0.00376847 0.000960359 -8.33632e-07
4893.73 1.51352e-08 5459.43 6.78344e-09 -0.00156123 0.00086273 -3.19027e-07
5231.5 -2.01882e-08 5848.18 -9.02972e-09 -0.00291134 0.000578011 -5.56502e-07
4381.22 -1.39613e-08 4874.07 -6.27478e-09 -0.00423365 0.000976239 -9.66317e-07
4857.63 -3.78608e-08 5408.92 -1.7001e-08 -0.00746054 0.00187834 -1.53584e-06
5622.03 -2.57758e-08 6216.06 -1.16563e-08 -0.0113306 0.00283873 -2.01539e-06
4190.03 -6.6743e-08 4691.9 -2.98018e-08 -0.00377006 0.000530345 -8.9977e-07
4604.67 2.10227e-08 5168 9.3656e-09 -0.00199087 0.0004526 -4.32358e-07
3822.39 -2.59085e-08 4307.69 -1.14949e-08 -0.00326319 0.000608103 -8.53703e-07
4964.68 1.82263e-08 5434.06 8.32597e-09 -0.00738968 0.00152329 -1.48845e-06
5206.82 -8.65205e-09 5780.48 -3.89671e-09 -0.00458564 0.00136987 -8.80698e-07
4124.5 -4.17853e-08 4612.89 -1.86806e-08 -0.00312907 0.000556745 -7.58654e-07
4177.77 2.40524e-08 4648.93 1.08074e-08 -0.00312977 0.00102893 -7.49147e-07
3841.28 -8.33522e-09 4295.28 -3.7271e-09 -0.00447432 0.000708614 -1.1648e-06
3882.37 -4.66532e-08 4330.5 -2.09127e-08 -0.00584084 0.000704955 -1.50445e-06
5438.48 -1.19808e-08 6099.56 -5.34113e-09 -0.0063539 0.00176756 -1.16832e-06
5358.72 2.72814e-09 5977.08 1.22295e-09 -0.0084832 0.00227345 -1.58306e-06
5078.95 -6.16977e-08 5606.95 -2.79438e-08 -0.0082397 0.00144381 -1.62232e-06
4676.9 5.99663e-08 5175.69 2.70936e-08 -0.0089949 0.00177041 -1.92326e-06
5146.36 -4.23329e-09 5737.58 -1.89853e-09 -0.00327703 0.000723512 -6.36768e-07
5452.47 -1.86114e-10 6056.35 -8.37781e-11 -0.00139242 0.000490953 -2.55373e-07
4438.35 -5.83816e-09 4982.19 -2.60044e-09 -0.00400054 0.00128431 -9.01357e-07
5462.23 -3.27361e-08 6066.88 -1.47367e-08 -0.00348399 0.000605001 -6.37833e-07
4993.99 -1.57327e-08 5556.21 -7.07037e-09 -0.00636376 0.00158407 -1.27428e-06
5219.08 6.58713e-09 5781.42 2.97321e-09 -0.00632208 0.00135471 -1.21134e-06
4591.41 6.72125e-09 5096.12 3.0278e-09 -0.00563708 0.00104852 -1.22774e-06
5358.8 -2.79076e-08 6010.39 -1.24411e-08 -0.00331917 0.000629901 -6.19387e-07
5194.71 -8.60408e-09 5797.24 -3.85491e-09 -0.00286647 0.00124828 -5.51805e-07
4236.42 -1.39125e-08 4772.95 -6.17431e-09 -0.00407114 0.000507805 -9.60985e-07
4876.94 -6.81211e-09 5369.1 -3.09384e-09 -0.00935193 0.00186827 -1.91758e-06
5324.22 2.84059e-08 5923.84 1.27653e-08 -0.00328262 0.00115569 -6.16546e-07
4861.49 4.55926e-09 5374.69 2.06196e-09 -0.00183289 0.00083161 -3.77022e-07
4178.77 2.27634e-08 4663.44 1.01988e-08 -0.00339222 0.000436636 -8.11775e-07
5303.53 -3.24133e-08 5903.01 -1.45608e-08 -0.00693948 0.00145933 -1.30846e-06
4650.56 -1.36986e-08 5149.41 -6.18576e-09 -0.00813726 0.00146815 -1.74974e-06
5022.54 8.67877e-10 5582.46 3.90414e-10 -0.00531603 0.000891906 -1.05843e-06
4686.29 -2.38974e-08 5212.8 -1.07418e-08 -0.00536194 0.00143229 -1.14418e-06
5331.04 5.94876e-09 5922.37 2.67739e-09 -0.00126854 0.00151087 -2.37953e-07
5579.07 -7.40995e-10 6165.83 -3.3524e-10 -0.00300651 0.00121384 -5.38892e-07
5537.17 3.48306e-09 6145.99 1.56901e-09 -0.00339986 0.000914859 -6.14008e-07
5309.65 -2.75388e-09 5930.54 -1.23278e-09 -0.00529089 0.00166115 -9.96467e-07
5342.57 -2.89463e-08 5911.49 -1.30802e-08 -0.00320276 0.000784421 -5.99479e-07
5500.09 -2.30961e-08 6086.99 -1.04346e-08 -0.00884708 0.00205635 -1.60854e-06
5689.84 -1.67364e-08 6305.25 -7.55143e-09 -0.00891442 0.00228502 -1.56673e-06
4844.23 3.56514e-08 5345.08 1.61554e-08 -0.00704503 0.00153772 -1.45431e-06
4491.13 -1.94616e-08 4975.61 -8.7833e-09 -0.00922148 0.00154155 -2.05327e-06
4041.15 -3.51969e-08 4522.81 -1.57243e-08 -0.00537601 0.000937802 -1.33032e-06
4431.45 -7.44882e-08 4934.14 -3.34497e-08 -0.0112035 0.00193039 -2.52817e-06
5305.99 -2.41079e-09 5938.71 -1.07697e-09 -0.00515028 0.00153137 -9.70655e-07
5314.09 -1.63698e-08 5931.1 -7.33343e-09 -0.00439109 0.00111626 -8.26311e-07
5567.38 -1.01064e-08 6173.09 -4.55739e-09 -0.0068336 0.00177423 -1.22743e-06
4231.23 3.5058e-08 4786.69 1.54949e-08 -0.00306725 0.000360251 -7.24906e-07
4532.22 -1.71282e-08 5005.59 -7.75418e-09 -0.00325324 0.000910848 -7.17804e-07
4560.47 -3.31345e-08 5072.76 -1.48941e-08 -0.00272205 0.000741276 -5.9688e-07
5245.28 -5.78989e-09 5809.77 -2.61367e-09 -0.00657843 0.00196447 -1.25416e-06
5164.61 1.20557e-08 5757.77 5.40686e-09 -0.0115864 0.00239649 -2.24342e-06
5243.46 6.69171e-09 5842.72 3.00269e-09 -0.00645471 0.00161494 -1.231e-06
4527.44 1.04411e-08 5048.41 4.68181e-09 -0.00874796 0.00149076 -1.93221e-06
4466.66 2.23995e-08 4982.21 1.00408e-08 -0.0050382 0.000676206 -1.12796e-06
5068.68 4.5175e-09 5658.29 2.02338e-09 -0.00844335 0.00141358 -1.66579e-06
5244.73 -1.55016e-08 5829.23 -6.97359e-09 -0.00393585 0.00144546 -7.5044e-07
5328.69 7.7608e-09 5919.53 3.49309e-09 -0.00432539 0.00139112 -8.11717e-07
5289.41 -2.63105e-08 5885.27 -1.18233e-08 -0.00613125 0.00162004 -1.15916e-06
5305.26 -7.0528e-09 5939.2 -3.15e-09 -0.00248522 0.000676904 -4.68444e-07
5017.56 -1.67672e-08 5601.19 -7.51004e-09 0.000259935 0.000430042 5.18051e-08
5483.19 5.02226e-09 6092.78 2.25988e-09 -0.00691631 0.00213357 -1.26137e-06
5496.54 -5.31395e-09 6081.66 -2.40135e-09 -0.00679249 0.00168744 -1.23577e-06
4781.27 1.14877e-08 5249.55 5.23149e-09 -0.00706852 0.000996661 -1.47838e-06
5247.22 -9.01962e-10 5765.72 -4.10425e-10 -0.00146641 0.000724682 -2.79464e-07
4377.9 -2.94976e-08 4853.89 -1.33025e-08 -0.00767169 0.00155757 -1.75237e-06
4365.27 -1.34243e-08 4815.15 -6.08506e-09 -0.00484591 0.000651135 -1.11011e-06
5295.32 -1.43911e-08 5902.05 -6.45587e-09 -0.00556062 0.0019414 -1.0501e-06
5138.77 -3.25464e-08 5652.49 -1.47942e-08 -0.00615175 0.00153058 -1.19713e-06
5187.79 -1.77356e-08 5789.17 -7.94662e-09 -0.00689543 0.00204537 -1.32917e-06
4481.25 1.79769e-08 5041.53 7.98955e-09 -0.0015613 0.0005329 -3.48408e-07
5362.23 -4.77495e-08 5984.62 -2.13918e-08 -0.00566734 0.00141302 -1.0569e-06
4808.66 4.8405e-08 5336.68 2.18079e-08 -0.00330965 0.000634267 -6.88269e-07
5271.56 -2.74655e-08 5839.74 -1.23966e-08 -0.0108916 0.00277666 -2.0661e-06
5048 9.47129e-09 5599.5 4.26923e-09 -0.00799599 0.00181279 -1.58399e-06
4460.45 -3.10915e-08 4965.83 -1.39636e-08 -0.00415293 0.00063628 -9.31057e-07
5356.87 -5.89802e-09 5982.84 -2.64046e-09 -0.011203 0.00205563 -2.09133e-06
4613.95 -1.73041e-08 5171.86 -7.71872e-09 -0.00400722 0.00204187 -8.68501e-07
5337.76 -3.88783e-08 5908.96 -1.756e-08 -0.00697651 0.00164809 -1.30701e-06
5243.08 -3.32203e-08 5850.68 -1.48852e-08 -0.00238418 0.000724623 -4.54729e-07
5845.45 2.3648e-09 6453.33 1.07102e-09 -0.00233922 0.00141377 -4.00177e-07
6019.8 -1.3606e-08 6656.08 -6.15267e-09 -0.00789147 0.00201458 -1.31092e-06
5144.93 2.15416e-08 5718.14 9.69112e-09 -0.00194964 0.000604411 -3.78944e-07
5617.44 -8.48188e-09 6202.98 -3.84061e-09 -0.00576643 0.00168306 -1.02652e-06
4586.71 -3.59541e-09 5065.12 -1.62791e-09 -0.00673129 0.00162543 -1.46756e-06
5025.56 -1.85792e-08 5546.44 -8.41717e-09 -0.00802675 0.00147415 -1.59718e-06
4885.22 -3.5267e-08 5407.63 -1.593e-08 -0.00377657 0.00137357 -7.73062e-07
5476.12 -4.47197e-08 6115.26 -2.00229e-08 -0.00773101 0.00167615 -1.41177e-06
4299.85 1.45876e-08 4748.42 6.60476e-09 -0.00535976 0.000712821 -1.2465e-06
5484.99 -3.8485e-09 6083.72 -1.73488e-09 -0.00732556 0.00176564 -1.33557e-06
5431.68 -3.23936e-08 6073.62 -1.44849e-08 -0.00728633 0.00263334 -1.34145e-06
4622.68 2.90436e-09 5142.1 1.30549e-09 -0.00216699 0.000856386 -4.68774e-07
5395.96 -1.64309e-08 5988.99 -7.40197e-09 -0.00623949 0.00148566 -1.15633e-06
5474.21 -1.96137e-08 6090.3 -8.8148e-09 -0.00414447 0.00152848 -7.57091e-07
4939.94 -2.24956e-08 5442.23 -1.02097e-08 -0.00315663 0.000533027 -6.39002e-07
5129.89 -6.61461e-09 5684.81 -2.98446e-09 -0.00219377 0.000453064 -4.27646e-07
5381.24 -5.57139e-09 5955.79 -2.51696e-09 -0.00875364 0.00205534 -1.62669e-06
5101.95 -4.54509e-09 5665.84 -2.04637e-09 -0.00667671 0.00127316 -1.30866e-06
4822.04 -1.93815e-08 5375.79 -8.69251e-09 -0.00747972 0.00161556 -1.55115e-06
5155.36 1.55883e-08 5745.43 6.99366e-09 -0.0079372 0.00178773 -1.5396e-06
5171.19 -3.07933e-06 5684.53 -1.40062e-06 -0.00240982 0.000587044 -4.66009e-07
4506.5 -2.70463e-08 5088.99 -1.19753e-08 -4.23719e-05 0.000790054 -9.40239e-09
4190.64 3.73857e-08 4727.07 1.65716e-08 0.000316307 0.000606905 7.54794e-08
4298.37 1.524e-08 4787.09 6.84207e-09 -0.000820286 0.000141518 -1.90836e-07
4110.37 9.47057e-08 4573.62 4.25565e-08 -0.00093159 0.00014013 -2.26644e-07
4025.73 -5.48221e-08 4538.51 -2.43141e-08 -0.00160376 0.000555037 -3.98377e-07
3840.69 5.28097e-08 4298.81 2.35909e-08 -0.00198873 0.000277545 -5.17805e-07
4071.61 -1.98244e-08 4601.87 -8.77004e-09 -0.00160793 0.000320482 -3.94912e-07
4516.15 -6.23274e-09 5051.16 -2.78629e-09 -0.00262148 0.000648776 -5.80467e-07
4667.28 -3.57217e-08 5225.75 -1.59521e-08 -0.00231582 0.000602438 -4.96182e-07
4327.56 -1.17277e-09 4805.11 -5.28108e-10 -0.00207362 0.000700282 -4.79165e-07
4181.76 -5.02145e-08 4630.01 -2.26765e-08 -0.00076314 0.000715472 -1.82493e-07
4730.45 -8.85753e-09 5293.7 -3.95754e-09 -0.00134218 0.000714735 -2.83733e-07
4532.43 -2.37383e-08 5115.59 -1.05161e-08 -0.000428771 0.001148 -9.46007e-08
4417.68 -3.08267e-08 4927.78 -1.38178e-08 -0.000977826 0.00105116 -2.21344e-07
4844.8 -5.76456e-09 5436.39 -2.56863e-09 -0.0034016 0.00103753 -7.02113e-07
4502.31 -3.29623e-08 4999.19 -1.48431e-08 -0.00134912 0.000534132 -2.99651e-07
5016.99 1.53041e-08 5597.28 6.85874e-09 -0.000706666 0.000974461 -1.40855e-07
4797.31 -1.10743e-08 5389.26 -4.92895e-09 -0.0040169 0.000659855 -8.37324e-07
4887.12 -3.97492e-09 5461.73 -1.77837e-09 -0.00212789 0.000282132 -4.35407e-07
4388.78 -7.18218e-09 4922.97 -3.20142e-09 -0.00594189 0.000724247 -1.35388e-06
4587.01 5.49549e-08 5126.4 2.45863e-08 -0.0018114 0.000689317 -3.94898e-07
4385.08 6.23989e-09 4911.69 2.78544e-09 -0.00376421 0.000481475 -8.58414e-07
4484.94 -4.07301e-09 5037.33 -1.81318e-09 -0.00366306 0.000886304 -8.16746e-07
4714.81 -1.26227e-08 5246.03 -5.67225e-09 -0.00761466 0.00196535 -1.61505e-06
4100.46 -2.66578e-08 4551.17 -1.20089e-08 -0.00155221 0.000508174 -3.78544e-07
4043.38 7.3416e-08 4535.41 3.27258e-08 0.000223668 0.00080149 5.5317e-08
4609.84 -6.45381e-09 5175.24 -2.87436e-09 -0.0036878 0.000699875 -7.99985e-07
4588.2 -3.02709e-08 5140.3 -1.35098e-08 -0.0036286 0.00122785 -7.90856e-07
4963.14 4.01681e-09 5513.89 1.8078e-09 -0.00646945 0.00156407 -1.3035e-06
5050.16 1.60402e-09 5659.26 7.15692e-10 -0.00810767 0.00225548 -1.60543e-06
3233.32 -4.8216e-08 3650.44 -2.13533e-08 0.000521375 0.000499879 1.61251e-07
4567.15 -5.90924e-08 5064.82 -2.6643e-08 -0.00356371 0.000631771 -7.80293e-07
4572.12 2.86728e-08 5080.93 1.29008e-08 -0.0023655 0.000500386 -5.17376e-07
4612.55 -8.49419e-09 5127.48 -3.82058e-09 -0.00668471 0.00116428 -1.44924e-06
5468.47 -2.25295e-08 6105.42 -1.00895e-08 -0.00512464 0.00148963 -9.37126e-07
5142.59 6.40921e-09 5752.95 2.86462e-09 -0.00513304 0.000727888 -9.98142e-07
5406.97 4.78533e-09 6010 2.15259e-09 -0.00426985 0.000972581 -7.89693e-07
5607.53 1.02427e-08 6258.44 4.58869e-09 -0.000226647 0.000593294 -4.04184e-08
4836.92 -1.27251e-08 5390.9 -5.70871e-09 -0.00393744 0.00092351 -8.14039e-07
5398.02 -1.82226e-09 5984.06 -8.219e-10 -0.00441725 0.000637262 -8.18309e-07
5166.39 -9.14567e-09 5739.54 -4.11619e-09 -0.00810433 0.0019586 -1.56866e-06
6044.76 1.12824e-08 6685.65 5.10042e-09 -0.00428162 0.00167866 -7.0832e-07
5462.49 -2.22493e-08 6065.49 -1.00187e-08 -0.00583274 0.0010636 -1.06778e-06
5325.16 1.38025e-08 5902.3 6.22645e-09 -0.00266478 0.00106424 -5.00412e-07
5269.72 -4.9143e-08 5785.24 -2.23819e-08 -0.0100935 0.00202627 -1.91538e-06
4723.58 -6.36081e-09 5219.3 -2.87834e-09 -0.0103354 0.00206645 -2.18805e-06
5948.53 -2.29014e-08 6606.14 -1.03109e-08 -0.0055027 0.00113518 -9.25052e-07
5042.11 -9.94908e-09 5595.16 -4.48284e-09 -0.00630638 0.00118691 -1.25074e-06
5084.21 -4.78961e-08 5613.06 -2.16917e-08 -0.00498266 0.00100863 -9.80026e-07
4777.47 1.66362e-08 5298.36 7.50032e-09 -0.000924409 0.000500842 -1.93494e-07
5172.39 3.74742e-08 5736.92 1.68933e-08 -0.00792087 0.0015707 -1.53138e-06
4736.76 1.16951e-08 5292.19 5.23384e-09 -0.00624324 0.00159289 -1.31804e-06
5207.98 9.52175e-09 5798.24 4.27621e-09 -0.00458464 0.000763738 -8.80311e-07
5388.02 2.75686e-08 6025.1 1.23268e-08 -0.00614423 0.00183733 -1.14035e-06
5369.9 -1.61885e-08 6005.4 -7.23768e-09 -0.00426921 0.00155689 -7.95026e-07
4903.02 1.20204e-08 5404.76 5.45228e-09 -0.00247287 0.000438408 -5.04356e-07
5032.84 -9.57294e-09 5569.86 -4.32498e-09 -0.00628499 0.0014961 -1.2488e-06
4456.62 -4.08907e-09 4953.54 -1.83944e-09 -0.00545888 0.00104681 -1.22489e-06
5380.1 2.42088e-08 5982.8 1.0885e-08 -0.00396612 0.00141431 -7.37183e-07
5800.34 -3.4941e-08 6409.97 -1.58089e-08 -0.00867514 0.00201123 -1.49563e-06
5213.99 3.05551e-09 5766.47 1.38138e-09 0.000330658 0.000641716 6.34174e-08
4221.96 -7.69047e-09 4690.33 -3.46125e-09 -0.00337795 0.00115247 -8.00091e-07
5176.96 -3.49731e-06 5771.47 -1.56853e-06 -0.00193594 0.000936462 -3.73953e-07
5360.68 -8.57962e-09 5968.44 -3.85298e-09 -0.00221362 0.00103367 -4.12936e-07
5131.4 1.31709e-08 5684.64 5.94456e-09 -0.00166548 0.00117994 -3.24567e-07
5065.82 -2.86178e-08 5618.08 -1.29023e-08 -0.00375588 0.000885266 -7.41416e-07
6004.91 -1.73956e-08 6617.03 -7.8932e-09 -0.00569851 0.00166539 -9.48975e-07
5600.32 -1.43491e-08 6210.17 -6.47e-09 -0.010077 0.00232727 -1.79936e-06
5387.46 -1.88021e-08 5942.75 -8.52264e-09 -0.00561441 0.00165107 -1.04213e-06
5218.76 -8.07653e-09 5789.86 -3.63994e-09 -0.006353 0.00141417 -1.21734e-06
5660.41 1.73201e-08 6296.35 7.78538e-09 -0.00189298 0.000962483 -3.34424e-07
5186.68 1.92394e-09 5759.22 8.66338e-10 -0.0076459 0.0016116 -1.47414e-06
4369.87 -1.2943e-08 4841.67 -5.84089e-09 -0.00220243 0.000300292 -5.04003e-07
5755.17 -2.06421e-08 6348.17 -9.35692e-09 -0.0063465 0.00145315 -1.10275e-06
4704.35 1.55274e-08 5234.39 6.97755e-09 -0.00569017 0.0017673 -1.20956e-06
5360.04 -1.82944e-08 5936.51 -8.25896e-09 -0.00755217 0.00200271 -1.40898e-06
4503 -2.42029e-08 5011.17 -1.08743e-08 0.000704535 0.000257016 1.56459e-07
4812.05 -3.83702e-08 5360.79 -1.72213e-08 -0.0046911 0.00139252 -9.74863e-07
5029.61 -1.50703e-08 5560.55 -6.81565e-09 -0.0063669 0.00182033 -1.26588e-06
4578.7 1.3623e-08 5094.27 6.12213e-09 -0.000719573 0.000699835 -1.57156e-07
5210.42 -2.66422e-08 5775.25 -1.20183e-08 -0.0055597 0.00131079 -1.06703e-06
4985.91 -3.23949e-09 5542.06 -1.4572e-09 -0.00479654 0.0018433 -9.62019e-07
5222.47 -4.04165e-09 5778.07 -1.82651e-09 -0.00375365 0.00114824 -7.1875e-07
5995.42 -7.57089e-09 6631.56 -3.42232e-09 -0.0104858 0.0024157 -1.74897e-06
5989.95 -1.58875e-08 6643.25 -7.16256e-09 -0.00860608 0.00164156 -1.43675e-06
6095.03 -1.70331e-08 6787.02 -7.64822e-09 -0.00490109 0.00132382 -8.04112e-07
5960.65 1.3984e-09 6652.91 6.26445e-10 -0.0023587 0.00140048 -3.95712e-07
5148.97 -3.65601e-08 5717.3 -1.64629e-08 -0.00766883 0.00200288 -1.48939e-06
4857.93 -8.0526e-09 5430.56 -3.60174e-09 -0.00644726 0.00181252 -1.32716e-06
6064.33 -8.45093e-09 6680.92 -3.83549e-09 -0.0141363 0.00271402 -2.33106e-06
5842.63 -7.00179e-09 6488.06 -3.15263e-09 -0.0109415 0.00315372 -1.87271e-06
5863.44 -2.69926e-08 6523.28 -1.21311e-08 -0.00716296 0.00215499 -1.22163e-06
4961.74 2.34598e-08 5539.31 1.05069e-08 -0.00537615 0.00141399 -1.08352e-06
5591.56 1.54259e-08 6157.96 7.00354e-09 -0.0112801 0.00238876 -2.01734e-06
4697.87 3.78258e-09 5233.46 1.69773e-09 -0.00182957 0.000819647 -3.89448e-07
4282.04 1.06594e-07 4893.54 4.6637e-08 -0.0812126 0.0103329 -1.89658e-05
4200.43 1.56824e-08 4698.2 7.01045e-09 -0.000431213 0.00033211 -1.02659e-07
5520.94 -3.79325e-09 6125.78 -1.70936e-09 -0.0138774 0.00350398 -2.5136e-06
5015.62 -1.54973e-08 5566.07 -6.98235e-09 -0.00317907 0.00134327 -6.33834e-07
5169.92 -3.96005e-08 5730.01 -1.78648e-08 -0.00515618 0.00125502 -9.97344e-07
5233.5 -1.33865e-08 5770.89 -6.06998e-09 -0.00855242 0.00182709 -1.63417e-06
5656.33 1.9626e-08 6273.86 8.84711e-09 -0.00918927 0.00197103 -1.6246e-06
5933.84 -2.30527e-08 6573.82 -1.04042e-08 -0.00930139 0.00259358 -1.56752e-06
5145.1 -2.04921e-08 5698.39 -9.25119e-09 -0.00751173 0.00218199 -1.45998e-06
5326.35 3.87062e-09 5855.5 1.76042e-09 -0.00331536 0.00151624 -6.22444e-07
5792.3 -2.78715e-08 6424.34 -1.25647e-08 -0.0085906 0.00179413 -1.48311e-06
5978.73 9.81743e-11 6623.71 4.43073e-11 -0.00686195 0.00167745 -1.14773e-06
5747.92 -1.50446e-08 6393.24 -6.76302e-09 -0.00381132 0.00121926 -6.63079e-07
5464.77 2.08087e-08 6068.59 9.36911e-09 -0.00787064 0.00171528 -1.44025e-06
4581.59 -6.27106e-09 5160.25 -2.78392e-09 -0.000359359 0.000944228 -7.84355e-08
5355.93 1.90917e-08 5906.74 8.65567e-09 -0.00773801 0.00185406 -1.44476e-06
5502.34 -1.58385e-08 6077.79 -7.16946e-09 -0.00823582 0.00221024 -1.49678e-06
4690.54 2.21209e-08 5254.89 9.87259e-09 0.000738271 0.000586905 1.57396e-07
4838.84 -9.75121e-09 5346.97 -4.41227e-09 0.000865891 0.000194746 1.78946e-07
5025.36 2.9401e-08 5591.93 1.3211e-08 -0.00176919 0.000683204 -3.52052e-07
5092.5 -2.21091e-08 5640.86 -9.97992e-09 -0.00551399 0.00135071 -1.08277e-06
5163.57 -5.19038e-08 5737.55 -2.33557e-08 -0.00894571 0.00218943 -1.73246e-06
5642.05 -1.87829e-09 6256.18 -8.46957e-10 -0.00514853 0.00148613 -9.12529e-07
5805.31 -1.17483e-08 6442.25 -5.29337e-09 -0.00886356 0.00227842 -1.5268e-06
5868.34 1.60454e-08 6529.17 7.21073e-09 -0.00846984 0.00212215 -1.44331e-06
5392.26 -2.30553e-08 5954.21 -1.04397e-08 -0.00631941 0.00179046 -1.17194e-06
6104.46 -3.16838e-08 6784.88 -1.42532e-08 -0.0125739 0.00354181 -2.05979e-06
6224.63 -1.27723e-08 6881.25 -5.7768e-09 -0.0146827 0.00299851 -2.3588e-06
5781.58 -2.54073e-08 6378.73 -1.15144e-08 -0.00498232 0.00148517 -8.61757e-07
5450.56 1.67097e-08 6019.26 7.56547e-09 -0.00408233 0.00137049 -7.48974e-07
5403.78 4.43735e-09 5974.48 2.00674e-09 -0.00758555 0.00229721 -1.40375e-06
5426.95 -2.112e-09 6043.54 -9.48262e-10 -0.00855703 0.00186575 -1.57677e-06
4459.41 -4.81157e-08 4927.82 -2.1771e-08 -0.00233397 0.000558054 -5.23381e-07
4768.13 8.02933e-10 5333.64 3.58901e-10 0.000575871 0.000900793 1.20775e-07
5229 -4.73512e-08 5769.47 -2.14577e-08 -0.0080241 0.00158533 -1.53454e-06
5132.56 2.66986e-10 5719.57 1.19792e-10 -0.00467323 0.00163686 -9.10506e-07
5867.95 3.03368e-08 6522.16 1.36469e-08 -0.0051407 0.0019251 -8.76063e-07
5970.26 -3.10195e-08 6634.31 -1.39573e-08 -0.00532476 0.0012902 -8.91881e-07
5374.63 -2.11551e-09 5942.9 -9.56613e-10 -0.00646409 0.00188678 -1.20271e-06
5416.13 -1.4824e-08 6009.64 -6.68e-09 -0.00385588 0.00121007 -7.11926e-07
6156.44 1.24506e-08 6812.46 5.62583e-09 -0.00811139 0.00237907 -1.31755e-06
5393.6 -6.77823e-09 6039.76 -3.02653e-09 -0.0112137 0.00238716 -2.07908e-06
4768.41 2.99674e-08 5352.1 1.33496e-08 -0.00408398 0.000931953 -8.56466e-07
5587.32 2.37384e-08 6178.09 1.07342e-08 -0.00553547 0.00177207 -9.90721e-07
5359.9 -2.19038e-08 5936.87 -9.88755e-09 -0.00412187 0.000933292 -7.6902e-07
4512.5 -2.95493e-08 4964.87 -1.34285e-08 -0.00360657 0.000493223 -7.99242e-07
4666.99 1.53797e-08 5188.31 6.91718e-09 -0.00208327 0.000770242 -4.46384e-07
5526.33 2.47064e-08 6150.41 1.10997e-08 -0.00535834 0.00129689 -9.69603e-07
5144.65 1.67691e-08 5718.04 7.54378e-09 -0.00637028 0.00140311 -1.23823e-06
5987.68 9.9884e-09 6630.52 4.51001e-09 -0.00372156 0.00115674 -6.21537e-07
5857.07 -1.01123e-08 6495.66 -4.5591e-09 -0.00666758 0.00199768 -1.13838e-06
5128.77 1.22115e-08 5681.05 5.51217e-09 -0.00421678 0.00151355 -8.22181e-07
5047.9 -3.5664e-08 5599.17 -1.60763e-08 -0.00316382 0.000762512 -6.2676e-07
5455.29 -2.49103e-08 6029.34 -1.12693e-08 -0.00686949 0.00167307 -1.25923e-06
5094.53 -6.91945e-10 5710.78 -3.08638e-10 -0.00422598 0.00108358 -8.29512e-07
5338.9 -1.29927e-08 5906.57 -5.872e-09 -0.00446675 0.000639348 -8.36641e-07
5282.51 5.65437e-09 5871.26 2.54368e-09 -0.0060466 0.00182681 -1.14464e-06
6358.42 -1.79243e-08 6997.2 -8.14399e-09 -0.0150114 0.00370224 -2.36087e-06
5513.92 -2.37414e-08 6106.64 -1.07185e-08 -0.00417143 0.000797405 -7.56527e-07
5291.91 -1.03613e-09 5881.29 -4.66147e-10 -0.00552764 0.00145858 -1.04455e-06
5347.82 -1.15159e-08 5902.08 -5.21723e-09 -0.00378003 0.000981554 -7.06836e-07
4819.26 4.47672e-08 5400.35 1.99751e-08 -0.00104896 0.000283314 -2.17661e-07
5436.76 -1.22069e-08 6051.81 -5.48316e-09 -0.0117898 0.00225194 -2.16853e-06
4437.41 -5.56115e-08 4914.21 -2.51079e-08 -0.00588762 0.000880081 -1.32682e-06
5727.68 -2.98827e-08 6363.07 -1.34494e-08 -0.00558423 0.00144657 -9.74955e-07
5052.66 -2.82973e-08 5560.9 -1.28555e-08 -0.00317313 0.00101973 -6.28013e-07
5080.47 -1.91928e-08 5666.1 -8.60456e-09 -0.00256607 0.00104745 -5.05085e-07
5352.42 -2.89785e-08 5953.72 -1.30259e-08 -0.0066866 0.00221321 -1.24926e-06
6293.23 -1.56171e-08 6932.48 -7.0885e-09 -0.0122892 0.00272871 -1.95277e-06
5049.28 1.46584e-08 5600.88 6.60738e-09 -0.0123179 0.00220938 -2.43953e-06
5646.56 1.89046e-08 6194.35 8.61642e-09 -0.00410835 0.00088388 -7.27584e-07
3944.97 3.02125e-08 4412.14 1.35068e-08 -0.00331721 0.000560702 -8.40871e-07
5982 2.98713e-08 6646.61 1.34422e-08 -0.00835306 0.00210054 -1.39636e-06
4487.18 -7.04067e-08 4985.36 -3.16855e-08 -0.00722815 0.00107522 -1.61084e-06
5120.55 -1.5236e-08 5668.24 -6.88191e-09 -0.0119321 0.00235756 -2.33024e-06
5190.91 -1.4839e-08 5764.62 -6.68109e-09 -0.00399022 0.00113845 -7.68693e-07
5249.38 1.9971e-08 5824.12 9.00012e-09 -0.00205878 0.000688718 -3.92195e-07
