4155.38 6.23362e-07 
3050.04 4.35442e-07 
2748.69 4.86902e-07 
2772.31 -2.48158e-07 
3549.7 -1.10649e-06 
2660.38 7.94932e-07 
2755.12 -6.85497e-07 
3979.79 -7.54096e-08 
3811.47 -8.04406e-07 
3524.39 -4.03726e-07 
4336.48 -3.56959e-07 
3542.07 2.36353e-07 
3803.98 -4.72401e-08 
3240.84 -4.04482e-07 
2933.22 -2.16187e-07 
2750.86 -6.56788e-07 
3459.96 -1.86809e-09 
4018.17 1.19531e-07 
3374.96 -1.0473e-06 
3593.77 -5.32412e-07 
3020.68 6.18412e-07 
4102.39 -5.26423e-07 
4191.52 2.75489e-07 
3701.09 -2.44402e-08 
4235.9 -5.91184e-07 
4219.35 1.82878e-07 
3782.67 1.79346e-07 
4400.19 -4.64129e-07 
4266.8 3.24752e-07 
4637.11 3.53538e-08 
4552.16 2.59031e-08 
4141.63 1.80597e-07 
3891.09 3.53351e-08 
4133.98 9.53128e-08 
2019.24 6.51122e-07 
4260.08 -2.14599e-07 
3685.23 4.16393e-07 
3993.12 1.53336e-07 
3982.15 -4.68291e-07 
4214.91 -1.54624e-07 
3331.56 4.59401e-07 
3446.01 6.9792e-07 
3431.69 -1.32578e-07 
4535.48 -1.61856e-07 
3135.92 1.62848e-07 
3491.96 3.79379e-07 
2013.06 2.39634e-07 
2399.4 -7.61587e-07 
3583.29 -2.81042e-07 
3569.29 -1.78066e-07 
2567.63 1.51948e-07 
3304.35 9.02426e-07 
3048.57 -1.10381e-08 
2703.86 9.19087e-07 
2438.58 -3.20652e-07 
2083.81 7.21764e-07 
3272.75 -8.78927e-08 
4134.47 2.17421e-07 
3479.04 8.02672e-07 
3282.66 -2.40188e-07 
3170.35 3.29898e-07 
3286.14 3.13999e-07 
3254.51 -4.28919e-08 
2066.62 1.47808e-06 
3795.79 -4.37948e-07 
4565.07 1.82526e-07 
2770.13 -8.83512e-07 
3315.49 -3.57517e-08 
3384 6.90024e-07 
2421.78 7.02917e-07 
4325.36 1.05976e-07 
3715.65 8.89275e-07 
4260.92 1.38831e-07 
3346.6 5.03443e-07 
2986.56 2.58084e-08 
4130.72 1.06697e-07 
4067.63 -7.05296e-07 
2443.62 1.35626e-07 
3875.09 -3.28749e-07 
3370.68 -2.66521e-07 
4270.95 6.82265e-08 
4819.35 9.75536e-08 
4278.36 4.81053e-08 
3566.39 -5.16036e-07 
4477.88 -2.99277e-07 
3751.31 -2.16401e-07 
3646.4 1.50376e-07 
3357.88 -1.1394e-08 
4549.98 -8.13527e-07 
3050.51 -3.67212e-08 
4831.3 -3.18428e-09 
3501.19 -9.17068e-08 
3350.01 -1.1876e-07 
3641.77 8.37268e-07 
2787.79 -3.11074e-08 
2297.49 -2.05813e-07 
4113.03 -1.43254e-07 
3721.76 -9.02215e-07 
2842.8 1.13296e-06 
1908.83 -6.41318e-08 
4081.19 -8.19013e-07 
3882.57 -3.48839e-07 
2995.73 6.85823e-08 
3489.43 9.75868e-07 
3694.87 -3.5055e-07 
4533.69 5.26929e-07 
3403.26 3.53833e-08 
3072.35 1.56774e-06 
3166.37 -7.59412e-07 
3961.83 -5.01776e-07 
3657.05 -7.41161e-08 
3793.34 -2.00931e-07 
4218.19 -3.49746e-07 
3315.1 -9.57001e-07 
3420.3 -4.41899e-08 
2866.96 1.05214e-09 
4775.52 -4.42728e-07 
4238.96 -4.79587e-07 
3899 -6.3791e-07 
3454.19 7.2409e-07 
3781.24 1.01922e-07 
3049.61 8.702e-09 
3054.38 -3.68449e-07 
2600.21 7.03575e-07 
3419.63 1.08714e-06 
3308.26 1.95487e-07 
4166.62 -1.06271e-07 
4387.52 1.81265e-08 
3007.34 1.49264e-08 
2301.5 2.86247e-07 
2397.08 4.71029e-07 
3681.46 5.86587e-07 
3792.09 -1.2572e-06 
3679.52 -2.3845e-07 
3688.95 -1.505e-06 
4372.14 -4.05726e-07 
3967.2 1.16929e-07 
4737.45 3.84536e-07 
3717.81 6.17971e-07 
4294.31 5.40291e-07 
4835.87 -3.2661e-08 
3658.59 -1.39427e-06 
3309.44 -4.80992e-07 
4169.9 -3.85097e-07 
5294.85 -3.70843e-07 
4107.39 -9.46929e-09 
5136.05 1.21528e-07 
3445.59 8.90393e-07 
3717.12 8.20659e-07 
4043.54 -2.90723e-08 
5160.06 -2.55692e-07 
4306.78 -3.43912e-09 
4106.32 6.9228e-07 
3493.36 -1.83353e-07 
3415.52 -8.07529e-08 
4327.44 8.23885e-08 
4293.18 -8.64271e-08 
4637.32 -4.51098e-07 
3621.73 -6.2876e-08 
4275.41 5.88723e-08 
4591.01 3.03294e-07 
4480.66 2.27853e-08 
4185.39 -3.9372e-07 
3718.42 -2.3351e-08 
4020.48 2.99762e-07 
3421.41 7.85609e-07 
3897.48 -8.07749e-07 
4931.64 -5.89234e-07 
3486.44 -5.38956e-07 
3988.09 -1.14354e-07 
4622.44 1.12585e-07 
4161.16 2.0396e-07 
4449.44 -6.82182e-07 
4379.77 6.77369e-08 
4507.11 -4.31666e-07 
3677 -2.89146e-07 
4561.16 -8.32432e-07 
3839.85 1.7004e-07 
4348.38 -2.72556e-07 
4470.46 -5.3195e-08 
4169.11 -1.68672e-06 
4026.7 -1.47688e-06 
4337.89 6.59434e-08 
3907.6 5.39095e-07 
3939.15 -1.38193e-07 
4687.22 3.26611e-07 
3877.23 1.65767e-07 
3679.62 7.38155e-07 
4277.01 1.30685e-07 
4641.64 -4.27822e-07 
4428.53 5.65732e-07 
4363.86 -5.12012e-07 
4725.04 -5.51739e-08 
4840.23 -8.36755e-08 
3940.05 -5.35253e-07 
3742.46 4.0151e-07 
4414.63 -4.43889e-08 
3679.01 4.09917e-08 
4078.56 1.07112e-07 
3535.27 -6.25692e-08 
3947.22 -1.0796e-07 
3691.45 -1.87955e-08 
4940.74 -2.23746e-07 
3362.76 -5.48732e-08 
4361.56 4.20606e-07 
4005.32 -1.8932e-07 
3547.77 -1.40014e-08 
4123.27 -6.42313e-07 
3949.54 -1.87422e-08 
3371.33 -4.78592e-07 
3558.62 4.19153e-07 
3981.86 -1.10175e-06 
4517.92 -9.86207e-07 
4187.52 -6.9466e-08 
3887.67 1.84564e-08 
3246.92 7.97738e-07 
4096.21 1.63673e-07 
4353.36 3.63033e-07 
3957.33 -3.87137e-07 
4294.65 -6.29518e-07 
3287.29 -1.81233e-07 
3570.53 1.15025e-06 
3348.45 -5.45506e-09 
3471.96 4.30773e-08 
4257.89 3.54924e-08 
3755.71 1.0519e-07 
4100.92 1.20739e-08 
4473.8 2.03036e-08 
5577.6 -1.2702e-06 
4093.62 2.91547e-08 
4508.61 2.71851e-08 
4095.45 4.64357e-08 
4807.04 7.30831e-08 
3949.48 -1.53779e-06 
3906.04 -6.44261e-09 
3139.03 -6.68994e-07 
3551.77 1.26598e-06 
3391.34 2.77822e-07 
3756.54 -2.98115e-08 
4224.98 -5.7234e-08 
3946.27 -5.13814e-07 
4361.03 4.86893e-07 
4314.47 -1.72332e-07 
3600.35 -7.09438e-08 
3741.53 -1.08964e-07 
3078 -1.01262e-07 
3791.5 -8.61759e-08 
4349.93 -1.84498e-07 
3402.92 -1.17257e-06 
3638.81 5.93364e-07 
2946.07 2.66382e-07 
3935.56 -1.48912e-07 
4076.54 6.43759e-08 
4317.8 -7.95871e-08 
2992.06 1.51022e-06 
3567.07 1.72784e-07 
3875.69 8.0237e-08 
3538.01 3.6282e-07 
3363.51 6.1721e-07 
4186.96 6.11274e-07 
4127.11 -2.68371e-07 
3509.17 1.74756e-07 
4194.71 -8.50548e-08 
3871.9 -7.81376e-07 
3932.42 1.80474e-08 
3977.63 -1.09205e-06 
3372.82 4.28951e-07 
3551.01 -1.68306e-06 
4165.64 -5.56602e-08 
4188.27 -1.12355e-07 
3726.2 1.96035e-07 
4540.41 6.67623e-08 
4351.82 1.20526e-07 
4228.45 3.81408e-07 
4498.86 -9.38084e-07 
4037.1 2.64302e-07 
3766.46 4.42048e-08 
4439.82 1.70872e-07 
3780.79 6.81654e-07 
3862.44 3.33485e-09 
3975.73 8.62021e-08 
4229.21 -7.95786e-07 
3599.44 -1.29013e-06 
3805.85 1.64839e-07 
3506.82 1.20981e-06 
4144.74 -1.04924e-06 
4240.09 -1.36919e-07 
3280.69 -1.74799e-08 
3244.8 1.80267e-06 
3729.71 -1.03798e-06 
3154.34 -1.51313e-07 
3398.4 9.36502e-07 
3806.57 -9.29705e-08 
4444.24 4.93479e-08 
4991.46 -2.07487e-07 
5376.17 3.09539e-07 
3289.06 -1.44039e-07 
3195.82 -5.34454e-08 
4036.59 -8.85723e-07 
4143.98 2.48045e-07 
4762.43 -7.78101e-08 
4045.48 -1.37526e-07 
3971.16 3.72004e-07 
3702.13 -3.38185e-07 
3331.27 -1.13084e-07 
3901.86 -6.98824e-07 
3776.99 5.51553e-07 
4851.57 -8.08542e-08 
4071.63 5.45611e-07 
3701.45 -1.06585e-06 
3986.96 -4.87928e-07 
3874.48 3.4236e-08 
3855.92 2.7898e-08 
4726.43 1.25555e-07 
3948.24 -7.36882e-07 
4408.76 -4.65896e-08 
3564.24 -7.23129e-08 
3843.11 4.02057e-07 
4196.53 -2.17913e-07 
4225.04 1.47694e-07 
4723.77 -6.85744e-08 
3942.22 -3.18557e-07 
3330.83 4.74001e-08 
3434.25 6.48955e-08 
3522.94 1.9053e-07 
3130.84 1.17401e-06 
3672.66 -4.24687e-07 
3295.79 -5.91602e-08 
3556.56 -7.11076e-07 
4709.55 9.74565e-07 
5147.99 6.85204e-08 
4189.71 -2.9885e-08 
4046.42 -9.73005e-07 
3849.13 3.13865e-07 
3530.65 -3.58078e-07 
4066.91 6.13154e-07 
5127.89 2.68343e-08 
5442.61 -5.1668e-07 
4884.75 5.86168e-09 
3474.41 -1.92136e-07 
3520.3 -3.30865e-09 
3092.07 1.31251e-07 
3583.99 -8.01727e-07 
3894.52 1.19564e-07 
3654.61 -3.85302e-08 
3477.86 -1.47704e-06 
3265.28 1.46141e-07 
3747.1 -1.5927e-06 
4852.76 -1.88447e-07 
2988.1 -6.7881e-07 
4296.42 -2.04254e-07 
2785.3 6.46993e-08 
4139.64 -4.84169e-07 
3621.43 9.17387e-08 
4058.08 -1.08297e-07 
4663.42 -8.78716e-08 
3526.5 -3.16824e-07 
3465.5 -8.60668e-08 
4198.21 -4.95597e-07 
3694.48 4.79413e-08 
3845.66 -9.88852e-07 
3820.06 3.36442e-07 
2890.31 1.73362e-07 
3314.21 1.50611e-07 
3443.22 5.54637e-07 
3739.76 3.58199e-08 
3738.72 5.27019e-08 
3271.96 1.18473e-06 
3211.23 1.7229e-06 
3884.1 -9.21471e-07 
3607.07 -2.61354e-07 
4702.84 -3.84044e-07 
3916.8 -3.81753e-07 
4286.14 -6.43849e-08 
3720.59 -5.47449e-07 
3580.76 4.97693e-08 
3991.4 3.8196e-07 
5208.44 -1.27377e-07 
2912.2 -4.44426e-08 
3370.7 2.34737e-08 
4288.57 4.40289e-07 
3902.01 7.32923e-08 
4394 -1.77553e-07 
3382.3 7.30462e-07 
5048.78 -8.70093e-07 
3466.28 -4.4572e-07 
3984.94 -4.77276e-08 
4627.67 -5.51891e-07 
4543.73 -8.21172e-07 
2958.83 -1.88595e-07 
4446.83 3.11685e-07 
3477.22 -2.14918e-08 
3399.81 -1.70708e-07 
4458.71 1.23213e-07 
3452.22 3.67788e-07 
3770.15 -2.04121e-07 
3536.01 -1.84929e-06 
3453.8 -1.80599e-07 
3798.79 -5.33482e-08 
3156.77 7.93473e-07 
5049.73 -3.51273e-07 
4088.86 -1.69355e-07 
4016.69 4.15425e-07 
3992.44 9.30401e-07 
3278.34 3.02482e-07 
4083.97 3.44687e-07 
3022.37 3.72708e-07 
3688.04 7.96636e-08 
3091.34 1.63913e-06 
3777.83 7.29014e-07 
3542.12 1.50401e-06 
3570.39 3.90232e-08 
4332.12 -2.62415e-07 
4955.38 -7.02062e-07 
4099.48 3.8422e-08 
3769.6 -8.46875e-07 
3751.63 7.60116e-07 
3795.81 -7.67518e-08 
3723.03 4.87374e-08 
4653.81 -3.04371e-07 
4696.59 3.47437e-07 
5673.93 -7.2061e-07 
3061.88 -5.59207e-07 
3363.14 -2.08198e-07 
2622.3 -6.95371e-07 
4084.92 1.98052e-07 
4522.47 8.77695e-08 
4007.36 -5.01658e-08 
3632.49 9.15492e-07 
3405.59 7.99653e-07 
4617.87 2.48889e-08 
3820.98 -5.69669e-07 
4173.03 2.00486e-07 
3845.78 -1.25177e-06 
3209.43 1.63547e-06 
3282.43 -1.51628e-07 
4285.25 3.81187e-07 
4412.27 -4.41452e-07 
4105.55 -8.09225e-07 
4220.16 3.00097e-07 
4665.41 -2.22834e-07 
4443.95 4.2128e-07 
4115.31 1.05058e-07 
3896.58 -6.63696e-07 
3450.25 3.76315e-08 
4408.89 -2.0255e-07 
3772.53 -6.596e-07 
4190.16 1.86668e-07 
3089.22 -1.2249e-07 
3720.89 1.49998e-06 
3709.23 1.00031e-07 
5232.57 -1.03981e-07 
4204.86 -4.11065e-08 
4293.96 1.01203e-07 
5296.19 -5.60519e-08 
4865.09 -2.82188e-07 
3144.04 -1.21384e-06 
4087.44 7.0984e-07 
3672.79 5.08748e-07 
4028.11 -5.16994e-08 
4278.02 -1.44459e-07 
4916.62 -2.02876e-07 
3564.37 -9.00825e-07 
3826.18 1.61681e-06 
4030.01 1.07774e-07 
4836.35 -4.11357e-07 
3355.75 4.01595e-07 
4745.3 -1.25337e-07 
3427.01 9.08659e-08 
4196.02 -4.65181e-07 
3798.82 5.95611e-07 
3938.77 -9.41108e-07 
3598.57 6.11739e-08 
4393.52 -2.2231e-07 
3967.96 -1.75801e-07 
4072.8 -4.78721e-07 
3976.64 2.51412e-07 
3863.76 -1.51985e-07 
3955.31 -7.24645e-07 
3123.95 9.45031e-07 
3730.7 -9.15915e-08 
3955.92 -1.22466e-07 
3801.11 -1.07752e-06 
3895.33 -1.75386e-07 
3288.98 -2.34761e-07 
4727.77 -4.7002e-08 
4111.45 -1.80129e-07 
4091.42 2.30267e-07 
3976.71 3.91614e-07 
5080.07 -3.70853e-07 
3478.64 -1.386e-06 
5391.69 -7.59799e-07 
5444.11 -4.19751e-07 
3895.07 -6.37898e-07 
3298.37 -5.76572e-08 
4001.36 -9.54982e-07 
4355.24 -1.24451e-07 
4211.83 -2.22408e-08 
4029.05 -6.64745e-08 
3808.49 -2.7941e-07 
3595.29 1.06825e-07 
4596.91 -2.61405e-07 
4586.29 5.80881e-08 
3960.7 4.28108e-07 
4005.72 6.52966e-08 
3479.87 3.06632e-07 
4159.12 1.98867e-07 
4376.15 -6.64383e-07 
4248.6 5.20636e-07 
3419.84 -2.42671e-07 
3454.45 -3.68491e-07 
4197.89 4.04602e-07 
3984.77 8.89103e-08 
4334.22 8.0326e-11 
4424.19 -1.48288e-07 
3715.52 5.57689e-08 
4186.78 8.01337e-08 
3886.19 -1.2356e-07 
3182.3 -1.452e-08 
3568.95 -1.04017e-07 
3905.15 -7.77142e-08 
5505.3 -5.05279e-07 
3390.78 7.41959e-07 
3750.19 -3.77673e-07 
3684 -9.89238e-07 
4139.81 -1.10093e-07 
3674.21 3.64852e-07 
3969.24 -1.89713e-07 
4296.61 -6.8701e-07 
4173.68 2.2652e-07 
4132.65 -6.92509e-08 
5300.96 -1.7991e-07 
4944.07 -1.46466e-08 
3958.93 -6.62606e-08 
3792.49 9.79343e-08 
4517.44 -2.84533e-07 
4042.49 -1.20147e-07 
4095.68 6.56876e-07 
3786.1 -8.00995e-07 
3461.94 2.01297e-08 
3855.03 -1.68274e-06 
4684.09 -2.27445e-08 
4448.35 8.63262e-08 
4918.73 -3.36536e-07 
5080.71 4.01264e-07 
4010.31 -4.05275e-07 
3288.66 4.92448e-07 
3597.41 7.28455e-07 
4057.58 8.82541e-07 
4334.97 1.78872e-07 
3648.09 6.48455e-07 
4347.16 -6.37321e-07 
3813.08 3.39732e-08 
3681.38 -1.09489e-06 
3943.14 -1.46184e-06 
4639.89 6.90992e-08 
4800.62 -1.01191e-07 
4328.85 6.78285e-07 
4155.31 -2.4258e-07 
3974.28 9.87494e-08 
3421.26 4.02545e-07 
3778.09 2.52153e-08 
3577.79 -9.33421e-07 
4838.55 1.03933e-07 
3481.03 -2.45312e-07 
4313.16 -1.30709e-07 
4651.5 -2.73595e-07 
4367.21 -9.10368e-08 
3842.26 7.76707e-07 
3867.44 -4.11879e-07 
4261.93 -1.02725e-07 
4465.31 1.21338e-07 
3992.06 -1.18488e-07 
5431.69 3.59441e-07 
3913.9 -5.99404e-07 
3828.77 -1.42055e-06 
3843.99 1.94017e-07 
4837.98 -5.06173e-07 
3409.18 -4.72695e-08 
3955.15 -5.42641e-08 
4048.58 5.04521e-07 
3573.49 2.23007e-07 
4867.25 9.77474e-08 
4272.51 -8.17879e-07 
4477.17 -9.64588e-07 
4013.67 -4.6289e-07 
4081.37 -2.76741e-07 
5060.83 -1.45766e-08 
4253.7 -4.50505e-09 
4480.98 -1.27425e-07 
3541.67 2.83194e-07 
4011.9 1.74087e-07 
4561.04 8.33235e-08 
4269.41 -2.37221e-07 
3886.27 -6.00262e-07 
5757.2 5.96549e-07 
3683.63 -4.02639e-08 
3991.76 -1.1323e-07 
4293.04 -3.46708e-07 
3965.23 1.28989e-06 
4591.32 -1.89051e-07 
4202.71 -2.68527e-09 
4663.23 -6.78252e-07 
4955.47 -1.15809e-07 
4731.26 -3.17007e-07 
4782.55 -1.19148e-06 
4943.5 -5.69015e-07 
3875.19 -2.0023e-07 
5246.12 -6.23007e-07 
3687.3 -2.40945e-07 
5038.24 -6.90092e-07 
3983.04 8.54419e-08 
4188.43 5.39073e-07 
4629.85 -2.7571e-08 
4700.87 -5.06953e-07 
4272.72 -2.81836e-07 
5118.06 1.41389e-07 
4687.72 2.6376e-07 
4445.37 4.31741e-07 
5008.4 -2.69661e-07 
3622.59 9.15585e-07 
4063.16 5.23897e-08 
3649.01 1.36691e-08 
3862.51 4.48009e-07 
4170.83 6.82062e-07 
3755.51 5.65565e-07 
4502.46 1.08815e-06 
3880.17 4.35034e-07 
3959.71 8.154e-07 
3644.47 -2.7265e-07 
4656.87 1.76472e-07 
4366.5 7.57451e-07 
4570.19 -7.27171e-08 
4327.71 8.14115e-07 
5036.55 -4.35008e-07 
4708.32 -6.85056e-07 
4049.21 -2.21774e-09 
4037.69 6.53922e-07 
4577.63 -1.88768e-08 
5227.03 -1.83216e-07 
4155.64 -4.75113e-07 
5925.33 -3.70763e-07 
4549.44 7.89527e-08 
3653.93 1.25435e-07 
4022.96 -1.33273e-06 
3885.02 7.57339e-08 
3955.02 -1.43828e-07 
3928.08 -3.26188e-07 
4282.17 -1.43338e-07 
4785.17 4.30835e-08 
4570.18 4.64189e-08 
4477.11 -8.75579e-08 
4389.69 1.75052e-06 
3869.04 -1.84792e-06 
3553.12 -1.88476e-07 
3484.69 -6.29583e-07 
4255.43 1.67485e-07 
4140.86 -6.72378e-08 
4750.16 -4.86374e-07 
3851.38 2.43008e-07 
5448.07 1.47062e-07 
4289.44 6.61166e-07 
5246.36 3.14294e-07 
4950.66 -2.44817e-07 
4568.24 -3.7094e-07 
3774.99 4.93135e-09 
4836.62 2.20122e-07 
5285.75 -1.05373e-07 
4179.49 -6.17945e-07 
3933.61 1.55954e-07 
4576.73 7.05242e-07 
4038.09 1.23001e-07 
3988.3 1.28052e-07 
4083.51 -1.54104e-07 
3857.12 2.99572e-07 
4460.49 3.13559e-08 
4085.4 3.37476e-07 
5224.22 1.35657e-07 
4157.91 -4.3543e-08 
3764.06 -2.46396e-07 
3993.74 4.29521e-07 
4067 8.69164e-08 
4831.25 6.16401e-07 
3902.65 1.381e-06 
4944.51 5.83321e-08 
4186.95 -1.13697e-07 
3608.67 1.66931e-07 
5099.8 1.48764e-07 
5299.81 1.82947e-07 
5022.1 9.713e-07 
4654.81 1.16987e-07 
3381.46 1.19544e-06 
4068.93 3.75392e-07 
4493.28 1.14481e-06 
4174.53 1.36537e-07 
5364.5 -3.05783e-07 
4403.75 -6.22596e-08 
3880.83 3.36948e-07 
5701.11 -8.44722e-07 
5459.16 -8.95911e-07 
5308.01 4.28228e-07 
4510.26 1.94316e-07 
5395.83 -1.41228e-07 
4934.41 -2.2817e-07 
5031.01 -5.39228e-07 
5133.52 -3.24369e-08 
4030.37 5.3546e-07 
5713.68 1.12997e-08 
4361.6 7.3099e-07 
4191.97 1.09991e-06 
4311.45 1.90315e-07 
5180.72 2.37903e-07 
5525.75 -1.83033e-07 
4248.2 1.7172e-06 
4444.56 -1.53059e-07 
4499.52 6.66772e-08 
4561.43 -5.73539e-07 
4156.74 2.68337e-07 
5122.99 -9.18771e-07 
4877.7 3.10267e-07 
5238.67 -2.0193e-07 
3688.53 8.6761e-08 
4169.22 -5.2578e-08 
4213.85 1.96618e-07 
4807.14 6.01602e-07 
5045.54 -3.7914e-07 
4520.32 5.57222e-07 
4905.34 1.60127e-07 
5002.12 -1.29043e-07 
4294.43 8.31669e-07 
4211.98 2.6641e-07 
3864.85 -1.17413e-06 
5321.22 -1.0782e-07 
3975.84 -1.03741e-07 
5556.83 -4.40803e-08 
4559.68 9.50413e-08 
4384.85 3.98513e-07 
5114.24 -2.40386e-07 
5279.49 6.46374e-07 
4401.12 1.83033e-07 
5618.41 -7.59517e-08 
4786.48 3.08552e-08 
4318.25 9.59221e-09 
4697.53 -4.48659e-07 
4600.59 7.7936e-08 
4594.77 8.27001e-08 
4296.78 5.95745e-07 
4708.96 -5.49295e-07 
3870.22 -4.93383e-07 
3778.91 -7.33282e-08 
3384.07 3.9265e-07 
3847.21 -1.77971e-08 
5408.02 1.85414e-07 
3965.46 4.48262e-07 
5833.85 -3.5352e-08 
5123.96 7.08184e-07 
4962.21 9.27604e-07 
5206 1.39149e-07 
4705.25 -5.40453e-08 
5043.03 -3.18826e-07 
5110.66 8.40487e-07 
4132.61 5.05017e-08 
4778.68 -6.02028e-08 
4297.16 -1.23364e-07 
4369.12 -1.65669e-09 
5090.59 8.82128e-07 
4662.91 -2.17523e-07 
3997.21 -4.86144e-08 
4485.06 3.99036e-07 
4757.98 9.0111e-07 
4726.21 4.8667e-07 
4589.3 1.26586e-07 
4598.79 6.1286e-07 
4127.96 -2.00986e-07 
5001.55 1.50904e-07 
5179.33 -2.67128e-07 
4455.27 5.67689e-07 
5383.41 -2.0548e-08 
4318.1 7.73516e-07 
5200.01 -6.0491e-07 
4045.48 6.27208e-07 
4678.17 -4.26951e-08 
4678.08 1.43883e-07 
4455.66 -3.89341e-07 
5123.33 -3.42652e-08 
4616.43 -2.76906e-08 
3932.72 8.5405e-07 
4355.05 1.61804e-07 
5286.8 -3.60334e-08 
4262.7 -3.21578e-08 
5287.01 8.33871e-08 
5257.63 4.48245e-08 
4522.57 4.16559e-07 
4838.11 1.52134e-08 
4745.78 1.18131e-06 
4416.03 2.20238e-07 
4884.98 -9.85161e-08 
4494.78 -2.52927e-07 
4058.66 -1.16932e-07 
4785.72 -5.1283e-07 
4711.54 7.7797e-07 
5525.19 -1.6024e-07 
5548.03 -8.03394e-08 
4355.76 2.549e-07 
4553.77 -4.04375e-07 
5234.74 -3.84481e-07 
4958.34 1.56198e-07 
4681.39 -2.35586e-07 
5228.47 -1.94615e-07 
4984.43 1.33126e-07 
5241.99 1.33172e-07 
4274.33 -4.15609e-07 
4823.79 1.35127e-07 
3853.68 6.53636e-07 
5050.15 -2.3139e-07 
4470.33 -1.08374e-06 
4677.21 7.21237e-09 
4624.08 -7.85947e-08 
3583.58 2.92264e-07 
4097.22 -7.41982e-07 
4076.89 6.30377e-07 
5167.05 -1.0468e-08 
5045.86 4.73794e-07 
5189.99 8.12856e-09 
4227.87 -6.1589e-08 
4935.41 1.14612e-07 
4903.98 -2.99927e-08 
5099.4 -7.57914e-07 
4413.47 -5.65746e-08 
4607.6 3.1352e-07 
4884.83 -2.39929e-07 
4602.4 5.05724e-07 
4953.77 -2.29433e-07 
5403.91 -2.84302e-07 
4819.71 -8.75563e-08 
3805.4 -1.262e-07 
4568.16 4.99674e-07 
5019.07 3.52148e-07 
5293.49 -1.34568e-07 
4955.91 -1.90862e-07 
5940.68 1.32974e-07 
6091.99 -3.05204e-09 
4643.86 3.95926e-08 
4650.22 3.85143e-07 
5110.67 4.80241e-07 
4719.82 -2.23923e-07 
4581.99 4.09552e-07 
4768.81 -1.82993e-08 
4554.71 -3.09478e-07 
4103.06 7.64251e-08 
5047.91 5.59275e-08 
4724.88 4.73662e-08 
4553 5.60515e-08 
5574.56 1.74354e-07 
4568.98 -1.73384e-07 
4743.85 4.25757e-07 
4969.61 6.36544e-07 
4462.71 -6.49538e-07 
4695.23 -3.84268e-07 
5629.7 -3.99751e-07 
4878.41 -5.88881e-07 
3122.25 3.61199e-07 
5345.73 1.30084e-07 
4924.65 4.30029e-07 
-76.6937 -0 
4450.79 5.57091e-08 
4453.31 2.87127e-07 
5057.79 -1.02931e-06 
5504.46 -1.70654e-08 
4637.13 -4.76773e-07 
4806.19 5.99961e-07 
4499.33 3.59539e-07 
4318.43 7.71733e-08 
5375.76 -6.83997e-08 
4810.45 -3.66573e-07 
5084.39 2.62162e-07 
4434.66 2.7532e-07 
4891.5 -2.83959e-07 
4459.56 -1.32721e-08 
4573.05 -5.71667e-07 
4677.3 4.8526e-08 
5273.7 9.15636e-08 
5225.98 2.57567e-07 
4371.8 4.42144e-07 
4485.07 6.09113e-08 
4250.8 -3.9183e-08 
4177.52 1.8338e-07 
4103.84 7.75591e-07 
4092.19 6.0602e-07 
3303.92 3.75891e-08 
3102.25 -1.39225e-07 
3092.92 7.01797e-07 
3895.9 5.12182e-07 
4012.71 -8.4929e-07 
4194.19 -6.33392e-07 
4038.46 2.67638e-07 
3769.74 -4.90306e-07 
3746.9 2.11794e-07 
3670.51 5.966e-08 
3806.64 4.53236e-07 
3285.43 -3.83447e-07 
3296.14 1.68132e-07 
3445.07 4.94789e-08 
3961.69 -7.72406e-07 
4087.79 1.48222e-07 
4357.91 -8.44913e-07 
3617.78 6.76997e-07 
4589.25 5.81762e-08 
4096.66 1.08155e-07 
4342.51 7.11449e-08 
3776.35 -2.23775e-07 
4372.96 -1.92274e-07 
3787.75 -1.16989e-06 
3292.38 8.99674e-07 
3586.44 1.02787e-07 
3391.35 -9.28047e-07 
4327.75 -2.76075e-08 
3674.81 2.07703e-07 
4309.24 -6.1371e-08 
3328.12 6.9506e-07 
4262.65 9.55367e-08 
4754.3 -1.35831e-09 
4479.3 -5.52157e-07 
4450.34 -1.18114e-06 
4536.64 -3.315e-07 
3948.6 -1.8825e-07 
4336.59 -2.53039e-09 
3953.34 -7.53074e-07 
4152.25 -6.06926e-08 
4487.11 2.54347e-07 
4770.18 2.31165e-07 
4347.74 3.07822e-07 
4020.85 -6.23144e-07 
4704.37 -1.20635e-07 
4524.49 8.06721e-07 
4574.62 -6.52886e-07 
4020.07 -6.36644e-07 
3769.79 -6.2919e-07 
4144.39 4.65856e-07 
5026.4 -2.50522e-07 
4104.35 5.602e-07 
4005.45 -1.80067e-07 
4650.76 -5.17358e-08 
5047.15 -3.10806e-07 
4569.03 6.08047e-07 
5086.82 -1.18504e-07 
4801.71 9.03498e-08 
4884.73 8.89624e-09 
4554.66 7.86279e-08 
3678.89 1.99639e-07 
4499.69 7.86451e-09 
3694.66 1.64544e-07 
3165.73 1.46634e-06 
4861.58 4.53691e-07 
4843.13 4.39919e-07 
4425.87 5.98741e-07 
4816.47 3.90784e-07 
5411.28 3.01728e-07 
4976.66 3.2863e-07 
4850.43 3.13477e-07 
4566.37 -5.03935e-07 
5273.67 -3.2036e-07 
4923.42 -4.4011e-07 
3736.13 1.40332e-06 
4264.64 1.37983e-07 
4575.47 -7.93471e-07 
5542.1 -4.87755e-07 
4698.87 -1.44513e-07 
4836.17 -2.93535e-07 
4570.54 2.77047e-07 
5357.84 -2.08145e-07 
4409.08 3.32801e-07 
4448.51 1.7459e-07 
5570.32 -6.68023e-08 
4184.85 7.83699e-08 
4587.47 -2.28827e-08 
5075.2 -3.16622e-08 
5292.72 4.59119e-08 
4491.49 3.23008e-08 
4721.03 6.85312e-07 
4819.47 3.95965e-08 
4973.71 4.47144e-07 
5012.28 -8.44226e-08 
4664.44 -2.14051e-08 
4828.89 9.23913e-09 
5119.69 6.23834e-08 
5368.42 5.46138e-07 
5590.99 7.76343e-08 
5521.86 -5.18617e-07 
4672.93 1.21183e-07 
3913.97 1.61116e-06 
3862.95 -4.44368e-07 
4319.08 1.63186e-07 
4992.02 -1.09502e-07 
4509.79 1.19027e-06 
5449.66 -4.42296e-07 
4956.46 1.85776e-07 
4018.55 2.48558e-07 
4567.33 -2.19118e-07 
4048.23 6.72046e-07 
4245.87 -8.06566e-07 
4011.33 -9.29558e-08 
5923.95 1.44157e-07 
4663.36 -7.77454e-07 
5109.81 6.27367e-08 
4832.54 9.49515e-08 
4715.06 -2.68117e-07 
4357.4 4.42786e-07 
5266.27 -6.43753e-07 
5876.59 -1.0066e-07 
5434.87 -1.38276e-07 
5159.04 2.27976e-07 
4101.83 1.24712e-07 
4632.8 3.868e-08 
4860.47 -3.67512e-08 
5006.64 -4.90304e-07 
5461.45 -4.57135e-07 
4917.29 -5.26534e-07 
4845.68 1.16984e-07 
4554.72 -7.81677e-07 
4583.86 -7.13244e-07 
4578.79 1.73386e-07 
4799.37 6.20777e-07 
4698.23 1.09929e-07 
3706.87 -1.03023e-07 
4842.71 4.87113e-07 
4765.72 5.97567e-08 
4297.92 -3.14274e-07 
4802.11 3.07323e-07 
4503.49 -6.46523e-08 
4413.92 -2.06019e-07 
5363.83 8.61978e-08 
5827.03 -2.06009e-07 
5255.14 -6.13682e-08 
4978.26 4.46277e-08 
4879.47 6.94601e-07 
5111.06 -5.15269e-08 
5478.08 2.58534e-07 
4867.17 -1.34678e-07 
4421.05 4.11369e-07 
4733.36 2.06374e-08 
4626.09 3.2034e-07 
4022.65 1.80227e-07 
5388.18 -7.22115e-07 
4361.5 -2.40697e-07 
4592.53 -1.22682e-09 
4019.7 1.60151e-07 
5325.22 9.27854e-08 
4525.27 -1.05648e-06 
4894.26 -3.58563e-07 
4134.94 3.19779e-07 
4442.48 -3.99353e-07 
4486.1 1.28204e-07 
4654.7 -7.03958e-07 
5229.51 -3.33662e-08 
5302.11 -4.97652e-08 
4914.12 2.1789e-07 
6152.01 -1.26147e-07 
5076.21 -9.02691e-07 
4866.74 1.2417e-07 
4809.81 3.06838e-07 
4845.95 -4.74165e-07 
4431.81 1.25599e-06 
4334.85 -1.69426e-08 
5712.46 3.17088e-08 
4382.4 3.40374e-07 
4846.15 3.64651e-08 
5237.86 -2.08566e-07 
5370.21 -1.37037e-07 
4931.4 3.50794e-07 
4818.16 -8.04676e-08 
4889.72 2.71478e-07 
4589.62 1.20298e-07 
4101.47 2.25181e-07 
5342.13 3.42926e-07 
5114.47 -5.93447e-07 
5285.49 1.13402e-07 
3867.24 -1.03077e-06 
5031.54 -4.82922e-08 
4373.21 -2.04221e-08 
5413.36 1.7896e-07 
5304.22 8.51097e-07 
4656.65 6.12938e-07 
5743.31 -6.84195e-08 
5191.35 -9.94589e-08 
179.334 1.56141e-06 
4153 4.13226e-07 
3265.67 1.58595e-06 
5418.06 -1.98538e-07 
5716.33 -9.04663e-09 
4892.7 -7.07215e-08 
6175.39 -3.33633e-07 
4766.43 7.43821e-08 
4481.47 1.34209e-07 
5977.1 -2.40128e-07 
3693.56 1.01479e-06 
4617.59 2.32119e-08 
5220.03 8.02195e-08 
5897.03 1.32477e-08 
4744.04 2.49095e-07 
5148.27 6.74345e-08 
4641.89 3.03202e-07 
4969.64 -5.12831e-07 
5343.86 -8.11622e-07 
5461.12 -2.18354e-07 
4283.3 5.82475e-07 
4593.76 -9.09999e-07 
5334.68 -6.18229e-08 
5177.72 7.21466e-08 
-109.666 -0 
4369.93 2.58488e-08 
4277.55 1.07867e-06 
5448.71 1.71774e-07 
6137.31 -5.40641e-07 
4791.71 6.49052e-08 
5232.62 5.20121e-07 
4595.06 5.6166e-07 
5824.45 -7.27435e-08 
5258.86 -4.68955e-07 
4472.4 -1.3437e-07 
4487.84 1.74988e-07 
5164.11 3.25279e-08 
2650.71 2.27938e-07 
4052.77 -7.87849e-07 
5122.48 -9.25542e-08 
5167.71 1.55835e-07 
4435.14 -4.02398e-07 
4871.24 8.60322e-08 
3800.1 -3.1046e-07 
5743.42 -3.20874e-08 
5893.62 1.60544e-07 
4847.11 4.33734e-08 
4931.47 4.44961e-07 
4498.7 -1.39664e-07 
5665.15 1.28472e-07 
4611.49 -4.85802e-08 
4581.96 -5.92474e-08 
6091.71 -5.00187e-07 
5866.55 -7.42171e-08 
4543.91 -1.31486e-07 
4091.92 9.27946e-07 
2637.43 -8.86152e-07 
4996.27 2.93096e-07 
5329.66 6.62863e-07 
5744.2 1.90372e-08 
4078.54 4.03364e-07 
5137.81 -5.05808e-07 
5560.66 4.13023e-08 
4646.16 3.22886e-07 
3127.45 -1.17009e-06 
4663.89 2.29878e-08 
4823.52 -5.41161e-08 
5207.14 8.47453e-09 
4530.51 8.24347e-07 
4309.11 8.28049e-07 
5498.03 3.83823e-08 
4197.25 2.12805e-07 
5825.95 2.20473e-07 
4484.16 1.05259e-06 
4838.04 5.72196e-07 
4128.61 2.94514e-09 
5084.24 2.06922e-07 
4638.86 2.3902e-07 
2033.76 -3.89859e-07 
5076.49 1.61109e-07 
5734.53 3.60501e-08 
4904.59 -2.65736e-07 
5553.33 -1.16667e-08 
2508.62 6.92082e-09 
4447.55 4.82725e-08 
3577.32 8.38564e-07 
2852.3 2.82868e-07 
5548.66 3.07181e-08 
5627.31 -5.6692e-08 
5731.99 -3.63399e-07 
5402.49 -3.64315e-07 
3234.03 -1.24441e-07 
4234.75 -3.2988e-07 
4993.82 -1.66793e-06 
6297.11 1.52593e-07 
4126.85 -2.74981e-07 
5512.56 3.48117e-08 
5615.13 -8.08e-07 
5218.35 4.28596e-08 
4791.44 9.54801e-08 
4738.73 4.43018e-08 
4209.34 1.11957e-06 
3689.32 1.59841e-07 
4846.34 -1.01588e-06 
5491.51 -1.18585e-07 
4903.73 6.65607e-07 
5689.88 6.1593e-08 
3911.5 -7.07332e-08 
3734.07 -4.06585e-07 
5028.51 -7.40532e-07 
4602.6 1.12973e-09 
5069.47 -6.4803e-08 
4849.04 4.79978e-07 
1584.1 1.21254e-06 
5063.76 -4.26761e-07 
4774.35 3.3569e-07 
4691.89 6.77295e-07 
4224.31 -1.83479e-07 
4327.53 6.07874e-07 
4633.99 -3.05689e-07 
5731.67 3.17203e-07 
4923.47 1.0797e-07 
5389.5 2.37855e-07 
4929.31 1.75153e-07 
5662.54 -7.34813e-09 
5339.78 1.15017e-07 
5052 5.4127e-07 
5136.69 -2.09341e-07 
5977.51 2.09986e-07 
5889.67 1.04374e-07 
5249.65 1.1675e-07 
5136.79 3.25523e-07 
5839.8 5.52188e-07 
5962.03 9.70185e-08 
5966.41 -9.82206e-08 
6384.82 -1.07733e-07 
-5.05692 -0 
4997.88 -8.45734e-07 
4873.78 7.68377e-08 
5408.71 -4.12336e-09 
4664.48 -5.23394e-09 
5395.96 2.54491e-09 
5131.66 -7.85743e-07 
5026.71 1.10686e-07 
6089.24 1.25467e-07 
5860.1 -1.54276e-07 
4946.39 1.48987e-07 
4788.75 -7.77617e-07 
4987.76 -8.0772e-07 
4498.36 3.53047e-08 
4697.86 3.47318e-08 
4940.58 1.37575e-07 
4858.14 4.95174e-07 
3231.59 -3.01981e-07 
5413.25 1.29998e-07 
4518.85 7.01996e-07 
4433.83 9.48789e-08 
4902.28 9.47676e-07 
5394.06 1.40089e-07 
5505.3 -3.44601e-07 
5369.92 -5.56206e-08 
6021.8 -1.51993e-08 
5232.41 1.22621e-07 
4532.8 -9.30177e-07 
4981.85 -6.00305e-07 
4237.76 -7.57454e-07 
5740.53 6.34227e-07 
4575.74 -4.95062e-07 
5900.63 9.43607e-08 
5868.39 3.29655e-07 
4762.71 6.58184e-07 
3713.52 -8.20839e-08 
4336.64 -5.19969e-07 
5280.71 -7.18159e-07 
5415.48 8.21616e-08 
5727.53 1.49071e-07 
5652.99 2.97059e-07 
5344.61 6.34997e-09 
5166 1.72021e-07 
4938.01 -1.84189e-07 
4691.72 -8.87431e-07 
4626.57 1.96721e-08 
5272.11 -2.32994e-08 
5543.24 -6.32037e-09 
5504.56 4.88386e-08 
4267.59 2.82581e-07 
5604.15 -1.76819e-07 
5228.19 2.50132e-07 
4774.78 2.21778e-07 
4758.06 6.17085e-07 
4395.66 1.4722e-07 
4285.48 -3.35652e-07 
4785.16 9.25034e-08 
4525.32 -1.02784e-07 
5173.87 -2.22754e-07 
5254.98 9.24925e-08 
5901.67 4.70913e-08 
5839.61 1.20129e-08 
4799.32 -1.06917e-06 
5021.56 1.25682e-07 
4810.98 -2.11036e-07 
5222.85 3.54987e-07 
4399.01 -1.59614e-07 
5087.47 2.05474e-09 
4623.18 -5.6026e-08 
5315.92 1.37515e-06 
5445.44 -1.4959e-07 
4365.37 -6.37343e-07 
4507.06 9.02147e-07 
5059.57 -2.55993e-07 
4859.07 1.43601e-07 
5142.21 -4.56715e-08 
3882.87 -9.39919e-09 
4438.1 -1.66895e-07 
4501.57 9.4369e-07 
5818.64 1.87712e-07 
5673.86 -4.51531e-08 
4861.31 -1.1595e-07 
4472.75 3.10172e-07 
5025.72 1.51784e-07 
4228.64 7.82873e-08 
5174.62 -7.02451e-07 
4607.03 3.24414e-07 
5333.11 2.92211e-07 
4409.45 8.83029e-07 
4811.82 9.84726e-08 
4303.57 6.83613e-07 
4446.54 -3.2309e-08 
