-1.094207350759823782e-02 1.021356718340538094e-02 1.537317272099780752e-02 -1.464466639680495064e-02
-1.293913644939959084e-02 1.404952791147184854e-02 -4.068855724952413766e-03 2.958464262878379714e-03
-5.586896486644121751e-03 -6.722245232815282634e-05 3.496520348422205160e-02 -2.931108454524888884e-02
-8.474950834616912232e-03 1.269916616058708314e-02 7.402378593044822708e-03 -1.162659391901499362e-02
5.204439852120046339e-03 -7.860799775940563450e-04 1.477111920680851398e-02 -1.918947908133450397e-02
-1.122398687189551936e-02 1.119165878774808220e-02 6.477638571737109885e-03 -6.445310487590560911e-03
-1.342843451507835795e-02 1.701352598648675496e-02 2.623877853801026561e-03 -6.208969325207647216e-03
-1.673105892219695079e-02 1.682190397936977888e-02 1.168783172009746352e-03 -1.259628229179909908e-03
-1.581542849577122212e-02 1.912485446492784291e-02 8.540119559521386350e-03 -1.184954552867800714e-02
-4.896039351081071800e-03 9.409716889664743178e-03 2.356696730648977223e-03 -6.870374269233536779e-03
-8.577613517132043341e-03 1.020023822082372078e-02 9.863585544263031579e-03 -1.148621024795204448e-02
-8.848728305375530567e-03 9.147233246021180264e-03 1.090081301987666507e-02 -1.119931796052320294e-02
-6.248210087393957224e-03 4.433989591698939137e-03 5.151391932820104103e-03 -3.337171437125086015e-03
-7.594354788401425083e-03 1.334595031830243528e-02 2.143331135998494119e-02 -2.718490688988417503e-02
-7.896541674669244060e-03 -1.390783620038860136e-04 3.023528779016793067e-02 -2.219966775349568877e-02
-2.558383847880829620e-02 1.663372894466430552e-02 3.137084701184544855e-02 -2.242073747769879333e-02
-9.573403153465775972e-03 2.796039263416538745e-03 1.382416791662866018e-02 -7.046804026580311131e-03
-9.585760462945458471e-03 1.323138644584709311e-02 1.057647613461565328e-02 -1.422210211751728792e-02
-1.369298952835240613e-02 3.502645624662292789e-03 2.896077227736704174e-02 -1.877042837367337569e-02
-8.074285624654287119e-03 6.596095552320768718e-03 1.607886782634881939e-02 -1.460067775401441281e-02
-8.091985973748272443e-03 1.258817189571015405e-02 1.176666804572867875e-02 -1.626285396769233671e-02
-1.526545137081214421e-02 1.546758599850228677e-02 1.356041197913882002e-02 -1.376254660682985076e-02
-4.948535836059697601e-03 -5.154047023528285365e-03 2.681703344831554148e-02 -1.671445058872755851e-02
-1.615605320067903250e-02 2.151762009943691822e-02 5.316893263583644114e-03 -1.067846016234152984e-02
-1.555383702881218966e-02 1.983828324391723186e-02 1.854801734066402474e-02 -2.283246355576729059e-02
-1.174743854931747933e-02 6.004775251108540601e-03 1.029835357727648670e-02 -4.555690279066659798e-03
-1.752753577949928143e-02 8.312572984230826023e-03 3.204019468347762967e-02 -2.282523188820828608e-02
-4.930894753054637647e-03 -2.719669333218988072e-03 2.399010285015101829e-02 -1.633953876387828075e-02
-1.301961893784309154e-02 1.626820535723005889e-02 2.236605944291092385e-03 -5.485192363676283378e-03
-5.714340442609433524e-03 -2.168591394946517426e-03 3.573060092948310285e-02 -2.784766909192537554e-02
-1.745973179544790810e-02 1.932651697250253875e-02 1.639687069345097115e-02 -1.826365587050560180e-02
-1.349031267285472069e-02 1.365903992510553167e-02 4.736094770072973859e-03 -4.904822022323784836e-03
-8.222258306828322816e-03 1.454961603971227646e-02 2.515742582257729509e-03 -8.843100315142571333e-03
-1.659495577561997948e-02 1.599788428809567620e-02 4.728917049823699870e-03 -4.131845562298508412e-03
-3.431658885651778235e-03 -1.238225187913499781e-03 1.764984394062363293e-02 -1.297995986705924309e-02
4.763609320055373075e-03 -6.807842040623235391e-03 2.350398073803905419e-02 -2.145974801747296823e-02
-9.789229811572042195e-03 1.574084846912526814e-02 1.646314493197120754e-02 -2.241476358952620984e-02
-1.070373664968737870e-02 4.685911707652756775e-03 3.047554267807051076e-02 -2.445771773603855337e-02
-8.364689878753495123e-03 7.211349386588850052e-03 2.089076114544408114e-02 -1.973742065327677153e-02
-8.484688552808705708e-03 -6.267486317169890242e-03 2.799617539575915970e-02 -1.324400052578056375e-02
-1.430837658070593932e-02 2.086954109150696013e-02 -1.424709592230399835e-04 -6.418693551575316292e-03
-8.926303491326059714e-03 3.418306567596118839e-03 2.504837691195138660e-02 -1.954037998822233391e-02
-1.227763168680340300e-02 8.964532293270544017e-03 8.659103643161358832e-03 -5.346004249629388028e-03
-1.412104913372047577e-02 2.162147949564552363e-02 2.003060519744970236e-03 -9.503490881668241741e-03
-1.372484596266954071e-02 4.634611176613567807e-03 3.517729431007232677e-02 -2.608705952401546568e-02
-1.631671313001525903e-02 2.410059637079520201e-02 -8.795530397133433098e-03 1.011647156353490118e-03
-2.061138588299460395e-02 2.019420136210747785e-02 3.707766427984360291e-02 -3.666047975895647681e-02
-7.047136383797614201e-03 1.000481330704516836e-02 8.167585614981653919e-03 -1.112526253823276079e-02
-1.478394376549907463e-02 1.596085275582836971e-02 1.458783840300093004e-02 -1.576474739333200148e-02
-1.222949958404218052e-02 7.510916592273986225e-03 2.877537986604661313e-02 -2.405679687427841884e-02
-1.664563114387007658e-02 1.905714683179571267e-02 -5.536524966425204752e-04 -1.857863191284891968e-03
-1.100243439946790858e-02 8.506988051142805318e-03 1.420806976882627026e-02 -1.171262342050205518e-02
-1.331880763376425136e-02 1.811526474806157694e-02 2.073383896801139770e-02 -2.553029608230605874e-02
-1.508378433651369477e-02 1.775303280151785401e-02 5.098486442813410235e-03 -7.767734907815793122e-03
-1.876707615454975553e-02 2.527656983187664963e-02 7.243351860501512363e-03 -1.375284553782840646e-02
-7.963533899929764459e-03 3.687953672174337783e-03 1.617926629237764757e-02 -1.190368606462133272e-02
-1.946316980823414866e-02 2.798057958881283724e-02 -1.793311253329932242e-03 -6.724098527245203627e-03
-1.502949938228415050e-02 1.833474709201787789e-02 2.450962878895879271e-02 -2.781487649869518464e-02
-2.769156596260202718e-03 6.701347757450903941e-03 7.524160450042671755e-03 -1.145635161122982026e-02
-9.670722229851769214e-03 1.980081476502704163e-02 -7.411477211821448918e-03 -2.718615323353823499e-03
1.236913098286329671e-03 1.042818160997782684e-02 -2.474925967404395521e-03 -9.190168740861537344e-03
-1.033960556164892353e-03 8.678737228639654688e-03 1.025512713594167735e-02 -1.789990380841643969e-02
-1.798966104447519143e-02 1.487251297187519583e-02 3.179925007882822285e-02 -2.868210200622467454e-02
-2.999140374120745633e-02 3.415690468317578166e-02 1.676611002229932978e-02 -2.093161096426587875e-02
-8.282300551178956027e-03 1.670459438350313519e-02 1.418590922016527145e-02 -2.260820305249300333e-02
-1.165095168119467672e-02 1.513843205378861967e-02 -7.278442269864626724e-04 -2.759636145608368452e-03
-1.076420980622572188e-02 1.625677756676324748e-03 1.771016261345614851e-02 -8.571630563904975020e-03
-1.503851182243831630e-02 8.280097020375798422e-03 3.009374121646501976e-02 -2.333532641440161370e-02
-8.245597247265479268e-03 6.404351373461736330e-03 9.837260704790296018e-03 -7.996014830986553079e-03
-1.452775533835382049e-02 1.695863931206709196e-02 5.449332039713539189e-03 -7.880216013426810662e-03
-1.402032545038345290e-02 1.342282517589588053e-02 2.459660652998341135e-02 -2.399910625549495080e-02
-1.396209753179444846e-02 1.039437176221458259e-02 2.184002107627769362e-02 -1.827229530669871593e-02
-1.576564658850365674e-02 1.575308914077755418e-02 1.210411343321737832e-02 -1.209155598549038757e-02
-1.823992135487628730e-02 1.242407833741232537e-02 1.670805127022134684e-02 -1.089220825275827309e-02
-8.524575636540632217e-03 1.461531183786402011e-02 1.737300247994166824e-02 -2.346373868126594431e-02
-9.563354687960767819e-03 9.063144504102282895e-03 6.343020206375449277e-03 -5.842810022514299817e-03
-2.186033678835741512e-02 1.799501674420955766e-02 3.131692178551404027e-02 -2.745160174136351827e-02
2.603899561415268238e-03 -8.379093036896989588e-03 3.081074162987285092e-02 -2.503554815438846504e-02
-1.503159945924181784e-02 1.461548631530895648e-02 1.946454620911897138e-02 -1.904843306518611001e-02
-1.198292553879554134e-02 1.466051221403219529e-02 5.677377254873050560e-03 -8.354963930109704506e-03
-9.516475078176434010e-03 1.442908608658743930e-02 4.209039732947061907e-03 -9.121650741359843551e-03
-2.905182463570632478e-03 1.127481034686184103e-03 6.464459641459363581e-03 -4.686758212572250670e-03
5.369692375554180330e-04 3.945102369415920407e-04 1.564239052400751007e-02 -1.657386999850452014e-02
-5.964185538463340208e-03 1.330546868798965221e-02 -8.190109544695012289e-03 8.488263951687002873e-04
-1.976227360652593745e-02 1.763558077426630177e-02 7.875424854901780236e-03 -5.748732022639480022e-03
-1.583640357196713921e-02 9.270184906428724503e-03 1.901659618206696933e-02 -1.245037751653121916e-02
-9.293719041700398975e-03 9.579331495022991305e-03 1.813081749949407850e-02 -1.841642995281311812e-02
-9.365879735450555188e-03 1.127944921310408688e-03 3.042944032924399522e-02 -2.219150551510473690e-02
-9.524112592868227978e-03 1.759311814597719348e-02 6.553395948033724494e-03 -1.462240150113913728e-02
-9.186955724793222089e-03 1.571613198234267372e-02 4.761768147323763856e-03 -1.129094440487232731e-02
-6.554020976923702335e-03 1.052560899416210560e-02 5.589483405267436922e-03 -9.561071422505840189e-03
-1.172285427812091996e-02 9.117125526720393225e-03 1.187237562158571791e-02 -9.266646870186967533e-03
-4.681901836116608706e-03 9.713857670964998192e-03 1.369159411430409534e-02 -1.872354994915337301e-02
-1.179660460292542012e-02 1.899224310816638450e-02 -3.022242934805241532e-03 -4.173395570436611024e-03
-1.813128357099191845e-02 1.669621445631808143e-02 2.001894113146995835e-02 -1.858387201679789769e-02
-1.558493448503917023e-02 7.002176047222086197e-03 1.447539023682598014e-02 -5.892631799010672466e-03
-9.557296608888599110e-03 1.075612267732051208e-02 4.321031695260657557e-03 -5.519857763693458708e-03
-2.012237071092748408e-02 1.315744287775011401e-02 3.157804152657561758e-02 -2.461311369339647115e-02
1.291391011055686988e-03 -1.475092190650784119e-03 1.287706377855268869e-02 -1.269336259895936792e-02
-1.538644563929114639e-02 1.506527493900744474e-02 5.556092660850886489e-03 -5.234921960564520305e-03
-1.245405777700359096e-02 7.789836918179027236e-03 9.798573370063401455e-03 -5.134352511237949557e-03
-6.414065562430515399e-03 1.463948851432927967e-02 -2.493663572380455662e-03 -5.731759379517420427e-03
-5.624717974216153493e-03 8.719619520872079477e-03 4.029062314264031386e-03 -7.123963860919957369e-03
-1.183355104674799207e-02 6.549383651033302556e-03 2.431541260976466390e-02 -1.903124521404730984e-02
7.413503680602673285e-03 1.178438687469363089e-02 -3.621902166564439085e-03 -1.557598838872920055e-02
-8.720951760981421330e-03 1.692169860130121606e-02 1.147666835354232973e-02 -1.967741519386301263e-02
-1.025960085283639245e-02 5.229635810060528911e-03 1.776582966068573910e-02 -1.273586461790898738e-02
-1.877692026462174368e-02 2.005312490895772015e-02 1.850243488307601325e-02 -1.977863952741021336e-02
2.703297142746308168e-03 5.419650931532515870e-03 8.039078884992001406e-03 -1.616202695927348998e-02
-2.123036235738151589e-02 2.359523339464253411e-02 7.148226343749009004e-03 -9.513097381011803577e-03
-5.904869230333176233e-03 1.079077340375800276e-02 5.143411347293458391e-03 -1.002931552072006127e-02
-1.735663878532811566e-02 2.522026903553609145e-02 -1.615846709822399418e-03 -6.247783540385576373e-03
-1.512093629774380332e-02 1.475466450974671773e-02 8.370019232862624392e-03 -8.003747444863762439e-03
-1.142507689185556785e-03 -2.972715593912766963e-03 2.020275135961036028e-02 -1.608752807651114836e-02
-2.413493109305075990e-02 2.186104775394070998e-02 4.339249126948274693e-03 -2.065365787840001133e-03
-9.241650250634947383e-03 7.934045716813109550e-03 3.350618105870140084e-02 -3.219857652488045119e-02
-1.939698762884933814e-02 2.286050111294990472e-02 1.016350828532175399e-02 -1.362702176942320875e-02
-1.246687075752817009e-02 1.728254260102524142e-02 6.512122160629907341e-03 -1.132779400412609050e-02
-1.613248998565541825e-02 9.220791465873290349e-03 1.025915953139122649e-02 -3.347461011609986770e-03
-1.287502765770742741e-02 1.436321061207834759e-03 3.165719990141102613e-02 -2.021849330491232166e-02
-1.514164666513195812e-02 1.946354168496533532e-02 1.270512615934649148e-02 -1.702702117918164504e-02
-2.310572634200269704e-02 2.064730990193019977e-02 2.676883659618845002e-02 -2.431042015611684093e-02
-3.182907040397253695e-03 -1.719506786132640741e-03 2.187383635013429029e-02 -1.697142252360528403e-02
-1.703606250705469449e-02 1.362726851781292936e-02 1.637078065015451500e-02 -1.296198666091186169e-02
-1.172078052136527049e-02 -1.126942352103199596e-04 2.688690019999029346e-02 -1.505342544341647937e-02
-9.694848381533560655e-03 9.245535334942545092e-03 3.250356167429302445e-03 -2.801043120838286882e-03
-1.812267647363174916e-02 1.283006602336378421e-02 2.122432038955679445e-02 -1.593170993928616497e-02
-1.568263987127238579e-02 1.629132619551043604e-02 2.475323021745801100e-03 -3.084009345982963168e-03
-3.884779521317049955e-03 1.013488271044149514e-02 -8.407634613495140741e-03 2.157531424371583739e-03
-9.906777932385146812e-03 3.802105085615181679e-05 2.810121913678642613e-02 -1.823246225525387842e-02
-8.017114454211160535e-03 4.756269560084902537e-03 1.590707700895777066e-02 -1.264623211482884813e-02
-6.768547905902089212e-03 8.783623003702167864e-03 -8.885337210817745301e-03 6.870262113016778471e-03
-7.586770957252575442e-03 4.870294882518777513e-03 2.152734233272290965e-02 -1.881086625798911172e-02
-2.722728302120280830e-03 -3.845786671339723739e-03 1.912766942704813289e-02 -1.255915445358901650e-02
-8.174375165710401347e-03 8.918890398195600255e-03 1.598051618172302568e-02 -1.672503141420911277e-02
-1.021150333170872671e-02 1.226945599928708219e-02 6.682925103849157722e-03 -8.740877771423960496e-03
1.363311978304082572e-04 -5.501274411281897869e-03 1.787655685532829608e-02 -1.251161364187503011e-02
-4.244431196287479224e-04 -6.645003248911152127e-03 2.689201302052524056e-02 -1.982256665198356416e-02
-8.384343875679434177e-03 8.540428371930808282e-03 1.130815803809248621e-02 -1.146424253434474849e-02
-1.422094222831393751e-02 1.552972719456580108e-02 5.249835988696993638e-03 -6.558620954949745396e-03
-2.247887901374578945e-02 2.335206353241581212e-02 1.300323221499688486e-02 -1.387641673366424300e-02
-9.264593440008184189e-03 5.413426506259533255e-03 1.811734787658103585e-02 -1.426618094283327309e-02
-4.140616058553980849e-03 -6.753499933215501017e-03 1.646172963430814207e-02 -5.567613642536883845e-03
-1.495220692127130491e-02 1.778831480351694694e-02 5.514880505669061961e-03 -8.350988387913815814e-03
-9.615946028563193693e-03 -5.153827778840991414e-04 2.045400465398028444e-02 -1.032267584753032708e-02
-5.352440137148306576e-03 4.615852232754846796e-03 1.175435140190916883e-02 -1.101776349751748540e-02
-1.679002071950197461e-02 1.677024680537098078e-02 7.985843966986649889e-03 -7.966070052854767880e-03
-1.725098092347732148e-02 2.083564262198844830e-02 3.426202731041882998e-03 -7.010864429552121635e-03
-1.109641277128048387e-02 1.716113876200964228e-02 6.117569950014889457e-03 -1.218229594074493605e-02
-1.240011351690739616e-02 1.300330815395600581e-02 1.008091309664393975e-02 -1.068410773369432576e-02
-7.275638400262351979e-03 1.125022009102849552e-02 3.287323609997727658e-03 -7.261905300762094839e-03
-7.093587360500031025e-03 8.416176700096755781e-03 8.447222743865445693e-03 -9.769812083460394092e-03
-1.144842370763399231e-03 -5.414139279703356067e-03 2.085903642557696003e-02 -1.430005477511020473e-02
-2.335624365934041435e-02 2.488411389011258024e-02 1.892924769031445464e-02 -2.045711792108484417e-02
-9.563552577913192465e-03 8.151711999199839909e-03 1.311832640110655035e-02 -1.170648582239319779e-02
-1.556428025786882330e-02 1.539619885963183776e-02 8.350589983132650218e-04 -6.669776000745031297e-04
-1.616805785738240075e-02 1.173277102062009192e-02 1.317516595926448986e-02 -8.739879122501292841e-03
-7.717588173542289098e-03 4.114977329047420085e-03 5.184439283385522401e-03 -1.581828438892429745e-03
-6.607062534614627225e-03 9.370406122926944192e-03 6.291324050406110757e-03 -9.054667638716651368e-03
-8.399831276994618179e-03 4.384922040642003083e-03 2.413352631568432827e-02 -2.011861707933260135e-02
-1.336892328764349713e-02 2.054008497129622413e-02 1.289558400024137796e-02 -2.006674568389499314e-02
-1.630071808277655521e-02 2.265568383354121806e-02 1.109968078560719107e-02 -1.745464653637363028e-02
-1.127557947761381740e-02 9.398372233786034258e-03 2.371018293517490605e-02 -2.183297569134534655e-02
-7.896571947072494879e-03 1.199669496112498734e-03 2.202872300953906404e-02 -1.533182055857729154e-02
-1.396688887130448364e-02 2.178555018164374246e-02 1.189304962770876273e-02 -1.971171093804979790e-02
-2.078168115624556833e-02 2.174471109984743578e-02 9.926925295349775524e-03 -1.088995523895164297e-02
-2.033446473037248126e-02 1.476941993781011320e-02 1.261339924142124147e-02 -7.048354448857097054e-03
-2.125410923905857175e-02 2.081930027212575141e-02 1.956123146434229909e-02 -1.912642249740859057e-02
-9.599475956749259353e-03 4.515544724967845980e-03 2.229241467971387891e-02 -1.720848344793157736e-02
-8.061914340829368086e-03 8.663192448009837676e-03 9.899708497675518970e-03 -1.050098660485598856e-02
-3.389474617619292474e-03 7.290352789683929302e-03 1.199189534353184428e-02 -1.589277351559736928e-02
-6.488772303940848474e-03 2.700893093072309625e-03 7.593132287325055074e-03 -3.805253076456516226e-03
-2.653169886118966758e-03 1.460636551633420765e-03 2.115676490881845950e-03 -9.231431563980763144e-04
-1.992509627239069658e-02 2.058571878606230143e-02 2.103046149190923586e-02 -2.169108400558172889e-02
-1.878792635046977466e-03 -5.205266928091312195e-03 1.745807707269975140e-02 -1.037401750955879720e-02
-9.366477275104756473e-03 9.650650131156623956e-03 4.346809086126057764e-03 -4.630981942179701605e-03
-5.488385586041033548e-04 -3.354163975169299761e-03 1.422359055406108297e-02 -1.032058802028767985e-02
-3.379464257508679736e-03 -8.248376248693567447e-03 2.374967732953514599e-02 -1.212183682333378698e-02
-2.137884286981517334e-02 1.413838423445490378e-02 3.577392056913808460e-02 -2.853346193377781503e-02
5.344782630121613920e-03 -1.359503945860307539e-02 2.315179918029830475e-02 -1.490154235181773146e-02
-9.536812551218964984e-03 1.653084345955768697e-02 3.666502802090576552e-03 -1.066053371042841036e-02
-7.540727095752153275e-03 1.359304277166994979e-02 9.666237960223256209e-03 -1.571855363614282908e-02
-1.084708431077530122e-02 1.041478580578125701e-02 1.573910786038723586e-02 -1.530680935539230347e-02
-9.760895498044597218e-03 6.760995435394434594e-03 7.829582085902231370e-03 -4.829682023252956924e-03
-9.659264373142129045e-03 1.351621472667385859e-02 -7.646386240605096418e-04 -3.092311729469443549e-03
-2.342564646712297360e-02 2.745571551988668091e-02 1.505328405447947659e-02 -1.908335310724407208e-02
-1.020733036905063784e-02 7.037960403373233476e-04 2.722574512396214175e-02 -1.772221079524705090e-02
-1.266780831453662159e-02 1.892237603857438444e-02 5.090444478057065680e-03 -1.134501220209394035e-02
-1.136243257391544859e-02 1.851297623326786379e-02 -1.017810062528390347e-02 3.027556965932376443e-03
3.089970704190925233e-03 7.742314123029281347e-03 -6.294996159533994273e-03 -4.537288667684435950e-03
-1.678074302818988173e-02 2.219720727395646520e-02 1.796920052814243718e-02 -2.338566477390990883e-02
-1.742084388498899017e-02 1.691136739935394928e-02 9.811956423316559039e-03 -9.302479937678853616e-03
-1.405185659400931542e-02 2.435140002859181863e-02 2.978923702529279183e-03 -1.327846713711267057e-02
-1.391641165769019750e-02 1.108658610706303449e-02 1.715344574277466450e-03 1.114480976349696562e-03
-9.385798462458794233e-03 -3.043380150042906962e-04 1.771502064053454006e-02 -8.024884163072343313e-03
-8.313152187442440777e-03 1.497894128339449793e-02 2.625371454341163258e-03 -9.291160550294108589e-03
-2.559074575562370057e-02 3.724396362159332341e-02 -1.676004267531094882e-02 5.106824809339549631e-03
-1.470840392131389507e-02 1.683607095491357342e-02 1.607719663866458149e-02 -1.820486367226425983e-02
-1.164825046185136159e-02 2.118125255083036507e-03 3.196198362772140200e-02 -2.243185842095218874e-02
-1.977801589270011817e-02 9.143351358936513407e-03 5.425205478736216946e-02 -4.361739025359767652e-02
-4.520725282124438138e-03 4.544981849087470493e-03 2.845833356402671654e-02 -2.848259013098974890e-02
-1.211771949060302944e-02 1.716753233750889507e-02 1.189269353709043742e-02 -1.694250638399630304e-02
-4.616638064317335477e-03 4.662782031967793728e-03 8.890911554129132810e-03 -8.937055521778702882e-03
-1.444924001427505544e-02 9.826235986470699402e-03 1.826754684526576966e-02 -1.364454281745963726e-02
-1.058324290251277944e-02 8.148865639684643725e-03 1.860046634045442460e-02 -1.616608907762628888e-02
-1.707906997762531631e-02 2.128253886486852764e-02 6.221666746416332217e-03 -1.042513563365865537e-02
-5.172062256342258024e-03 -2.080914634846386946e-03 5.183917959313610879e-03 2.069058931875034091e-03
-1.365327513524938752e-02 2.188595415215655038e-02 5.374489457865117004e-03 -1.360716847477405622e-02
-1.704137432130270469e-02 5.231884067046443931e-03 2.286803492794931003e-02 -1.105854467369127292e-02
-4.145872795318084059e-04 -5.004185961622553691e-03 1.735875896837324461e-02 -1.193998572721799434e-02
-1.812968428071926041e-02 1.615522888929099565e-02 4.793358539866510171e-03 -2.818903148438245410e-03
-1.739579578408534388e-02 1.481151701994232184e-02 1.868699654285066458e-02 -1.610271777870941889e-02
5.135380259995159236e-04 -7.223783573016007153e-04 8.288094566142767405e-03 -8.079254234838018078e-03
-7.245000236947518601e-03 3.530407732467821802e-03 2.540239735208160710e-02 -2.168780484760191030e-02
-1.895395865243365563e-02 2.155446983736819533e-02 8.931748172724240931e-03 -1.153225935766144516e-02
-1.014894080909378715e-02 7.709136744699307542e-03 1.307272902034561923e-02 -1.063292495594936327e-02
1.203382632014360354e-03 5.350326045637565642e-03 2.976440710225070063e-03 -9.530149387874331524e-03
-1.504704723916905351e-02 4.050723928163080245e-03 3.963882358060288880e-02 -2.864250026959780371e-02
-1.814196227169428965e-02 1.715469336149766377e-02 1.539893632067546037e-02 -1.441166741047883448e-02
-4.991954540900067627e-03 5.737248595695909614e-03 4.878228495412528787e-03 -5.623522550206594417e-03
-1.300218069515146624e-02 1.232898513373026361e-02 2.359869789061797007e-02 -2.292550232919854380e-02
-1.151368712149647422e-02 1.259841892092694593e-02 1.977353168700712871e-02 -2.085826348643848860e-02
-3.479057159369247643e-03 1.219605982057814231e-02 8.526240868631518310e-04 -9.569626748071158318e-03
-8.585970059807657151e-03 1.347263858931935232e-02 6.705272847220555832e-04 -5.557195814233750752e-03
-1.725204415185377371e-02 2.186169912440316665e-02 2.337608745239805330e-03 -6.947263717789198267e-03
-1.885276987876327581e-02 2.396176710017794420e-02 1.143196944159186046e-02 -1.654096666300741703e-02
-1.719323795746063865e-02 2.570280389944290533e-02 1.626959797319571521e-02 -2.477916391517709371e-02
-9.327562937685662803e-03 9.852086534188231326e-03 8.952310607179825297e-03 -9.476834203683281999e-03
-2.818653776095025876e-03 2.268408760190077089e-03 1.722167984967271082e-03 -1.171922969060545938e-03
-1.038356261845230222e-02 8.789588407847048757e-03 8.779499129262013923e-03 -7.185524918656760462e-03
-4.031511685642641396e-03 -9.327055333283595928e-04 6.451214029723040255e-03 -1.486996810752039266e-03
-1.434650763572875576e-02 1.608988698649138627e-02 1.028957966210164443e-02 -1.203295901286249858e-02
-3.035580203514243181e-03 -3.251227639855969187e-03 1.799131037318169035e-02 -1.170450252981147798e-02
-1.745057014064244072e-03 5.467576780758598431e-03 1.643246673641129973e-02 -2.015498650310565409e-02
-8.007471482732064771e-03 1.216485455254723291e-02 -4.159736467470587229e-03 2.353397652754551928e-06
-7.007478805095779251e-03 1.493353856613222064e-02 -5.582466084478987511e-03 -2.343593676558342054e-03
-2.479965382739646174e-02 2.474023123517987699e-02 8.867979775378564966e-03 -8.808557183161980220e-03
-1.649780161773861664e-02 1.370864104153213248e-03 4.108179501465514250e-02 -2.595485750107151546e-02
-1.875283498414503924e-02 1.876381679153116266e-02 5.477277394850155190e-03 -5.488259202235390433e-03
-6.488950523889869260e-03 9.090329883030712210e-03 1.245685844988209112e-02 -1.505823780902382225e-02
-6.549806368069788221e-03 -2.152912577538579342e-03 1.900903090332928258e-02 -1.030631195772180320e-02
-1.842199426475321644e-02 8.842213486714101123e-03 1.850928648500183016e-02 -8.929505706962714839e-03
-1.481329539406850415e-02 2.277957515470951932e-02 6.810150823006289045e-03 -1.477643058364819240e-02
-4.323113073528617178e-03 -6.151942865239234948e-03 3.244801746224812433e-02 -2.197296152347938403e-02
-1.036788804260613261e-02 4.021828300346363960e-03 2.259105712505160568e-02 -1.624499738279272520e-02
1.274860680642753152e-03 -6.903700017277358825e-03 1.869595181825722818e-02 -1.306711248162262251e-02
-4.378000990572950002e-03 5.132616758889874120e-03 2.197269061007922630e-02 -2.272730637839615042e-02
-1.035035246921456320e-02 1.122696970109160475e-02 6.486930100548349287e-03 -7.363547332427167191e-03
-1.253369661299963411e-02 1.283682013940090627e-02 4.021593005977486257e-03 -4.324716532375205702e-03
-7.480825743900965108e-03 9.049168726113165917e-03 3.093819764419603047e-02 -3.250654062640734310e-02
-1.797342151224157192e-02 2.075234829836691830e-02 3.218056855742190692e-02 -3.495949534354636512e-02
-1.037351200568359388e-02 6.452761744207613503e-03 1.209515511302594604e-02 -8.174404851549965656e-03
-1.660073127229111378e-02 1.719089870916956642e-02 1.137372344026399418e-02 -1.196389087714422317e-02
-1.938863361099940619e-02 1.993620602487577997e-02 2.043222923728738039e-02 -2.097980165116020146e-02
-2.786925546496732409e-03 -8.161089446646840884e-03 2.441322030360204565e-02 -1.346520531045758418e-02
-9.851283323652815227e-03 1.832780567331138144e-02 -9.109371271883048848e-03 6.328489222227062783e-04
-1.073384495943230377e-02 1.341157722550256892e-02 4.832400580875528817e-03 -7.510132846945793972e-03
-8.334791739353697437e-03 6.433284253796855978e-03 8.882909235119029745e-03 -6.981401749562188286e-03
-1.982433083778545324e-02 2.472729519633798390e-02 2.219720041371964214e-02 -2.710016477227661369e-02
-1.351488493202079866e-02 1.102398859308184598e-02 2.140484935090203322e-02 -1.891395301196130418e-02
-3.361280940627153768e-03 1.407844186650741847e-03 1.251854516924932881e-02 -1.056510841527646960e-02
-2.974829853481963937e-03 1.127915963251346909e-03 2.337576409101682628e-02 -2.152885020078532108e-02
-1.634474632938598404e-02 1.792301421218489565e-02 1.130776225668395085e-02 -1.288603013948463882e-02
-1.748540680457644214e-02 1.325840137258893492e-02 2.476375265578756313e-02 -2.053674722379739137e-02
-1.523077845934750485e-02 1.385522724130971994e-02 1.395544616944999206e-02 -1.257989495141309533e-02
-1.100929870660838361e-02 1.145364977867391332e-02 1.072204977564084061e-02 -1.116640084770814667e-02
-1.615806796572982762e-02 8.574677576925537892e-03 2.213960353773281042e-02 -1.455621314893029705e-02
-1.266454975504771596e-02 2.149787176591999582e-02 -2.096229853822961786e-03 -6.737092157049318075e-03
2.670496437979785753e-03 -1.041668297699338552e-02 1.916939202587730762e-02 -1.142320548686459603e-02
-1.682605553306792956e-02 3.133898252212219404e-03 3.325482472996288408e-02 -1.956266744910450939e-02
-1.855149593706606481e-02 1.470200288925127552e-02 2.576007827496518132e-02 -2.191058522715039203e-02
-2.095715568123779349e-02 2.595840340603139396e-02 1.326590130041793714e-02 -1.826714902521331396e-02
-1.019849205269807157e-02 7.947574525174694315e-03 2.139613313935040395e-02 -1.914521561182791487e-02
-1.255010211263307696e-02 -1.975652692385310161e-04 3.803937739791241057e-02 -2.529171001603902624e-02
-2.162527528613633621e-02 2.450393013087559524e-02 2.013061946078575914e-02 -2.300927430552679454e-02
-7.594991729096278732e-03 1.461217796605929209e-02 6.345282587315814737e-03 -1.336246882427705174e-02
-2.125999362427855033e-02 2.920562505269153064e-02 2.319733608663554492e-03 -1.026536503707564663e-02
-2.581988460626405413e-03 -3.130181174337387517e-03 1.565958774912612483e-02 -9.947418114162331904e-03
-2.156132775224328668e-02 2.721329253337056997e-02 1.263698831122184174e-02 -1.828895309234823685e-02
1.801202656348088738e-03 -1.565028349034491839e-02 1.956810384039542328e-02 -5.719023006395929087e-03
-3.462471630583330295e-03 -2.401670647590670171e-03 2.093977093221521812e-02 -1.507562865404121766e-02
-1.144825749868605413e-02 1.900172713355985366e-02 3.052661591010696895e-03 -1.060613122588272006e-02
-9.728559196069852533e-03 8.247146779612357648e-03 2.388266003348693545e-02 -2.240124761702766421e-02
7.815681302467680780e-04 2.153158466563276363e-03 5.311268377718114664e-03 -8.245994974529935462e-03
-9.235789169665942211e-03 2.516193612492223508e-03 1.834364766312557293e-02 -1.162405210594918969e-02
-1.769008630327295606e-02 1.571207866731239022e-02 1.375644817557208910e-02 -1.177844053960974691e-02
-4.058604913463881303e-04 2.463047844525334540e-04 1.414791249684910213e-03 -1.255235542792831893e-03
-9.526384704781953872e-03 1.113709574231958044e-02 1.301563075537792713e-02 -1.462634179291377734e-02
-1.759205890112092163e-02 1.622527478444979465e-02 2.187647117123514562e-02 -2.050968705456579499e-02
-2.668520222734116487e-03 -4.892123586257568491e-04 2.335587203550915092e-02 -2.019813945415105394e-02
-1.980822684228922270e-02 2.006731689120488937e-02 1.366985060341274760e-02 -1.392894065233107881e-02
-1.050356840550481508e-02 2.211793182561372362e-02 4.147949776171167002e-03 -1.576231319628007554e-02
-2.576438057601659892e-02 2.949611410401864475e-02 2.384585707607111971e-02 -2.757759060407671825e-02
-1.332489505955436471e-03 1.669085132509628977e-03 6.967212935430566745e-03 -7.303808561986535608e-03
-2.453912679102732142e-02 2.672449469719584414e-02 1.032608716492777745e-02 -1.251145507109630017e-02
-1.603448140128804766e-02 3.485006732200535140e-02 -1.924033404270453218e-02 4.247481219845639089e-04
-3.566958809689602106e-03 5.996078074145039238e-03 7.078394225652040461e-03 -9.507513490106589416e-03
-1.887532910662592656e-02 1.821554543257075665e-02 2.277636293070006701e-02 -2.211657925664223256e-02
-2.947266387706903856e-02 2.796521031824372727e-02 3.231555033206578997e-02 -3.080809677323781415e-02
-8.254202869691695810e-03 8.992893192192319418e-03 1.482527155264445895e-02 -1.556396187514508256e-02
-2.117145865372460634e-02 2.279702406148764737e-02 2.653706945007083817e-02 -2.816263485783387921e-02
-1.898522860486906438e-02 1.402459417274570797e-02 2.781291608353253508e-02 -2.285228165141095502e-02
-2.353741935840147903e-03 -4.737496262769980149e-04 8.564149724307412725e-03 -5.736658162192043164e-03
-7.368086825077391211e-03 3.457032505993495874e-03 1.786110125304940510e-02 -1.395004693396550977e-02
-1.802462283033534618e-02 2.499629153956650640e-02 -4.994202348314047413e-04 -6.472248474400643659e-03
-9.290574377748939128e-03 1.010439597076828733e-02 5.966303177049603335e-03 -6.780124770067175177e-03
-7.561429973855560149e-03 3.789995545811386535e-03 7.560957424918690606e-03 -3.789522996874516991e-03
-1.673526278349690699e-02 8.549579811620411363e-03 2.990779060148263113e-02 -2.172210762960791186e-02
-1.574646958176550982e-03 -2.960600636613186509e-03 1.986616345314473620e-02 -1.533091585835588688e-02
-2.078232583157912927e-02 1.903858931730173509e-02 2.423546163139622678e-02 -2.249172511711705624e-02
-1.991552543419494725e-02 2.541373774759581039e-02 1.398184715141415069e-02 -1.948005946481501383e-02
-9.660534810802090533e-03 6.368099152246564643e-03 8.119214833660848285e-03 -4.826779175106210573e-03
-1.643573529421704649e-02 1.582264018755896728e-02 2.010407122197754859e-02 -1.949097611531858121e-02
-1.735242568407002750e-02 2.469223198230263705e-02 -1.061787351433807203e-03 -6.278018946799690525e-03
-2.690064919020240808e-02 3.485335583416482308e-02 8.235693710633817943e-03 -1.618840035459445659e-02
-8.405757283982850936e-03 7.291822563565197868e-03 4.323467046314810602e-03 -3.209532325898933891e-03
-1.817868277096312823e-02 9.987984138647654220e-03 2.680580683394762076e-02 -1.861510820163214674e-02
-1.753785882198233281e-02 2.069441735866917043e-02 1.610801583687493377e-02 -1.926457437356177138e-02
-1.842747640580100210e-02 1.297635183732737119e-02 4.806839357093206644e-02 -4.261726900245843552e-02
-7.330490212362761326e-04 -9.229577783456122120e-04 1.209708593217762029e-02 -1.044107913259573195e-02
-8.467975823934104085e-03 5.203938552898357273e-03 -7.673019795335633830e-04 4.031339250569310195e-03
-1.224342138953460335e-02 1.032215599642682946e-02 1.604101599927254540e-02 -1.411975060616299515e-02
-1.405989761910575453e-02 5.247859053640446803e-03 3.641337375260622622e-02 -2.760133518714180667e-02
-1.339460217724930402e-02 1.742441332581634583e-02 7.236882809034561603e-03 -1.126669395760160342e-02
-8.423208693209005560e-03 4.280898339913186135e-03 -7.882844186965165534e-03 1.202515454025920860e-02
-8.318328605799507613e-03 1.012262604350855355e-02 2.063438062531552930e-02 -2.243867806302368706e-02
-2.466903995491076529e-02 2.524218047960768985e-02 2.489637835732949611e-02 -2.546951888202819703e-02
-2.565405595942049644e-02 2.389274177252787013e-02 1.131227874541185230e-02 -9.550964558521002346e-03
-1.256137221748598876e-02 1.750410471118879485e-02 1.847232498554074454e-02 -2.341505747924266245e-02
-1.910941093436591132e-02 1.051757916986950647e-02 2.822464608439467781e-02 -1.963281431990004933e-02
-7.464461568075009268e-03 3.594963199308409685e-03 2.274711865856549053e-02 -1.887762028979889095e-02
-1.421655121359588492e-02 2.068602950800357831e-02 2.115661805927082639e-02 -2.762609635367674343e-02
-1.015926109092291085e-02 1.491214458643508323e-02 2.026179660185256637e-02 -2.501468009736651510e-02
3.542047556782002005e-03 -1.716094904697484935e-03 1.330904960480605581e-02 -1.513500225688879652e-02
4.432795093700647726e-03 -1.378057039036839626e-02 6.605994905969581055e-03 2.741780390698167480e-03
-2.389358621016413053e-03 5.629956675486269546e-03 1.389599229209359521e-02 -1.713659034656256352e-02
-1.054311517521799857e-02 6.608583861443584340e-03 2.707983104584421596e-02 -2.314529973206891356e-02
-7.773143273827720634e-03 1.419783999490764614e-02 2.030471340264661251e-02 -2.672941012372476166e-02
-1.981929817251426584e-02 1.502079429323632809e-02 2.531765612171898994e-02 -2.051915224244282854e-02
-1.189446648747871649e-02 5.116034568300342755e-03 1.677844408326567560e-02 -1.000001216408819005e-02
-5.182762539553742442e-03 9.102280436938947616e-03 1.990747643088930374e-02 -2.382699432827539709e-02
-1.247721213536223672e-03 1.007543315917303062e-02 8.755554115342789601e-03 -1.758326606097959655e-02
-2.231072360598496118e-02 2.047028243662385449e-02 5.828869735549524478e-03 -3.988428566188417790e-03
-1.952823406385828520e-02 2.055165862166141721e-02 2.096780149782695446e-02 -2.199122605563097466e-02
-1.473897330241147330e-02 1.500324849514012016e-02 4.435785487313381736e-03 -4.700060680041140415e-03
-9.475424455183123484e-03 1.139636766132134937e-02 2.975126798134830608e-03 -4.896070004274832854e-03
1.795816394647431480e-04 2.614432920850617847e-03 1.534291465326642623e-02 -1.813692921358001087e-02
-1.569118622262610785e-02 2.304170393761317825e-02 5.978140965297029652e-03 -1.332865868028676459e-02
-1.551751849852767151e-02 1.000547219536951360e-02 4.633151533092227936e-02 -4.081946902776323327e-02
-2.147413032844536218e-02 1.225858712420979657e-02 3.064748263772365533e-02 -2.143193943348542518e-02
-1.208873175605251760e-02 6.822731092330336367e-03 4.608342481098759436e-02 -4.081742414726807766e-02
-3.202627495575516292e-02 3.590810601062965901e-02 3.900207688126755556e-02 -4.288390793614560437e-02
-1.412316989414019730e-02 1.416151276644406209e-03 2.983410154511823009e-02 -1.712708292762243900e-02
-2.616426494699375382e-02 2.136101350889241246e-02 2.519567499680253064e-02 -2.039242355870030110e-02
-4.633175732104533040e-03 -4.229628973143384485e-03 3.469529567823315119e-02 -2.583249097298523367e-02
-5.072824184646940182e-03 6.018652628387854975e-03 1.876243659910237227e-03 -2.822072103650263841e-03
-1.820899436430423179e-02 1.061187082690739913e-02 1.919843616915883899e-02 -1.160131263175756544e-02
-1.614614678162951122e-02 4.453246910321340124e-03 2.044577597459085183e-02 -8.752876103282680731e-03
-7.889675554682007430e-03 1.027883711252819410e-02 1.377631249858968232e-02 -1.616547405643586899e-02
-1.462969642481048993e-02 8.191592934754687860e-03 8.246574402784645486e-03 -1.808470912726178881e-03
-1.528035821205975253e-03 3.510046412982248398e-04 2.089344361052791754e-02 -1.971641243062016713e-02
-3.602554385538780934e-02 2.942691906146155389e-02 3.938634069634616708e-02 -3.278771590241991163e-02
-2.457522778245557760e-02 1.905759554085051377e-02 3.023753604341195000e-02 -2.471990380180955071e-02
-1.839186638458034651e-02 9.745190301940986899e-03 2.647377273612416815e-02 -1.782709665348480854e-02
-1.179793415380370192e-02 1.529442683605619635e-02 5.122135352027434863e-03 -8.618628034280817474e-03
-2.265488166395268621e-02 2.161194498677865283e-02 1.364052361623180332e-02 -1.259758693905865812e-02
-1.382270214280634235e-02 1.332472837929010723e-02 3.005218677725007836e-02 -2.955421301373295506e-02
-2.396957938438859514e-03 -3.159281945179337470e-03 2.542483529114925034e-02 -1.986859540753016518e-02
-1.641027130644090448e-02 1.328160168746439496e-02 3.830364054299373322e-02 -3.517497092401455916e-02
-6.393089061397461137e-03 1.946555330417432117e-03 1.457692398005328016e-02 -1.013039024907058661e-02
-2.462828369266301110e-02 1.894846089486446061e-02 3.755544630729357181e-02 -3.187562350949413315e-02
-3.597856362228668559e-02 4.024981725345977424e-02 3.002979762499347061e-02 -3.430105125616655926e-02
-1.070392212089643635e-02 1.347678291697373965e-02 1.168814309939314455e-02 -1.446100389546955967e-02
-3.436946853245625988e-02 3.244837937547195850e-02 4.595882160553887985e-02 -4.403773244855280211e-02
-2.556725255280500875e-02 3.081580308302367399e-02 1.219494366352602555e-02 -1.744349419374380261e-02
-2.489438019352618880e-02 2.111725253634144650e-02 2.752270461900785392e-02 -2.374557696182222344e-02
-9.955250307054797076e-03 7.528423720478016890e-03 2.259029564047665417e-02 -2.016346905390253852e-02
-1.783115509109833852e-02 1.599943397984215920e-02 3.306301216218443528e-02 -3.123129105093092051e-02
-1.551036792624849170e-02 1.718284611337583812e-02 1.648605640473199685e-02 -1.815853459186200780e-02
-1.929595861198052376e-02 1.928678769071190402e-02 1.501133406859356256e-02 -1.500216314732316647e-02
-3.276548210047991461e-02 3.225451805812351580e-02 3.516112291395678824e-02 -3.465015887159950125e-02
-2.852435904196148897e-03 6.070254870078173326e-03 1.474858222388508722e-02 -1.796640118976799982e-02
-1.994376704384936971e-02 1.873365850530106513e-02 2.527085004145490643e-02 -2.406074150290749003e-02
-2.303937409922340862e-02 1.828868352873591618e-02 4.691965637977890680e-02 -4.216896580928963800e-02
-1.957847780863630760e-02 1.283263625036923372e-02 3.288714037597451068e-02 -2.614129881770832498e-02
-7.825940210416604259e-03 1.082404344036991262e-02 -7.214998424672103283e-03 4.216895194718794926e-03
-1.281987249387750438e-02 1.595162686352402659e-02 5.577588597033056317e-03 -8.709342966678690345e-03
-5.567808415514186038e-03 4.259326763047077691e-03 1.690542069190392738e-02 -1.559693903943504267e-02
-7.100850578515505163e-03 3.634060003069983225e-03 1.612069829198681248e-02 -1.265390771654484325e-02
-2.621342810314608585e-02 2.958301520326056533e-02 3.161919990170591888e-02 -3.498878700181773382e-02
-3.073735717850922811e-02 2.745587963694529066e-02 2.783227213583927551e-02 -2.455079459427444988e-02
-7.961991116808952995e-03 6.940614021952562496e-03 2.865405585487046380e-02 -2.763267876001496148e-02
-7.701782158945569279e-03 1.338858350024985100e-02 7.197188015282129925e-03 -1.288398935658463529e-02
-2.444222153874164860e-02 2.269029855476301094e-02 3.042270491491638751e-02 -2.867078193093597349e-02
-3.063955419784747392e-02 3.328794504704823964e-02 3.483777028745027593e-02 -3.748616113665015348e-02
-5.377821544094096851e-02 5.820186474483701744e-02 2.208168516546482607e-02 -2.650533446935909865e-02
-2.194077091814339298e-02 3.076045199341148617e-02 1.135795218323742972e-02 -2.017763325850552292e-02
-2.486043622459988001e-02 1.573456921355909088e-02 3.847940947146177848e-02 -2.935354246042010118e-02
-2.402890887098241279e-02 1.712694778291101727e-02 5.516425563264704124e-02 -4.826229454457475754e-02
-1.849435215040351466e-02 1.665864169386921390e-02 2.653515759476299252e-02 -2.469944713822691540e-02
-1.504881367192556496e-02 1.899493956343789591e-02 9.483569057753271636e-03 -1.342969494926560259e-02
-2.042261770825160028e-02 2.826093779859739641e-02 1.216765551796950007e-02 -2.000597560831529620e-02
-2.342045416569327188e-02 3.003093286696767450e-02 7.893241984938903499e-03 -1.450372068621419430e-02
-2.872720886833768361e-03 6.108972708470439272e-03 1.488731314780444848e-02 -1.812356496944111939e-02
-3.003432528242822031e-02 3.153483211874963388e-02 3.336958099399023325e-02 -3.487008783030987047e-02
-2.359763022281313738e-02 2.270672872942380849e-02 3.263615754645332601e-02 -3.174525605306399711e-02
-4.700406865883799412e-03 3.753675820571622523e-03 6.281714198927978998e-03 -5.334983153614025753e-03
-8.468967592537346434e-03 6.287441750057354284e-03 1.778468762058338370e-02 -1.560316177810161520e-02
-1.483998909206807326e-02 9.977395821370471651e-03 2.242972418839173088e-02 -1.756713091769412927e-02
-3.553603591589027388e-02 2.648187289679615475e-02 4.291701489548316317e-02 -3.386285187638904404e-02
-3.710549880947500156e-02 3.244947908087603139e-02 4.649741353871217342e-02 -4.184139381011142689e-02
-3.521178449295092605e-02 3.443766960300109758e-02 3.612424671501734963e-02 -3.535013182506574481e-02
-9.494125020110821822e-03 9.397776873433905109e-03 2.157729147902021083e-02 -2.148094333234329412e-02
-6.920209992568260304e-03 1.306119639927771914e-03 9.774472563126579416e-03 -4.160382210486091026e-03
3.707893784755889044e-03 -8.355430837223565277e-04 -2.010636658679665345e-02 1.723401588576223276e-02
-2.399242527193301555e-02 1.710074616038514961e-02 3.413522869781715485e-02 -2.724354958626840073e-02
-3.288906080820819255e-02 3.541521040348438731e-02 3.092842563303310754e-02 -3.345457522830663777e-02
-1.324957046699193342e-02 3.866454786311201985e-03 2.792010843760017735e-02 -1.853699275691766957e-02
-9.739255566337590153e-03 9.474531035193578532e-03 1.483823710799825335e-02 -1.457351257685246537e-02
-3.513700381692785868e-02 3.107759714584723554e-02 4.715992472275853942e-02 -4.310051805167613992e-02
-3.608932082433291555e-02 4.099473814395615534e-02 2.956863989078062360e-02 -3.447405721040297522e-02
-1.450478446783787234e-02 1.376488668631026258e-02 7.299354743021346792e-03 -6.559456961495513383e-03
-1.596407767297147728e-02 1.624580290908816949e-02 2.895008136657128972e-02 -2.923180660268975828e-02
-1.277093094353531910e-02 1.327352666344872034e-02 2.619309701935090828e-02 -2.669569273926430952e-02
-3.675641205239710274e-02 4.166080764035307027e-02 3.367134176633967968e-02 -3.857573735429653539e-02
-2.155083523652123745e-02 2.695970978843842403e-02 2.352665665014175289e-02 -2.893553120205716311e-02
-2.482244521263954340e-02 3.609654607474066523e-02 9.349109378877784593e-03 -2.062321024097801825e-02
-1.503505716043385121e-02 1.235043285698989024e-02 3.227471529826431151e-02 -2.959009099481857419e-02
-2.150337850275185758e-03 1.185406465237459628e-02 1.147494668169990462e-03 -1.085122147026673645e-02
-2.392831317549148906e-02 2.207123465729221579e-02 2.589923694925388986e-02 -2.404215843105461659e-02
-9.066047431860901895e-03 9.348749775655029737e-03 1.791706357231337421e-02 -1.819976591610839023e-02
-7.213585744162642754e-03 1.684370673888668790e-02 4.783323258027216696e-03 -1.441344425275126184e-02
-8.218627867554673117e-03 -2.180589535241139743e-03 2.677500786178388381e-02 -1.637579045898629460e-02
-3.696732331333763000e-02 3.713279215265341549e-02 4.456075854903041034e-02 -4.472622738834441947e-02
-8.532842505639237629e-03 1.282500626880622718e-02 1.328059176563645138e-02 -1.757275552880610547e-02
-1.103053378073770574e-02 7.586252754948397126e-03 1.048569288506140396e-02 -7.041411859272095342e-03
-3.408596717044698465e-02 4.961013208754927462e-02 2.160079344919463296e-02 -3.712495836629781110e-02
-1.029885133808594588e-02 1.292501490914688134e-02 5.725291984849611993e-03 -8.351455555910547446e-03
-1.219373749822949549e-03 5.206984098230726943e-03 7.309043604620590884e-03 -1.129665395303014463e-02
-2.290667105308941132e-02 1.995887645355143292e-02 3.786624264941718110e-02 -3.491844804988275541e-02
-2.497646658087404603e-02 2.485734248247073452e-02 4.917212959168359987e-02 -4.905300549328295290e-02
-3.849282262788289444e-02 4.141802879404554716e-02 2.400323847178587044e-02 -2.692844463794585863e-02
-4.934857828573946392e-03 1.398873866020711176e-02 1.389544646054474697e-02 -2.294932729217613598e-02
-2.552545631497249445e-02 1.895767140713733312e-02 1.258093936947801694e-02 -6.013154461644631965e-03
-1.288563113105034574e-02 7.628303489264354198e-03 3.433996974199704511e-02 -2.908264210020838902e-02
-1.581631581904918704e-02 2.466908562155811779e-02 2.394862465898128789e-02 -3.280139446149110682e-02
-2.146975802808093192e-02 2.484025759873365047e-02 1.307096843815713783e-02 -1.644146800881252091e-02
-3.459034404877669999e-02 3.406774112729049619e-02 3.790972809637249696e-02 -3.738712517488718134e-02
-1.212514183143920121e-02 9.326952365955598623e-03 2.310576453740509351e-02 -2.030757507192060274e-02
-1.086904316438630502e-02 1.353361142333664446e-02 3.026817686874494484e-02 -3.293274512769794882e-02
-2.203939794575848765e-02 2.028879911370662370e-02 3.308684377785908737e-02 -3.133624494580811159e-02
-1.509585467231833178e-02 1.604204438292189394e-02 1.906881877626087629e-02 -2.001500848686710299e-02
-1.627105247753934947e-02 2.827916784860384780e-02 1.868447177503895773e-03 -1.387656254856928228e-02
3.046649335294304706e-03 -1.466898682850370506e-02 2.450928490411019567e-02 -1.288694741090168350e-02
-1.006576698531880254e-02 7.781710881372028155e-03 1.330195775032283478e-02 -1.101790164637517222e-02
-1.228289517587288771e-02 1.481344475480206313e-02 2.593271692011356322e-02 -2.846326649904451500e-02
-2.617732796609306689e-02 2.616601618056968448e-02 3.172812988442874627e-02 -3.171681809890536385e-02
-9.889474885394378134e-03 1.282202063484216836e-02 8.495729887684433379e-03 -1.142827563713577632e-02
-8.032826294286365965e-03 3.158465871310411899e-03 2.358790206463101669e-02 -1.871354164165683898e-02
-4.359046740424865618e-02 3.929774549929110350e-02 4.113707199622762545e-02 -3.684435009127007277e-02
-3.679059605593160143e-02 3.763542066911540473e-02 4.993837008561019530e-02 -5.078319469879311043e-02
-1.438644295365243408e-02 1.039201803306877281e-02 2.372874618677300873e-02 -1.973432126618845928e-02
-1.991537446688340651e-02 1.985514238767382977e-02 1.276652812295964168e-02 -1.270629604375095312e-02
-3.514324100040422394e-02 3.574652097444630527e-02 5.325071011750548422e-02 -5.385399009154845373e-02
-2.928076536509038874e-02 3.537034536536243223e-02 3.544215448030385573e-02 -4.153173448057856376e-02
-2.210864158450842609e-02 2.566010008421582000e-02 3.150381933529899925e-02 -3.505527783500728134e-02
-1.017709628332497118e-02 4.532962347901126066e-03 3.419681662552331858e-02 -2.855268269010302618e-02
-2.762687113107453740e-03 -2.620911687163385295e-03 1.780259300693476376e-02 -1.241899420666747744e-02
-1.888458464816089588e-02 2.366091883028254017e-02 1.704355373011612329e-02 -2.181988791223776758e-02
-2.449219541832725611e-02 2.942955029812832635e-02 1.980428705589076799e-02 -2.474164193569095005e-02
-3.067341305154958064e-02 2.514573455915769529e-02 4.213917948657552870e-02 -3.661150099418097881e-02
-3.372484454540725096e-02 3.066102074182808224e-02 4.562933600496688058e-02 -4.256551220138860003e-02
-2.189738478590275150e-02 2.226652506125414988e-02 1.897700018265080502e-02 -1.934614045800042703e-02
-4.219585542954096269e-02 3.730912727747082158e-02 6.098180650405460312e-02 -5.609507835198801473e-02
-9.403449008488884431e-03 1.296134849756835905e-02 1.807735701522350524e-02 -2.163525650430297986e-02
-2.432489391348635621e-02 8.538389464690432362e-03 2.768981538833781286e-02 -1.190331093954366537e-02
-1.765427393042084958e-02 1.505961436370650830e-02 3.838127746152952824e-02 -3.578661789481607514e-02
-2.562681349857154345e-02 2.637694884168251264e-02 3.028345328695269956e-02 -3.103358863006278057e-02
-1.730437751424673820e-02 1.465408460942363433e-02 2.981451303021742660e-03 -3.311583981995269710e-04
-1.077139735696075462e-02 1.727973597288112728e-02 -8.550732192382781705e-04 -5.653265396681206312e-03
-1.431400606695554245e-02 1.944815207289440906e-02 1.321676343333155756e-02 -1.835090943927131235e-02
-1.220904880676165760e-02 1.919701255645289706e-02 2.478316948143355347e-02 -3.177113323112479293e-02
-2.891814503555867333e-02 2.374769352500116781e-02 4.687804544581197774e-02 -4.170759393525358405e-02
-2.781213322297126922e-02 3.018991058186770715e-02 3.433194920244186932e-02 -3.670972656133741907e-02
-3.757098641783773729e-02 4.177498321884787202e-02 3.156983046183814423e-02 -3.577382726285005532e-02
-1.175866307006234734e-02 6.576969172711777389e-03 1.377000910853620752e-02 -8.588315211184749387e-03
-6.463174458174236747e-03 8.833738254178769012e-03 6.431436209650698288e-03 -8.802000005654342374e-03
-3.055282678306348032e-03 5.542255071524060384e-03 1.105991124751870558e-02 -1.354688364073730611e-02
-4.278700687103587086e-02 4.298868627748753113e-02 4.625910423239609770e-02 -4.646078363885042251e-02
-2.597437186189299752e-02 1.756530504219089295e-02 4.040747505775321713e-02 -3.199840823805022438e-02
-1.989776007331656160e-02 2.145781290974113631e-02 7.699956847447175790e-03 -9.260009683869085961e-03
-1.400041480207558919e-02 1.426395592241025412e-02 7.018640718186475169e-03 -7.282181838521140094e-03
-9.133595177658548891e-03 1.009007196635813841e-02 -2.407115238199253326e-03 1.450638449498775628e-03
-1.031004357857945308e-02 6.234541429984474803e-03 1.902137841926698769e-02 -1.494587627067200941e-02
-2.951314329268228676e-02 2.558975860740542174e-02 5.265460968660651275e-02 -4.873122500133053592e-02
-2.968998080690443686e-02 3.099138734600970224e-02 1.959898875426180354e-02 -2.090039529336440438e-02
-3.542837686463684577e-02 4.460128429486953650e-02 2.556512191751547647e-02 -3.473802934775171991e-02
-2.684582162457616050e-02 2.730120413130077139e-02 3.343191691077507244e-02 -3.388729941749790697e-02
-3.371439224547412294e-02 3.648189870830087500e-02 4.235639279473701890e-02 -4.512389925756465914e-02
-3.753861248779610804e-02 3.539431291678329927e-02 3.697426948198589969e-02 -3.482996991097397910e-02
-3.832263814317204975e-02 3.857592809833665370e-02 4.285232377100189893e-02 -4.310561372616561471e-02
-5.427228619834245649e-03 -2.830476804250636746e-03 2.468307679672143706e-02 -1.642537137263566649e-02
-1.691216613930723867e-02 1.113316695292176917e-02 3.799070638154056212e-02 -3.221170719515775716e-02
-1.610887870099109165e-02 2.123594922139826480e-02 1.265376288162656238e-02 -1.778083340203551188e-02
-4.168430163797864907e-04 2.369505739415522783e-03 9.660277256022808956e-04 -2.918690448636240831e-03
-1.273054788857574948e-02 1.557214279935692502e-02 1.981988156375269483e-02 -2.266147647453564673e-02
-3.291228908533039288e-02 3.240421440814600373e-02 4.207946242062110542e-02 -4.157138774344026899e-02
-9.277125990441170700e-03 1.216292549776731846e-02 1.806900813116296689e-02 -2.095480763849089101e-02
7.099811053182669696e-02 -8.905055100981318361e-02 -6.732835043774976214e-02 8.538079091573536061e-02
-2.142690108293976436e-02 2.114123902760667306e-02 2.940350986675444034e-02 -2.911784781142134904e-02
-2.588463854597922165e-02 2.949565661060216115e-02 8.955908870724726967e-03 -1.256692693534766647e-02
-3.028108365202708541e-02 3.912012078383408920e-02 3.830489114487889424e-02 -4.714392827668767438e-02
-1.220128318099433784e-02 6.962776234047396429e-04 2.095131421945328754e-02 -9.446308661865465695e-03
-1.858345140605699441e-02 1.458748761402706151e-02 4.517591066570414426e-02 -4.117994687367421136e-02
-3.779147887337241940e-02 3.602178967982183622e-02 5.746188488141967809e-02 -5.569219568786820673e-02
-6.546970800850537842e-03 -4.327984698329068181e-03 2.948704097049326123e-02 -1.861208547131365520e-02
-1.141685275349946238e-02 1.064701037206283729e-02 3.039288366070902470e-02 -2.962304127926884689e-02
-3.796144758785668927e-02 4.937731840879244771e-02 6.583139807818660927e-03 -1.799901062875530755e-02
-1.814991138619959088e-02 1.864053302703805315e-02 2.059500328750996090e-02 -2.108562492835019953e-02
-1.612108912901266677e-02 2.143820586937028594e-02 2.415674497984277025e-02 -2.947386172019772488e-02
-2.417358283706594335e-02 3.226800432938681240e-02 1.402380090811661262e-02 -2.211822240043481713e-02
-2.892236331037700836e-02 3.888776534529814199e-02 2.401839712431552698e-02 -3.398379915923666061e-02
-4.344151430351761434e-02 3.963786344814401730e-02 5.601102613761987925e-02 -5.220737528224717039e-02
-2.950672976295010130e-02 3.193382697814239890e-02 3.009797621525311939e-02 -3.252507343044630517e-02
-3.616173269339117979e-02 3.350385942099087799e-02 3.628322154315277714e-02 -3.362534827075158717e-02
-3.638229778978985252e-02 4.129250504877113315e-02 2.753427694288479444e-02 -3.244448420186341053e-02
-9.688514932555847281e-03 8.273711346251211296e-03 1.272254444395937156e-02 -1.130774085765828829e-02
-1.017394116621694877e-02 1.698404168957079463e-02 -1.758616948475122399e-03 -5.051483574880499816e-03
-1.514128818236759599e-02 2.669037982996869118e-02 -2.825155867071771354e-03 -8.723935780531988371e-03
-2.494394080341866271e-02 1.933327738986179156e-02 2.760423920667420816e-02 -2.199357579312000155e-02
-2.059321475983910688e-02 2.574447444696925658e-02 3.679647554364340323e-02 -4.194773523077266475e-02
-7.416639758706544683e-03 4.936539094442693454e-03 9.295351425109288357e-03 -6.815250760845437128e-03
-3.182948633576376807e-02 2.707024488381915006e-02 4.941531814076594031e-02 -4.465607668882043413e-02
-2.302829151884999703e-02 2.632800453189521050e-02 2.662273664367020842e-02 -2.992244965671808643e-02
-1.969688673279534896e-02 2.907306053241054400e-02 -1.043737442772130208e-02 1.061200628105218868e-03
-9.977737870086933469e-03 7.377225854060753818e-03 2.661731961881308450e-02 -2.401680760278868121e-02
-3.575098335924842274e-02 3.855301723699255945e-02 4.275413888177848065e-02 -4.555617275952261735e-02
-1.577667638207902456e-02 2.219439506141451801e-02 1.058192950904235374e-02 -1.699964818837695901e-02
-2.210818240419509806e-02 2.051864270877334917e-02 3.582330549857903890e-02 -3.423376580315817819e-02
-2.717166808946380741e-02 2.214876018122780010e-02 4.446545595122941563e-02 -3.944254804299340833e-02
-2.988689941486644130e-02 3.344828545243050399e-02 2.352584078119068778e-02 -2.708722681875652682e-02
-7.121550990476954723e-03 8.438293793814111154e-03 1.046328299842347320e-02 -1.178002580175885328e-02
-2.455444510446636031e-02 3.385173873040336900e-02 2.382529174147585138e-02 -3.312258536741019554e-02
-1.299268266574049591e-02 7.180266029218174140e-03 1.657189596350949756e-02 -1.075947932698451126e-02
-7.189871614494691698e-03 1.325603191460178465e-02 3.671948195776764123e-03 -9.738108495885633431e-03
-3.435891331133156257e-02 3.555385021839363446e-02 2.182238660667312757e-02 -2.301732351373431129e-02
-1.698679012297343860e-02 2.115204158214112340e-02 1.847295364080814295e-02 -2.263820509997671593e-02
-3.126264074339690779e-02 3.323073846287449840e-02 1.174551917087818254e-02 -1.371361689035843767e-02
-2.817335400110287935e-02 2.654110140254672956e-02 3.128384505746772959e-02 -2.965159245891157980e-02
-2.558586299993592661e-02 1.298333667327167262e-02 2.996895037594971001e-02 -1.736642404928634420e-02
-1.708152018940634065e-02 2.286917652460029871e-02 2.281877408777255312e-02 -2.860643042296473482e-02
-1.540880803796262910e-02 1.195462608278230476e-02 1.000924334740815880e-02 -6.555061392226946282e-03
-9.566757652417656743e-03 9.378071534704268686e-03 1.990589116730578922e-02 -1.971720504959328935e-02
-1.394297892606566336e-02 1.013631618139942958e-02 3.008884670307043763e-02 -2.628218395840331567e-02
-2.297721518469764135e-02 2.652448882327895774e-02 3.441700721432372490e-02 -3.796428085290326493e-02
-3.133743677244904546e-02 3.274655152265282254e-02 3.164578523743699634e-02 -3.305489998764077342e-02
-2.062631911927503836e-02 2.327697648826276833e-02 3.689550353345527611e-02 -3.954616090244122972e-02
-2.402380773384305002e-02 2.649393943318667510e-02 2.334323633300972034e-02 -2.581336803235423361e-02
-2.666974697909907377e-02 3.437752112824732365e-02 1.516336644120652721e-02 -2.287114059035566527e-02
-3.305413328429640529e-02 4.068416607524927286e-02 2.669999220293561848e-02 -3.433002499388848605e-02
-1.962605155664487455e-02 1.612053083586317825e-02 3.436345872101131960e-02 -3.085793800023051148e-02
-2.670115659604377356e-02 2.979770314512997231e-02 3.778475799645164557e-02 -4.088130454554139703e-02
-3.953983482543499406e-02 3.546277286081433999e-02 4.645822828546908312e-02 -4.238116632084576452e-02
-1.618725669330522976e-02 1.903875751003258898e-02 1.572782317521870254e-02 -1.857932399194872630e-02
-1.832259855995221898e-02 1.649439932292118272e-02 3.031530357702472145e-02 -2.848710433999368519e-02
-1.820543796647910995e-02 2.042579152668988485e-02 1.849176287935172525e-02 -2.071211643956072379e-02
-2.894434101306675444e-02 1.984344148723948820e-02 3.161182376172710917e-02 -2.251092423590250746e-02
-2.247692397833489508e-02 1.796020756813021535e-02 3.847430860703049404e-02 -3.395759219682759067e-02
-1.802585764553565895e-02 2.004716838405240509e-02 1.508279996124084477e-02 -1.710411069975936726e-02
-1.999828918398804944e-02 1.534935898560263468e-02 5.301852023159181471e-02 -4.836959003320462358e-02
-2.627920800844307792e-02 2.927781334873102992e-02 2.165026228786715023e-02 -2.464886762815332588e-02
-1.242537781931662977e-02 1.223150208007872664e-02 2.852337719277375783e-02 -2.832950145353763105e-02
-3.683850681693368045e-02 3.122440602892506689e-02 2.864791537709177049e-02 -2.303381458908138057e-02
-2.257127692017046883e-02 2.092964894853199809e-02 3.443937165015231727e-02 -3.279774367851562289e-02
-1.907243815025161382e-02 2.015139192515658095e-02 3.134803429699406507e-02 -3.242698807190080856e-02
-1.823878923694088883e-02 1.839372238848380192e-02 1.341038121249926718e-02 -1.356531436404395663e-02
-3.746366416231516894e-02 3.089287580989186210e-02 5.515230354382971711e-02 -4.858151519140907482e-02
-1.152100737796857288e-02 1.774952943770902181e-02 6.846595141128730688e-03 -1.307511720087095597e-02
-1.580430980579716760e-02 1.906611823253445692e-02 3.939886452591601085e-02 -4.266067295265152381e-02
-2.236698556066940569e-02 1.687468532251568121e-02 3.097281945358254518e-02 -2.548051921543148524e-02
-3.318882085651964076e-02 3.849049960893946576e-02 2.595462671584236602e-02 -3.125630546826307921e-02
-2.247996047815981058e-02 2.014538209614968878e-02 4.526199590745605406e-02 -4.292741752544415590e-02
-3.064338938477728647e-02 2.827985239338470791e-02 3.955197858185499626e-02 -3.718844159046152953e-02
-3.566455708536242497e-02 3.600037191660820923e-02 5.919507581038363497e-02 -5.953089064162853106e-02
-2.371800954360292479e-02 2.033087964943369741e-02 3.301308178718542763e-02 -2.962595189301442389e-02
-3.810931387888238930e-02 4.196387358545106139e-02 2.255383192017568206e-02 -2.640839162674346596e-02
-2.933833552755249485e-02 3.366612911546873477e-02 2.648072538004342391e-02 -3.080851896796055200e-02
-2.454739111497694637e-02 2.985352335890478770e-02 1.345616635489843560e-02 -1.876229859882716511e-02
-2.494544016067212766e-02 1.775149449588209194e-02 5.181886521562883985e-02 -4.462491955083791595e-02
-4.455911052026184649e-02 4.275887670913913752e-02 3.988373507424025632e-02 -3.808350126311843553e-02
-3.453868110737001729e-02 4.232279683800754810e-02 3.178916106714169132e-02 -3.957327679777655760e-02
-2.259202825987660646e-02 1.654904251382216529e-02 3.165022204069867229e-02 -2.560723629464334294e-02
-1.273151819961171327e-02 1.291458164506043005e-02 4.204544259451026278e-02 -4.222850603995986773e-02
-5.271800810805693516e-03 -1.115060934762546196e-03 2.414748014360768025e-02 -1.776061839803855236e-02
-2.899000191938227999e-02 3.476680146522337367e-02 3.337975355284861223e-02 -3.915655309868792955e-02
-2.894876850417915648e-02 3.076727547529056750e-02 3.253521224083488761e-02 -3.435371921194718681e-02
-1.583961184853510673e-02 1.827152097228346150e-02 4.060816880703566056e-02 -4.304007793078490351e-02
-2.503075499564033635e-02 1.801618997688869683e-02 4.123788484706381041e-02 -3.422331982830861818e-02
-3.481043453088616957e-02 4.093227245696606786e-02 4.105106629709620591e-02 -4.717290422317521603e-02
-1.102693855324066163e-02 -4.240792050500097332e-03 3.110170010899171444e-02 -1.583396950525006730e-02
-3.600282456800751874e-02 4.100115779920976422e-02 1.565239301352061574e-02 -2.065072624472108487e-02
-2.572812211320130160e-02 2.818178610042565424e-02 3.114626427707545275e-02 -3.359992826429802903e-02
-2.468205966638059579e-02 2.464013904536166422e-02 3.253798982925015792e-02 -3.249606920823122636e-02
-2.503147058706733930e-02 2.329070450069359310e-02 2.730336642303399231e-02 -2.556260033665846976e-02
-3.364396894147159145e-02 2.376017229856142166e-02 4.246315203461126231e-02 -3.257935539170198069e-02
-2.369402327134295660e-02 3.486662368004456170e-02 1.665242608013084435e-02 -2.782502648883333762e-02
-3.499653556194459725e-02 3.912968006916273112e-02 3.338789909790751409e-02 -3.752104360512387160e-02
-2.392502074244973187e-02 2.518351457546419425e-02 1.565780954955364734e-02 -1.691630338256810973e-02
-1.694396094964467636e-02 2.113715151849504537e-02 7.310955123171147818e-03 -1.150414569202240500e-02
2.466193082449663621e-03 -8.222763984430336848e-03 1.499731239031820706e-02 -9.240741488337533838e-03
-1.972820333976699203e-02 2.052020287584976899e-02 3.500581306620453859e-02 -3.579781260228642736e-02
-4.255990525901331978e-02 3.453557033726717407e-02 5.252928711780313620e-02 -4.450495219605610231e-02
-1.705177328177853724e-02 2.066622521848238136e-02 2.983003950051799080e-02 -3.344449143722183493e-02
-3.446915600744571151e-02 3.935248792011503127e-02 2.030317738019071783e-02 -2.518650929286092577e-02
-3.225757810066465225e-02 3.265733789462199610e-02 5.014234502311776254e-02 -5.054210481707599456e-02
-7.304757273328910117e-03 1.009510432397764390e-02 2.773026281461810072e-04 -3.067649678796691148e-03
-3.994790092201050413e-03 7.885995939928669429e-03 1.610810511528626421e-02 -1.999931096301388322e-02
-4.512815106697765088e-03 1.082474366118812981e-02 9.368892337600520648e-03 -1.568082089208999719e-02
-1.436476004109632498e-02 8.440465408845021500e-03 4.991687056788673971e-02 -4.399257593563454805e-02
-1.099944403030850282e-02 2.521697684336743350e-03 4.294212222036986049e-02 -3.446437587439810102e-02
-3.926597386339736317e-02 3.608044703689650134e-02 7.320052593138104413e-02 -7.001499910487929412e-02
-3.292608191810941776e-02 3.206631340622667636e-02 2.910046085661210924e-02 -2.824069234472936785e-02
-3.057028394656846615e-02 3.117883507384799913e-02 2.685468777976396382e-02 -2.746323890704172044e-02
-9.226025163833639908e-03 8.781999068160573074e-03 2.858941114674085071e-02 -2.814538505106511934e-02
-3.118531163933369044e-02 2.760707544765228505e-02 5.710560949202925229e-02 -5.352737330034784691e-02
-3.416728986371797561e-02 4.472739155919480680e-02 2.687018001912999665e-02 -3.743028171460593967e-02
-2.853296868683585785e-02 2.890391867483366184e-02 3.468518703934808656e-02 -3.505613702734589054e-02
-3.110453930120549160e-02 3.231984455721104155e-02 4.076639838436779684e-02 -4.198170364037068225e-02
-3.462972439006062331e-02 3.501586015510405048e-02 4.152677475869914758e-02 -4.191291052374346293e-02
-4.200566024611340765e-02 4.216203943249041686e-02 3.196254729666314631e-02 -3.211892648304193187e-02
-3.602873381064330971e-02 3.712597983753163078e-02 3.331221339274037518e-02 -3.440945941962691990e-02
-1.497193559870169111e-02 1.767567494324584487e-02 1.663610316974217795e-02 -1.933984251428810808e-02
-3.160595944975685967e-02 3.788941599473361066e-02 3.014565514465417095e-02 -3.642911168963181012e-02
-3.013963113366546764e-02 2.911038343359884095e-02 2.402258878949048437e-02 -2.299334108942474586e-02
-3.663431031236985547e-02 4.258828670823344709e-02 2.943745789198004559e-02 -3.539143428784541356e-02
-2.175573170611144747e-02 1.569037132552342229e-02 3.335067228579813303e-02 -2.728531190520833150e-02
-2.845946854461978148e-02 2.599413831850316825e-02 5.439873961765329113e-02 -5.193340939153756608e-02
-2.524947008359301748e-02 2.749949051471833883e-02 4.108689693083356076e-02 -4.333691736195710575e-02
-1.549816369460810250e-02 1.030286845793426664e-02 3.766982437822452567e-02 -3.247452914155157799e-02
-4.007273456035420622e-02 3.218781305511342339e-02 5.201049192632822837e-02 -4.412557042108389282e-02
-2.905445936830819420e-02 3.029416719452449058e-02 2.131126485612888644e-02 -2.255097268234695917e-02
-2.393476797618632190e-02 2.896350271052305914e-02 2.725816078690179722e-02 -3.228689552123942264e-02
-4.089350013914661019e-02 4.108733382235829623e-02 4.270757854402429388e-02 -4.290141222723242720e-02
-3.227101301480761464e-02 3.904802612523106120e-02 1.571767793260470114e-02 -2.249469104302903588e-02
-3.522433432669824782e-02 2.904998046294604563e-02 5.799590988682545856e-02 -5.182155602307236819e-02
-2.266018641526201804e-02 1.174549920626333233e-02 7.193753389109325269e-02 -6.102284668209634333e-02
-1.544564772728218571e-02 7.577947118571515261e-03 5.449918071277970455e-02 -4.663148010407169863e-02
-4.019539967695795468e-02 3.790402797396907886e-02 4.734533327011192227e-02 -4.505396156712038191e-02
-1.707429229748669286e-02 1.580550086241672147e-02 4.135346476182633069e-02 -4.008467332675547112e-02
-3.702849597138513360e-02 3.902445666859488682e-02 3.630643295737812082e-02 -3.830239365458432133e-02
-2.981406165132938213e-02 2.630819938587514173e-02 4.405322462819150076e-02 -4.054736236273726036e-02
-3.841761121763642706e-02 3.443421675685698347e-02 4.549256673418611285e-02 -4.150917227340933380e-02
-3.899741675428458620e-02 4.560382084023206772e-02 3.825151390866121659e-02 -4.485791799460958629e-02
-3.096425231160715441e-02 2.999130409128447639e-02 2.058792961731814586e-02 -1.961498139699635601e-02
-3.406228607556016641e-02 4.006466721341972459e-02 3.309959557748953785e-02 -3.910197671534643149e-02
-2.910989680195985585e-02 2.251306340844294596e-02 3.352985638631267307e-02 -2.693302299279576317e-02
-2.819106980064933765e-02 2.833489962710711296e-02 2.840418567803482119e-02 -2.854801550449259651e-02
-4.225459966260647349e-02 5.107671277798697673e-02 4.409228479310467463e-02 -5.291439790848784241e-02
-3.023921851373412295e-02 2.465483428573733704e-02 4.539833139039295418e-02 -3.981394716239883280e-02
-4.675008994418217156e-02 4.717502486631186542e-02 3.549388347126303245e-02 -3.591881839339094995e-02
-2.840773680039099247e-02 2.921511109775032367e-02 2.483110452984771399e-02 -2.563847882720882154e-02
-3.339603713044603239e-02 3.947235169522755882e-02 3.642746940006613698e-02 -4.250378396484499888e-02
-2.507496651233331875e-02 1.381442016953382534e-02 4.926149717548966578e-02 -3.800095083269283691e-02
-2.780999220042090769e-02 3.179236878292712731e-02 2.504934170350825440e-02 -2.903171828601358584e-02
-1.736344560492941724e-02 1.474678783048588571e-02 5.264548588810402663e-02 -5.002882811366049509e-02
-3.711587721191822453e-02 4.175941735906363306e-02 3.352929737176513214e-02 -3.817283751890876431e-02
-3.292702954486781408e-02 2.294396385381869408e-02 4.779819894003711767e-02 -3.781513324898977402e-02
-3.788230202160391968e-02 3.617936202341986984e-02 5.803448039742242770e-02 -5.633154039923748968e-02
-2.730496216349909133e-02 3.039487162724885394e-02 2.673675255041185750e-02 -2.982666201416428464e-02
-2.672209093480581998e-02 2.021046720497032823e-02 4.318036486744425417e-02 -3.666874113760876241e-02
-2.188139284052592615e-02 2.042026007712216540e-02 4.841084578356902313e-02 -4.694971302016703874e-02
-3.514428973578809234e-02 4.087096120381961128e-02 4.335300890203974689e-02 -4.907968037007481854e-02
-3.452535047261040546e-02 3.444602584676381696e-02 4.244286849693867936e-02 -4.236354387109386721e-02
-4.759623926466893806e-02 5.774161696781821007e-02 3.792673654495359870e-02 -4.807211424810553524e-02
-2.605457757247187089e-02 2.247392517119894961e-02 3.615509534209593312e-02 -3.257444294082301184e-02
-3.210164135125026519e-02 2.617930627634645901e-02 6.525064403179392514e-02 -5.932830895688923079e-02
-2.735842389447906697e-02 1.938647547038918617e-02 3.585694969998431958e-02 -2.788500127589532696e-02
-2.689185768008073296e-02 2.380413842959061554e-02 4.280834783195253124e-02 -3.972062858145974928e-02
-4.475057562318696114e-02 4.746241102780146548e-02 2.459040220381769615e-02 -2.730223760843397685e-02
-2.991707900043305557e-02 2.498460673943192489e-02 5.384568107578324714e-02 -4.891320881478122828e-02
-2.849438546543563433e-01 3.046134190894864702e-01 2.272271893236013085e-01 -2.468967537587323235e-01
-3.728941566088472825e-02 3.175834567546154119e-02 4.807116167545988361e-02 -4.254009169003669655e-02
-3.382302688461980011e-02 3.237190002369416675e-02 5.099719595042362386e-02 -4.954606908949799049e-02
-2.593089589982966459e-02 1.943689362819345234e-02 3.055757017902127615e-02 -2.406356790738328755e-02
-3.131147760976826788e-02 3.974992025163714970e-02 2.093561838570767719e-02 -2.937406102757478266e-02
-2.908178909706293780e-02 3.581705191661122001e-02 4.018288698588978747e-02 -4.691814980544073421e-02
-3.100729823259484874e-02 4.453152514804070705e-02 3.024021438582558119e-02 -4.376444130127143950e-02
-2.690285855282326111e-02 2.710426709206004148e-02 2.662819353149270540e-02 -2.682960207072770942e-02
-4.424074778331288371e-02 4.259829730430020334e-02 5.782454204471143555e-02 -5.618209156569964335e-02
-3.272321118835108678e-02 2.043133213907122325e-02 5.393455305249084120e-02 -4.164267400321008950e-02
-2.241232081223287764e-02 2.689818871696747493e-02 4.250448425097452798e-02 -4.699035215571090163e-02
-4.300170035914074873e-02 4.716562151141356907e-02 3.409148234335734884e-02 -3.825540349563016918e-02
-3.137567491619908111e-02 2.873055237761068526e-02 5.595331070465636714e-02 -5.330818816606708310e-02
-2.692353703103922413e-02 3.280161957481553259e-02 1.683614086600115911e-02 -2.271422340977746757e-02
-4.999606043999271776e-02 4.965085360831889005e-02 6.948900667369972695e-02 -6.914379984202945195e-02
-2.138811412314201021e-02 1.480104898924050616e-02 4.432231714742407291e-02 -3.773525201352256886e-02
-4.671208256896619559e-02 4.921268259869027162e-02 4.591900253950953470e-02 -4.841960256923361072e-02
-2.705934109046825853e-02 2.779283997107473425e-02 4.495336915122827293e-02 -4.568686803183474865e-02
-3.824274133000393761e-02 4.850191432607164899e-02 2.649838220113398535e-02 -3.675755519720524944e-02
-4.359616718752246101e-02 4.535263054452087772e-02 2.794298674986617215e-02 -2.969945010686281250e-02
-3.680272675622831002e-02 3.467222814313508650e-02 3.626311568601003898e-02 -3.413261707291592728e-02
-3.096706676165084104e-02 3.393676970950654237e-02 2.175759749826244871e-02 -2.472730044611726186e-02
-1.260904296814668868e-02 2.455836111208764549e-02 -1.664798157614555407e-04 -1.178283832818038945e-02
-3.103897434222879781e-02 2.380981275304971945e-02 5.592278559635310842e-02 -4.869362400717225370e-02
-2.528709412977470095e-02 3.283341974410891595e-02 3.587790708473015400e-02 -4.342423269906259264e-02
-1.715221542490308337e-02 9.526534937311481599e-03 3.669023277576766162e-02 -2.906455228817605985e-02
-3.713265905977447545e-02 4.701239261145406800e-02 2.248732107791617807e-02 -3.236705462959577062e-02
-2.485672751834844263e-02 3.292966543653186307e-02 1.952502937601074962e-02 -2.759796729419505823e-02
-3.139431921757296351e-02 3.740154456619837475e-02 4.444348281051979654e-02 -5.045070815914343143e-02
-4.757085353547996220e-02 4.706827199110641402e-02 6.685655018790637172e-02 -6.635396864352927082e-02
-3.395551979090694061e-02 3.264588859332917536e-02 3.737417293250633321e-02 -3.606454173493212068e-02
-4.422209375315144797e-02 3.631746004741209788e-02 4.084846023988575325e-02 -3.294382653414551498e-02
-2.408524462394368015e-02 3.337791936425738015e-02 2.328737935554059391e-02 -3.258005409585162937e-02
-3.691164002059199589e-02 4.224730349397010087e-02 4.389153891160280097e-02 -4.922720238498268230e-02
-2.022241781802502913e-02 1.587142166376676045e-02 3.106696646510620496e-02 -2.671597031085148899e-02
-2.192789598464361944e-02 2.177833931906381082e-02 3.334411817027493896e-02 -3.319456150469424216e-02
-3.020820764422538218e-02 1.711323626966532174e-02 5.218156075202529109e-02 -3.908658937746611883e-02
-1.918655933312773954e-02 1.256902639941781530e-02 3.853114226268061770e-02 -3.191360932897069347e-02
-1.780708236755312868e-02 8.239993494904673810e-03 3.117958507734286400e-02 -2.161249620469263277e-02
-2.839435267537293583e-02 1.600351093243013167e-02 4.635730473487331693e-02 -3.396646299193140095e-02
-1.455711880606713748e-02 1.562078955857959528e-02 2.705389979007222223e-02 -2.811757054258556821e-02
-2.819833150477002448e-02 3.368924598996780873e-02 4.416610697981582234e-02 -4.965702146501360659e-02
-8.511453329668405843e-03 1.286355089494684023e-02 1.089866875297840210e-02 -1.525076631825772466e-02
-2.507352848310784310e-02 2.279644180353468386e-02 2.570498171998369941e-02 -2.342789504041054016e-02
-4.258934299606931262e-02 3.538678813798235012e-02 4.980278991649544906e-02 -4.260023505840671021e-02
-1.909510029406114029e-02 2.548738686701668144e-02 2.708929401010262694e-02 -3.348158058305727991e-02
-2.301525308468477249e-02 2.394340106512604649e-02 2.993632342380880829e-02 -3.086447140425097047e-02
-3.050192875152024641e-02 3.079120632073095720e-02 1.956247653133313946e-02 -1.985175410054207390e-02
-3.284204543991631198e-02 2.382935106889139121e-02 5.442887404388407901e-02 -4.541617967285827007e-02
-2.024926238728230743e-02 1.804766655169931511e-02 2.946732643864269363e-02 -2.726573060305881313e-02
-5.017342168512772815e-02 5.525094017974829796e-02 5.375489396420807253e-02 -5.883241245882775416e-02
-3.939392981436817820e-02 3.642407648856504920e-02 4.231520920846065792e-02 -3.934535588265752892e-02
-2.525397594812428537e-02 2.809514329413342892e-02 4.323436416176917874e-02 -4.607553150778009865e-02
-3.633078488261443084e-02 3.903977900021882164e-02 4.309383060841032176e-02 -4.580282472601560073e-02
-2.690043847653811326e-02 2.690371767200261388e-02 4.488892028481217267e-02 -4.489219948027400875e-02
-3.527348613506120500e-02 3.321748131332835641e-02 4.571163646332454533e-02 -4.365563164159169673e-02
-1.918385484345819236e-02 2.486072983960063709e-02 1.339732057521736408e-02 -1.907419557136158517e-02
-2.636297976846346813e-02 1.860846724613995917e-02 4.384823683253280535e-02 -3.609372431020574368e-02
-3.880426950264670438e-02 3.945732530112966430e-02 3.849205033826752498e-02 -3.914510613674693218e-02
-1.841035719497519096e-02 2.260619581409173406e-02 2.547933695116721964e-02 -2.967517557028465092e-02
-3.147732082389698149e-02 2.943616330152210026e-02 3.945656342759118473e-02 -3.741540590521541532e-02
-3.272457064397027438e-02 3.676704853849077637e-02 5.244558210349126171e-02 -5.648805999801176370e-02
-2.075195119620776296e-02 1.609655896132800024e-02 4.453943733643672687e-02 -3.988404510155518778e-02
-4.113043953524542218e-02 3.074212613686100326e-02 5.681112669808996429e-02 -4.642281329970643355e-02
-2.014653253651310649e-02 1.535155655151676513e-02 4.061687106721389995e-02 -3.582189508221667040e-02
7.496591690969722777e-05 3.101583869394630710e-03 1.622255178408948950e-02 -1.939910157039292926e-02
-2.628764369617897501e-02 2.790638546645762830e-02 2.697169649511810263e-02 -2.859043826539853228e-02
-5.170045717027793586e-02 5.412702270753833034e-02 5.986348361316284894e-02 -6.229004915042679613e-02
-2.889020464559166612e-02 3.071459593766157070e-02 4.842747556478244064e-02 -5.025186685685234522e-02
-2.421924268989794626e-02 2.818338737117809245e-02 3.175802326069021575e-02 -3.572216794196947376e-02
-3.480858636375216975e-02 4.018786518507688754e-02 3.358309151223171085e-02 -3.896237033355376411e-02
-2.764744994108081499e-02 2.393807688114435450e-02 5.598615805671158796e-02 -5.227678499677601565e-02
-3.981593836829500077e-02 4.003637472386767371e-02 5.265365241056585432e-02 -5.287408876613852726e-02
-3.337813709906356507e-02 3.268091189892086135e-02 4.309968070613834357e-02 -4.240245550600008073e-02
-2.786167142321982482e-02 2.231257376125217462e-02 3.501114564475038549e-02 -2.946204798278184711e-02
-2.978316578393869207e-02 3.179281067942874017e-02 1.095320583044490093e-02 -1.296285072593761356e-02
-1.051434800645445478e-02 1.369527385445490353e-02 -1.053801262344755685e-02 7.357086775446219917e-03
-3.629262433326196913e-02 1.868996509571196896e-02 6.178193306723223088e-02 -4.417927382968311889e-02
-9.309624451732112504e-03 2.113092480108313964e-02 7.757827966520913776e-03 -1.957912831587016456e-02
-2.747466823494360000e-02 2.677704104518152661e-02 3.725610738239293340e-02 -3.655848019262908366e-02
-3.050860509628439132e-02 3.148425351100403446e-02 4.028335038342056862e-02 -4.125899879814198812e-02
-3.069529523575376118e-02 3.994610267425535710e-02 3.339880140199991132e-02 -4.264960884050150725e-02
-2.383375665984210912e-02 1.425025233958976401e-02 4.402562128189924096e-02 -3.444211696164600767e-02
