4518.63 -2.15971e-09 5037.7 -9.6859e-10 0.000880264 0.00025942 1.94808e-07
4223.24 3.17357e-08 4704.77 1.42438e-08 -0.00183529 0.000731149 -4.34569e-07
3446.52 -3.97517e-08 3866.45 -1.77172e-08 -0.00120751 0.00058019 -3.50355e-07
3735.63 -3.13763e-08 4150.38 -1.41204e-08 -0.00145931 0.000158358 -3.90646e-07
4325.2 -7.27796e-08 4783.18 -3.29055e-08 -0.00262806 0.000509897 -6.07617e-07
4035.63 1.54891e-08 4456.93 7.01247e-09 -0.00239212 0.000375935 -5.92751e-07
3943.75 9.55426e-10 4368.13 4.31301e-10 -0.00179223 0.000546844 -4.54448e-07
3608.44 5.37008e-08 3975.04 2.43741e-08 0.000323818 0.000242187 8.9739e-08
4275.56 2.34731e-10 4740.98 1.05844e-10 -0.00161507 0.00039125 -3.77746e-07
3527.11 -3.47111e-08 3967.71 -1.54283e-08 -0.00231756 0.000368507 -6.5707e-07
4118.03 -1.47877e-08 4565.01 -6.66987e-09 -0.0019081 0.000503289 -4.63352e-07
4423.38 -5.28286e-09 4878.63 -2.39495e-09 -0.00227096 0.000452227 -5.13399e-07
3647.94 2.29967e-08 4069.32 1.03076e-08 -0.000947723 0.000219341 -2.59797e-07
4292.54 -6.59196e-08 4761.29 -2.97149e-08 -0.00249593 0.000512253 -5.81457e-07
3999.64 7.239e-09 4456.5 3.24845e-09 -0.000676421 0.000385431 -1.6912e-07
4566.47 5.06647e-08 5023.1 2.30295e-08 -0.00110797 0.000229055 -2.42631e-07
4060.98 4.88603e-08 4502.42 2.20349e-08 -0.00140363 0.000583053 -3.45638e-07
3535.63 -3.57096e-08 3929.31 -1.60659e-08 -0.00274442 0.000323705 -7.76217e-07
4243.46 3.76443e-08 4706.92 1.69689e-08 -0.0017543 0.00071818 -4.13414e-07
4377.61 -1.61233e-09 4835.01 -7.29903e-10 -0.0031131 0.000475322 -7.11141e-07
4059.83 -4.1119e-08 4472.76 -1.86614e-08 -0.00343148 0.00045564 -8.45228e-07
3992.46 4.55721e-09 4369.39 2.08204e-09 -0.00228385 0.000879487 -5.72042e-07
4667.41 1.81037e-08 5136.49 8.22521e-09 -0.00365558 0.000769045 -7.83213e-07
4060.4 -1.38133e-08 4511.54 -6.21601e-09 -0.00224419 0.000816539 -5.52703e-07
3619.47 -4.78221e-08 4015.94 -2.15505e-08 -0.00131142 0.000759262 -3.62322e-07
4131.78 4.50941e-08 4595.94 2.02699e-08 -0.00129918 0.000694077 -3.14436e-07
4348.63 3.17393e-08 4845.86 1.42413e-08 -0.000706601 0.00074981 -1.62488e-07
3692.74 1.19279e-08 4140.21 5.31936e-09 -0.00435099 0.000872222 -1.17825e-06
4441.05 1.82196e-09 4928.94 8.20808e-10 -0.00228478 0.00106897 -5.14468e-07
4710.76 -9.00129e-09 5156.64 -4.11148e-09 -0.00119504 0.000369764 -2.53684e-07
2142.12 -2.67109e-08 2391.02 -1.19652e-08 -0.000543014 0.000350634 -2.53493e-07
3545.13 3.1039e-08 3927.26 1.40094e-08 -0.00220599 0.000406148 -6.22258e-07
2208.97 -1.0974e-07 2464.51 -4.91807e-08 6.58625e-05 0.000447464 2.98159e-08
3582.95 4.58753e-08 3971.77 2.06922e-08 -0.00407117 0.00092902 -1.13626e-06
3272.61 2.26032e-10 3643.96 1.01499e-10 -0.00465587 0.000788197 -1.42268e-06
3052 -1.00683e-07 3310.15 -4.64155e-08 -0.00315824 0.000473861 -1.03481e-06
4236.4 -5.28904e-08 4698.74 -2.3843e-08 -0.00176782 0.000294609 -4.17293e-07
4456.6 -1.79017e-09 4908.1 -8.12747e-10 -0.00441012 0.00091794 -9.8957e-07
3501.3 -2.61787e-08 3883.4 -1.18014e-08 -0.00325127 0.000515386 -9.28591e-07
2756.77 1.44835e-07 3076.53 6.48906e-08 5.45805e-05 0.000338646 1.97987e-08
4061.41 -1.64238e-08 4501.59 -7.4089e-09 -0.00121235 0.00115457 -2.98506e-07
3556.09 5.82857e-09 3942.72 2.62851e-09 -0.00661767 0.00104048 -1.86094e-06
4313.67 3.55673e-08 4789.33 1.60174e-08 -0.00331105 0.000377052 -7.67571e-07
4063.06 -2.94819e-08 4501.6 -1.33049e-08 -0.00428365 0.00114201 -1.05429e-06
3114.58 3.84417e-08 3487.57 1.71652e-08 -0.0038386 0.000638888 -1.23246e-06
3900.2 5.16328e-09 4320.93 2.33026e-09 -0.00266794 0.000722342 -6.84051e-07
4007.75 -3.21276e-08 4447.38 -1.44759e-08 -0.00180781 0.000943071 -4.51077e-07
4222.46 -2.82851e-08 4679.91 -1.27602e-08 -0.00402747 0.00123173 -9.53819e-07
3934.98 -9.8944e-09 4416.9 -4.40742e-09 -0.00177205 0.000930125 -4.50332e-07
3745.99 -4.63834e-10 4157.94 -2.0894e-10 -0.00273267 0.000435472 -7.29492e-07
2258.65 9.34338e-08 2509.02 4.20553e-08 -0.000760941 0.00025776 -3.369e-07
3457.25 2.60629e-08 3806.32 1.18364e-08 -0.00409609 0.000597834 -1.18478e-06
4695.13 -4.21036e-08 5164.32 -1.91392e-08 -0.00341994 0.00100109 -7.28402e-07
1854.91 3.93577e-08 2066.16 1.76668e-08 -0.000772274 0.000375804 -4.16341e-07
3866.66 -2.0528e-08 4287.93 -9.2556e-09 -0.00179884 0.000775884 -4.65218e-07
3206.61 2.67133e-08 3575.06 1.19801e-08 -0.00383566 0.000429684 -1.19617e-06
4009.18 -7.23924e-09 4396.68 -3.30061e-09 -0.00499707 0.000646236 -1.24641e-06
3598.88 -5.753e-08 3997.63 -2.58958e-08 -0.00220583 0.000522457 -6.12923e-07
4306.64 -4.02853e-08 4745.53 -1.82798e-08 -0.00249159 0.000882435 -5.78547e-07
2921.1 -6.18223e-08 3212.91 -2.81037e-08 -0.00190288 0.000338122 -6.51425e-07
2797.68 -1.81266e-07 3115.58 -8.13853e-08 -0.00239172 0.000628963 -8.54894e-07
3866.67 -9.55057e-08 4304.6 -4.28947e-08 -0.00346863 0.00118672 -8.9706e-07
4374.38 -1.71101e-08 4818.19 -7.76701e-09 -0.00632673 0.00205521 -1.44631e-06
4291.4 -4.95534e-10 4760.97 -2.2333e-10 -0.00405882 0.00156316 -9.45804e-07
4711.39 -6.14143e-08 5232.17 -2.76507e-08 -0.00589587 0.00123252 -1.25141e-06
4148.9 4.59282e-09 4604.3 2.06928e-09 -0.00576683 0.00107092 -1.38997e-06
4315.03 5.28958e-08 4797.32 2.3789e-08 -0.00319909 0.000495218 -7.41385e-07
4793.36 8.88777e-09 5326.62 3.999e-09 -0.00593403 0.00126722 -1.23797e-06
5183.76 -2.0423e-09 5676.7 -9.3248e-10 -0.00788734 0.00192614 -1.52155e-06
3934.3 -3.33083e-10 4405.42 -1.48731e-10 -0.00326236 0.00139998 -8.2921e-07
5158.8 -9.77998e-09 5699.92 -4.42577e-09 -0.00478267 0.000895065 -9.27089e-07
4988.32 8.16869e-09 5518.79 3.69175e-09 -0.00223752 0.000375063 -4.48552e-07
4082.01 8.6775e-09 4572.47 3.87336e-09 -0.00467416 0.00118509 -1.14506e-06
4535.25 3.63525e-08 4972.24 1.65788e-08 -0.00444337 0.001371 -9.79739e-07
5118.51 -4.64272e-08 5648.29 -2.10363e-08 -0.0058084 0.00135941 -1.13478e-06
5185.96 3.07178e-09 5685.4 1.40097e-09 -0.00415419 0.00121118 -8.01045e-07
4579.92 9.60759e-09 5061.01 4.34715e-09 -0.00103177 0.000450083 -2.25281e-07
4286.99 -4.26674e-08 4805.51 -1.90318e-08 -0.0016332 0.00128336 -3.80967e-07
5268.98 -9.23478e-09 5755.64 -4.22697e-09 -0.0069333 0.00161009 -1.31587e-06
5301.62 -1.18535e-09 5853.46 -5.36802e-10 -0.00322226 0.000649786 -6.07788e-07
3904.95 -2.96406e-08 4323.63 -1.33852e-08 -0.00353731 0.00106751 -9.05852e-07
4468.26 5.63499e-09 4962.72 2.53678e-09 -0.00492877 0.0008181 -1.10306e-06
4137.51 -4.24635e-08 4609.31 -1.90585e-08 -0.00298685 0.000484546 -7.21896e-07
5001.31 -1.71436e-08 5477.08 -7.8272e-09 -0.00621528 0.0011325 -1.24273e-06
4407.23 3.93897e-08 4878.9 1.77908e-08 -0.00282389 0.00088349 -6.4074e-07
3968.22 5.24506e-08 4413.1 2.35815e-08 -0.00233954 0.000458318 -5.89568e-07
4169.59 -2.23757e-08 4663.09 -1.00038e-08 -0.00322558 0.000700234 -7.73596e-07
4635.17 1.70976e-09 5106.89 7.75914e-10 -0.00503148 0.00159723 -1.0855e-06
4205.31 -5.14844e-08 4692.15 -2.30713e-08 -0.00432725 0.00106387 -1.029e-06
4335.75 -3.74111e-08 4794.87 -1.69145e-08 -0.00444433 0.00116419 -1.02504e-06
4416.09 -2.41981e-08 4927.79 -1.08427e-08 -0.00592137 0.000972623 -1.34086e-06
4702.52 8.248e-09 5182.97 3.74171e-09 -0.00511231 0.00155443 -1.08714e-06
4261.25 -6.35969e-08 4731.63 -2.86373e-08 -0.00724398 0.0018225 -1.69996e-06
4503.73 -1.26891e-08 5000.77 -5.71394e-09 -0.00456139 0.000646504 -1.0128e-06
4485.84 6.21673e-09 4978.53 2.80075e-09 -0.00473838 0.000996392 -1.0563e-06
4726.6 5.44867e-08 5225.54 2.46422e-08 -0.00274448 0.000404764 -5.80645e-07
4738.86 -4.09702e-09 5219.52 -1.85986e-09 -0.00777619 0.00175634 -1.64094e-06
4469.32 1.91012e-08 4956.52 8.61184e-09 -0.000752867 0.00118827 -1.68452e-07
4699.73 -3.44642e-08 5153.48 -1.57149e-08 -0.00800404 0.00179752 -1.70308e-06
4609.35 1.69414e-08 5090.16 7.67055e-09 -0.00615014 0.00148319 -1.33427e-06
4767.66 2.88084e-08 5271.98 1.30263e-08 -0.0039958 0.00108386 -8.38104e-07
5170.99 -2.62677e-08 5676.02 -1.19653e-08 -0.00587934 0.0009234 -1.13699e-06
4161.66 -1.86619e-08 4621.35 -8.40281e-09 -0.00183456 0.000467303 -4.40824e-07
4506.85 9.8708e-09 4978.45 4.46788e-09 -0.00400438 0.000692053 -8.8851e-07
3641.01 -1.96596e-07 4073.81 -8.78547e-08 -0.00516093 0.000729089 -1.41745e-06
5580.95 -3.94921e-08 6143.27 -1.79386e-08 -0.00526731 0.00114741 -9.43802e-07
4091.69 1.5738e-08 4518.52 7.1257e-09 -0.00440664 0.00131838 -1.07697e-06
4237.82 -3.36577e-09 4680.75 -1.52363e-09 -0.00441427 0.000836755 -1.04164e-06
3839.88 -9.78773e-08 4323.07 -4.34688e-08 -0.00338338 0.000412506 -8.81115e-07
4837.1 1.48791e-08 5321.91 6.76185e-09 -0.00532522 0.000813392 -1.10091e-06
4497.73 -3.33249e-08 4956.23 -1.5121e-08 -0.00466083 0.00128193 -1.03626e-06
4029.49 -9.32965e-09 4492.01 -4.18451e-09 -0.0038489 0.000669402 -9.55183e-07
4205.24 2.04066e-08 4668.34 9.19116e-09 -0.00472248 0.000766484 -1.123e-06
4152.2 -1.93945e-08 4655.57 -8.64877e-09 -0.00235647 0.00123094 -5.67523e-07
4591.61 4.96913e-08 5062.36 2.25353e-08 -0.00605751 0.00148833 -1.31925e-06
4063.09 -5.38836e-08 4496.86 -2.4343e-08 -0.00447155 0.00128906 -1.10053e-06
4280.95 -1.46548e-09 4757.05 -6.59406e-10 -0.00468279 0.000842543 -1.09387e-06
4387.78 -2.17921e-08 4858.69 -9.84001e-09 -0.00476346 0.00121534 -1.08562e-06
4276.7 5.71041e-08 4747.01 2.57233e-08 -0.00233927 0.00132585 -5.4698e-07
4276.25 3.96269e-08 4772.05 1.77549e-08 -0.00631024 0.00123643 -1.47565e-06
4024.71 -2.4899e-08 4474.49 -1.11981e-08 -0.00344161 0.000774174 -8.55121e-07
4408.88 8.54539e-09 4853.92 3.88094e-09 -0.00727732 0.00145664 -1.65061e-06
5378.77 -8.31672e-09 5913.13 -3.78257e-09 -0.00475088 0.00109619 -8.83266e-07
4499.71 2.93382e-08 4990.12 1.32275e-08 -0.0015032 0.00033274 -3.34066e-07
4323.29 4.25706e-08 4773.76 1.92767e-08 -0.00208548 0.00122242 -4.82383e-07
3539.88 3.12611e-08 3954.69 1.39911e-08 -0.0020226 0.000505803 -5.71376e-07
4169.16 2.84285e-08 4630.99 1.27967e-08 -0.00649762 0.00150621 -1.5585e-06
3787.26 3.60772e-08 4248.08 1.60818e-08 -0.00275332 0.000436236 -7.26995e-07
4510.44 -1.60112e-08 4962.82 -7.27585e-09 -0.00393894 0.000749492 -8.73292e-07
4694.68 1.98917e-08 5197.35 8.98391e-09 -0.00274132 0.00103511 -5.83921e-07
4226.47 2.4895e-10 4654.92 1.13018e-10 -0.0054671 0.00141083 -1.29354e-06
3636.24 3.03455e-08 4046.85 1.36332e-08 -0.0043446 0.000592637 -1.19481e-06
4019.79 -1.35257e-08 4457.95 -6.09813e-09 -0.00381234 0.000701883 -9.48393e-07
4257.32 1.04319e-08 4771.29 4.65408e-09 -0.00243485 0.000299259 -5.71921e-07
4686.65 -1.88105e-08 5184.62 -8.50188e-09 -0.00224739 0.000557552 -4.7953e-07
4187.43 -9.32377e-09 4642.81 -4.20464e-09 -0.00219577 0.000990713 -5.24372e-07
3725.22 -3.71416e-09 4155.79 -1.66467e-09 -0.00406816 0.000577289 -1.09206e-06
3979.32 -1.67976e-08 4410.56 -7.57761e-09 -0.00412646 0.00107171 -1.03698e-06
4170.54 -5.38619e-09 4654.12 -2.41327e-09 -0.00396899 0.000655197 -9.51675e-07
4200.73 1.25796e-08 4658.75 5.67144e-09 -0.00315315 0.000691653 -7.5062e-07
4338.4 1.50637e-08 4799.29 6.80855e-09 -0.00303966 0.00115653 -7.00641e-07
4439.88 4.73466e-09 4893.96 2.14768e-09 -0.00420197 0.00103034 -9.46416e-07
4588.13 3.99742e-08 5054.34 1.81435e-08 -0.00546844 0.000978054 -1.19187e-06
3829.37 4.58408e-09 4265.77 2.05756e-09 -0.00204038 0.000573444 -5.32824e-07
3793.98 6.11514e-08 4274.33 2.71396e-08 -0.00285133 0.000436396 -7.51541e-07
4482.92 -1.35715e-08 4953.91 -6.14061e-09 -0.00594869 0.00139273 -1.32697e-06
4067.84 2.63824e-08 4540.91 1.1817e-08 -0.000490633 0.000198061 -1.20613e-07
4405.8 6.10009e-09 4870.35 2.75913e-09 -0.00245159 0.000793138 -5.56447e-07
4142.64 -3.44834e-08 4588.89 -1.5565e-08 -0.00340558 0.000950038 -8.22079e-07
4939.26 -2.69985e-09 5476.59 -1.21748e-09 -0.00613467 0.00148457 -1.24202e-06
3937.46 -2.17062e-08 4386.29 -9.74257e-09 -0.00403492 0.000961232 -1.02475e-06
4189.59 -1.3614e-08 4662.49 -6.11659e-09 -0.00411077 0.000789286 -9.81187e-07
4412.4 -3.10763e-10 4927.52 -1.39138e-10 -0.00179797 0.000494679 -4.07481e-07
5302.1 -2.87983e-09 5828.74 -1.30982e-09 -0.00471946 0.00141611 -8.9011e-07
4827.06 1.16656e-09 5311.65 5.30064e-10 -0.00467604 0.00083026 -9.68714e-07
4659.02 2.44705e-08 5163.83 1.10391e-08 -0.00593136 0.00142516 -1.27309e-06
4087.21 4.09876e-08 4505.25 1.85922e-08 -0.00640296 0.00122249 -1.56658e-06
3842.9 3.87528e-08 4272.72 1.74272e-08 -0.00444853 0.00103024 -1.1576e-06
4609.86 -1.85575e-08 5064.47 -8.44586e-09 -0.00642226 0.00135139 -1.39316e-06
4161.38 -6.69945e-09 4618.45 -3.01822e-09 -0.00389959 0.000690078 -9.3709e-07
4074.35 -5.62703e-08 4540.36 -2.52475e-08 -0.00460489 0.00133131 -1.13021e-06
5031.73 -2.58722e-08 5513.97 -1.18047e-08 -0.00687543 0.00140107 -1.36642e-06
4302.86 -1.77445e-08 4761.21 -8.01814e-09 -0.00721184 0.00146049 -1.67605e-06
4720.21 1.10011e-08 5223.93 4.97016e-09 -0.00770189 0.00122894 -1.63168e-06
4027.45 -5.11522e-08 4500.96 -2.28854e-08 -0.00317474 0.000543226 -7.88276e-07
4423.89 1.83752e-08 4925.99 8.25112e-09 -0.00476197 0.000909015 -1.07642e-06
4017.39 6.16745e-08 4502.81 2.75129e-08 -0.00364983 0.00115154 -9.08508e-07
3412.4 1.67452e-08 3842.93 7.43461e-09 -0.00109084 0.000446961 -3.19669e-07
4111.62 5.52587e-09 4545.02 2.49947e-09 -0.00222393 0.0009039 -5.40888e-07
4551.22 -6.09568e-09 5053.8 -2.74474e-09 -0.00502596 0.000857803 -1.10431e-06
3681.31 -6.50182e-08 4100.88 -2.9183e-08 -0.00386885 0.001091 -1.05094e-06
3998.19 2.31513e-08 4449.07 1.04026e-08 -0.000663437 0.000858429 -1.65935e-07
4198.66 8.94207e-09 4625.03 4.05886e-09 -0.00625293 0.000907713 -1.48927e-06
5457.19 -7.81364e-09 5983.66 -3.56308e-09 -0.0058255 0.00153236 -1.06749e-06
5350.58 -0.000158202 5907.45 -7.16444e-05 -0.00625545 0.00102134 -1.16912e-06
3677.95 1.19745e-08 4124.75 5.33871e-09 0.000108452 0.00068706 2.94871e-08
3509.78 -6.06404e-09 3908.43 -2.72276e-09 -0.00328908 0.000510319 -9.3712e-07
3703.37 4.44759e-08 4158.72 1.98031e-08 -0.00305034 0.000651813 -8.23664e-07
4863.09 1.41913e-08 5368.25 6.42794e-09 -0.00346517 0.00107162 -7.12546e-07
4330.55 -1.01447e-08 4805.68 -4.57085e-09 -0.00702343 0.00114817 -1.62183e-06
4209.07 -4.3049e-08 4652.58 -1.94727e-08 -0.00571772 0.00153778 -1.35843e-06
3714.63 -5.8777e-08 4138.74 -2.6377e-08 -0.00402422 0.000569824 -1.08334e-06
3914.61 -8.36199e-09 4339.41 -3.7717e-09 -0.00675646 0.00111826 -1.72596e-06
4541.23 2.63169e-08 5007.8 1.19325e-08 -0.00227983 0.000327375 -5.0203e-07
3746.14 -8.74507e-09 4162.49 -3.93517e-09 -0.00388672 0.00128293 -1.03753e-06
4245.3 -6.91144e-09 4688.79 -3.12886e-09 -0.00486011 0.0011096 -1.14482e-06
4562.02 2.10877e-08 5055.23 9.51514e-09 -0.00638245 0.00134747 -1.39904e-06
3719.76 -2.94696e-08 4158.57 -1.318e-08 -0.00437127 0.000578816 -1.17515e-06
4173.6 -4.18145e-09 4674.6 -1.86665e-09 -0.00162105 0.00105016 -3.88406e-07
4211.32 -7.61924e-08 4689.82 -3.42093e-08 -0.003313 0.00112166 -7.86688e-07
3908.78 -4.58095e-08 4326.45 -2.06936e-08 -0.00388059 0.000950442 -9.92787e-07
3734.48 3.11807e-08 4185.78 1.39094e-08 -0.00161694 0.000513463 -4.32977e-07
3578.84 -6.01546e-08 4047.95 -2.65917e-08 -0.00130122 0.00074091 -3.63586e-07
4059.64 5.4098e-08 4534.82 2.42147e-08 -0.00217476 0.00044665 -5.35703e-07
4239.72 5.00552e-08 4715.39 2.25029e-08 -0.00537437 0.00088593 -1.26762e-06
3782.96 -3.9401e-08 4218.43 -1.76668e-08 -0.00156726 0.000792818 -4.14294e-07
4188.95 1.52635e-08 4619.11 6.92103e-09 -0.00337026 0.00112552 -8.04559e-07
5071.02 -9.7522e-09 5605.9 -4.41085e-09 -0.00580473 0.000822238 -1.14469e-06
5378.14 1.01134e-08 5971.22 4.55447e-09 -0.00386358 0.00130741 -7.18386e-07
5791.49 -1.29242e-09 6405.13 -5.84301e-10 -0.0035503 0.00101678 -6.1302e-07
4238.99 -4.73651e-08 4711.65 -2.13068e-08 -0.00216945 0.000565912 -5.11785e-07
3485.3 -4.59316e-08 3903.33 -2.05063e-08 -0.00298155 0.000496555 -8.55463e-07
4078.62 -8.59593e-09 4507.7 -3.88885e-09 -0.00477549 0.00061079 -1.17086e-06
5052.44 1.71691e-08 5588.69 7.76084e-09 -0.00431999 0.00103082 -8.55029e-07
3638.09 3.2644e-09 4085.44 1.45348e-09 -0.00377572 0.000526246 -1.03783e-06
4795.54 -2.64599e-09 5279.76 -1.20166e-09 -0.00399626 0.000868582 -8.33329e-07
3690.66 6.8959e-08 4127.76 3.08284e-08 -0.00608183 0.000752589 -1.6479e-06
4967.93 -2.74146e-08 5503.99 -1.23723e-08 -0.00153136 0.000621071 -3.0825e-07
4275.99 6.90672e-08 4720.78 3.12798e-08 -0.00152405 0.000853255 -3.56421e-07
3537.34 -4.37752e-09 3976.34 -1.94711e-09 -0.00306184 0.000804374 -8.65577e-07
3782.96 5.90236e-08 4171.75 2.67614e-08 -0.00422542 0.000926537 -1.11696e-06
3880.53 1.5074e-08 4325.52 6.76165e-09 -0.00652122 0.00153795 -1.6805e-06
4221.58 -1.82849e-08 4700.57 -8.21084e-09 -0.00371592 0.000464052 -8.8022e-07
3766.9 -2.36344e-08 4202.78 -1.05916e-08 -0.00680842 0.0015792 -1.80743e-06
4545.75 1.86175e-09 5046.11 8.38572e-10 -0.00367303 0.0012306 -8.08013e-07
4399.79 1.21073e-08 4910.21 5.42439e-09 -0.00318548 0.000438956 -7.24007e-07
4747.34 -4.75428e-08 5248.49 -2.15016e-08 -0.00576278 0.000970042 -1.2139e-06
4529.77 1.82621e-08 5000.92 8.27078e-09 -0.00270884 0.00108013 -5.98008e-07
4052.01 1.84382e-08 4539.9 8.22836e-09 -0.0061333 0.000899371 -1.51364e-06
4124.7 -8.50249e-09 4577.59 -3.83065e-09 -0.00495469 0.00105725 -1.20122e-06
3755.46 -2.18601e-08 4184.08 -9.81038e-09 -0.00266094 0.000827494 -7.08553e-07
3812.94 -2.96022e-08 4260.41 -1.32465e-08 -0.00174505 0.000511896 -4.57666e-07
3685.9 -6.7892e-08 4114.53 -3.04096e-08 -0.00611246 0.000657701 -1.65834e-06
3632.14 -1.9285e-08 4082.12 -8.57961e-09 -0.00273728 0.000404659 -7.53625e-07
5958.3 -3.84612e-09 6557.78 -1.74726e-09 -0.007577 0.00167224 -1.27167e-06
5454.53 -1.12992e-08 6031.25 -5.10937e-09 -0.0065012 0.00123895 -1.19189e-06
5094.53 -3.90885e-08 5621.08 -1.77135e-08 -0.00537203 0.00107593 -1.05447e-06
3798.33 -5.41944e-09 4245.26 -2.42445e-09 -0.00318615 0.00136241 -8.38829e-07
3041.81 1.06888e-08 3457.2 4.70225e-09 -0.000462765 0.000661612 -1.52135e-07
3957.55 1.73944e-08 4371.36 7.87387e-09 -0.00335506 0.000723053 -8.47763e-07
3883.71 3.31321e-08 4305.45 1.49433e-08 -0.00363813 0.000758271 -9.36767e-07
4539.99 -6.40838e-11 5050.07 -2.88055e-11 -0.00279498 0.00048616 -6.15636e-07
4663.67 -8.2928e-11 5184.89 -3.72957e-11 -0.00764918 0.00177585 -1.64016e-06
3747.62 -7.37263e-08 4202.96 -3.28695e-08 -0.00534221 0.000663057 -1.42549e-06
4430.58 -3.87308e-09 4917.24 -1.74488e-09 -0.00523801 0.00118342 -1.18224e-06
3733 -3.61802e-08 4170.32 -1.61931e-08 -0.00353871 0.000926527 -9.47953e-07
4131.04 3.95107e-08 4572.97 1.78462e-08 -0.00426648 0.00119627 -1.03279e-06
3676.09 6.71206e-08 4104.69 3.0056e-08 -0.00120738 0.000940709 -3.28441e-07
4661.86 2.86947e-08 5169.22 1.29392e-08 -0.00118921 0.000196754 -2.55094e-07
4234.56 -2.84183e-08 4728.92 -1.27237e-08 -0.00402719 0.000458896 -9.51028e-07
4934.51 1.68035e-08 5437.09 7.62515e-09 -0.00820323 0.00185883 -1.66242e-06
4079.63 7.60814e-08 4506.51 3.44374e-08 -0.00197629 0.000585864 -4.84429e-07
4092.57 -3.80143e-08 4510.57 -1.72458e-08 -0.00209653 0.000577983 -5.12277e-07
4064.88 1.05889e-08 4536.85 4.74367e-09 -0.0050833 0.000769973 -1.25054e-06
4193.67 1.45522e-08 4669.77 6.53426e-09 -0.0028353 0.00101987 -6.7609e-07
3948.49 -4.67052e-09 4397.53 -2.0968e-09 -0.00527534 0.000713028 -1.33604e-06
3716.38 -5.82161e-08 4162.51 -2.59883e-08 -0.00365685 0.00105722 -9.83983e-07
3886.81 5.76852e-09 4358.68 2.57201e-09 -0.00247676 0.000449265 -6.37221e-07
3667.14 2.60965e-08 4085.69 1.17116e-08 -0.0022617 0.00040538 -6.16746e-07
6236.16 -4.17686e-08 6843.69 -1.90304e-08 -0.00801795 0.00240443 -1.28572e-06
5820.18 -2.79247e-08 6419.62 -1.26586e-08 -0.00360192 0.00130997 -6.18868e-07
3595.68 3.14155e-08 4058.49 1.39165e-08 -0.00114185 0.000719291 -3.17561e-07
3984.94 7.59516e-09 4404.43 3.43589e-09 -0.00414863 0.00122762 -1.04108e-06
5144.24 -1.0951e-08 5685.98 -4.95381e-09 -0.00824471 0.0020646 -1.60271e-06
4040.74 2.85274e-08 4519.79 1.27519e-08 -0.00420466 0.000791894 -1.04057e-06
4630.12 -2.1159e-08 5150.66 -9.51032e-09 -0.00521254 0.00160772 -1.12579e-06
4141.26 -3.15581e-09 4619.56 -1.41453e-09 -0.00590855 0.000836417 -1.42675e-06
4159.49 9.68639e-09 4585.86 4.3929e-09 -0.00596728 0.00122198 -1.43462e-06
4103.69 -3.26094e-08 4655.47 -1.43722e-08 -0.00237819 0.000319836 -5.79525e-07
4297.42 3.56217e-09 4832.37 1.58392e-09 -0.00330784 0.000513138 -7.69728e-07
3622.74 -1.29771e-08 4032.59 -5.8291e-09 -0.00508732 0.00108602 -1.40427e-06
3698.3 -4.50979e-08 4143.08 -2.01282e-08 -0.00325462 0.000723969 -8.80031e-07
4464.25 2.1865e-09 5012.08 9.73756e-10 -0.00486296 0.000796814 -1.08931e-06
4319.39 6.89874e-09 4804.44 3.10113e-09 -0.00696581 0.00188821 -1.61268e-06
4573.17 1.30993e-08 5077.71 5.89885e-09 -0.00425053 0.000652351 -9.29448e-07
4508.81 -3.1776e-09 4978.99 -1.43876e-09 -0.00456066 0.00097523 -1.0115e-06
3967.26 4.62789e-08 4431.44 2.07156e-08 -0.00447515 0.000968983 -1.12802e-06
4389.17 -2.91101e-08 4861.49 -1.3141e-08 -0.00638127 0.00128765 -1.45386e-06
3402.43 7.91243e-09 3862.02 3.48542e-09 -0.00363118 0.000499493 -1.06723e-06
4210.59 5.85929e-08 4687.88 2.63137e-08 -0.00521516 0.00124426 -1.23858e-06
4741.82 4.05553e-09 5268.34 1.82511e-09 -0.00393613 0.00148106 -8.30089e-07
4779.09 -1.83174e-08 5274.9 -8.29782e-09 -0.00562676 0.00163126 -1.17737e-06
3987.21 -1.33256e-08 4425.07 -6.00352e-09 -0.00312076 0.00102738 -7.82693e-07
4177.94 3.09157e-08 4629.85 1.3949e-08 -0.00441254 0.00118816 -1.05615e-06
4879.72 -8.61279e-09 5337.56 -3.93701e-09 -6.4533e-05 0.000506251 -1.32247e-08
5910.8 -4.09905e-08 6449.6 -1.87831e-08 -0.0130575 0.00312501 -2.20909e-06
5303.5 -6.4626e-09 5863.08 -2.92291e-09 -0.00317958 0.0006883 -5.99524e-07
3811.99 1.36089e-08 4267.12 6.07869e-09 -0.00359064 0.000767824 -9.41935e-07
4856.6 -8.77416e-09 5416.71 -3.93344e-09 -0.00669449 0.000851654 -1.37843e-06
3805.17 5.77187e-08 4256.65 2.57984e-08 -0.00418261 0.000749474 -1.09919e-06
3903.05 3.03759e-11 4341.1 1.36554e-11 -0.00341586 0.000763615 -8.75179e-07
4758.13 -2.50856e-08 5221.88 -1.14289e-08 -0.000992666 0.000338062 -2.08625e-07
4912.48 -1.7837e-08 5418.62 -8.08543e-09 -0.00387726 0.0010251 -7.89267e-07
4056.5 -5.14013e-08 4474.49 -2.32998e-08 -0.0102073 0.0021782 -2.51629e-06
4064.7 2.42669e-08 4535.6 1.08737e-08 -0.00509884 0.00132828 -1.25442e-06
4755.64 1.81497e-08 5217.26 8.27191e-09 -0.00400791 0.00111676 -8.42768e-07
3890.96 1.97847e-09 4368.8 8.81035e-10 -0.00356379 0.000650817 -9.15916e-07
4380.51 -1.62013e-08 4873.89 -7.28062e-09 -0.0015609 0.000329777 -3.56329e-07
4262.66 -1.92472e-09 4759.23 -8.61946e-10 -0.00557198 0.00134182 -1.30716e-06
4709.2 -1.28738e-08 5155.95 -5.87914e-09 -0.0944974 0.0127492 -2.00666e-05
4179.4 1.09774e-08 4694.9 4.88604e-09 -0.00676421 0.0014277 -1.61847e-06
4469.12 -6.62899e-08 4910.6 -3.01651e-08 -0.0042594 0.00142937 -9.53072e-07
4522.01 -2.30824e-08 5003.5 -1.04306e-08 -0.00535842 0.00177604 -1.18497e-06
4179.18 -1.28783e-08 4627.11 -5.81579e-09 -0.00485218 0.000544996 -1.16103e-06
4790.97 1.35121e-08 5294.35 6.11367e-09 -0.00771817 0.00165241 -1.61098e-06
4174.92 -5.33453e-08 4640.45 -2.39968e-08 -0.00528959 0.000953479 -1.26699e-06
4027.86 -3.32902e-08 4535.86 -1.47809e-08 -0.0048722 0.00122198 -1.20963e-06
5326.29 -1.20611e-09 5850.88 -5.48983e-10 -0.00601061 0.00104101 -1.12848e-06
5320.27 7.24948e-09 5716.41 3.37355e-09 0.000449757 0.000610203 8.45364e-08
5823.49 -1.55099e-08 6413.52 -7.04149e-09 -0.00676655 0.00152386 -1.16194e-06
5134.69 -1.55061e-08 5737.12 -6.93894e-09 -0.0053506 0.0011785 -1.04205e-06
4122.14 7.06887e-09 4624.3 3.15062e-09 -0.00383775 0.00192391 -9.31009e-07
4025.7 7.67951e-09 4511.2 3.42651e-09 -0.00574363 0.00118326 -1.42674e-06
3999.39 7.31158e-09 4442.07 3.29147e-09 -0.0039893 0.00045728 -9.97476e-07
3919.92 -8.36934e-09 4415.57 -3.71493e-09 -0.00279722 0.000976101 -7.13592e-07
3730.24 6.26258e-09 4165.88 2.80384e-09 -0.00288469 0.000327885 -7.73326e-07
3933.29 2.88277e-08 4349.04 1.3036e-08 -0.00587638 0.00113851 -1.49401e-06
4547.36 2.27935e-08 5066.14 1.02297e-08 -0.00456594 0.00120967 -1.00409e-06
4709.72 -1.07483e-08 5218.87 -4.84986e-09 -0.00620916 0.00113955 -1.31837e-06
5088.34 -4.62767e-09 5629.1 -2.09156e-09 -0.00873063 0.00216656 -1.71581e-06
4451.32 -2.27737e-08 4932.31 -1.02764e-08 -0.00438007 0.00126581 -9.83994e-07
3968.77 3.22256e-08 4463.53 1.43268e-08 -0.00511977 0.000722194 -1.29001e-06
4177.43 1.21765e-09 4669.88 5.44624e-10 -0.000801625 0.000185848 -1.91894e-07
4335.84 -7.66055e-09 4881 -3.40247e-09 -0.00147659 0.000617759 -3.40554e-07
4327.33 -1.39702e-08 4808.77 -6.28578e-09 -0.00606187 0.00152154 -1.40083e-06
4252.69 1.92525e-08 4747.48 8.62299e-09 -0.00174595 0.000354399 -4.10553e-07
4155.09 1.879e-07 4664.16 8.36956e-08 -0.0986404 0.0125183 -2.37396e-05
4366.04 -2.01888e-08 4859.55 -9.06925e-09 -0.00478139 0.00132951 -1.09513e-06
4768.54 -1.68884e-08 5310.39 -7.58261e-09 -0.00533334 0.00089815 -1.11844e-06
3916.29 -2.07949e-08 4393.44 -9.26824e-09 -0.00310585 0.00107308 -7.9306e-07
4126.93 4.38053e-08 4590.2 1.96921e-08 -0.00469021 0.001029 -1.13649e-06
4708.82 -8.32331e-09 5257.75 -3.72716e-09 -0.00902426 0.00237865 -1.91646e-06
4364.46 1.59556e-08 4858.95 7.16589e-09 -0.00325046 0.000969492 -7.44757e-07
3715.97 -1.62862e-08 4190.67 -7.2207e-09 -0.00324318 0.000840878 -8.72768e-07
4202.9 6.92148e-08 4683.72 3.10547e-08 -0.00444998 0.000544978 -1.05879e-06
5249.13 -2.5771e-08 5741.74 -1.178e-08 -0.0025745 0.000644894 -4.90462e-07
5438.55 -1.13939e-09 6010.9 -5.15451e-10 -0.00316909 0.00094447 -5.82709e-07
3548.37 7.23144e-08 3967.56 3.23371e-08 -0.00270308 0.000469736 -7.61782e-07
3914.42 5.68021e-07 4518.02 2.46067e-07 -0.112575 0.0135416 -2.8759e-05
5586.15 2.46099e-08 6170.56 1.11395e-08 -0.00605454 0.00107107 -1.08385e-06
4160.76 -5.38968e-09 4644.58 -2.41412e-09 -0.00315151 0.000457855 -7.57436e-07
4115.54 -6.05185e-08 4620.41 -2.69528e-08 -0.00242286 0.00086518 -5.8871e-07
4218.29 -5.74951e-08 4735 -2.56105e-08 -0.00488857 0.00103846 -1.1589e-06
5467.31 -4.00164e-08 6004.2 -1.82191e-08 -0.0134851 0.00229541 -2.46649e-06
4194.71 3.29278e-08 4638.48 1.48888e-08 -0.00724288 0.0013951 -1.72667e-06
3832.88 -5.75282e-08 4301.68 -2.56293e-08 -0.00831039 0.00123213 -2.16819e-06
4714.01 -1.34406e-08 5219.38 -6.06962e-09 -0.00765987 0.00166802 -1.62492e-06
4815.34 -5.9182e-08 5345.3 -2.66572e-08 -0.00286782 0.000985427 -5.95559e-07
4552.73 2.28691e-08 5072.89 1.02621e-08 -0.00654377 0.00107475 -1.43733e-06
4417.91 3.07504e-08 4905.34 1.38474e-08 -0.00712984 0.00139056 -1.61385e-06
4158.44 -6.41682e-08 4665.02 -2.86e-08 -0.0040916 0.00083974 -9.83927e-07
3983.47 2.94681e-09 4491.56 1.30673e-09 -0.0868711 0.0111451 -2.18079e-05
4893.68 2.98166e-08 5422.66 1.3454e-08 -0.00882814 0.00211724 -1.80399e-06
4766.72 -2.18394e-08 5287.31 -9.84454e-09 -0.00922954 0.0026683 -1.93625e-06
3993.37 2.18168e-08 4484.62 9.71347e-09 -0.00359856 0.00112515 -9.01134e-07
3741.74 2.61343e-09 4184.8 1.16837e-09 -0.00403806 0.000686093 -1.07919e-06
4348.98 -5.71904e-08 4824.06 -2.57791e-08 -0.00593596 0.00124738 -1.36491e-06
4362.46 -2.81184e-08 4843.34 -1.26633e-08 -0.00445068 0.00103451 -1.02022e-06
4508.52 -2.41905e-08 5022.98 -1.08564e-08 -0.0054546 0.00109939 -1.20984e-06
4760.44 3.3276e-08 5264.23 1.50457e-08 -0.00468586 0.0013577 -9.84335e-07
5913.75 -2.05447e-08 6565.26 -9.25296e-09 -0.00447487 0.000993376 -7.56689e-07
5967.93 -2.48324e-08 6605.7 -1.12174e-08 -0.00607102 0.00181986 -1.01727e-06
6175.43 1.86559e-08 6776.59 8.50046e-09 -0.00949283 0.00209187 -1.53719e-06
4332.31 4.2505e-08 4824.43 1.90846e-08 -0.00657672 0.000965726 -1.51806e-06
4126.28 -7.36604e-09 4646.94 -3.27036e-09 -0.00696106 0.00135302 -1.687e-06
4175.62 -4.56162e-09 4666.62 -2.04083e-09 -0.00440117 0.00126013 -1.05402e-06
4837.62 3.29117e-08 5340.89 1.49052e-08 -0.00951276 0.00204212 -1.96641e-06
4923.98 5.25997e-08 5414.75 2.39162e-08 -0.00583939 0.00126183 -1.18591e-06
4411.55 -2.52688e-08 4945.43 -1.12705e-08 -0.00333316 0.000428467 -7.55553e-07
4357.82 5.20244e-08 4856.32 2.3342e-08 -0.00729523 0.00152405 -1.67406e-06
4538.82 -2.99022e-08 5039.91 -1.34646e-08 -0.00485527 0.000762128 -1.06972e-06
5450.84 2.30063e-08 6025.96 1.04053e-08 -0.00474284 0.00160778 -8.70111e-07
4855.39 2.30156e-08 5400.75 1.03458e-08 -0.00340291 0.000867841 -7.00852e-07
4660.59 3.87144e-08 5198.57 1.7354e-08 -0.00532195 0.000925813 -1.14191e-06
4095.19 -7.66864e-09 4588.72 -3.42193e-09 -0.00235106 0.000482892 -5.74102e-07
4846.73 1.93269e-08 5326.43 8.79315e-09 -0.003349 0.00136187 -6.90981e-07
4144.73 -3.59852e-08 4662.59 -1.59942e-08 -0.00535774 0.00132757 -1.29266e-06
4675.47 -1.32391e-08 5157.22 -6.00119e-09 -0.00512293 0.00104078 -1.0957e-06
5034.6 -2.27535e-08 5588.18 -1.02498e-08 -0.00830533 0.00176863 -1.64965e-06
4081.81 1.14927e-08 4537.85 5.16884e-09 -0.00424285 0.000988874 -1.03945e-06
5943.38 9.7474e-10 6554.09 4.41957e-10 -0.00636571 0.00180681 -1.07106e-06
4658.13 -7.36315e-09 5178.29 -3.31176e-09 -0.00418138 0.00126995 -8.97652e-07
4529.2 -1.47373e-08 5080.66 -6.56886e-09 -0.00386236 0.000893736 -8.52767e-07
4710.43 -2.99672e-09 5226.16 -1.3505e-09 -0.00589954 0.00108622 -1.25244e-06
4550.22 1.26105e-08 5110.51 5.61397e-09 -0.00667878 0.00188197 -1.46779e-06
4802.29 -2.55709e-08 5320.99 -1.15391e-08 -0.0131069 0.00295581 -2.72929e-06
4010.68 -1.91678e-08 4521.07 -8.50195e-09 -0.00195707 0.000440752 -4.87965e-07
5214.14 -1.8601e-08 5742.34 -8.44502e-09 -0.0154455 0.00278075 -2.96223e-06
5604.85 5.45668e-10 6144.92 2.48855e-10 -0.00414111 0.00165683 -7.38843e-07
4572.17 1.55252e-08 5125.76 6.92423e-09 -0.00134275 0.000374031 -2.93679e-07
4604.01 -3.92209e-08 5146.06 -1.75449e-08 -0.00314112 0.000457992 -6.82258e-07
4921.97 -5.44658e-09 5440.51 -2.46374e-09 -0.00719378 0.00164797 -1.46156e-06
5482.63 -1.22572e-08 6046.89 -5.55673e-09 -0.0037706 0.0012341 -6.87735e-07
5106.28 1.54771e-08 5674.72 6.9634e-09 -0.00302092 0.00063451 -5.91609e-07
4298.95 9.0601e-09 4800.61 4.05667e-09 -0.00431667 0.00104681 -1.00412e-06
4344.81 -1.20901e-08 4827.13 -5.44105e-09 -0.00679146 0.00172857 -1.56312e-06
4460.4 -1.23718e-08 4973.94 -5.54722e-09 -0.0020096 0.000508042 -4.50544e-07
3915.94 9.07544e-09 4413.66 4.02601e-09 -0.00490166 0.00071028 -1.25172e-06
5317.4 -3.89651e-08 5882.11 -1.76121e-08 -0.0118375 0.00311919 -2.22618e-06
5052.79 1.77847e-08 5628.86 7.98228e-09 -0.0101902 0.00208344 -2.01675e-06
4321.21 -3.88109e-08 4824.56 -1.73809e-08 -0.00961018 0.00144185 -2.22396e-06
3872.07 -4.62413e-08 4379.23 -2.04431e-08 -0.00431268 0.00078948 -1.11379e-06
4917.11 -4.06909e-09 5482.01 -1.82489e-09 -0.00401448 0.00161643 -8.16431e-07
4697.06 -1.83927e-08 5190.43 -8.32222e-09 -0.00388663 0.00133196 -8.27461e-07
4428.31 4.3927e-08 4969.55 1.95714e-08 -0.00411804 0.001744 -9.29935e-07
5135.68 -2.31826e-08 5720.65 -1.0406e-08 -0.00447903 0.000865952 -8.72139e-07
5693.19 2.25486e-08 6296.78 1.01936e-08 -0.00339213 0.000793263 -5.95823e-07
5866.93 -7.78509e-09 6494.18 -3.51658e-09 -0.00217792 0.00064584 -3.7122e-07
5163.28 -5.29612e-10 5712.55 -2.39345e-10 -0.00308983 0.000603573 -5.98423e-07
4292.48 -1.08852e-08 4804 -4.86308e-09 -0.00368771 0.000651327 -8.59108e-07
4701.55 -3.43787e-08 5261.59 -1.53597e-08 -0.00583288 0.00171346 -1.24063e-06
4780.01 -1.4684e-08 5344.09 -6.56705e-09 -0.00661254 0.00194375 -1.38337e-06
4348.46 -4.97621e-08 4854.17 -2.2289e-08 -0.00475249 0.000999566 -1.09291e-06
4655.14 -8.9026e-09 5196.47 -3.9876e-09 0.000836408 0.00100762 1.79674e-07
5181.21 -1.51464e-08 5735.65 -6.84111e-09 -0.010148 0.00221701 -1.95861e-06
4467.41 3.89144e-09 4972.81 1.74798e-09 -0.00343459 0.000571688 -7.68809e-07
4852.96 -1.98218e-08 5349.28 -8.99134e-09 -0.015392 0.00306039 -3.17167e-06
5469.09 8.7863e-09 6070.57 3.95787e-09 -0.0103913 0.00164256 -1.9e-06
5270.45 3.72026e-08 5886.26 1.66553e-08 -0.00284108 0.000789133 -5.39057e-07
5485.57 8.85965e-09 6074.3 4.00048e-09 -0.00418946 0.00143515 -7.63725e-07
4825.07 7.71806e-09 5276.77 3.52869e-09 -0.000645471 0.00104558 -1.33774e-07
4558.91 -2.54168e-08 5079.39 -1.14062e-08 -0.00352001 0.00100409 -7.72116e-07
4261.75 3.17919e-08 4770.98 1.41993e-08 -0.00523433 0.000849846 -1.22821e-06
3790.44 2.01659e-08 4263.54 8.96412e-09 -0.00276254 0.000622367 -7.28816e-07
4884.39 2.04373e-08 5443.72 9.16872e-09 -0.00663003 0.00143964 -1.35739e-06
5200.77 -3.09636e-09 5771.84 -1.395e-09 -0.00441732 0.000994834 -8.49359e-07
4698.03 3.14616e-08 5268.86 1.40265e-08 -0.00236964 0.00107398 -5.04391e-07
4639.91 -1.24943e-08 5153.57 -5.62451e-09 -0.00881217 0.00171049 -1.89921e-06
4520.55 1.19774e-08 5014.66 5.39862e-09 -0.00376847 0.000960359 -8.33632e-07
5051.59 -7.97033e-09 5641.03 -3.56875e-09 -0.000240784 0.000743082 -4.7665e-08
4893.73 1.51261e-08 5459.43 6.77936e-09 -0.00156123 0.00086273 -3.19028e-07
5695.5 -1.61822e-08 6305.62 -7.3082e-09 -0.00265752 0.000684142 -4.666e-07
5231.5 -2.01797e-08 5848.18 -9.0259e-09 -0.00291134 0.000578011 -5.56502e-07
4381.22 -1.39654e-08 4874.07 -6.27664e-09 -0.00423365 0.000976239 -9.66317e-07
5267.67 -2.56215e-08 5818.56 -1.15978e-08 -0.00139549 0.000725454 -2.64916e-07
4857.63 -3.78608e-08 5408.92 -1.7001e-08 -0.00746054 0.00187834 -1.53584e-06
5622.03 -2.57659e-08 6216.05 -1.16518e-08 -0.0113306 0.00283873 -2.0154e-06
4190.02 -6.67515e-08 4691.91 -2.98056e-08 -0.00377006 0.000530345 -8.9977e-07
4605.03 2.10161e-08 5168 9.36336e-09 -0.00198994 0.00045239 -4.32124e-07
3822.39 -2.59009e-08 4307.69 -1.14915e-08 -0.00326319 0.000608103 -8.53703e-07
4969.25 -5.92768e-08 5459.32 -2.69778e-08 -0.00862746 0.00245203 -1.73617e-06
4964.68 1.82484e-08 5434.05 8.33609e-09 -0.00738968 0.00152329 -1.48845e-06
5206.83 -8.65536e-09 5780.48 -3.8982e-09 -0.00458564 0.00136987 -8.80697e-07
4124.5 -4.1799e-08 4612.89 -1.86868e-08 -0.00312907 0.000556745 -7.58653e-07
4177.77 2.4042e-08 4648.93 1.08027e-08 -0.00312977 0.00102893 -7.49147e-07
5270.53 -5.39591e-08 5836.18 -2.43647e-08 -0.00798431 0.00204727 -1.5149e-06
3841.28 -8.33883e-09 4295.29 -3.72871e-09 -0.00447432 0.000708614 -1.1648e-06
3882.38 -4.66652e-08 4330.5 -2.09181e-08 -0.00584084 0.000704955 -1.50445e-06
5438.47 -1.19821e-08 6099.56 -5.34171e-09 -0.0063539 0.00176756 -1.16832e-06
5403.09 -3.79972e-08 5995.5 -1.71213e-08 -0.00795428 0.00210292 -1.47217e-06
5358.72 2.73206e-09 5977.08 1.22471e-09 -0.0084832 0.00227345 -1.58306e-06
5078.95 -6.17173e-08 5606.96 -2.79527e-08 -0.0082397 0.00144381 -1.62232e-06
4676.9 5.99601e-08 5175.7 2.70908e-08 -0.0089949 0.00177041 -1.92326e-06
5146.35 -4.22211e-09 5737.58 -1.89352e-09 -0.00327703 0.000723512 -6.36768e-07
5692.58 -5.38496e-08 6311.3 -2.42853e-08 -0.0135627 0.00271366 -2.38252e-06
5452.48 -2.08169e-10 6056.36 -9.37063e-11 -0.00139242 0.000490953 -2.55373e-07
5254.59 -4.36629e-09 5877.86 -1.95165e-09 -0.00302569 0.00164473 -5.75819e-07
4438.35 -5.83638e-09 4982.19 -2.59965e-09 -0.00400054 0.00128431 -9.01358e-07
5462.23 -3.27407e-08 6066.88 -1.47388e-08 -0.00348399 0.000605001 -6.37833e-07
5012.97 -4.65293e-09 5575.76 -2.09165e-09 -0.00174464 0.000465942 -3.48024e-07
4993.99 -1.57466e-08 5556.21 -7.07662e-09 -0.00636376 0.00158407 -1.27428e-06
0.641636 -0.0293661 40.8478 -0.00023064 -0.0112584 0.00489565 -0.0175464
5219.08 6.59261e-09 5781.41 2.97569e-09 -0.00632208 0.00135471 -1.21134e-06
4591.41 6.7228e-09 5096.12 3.02849e-09 -0.00563708 0.00104852 -1.22774e-06
5360.53 -2.78996e-08 6010.39 -1.24415e-08 -0.00331553 0.00062921 -6.18509e-07
5194.7 -8.59666e-09 5797.24 -3.85158e-09 -0.00286647 0.00124828 -5.51806e-07
4236.43 -1.39302e-08 4772.95 -6.18215e-09 -0.00407114 0.000507805 -9.60984e-07
4876.95 -6.82229e-09 5369.1 -3.09847e-09 -0.00935193 0.00186827 -1.91758e-06
5324.22 2.83973e-08 5923.84 1.27614e-08 -0.00328262 0.00115569 -6.16545e-07
5615.6 -2.39377e-08 6219.7 -1.08063e-08 -0.00625908 0.00208876 -1.11459e-06
4861.48 4.57215e-09 5374.69 2.06779e-09 -0.00183289 0.00083161 -3.77022e-07
4178.77 2.27838e-08 4663.44 1.02079e-08 -0.00339222 0.000436636 -8.11776e-07
5303.53 -3.24069e-08 5903 -1.45579e-08 -0.00693948 0.00145933 -1.30846e-06
5444.41 -3.96532e-08 6070.38 -1.77821e-08 -0.00966729 0.00261796 -1.77564e-06
4650.56 -1.36998e-08 5149.41 -6.18633e-09 -0.00813726 0.00146815 -1.74974e-06
5022.52 9.08023e-10 5582.45 4.08474e-10 -0.00531603 0.000891906 -1.05844e-06
4686.28 -2.38685e-08 5212.79 -1.07288e-08 -0.00536194 0.00143229 -1.14418e-06
5443.81 -2.71634e-08 6053.02 -1.22148e-08 -0.01058 0.00269159 -1.9435e-06
5331.05 5.94454e-09 5922.37 2.6755e-09 -0.00126854 0.00151087 -2.37953e-07
5579.07 -7.50779e-10 6165.83 -3.39666e-10 -0.00300651 0.00121384 -5.38892e-07
5537.17 3.48291e-09 6145.99 1.56895e-09 -0.00339986 0.000914859 -6.14007e-07
5309.65 -2.77594e-09 5930.55 -1.24266e-09 -0.00529089 0.00166115 -9.96466e-07
5345.81 -2.89464e-08 5911.5 -1.30882e-08 -0.00320181 0.000784187 -5.98938e-07
5352.25 6.84087e-08 5922.79 3.09095e-08 -0.00138899 0.000782244 -2.59514e-07
5500.09 -2.30919e-08 6086.99 -1.04327e-08 -0.00884708 0.00205635 -1.60854e-06
5689.84 -1.67506e-08 6305.26 -7.55784e-09 -0.00891442 0.00228502 -1.56673e-06
4844.23 3.56338e-08 5345.08 1.61474e-08 -0.00704503 0.00153772 -1.45431e-06
4491.13 -1.94535e-08 4975.61 -8.77967e-09 -0.00922148 0.00154155 -2.05327e-06
4041.15 -3.51873e-08 4522.81 -1.572e-08 -0.00537601 0.000937802 -1.33032e-06
4431.45 -7.44885e-08 4934.14 -3.34498e-08 -0.0112035 0.00193039 -2.52817e-06
5305.99 -2.42442e-09 5938.72 -1.08306e-09 -0.00515028 0.00153137 -9.70654e-07
5314.09 -1.63707e-08 5931.1 -7.33382e-09 -0.00439109 0.00111626 -8.26311e-07
5567.38 -1.00913e-08 6173.08 -4.55055e-09 -0.0068336 0.00177423 -1.22744e-06
4231.22 3.51203e-08 4786.68 1.55224e-08 -0.00306725 0.000360251 -7.24908e-07
4532.23 -1.71601e-08 5005.6 -7.76864e-09 -0.00325324 0.000910848 -7.17803e-07
4560.47 -3.31488e-08 5072.77 -1.49006e-08 -0.00272205 0.000741276 -5.96879e-07
5164.61 1.20518e-08 5757.77 5.40513e-09 -0.0115864 0.00239649 -2.24341e-06
5243.47 6.67533e-09 5842.72 2.99534e-09 -0.00645471 0.00161494 -1.231e-06
4527.44 1.04361e-08 5048.42 4.67958e-09 -0.00874796 0.00149076 -1.93221e-06
4466.67 2.2347e-08 4982.22 1.00173e-08 -0.0050382 0.000676206 -1.12795e-06
5068.68 4.51264e-09 5658.29 2.0212e-09 -0.00844335 0.00141358 -1.66579e-06
5244.73 -1.55225e-08 5829.24 -6.98302e-09 -0.00393585 0.00144546 -7.50439e-07
5328.69 7.75354e-09 5919.53 3.48982e-09 -0.00432539 0.00139112 -8.11717e-07
5289.42 -2.6321e-08 5885.28 -1.18281e-08 -0.00613125 0.00162004 -1.15915e-06
5305.27 -7.06864e-09 5939.2 -3.15708e-09 -0.00248522 0.000676904 -4.68444e-07
5018.49 -1.67622e-08 5601.19 -7.50922e-09 0.000259884 0.000429958 5.17853e-08
5483.19 5.03051e-09 6092.78 2.2636e-09 -0.00691631 0.00213357 -1.26137e-06
5496.54 -5.31182e-09 6081.66 -2.40038e-09 -0.00679249 0.00168744 -1.23577e-06
4781.27 1.14804e-08 5249.55 5.22816e-09 -0.00706852 0.000996661 -1.47838e-06
5247.21 -8.77386e-10 5765.71 -3.99242e-10 -0.001467 0.000724976 -2.79578e-07
4377.9 -2.95088e-08 4853.89 -1.33075e-08 -0.00767169 0.00155757 -1.75237e-06
4365.27 -1.34548e-08 4815.15 -6.09887e-09 -0.00484591 0.000651135 -1.1101e-06
5438.47 -2.7509e-08 5979.52 -1.251e-08 -0.00450346 0.00165559 -8.28074e-07
5295.33 -1.44095e-08 5902.06 -6.46411e-09 -0.00556062 0.0019414 -1.0501e-06
5138.76 -3.25445e-08 5652.49 -1.47933e-08 -0.00615175 0.00153058 -1.19713e-06
5187.78 -1.77218e-08 5789.17 -7.94041e-09 -0.00689543 0.00204537 -1.32917e-06
4481.25 1.79883e-08 5041.53 7.99461e-09 -0.0015613 0.0005329 -3.48408e-07
5362.23 -4.77496e-08 5984.62 -2.13918e-08 -0.00566734 0.00141302 -1.0569e-06
4808.66 4.8404e-08 5336.68 2.18074e-08 -0.00330965 0.000634267 -6.88269e-07
5299.16 -2.95267e-08 5901.49 -1.32565e-08 -0.0113723 0.00257251 -2.14605e-06
5271.57 -2.74722e-08 5839.74 -1.23997e-08 -0.0108916 0.00277666 -2.0661e-06
5048 9.4664e-09 5599.5 4.26703e-09 -0.00799599 0.00181279 -1.58399e-06
4460.45 -3.10743e-08 4965.83 -1.39559e-08 -0.00415293 0.00063628 -9.31058e-07
5356.88 -5.92136e-09 5982.84 -2.65091e-09 -0.011203 0.00205563 -2.09133e-06
4613.95 -1.73194e-08 5171.86 -7.72553e-09 -0.00400722 0.00204187 -8.68501e-07
5337.76 -3.88786e-08 5908.96 -1.75602e-08 -0.00697651 0.00164809 -1.30701e-06
5139.54 -1.38496e-08 5741.5 -6.19876e-09 -0.00346222 0.000376461 -6.73645e-07
5243.09 -3.32377e-08 5850.68 -1.4893e-08 -0.00238418 0.000724623 -4.54729e-07
6019.8 -1.36055e-08 6656.08 -6.15245e-09 -0.00789147 0.00201458 -1.31092e-06
5144.93 2.15527e-08 5718.14 9.69611e-09 -0.00194952 0.000604372 -3.7892e-07
5617.43 -8.46673e-09 6202.97 -3.83375e-09 -0.00576643 0.00168306 -1.02652e-06
4586.71 -3.60059e-09 5065.12 -1.63025e-09 -0.00673129 0.00162543 -1.46756e-06
5025.57 -1.85956e-08 5546.45 -8.42464e-09 -0.00802675 0.00147415 -1.59718e-06
4885.22 -3.52747e-08 5407.63 -1.59335e-08 -0.00377657 0.00137357 -7.73061e-07
5240.94 2.58077e-08 5852.12 1.15562e-08 -0.000531213 0.000434124 -1.01358e-07
5476.12 -4.4719e-08 6115.26 -2.00226e-08 -0.00773101 0.00167615 -1.41177e-06
4299.85 1.46193e-08 4748.41 6.61914e-09 -0.00535976 0.000712821 -1.2465e-06
5484.99 -3.85194e-09 6083.72 -1.73642e-09 -0.00732556 0.00176564 -1.33557e-06
5431.68 -3.23946e-08 6073.62 -1.44853e-08 -0.00728633 0.00263334 -1.34145e-06
4622.68 2.87742e-09 5142.11 1.29338e-09 -0.00216699 0.000856386 -4.68773e-07
5395.96 -1.64375e-08 5989 -7.40492e-09 -0.00623949 0.00148566 -1.15633e-06
5474.21 -1.96235e-08 6090.31 -8.81919e-09 -0.00414447 0.00152848 -7.5709e-07
4939.94 -2.24948e-08 5442.23 -1.02093e-08 -0.00315663 0.000533027 -6.39002e-07
5129.88 -6.58074e-09 5684.8 -2.96918e-09 -0.00219377 0.000453064 -4.27646e-07
5381.25 -5.5753e-09 5955.79 -2.51873e-09 -0.00875364 0.00205534 -1.62669e-06
5101.96 -4.56386e-09 5665.84 -2.05482e-09 -0.00667671 0.00127316 -1.30866e-06
4822.04 -1.93829e-08 5375.8 -8.69315e-09 -0.00747972 0.00161556 -1.55115e-06
5731.45 -4.15286e-08 6359.45 -1.87138e-08 -0.00735241 0.00213635 -1.28282e-06
5155.36 1.55934e-08 5745.43 6.99596e-09 -0.0079372 0.00178773 -1.5396e-06
4.45947 -0.00359496 47.9194 -0.000167277 -0.00763026 0.000823252 -0.00171102
5220.78 2.38525e-08 5734.13 1.08586e-08 -0.00220814 0.000586829 -4.22951e-07
4506.5 -2.70453e-08 5088.99 -1.19749e-08 -4.23719e-05 0.000790054 -9.40239e-09
4190.64 3.74158e-08 4727.06 1.65849e-08 0.000316293 0.000606879 7.54762e-08
4298.75 1.52384e-08 4787.09 6.84194e-09 -0.000820181 0.0001415 -1.90795e-07
4110.37 9.47067e-08 4573.62 4.2557e-08 -0.00093159 0.00014013 -2.26644e-07
4025.74 -5.48612e-08 4538.52 -2.43314e-08 -0.00160376 0.000555037 -3.98376e-07
3840.68 5.28276e-08 4298.8 2.35989e-08 -0.00198873 0.000277545 -5.17806e-07
4072.38 -1.97891e-08 4601.86 -8.75611e-09 -0.00160779 0.000320455 -3.94804e-07
4516.15 -6.23423e-09 5051.16 -2.78696e-09 -0.00262165 0.000648819 -5.80505e-07
4667.28 -3.57198e-08 5225.75 -1.59512e-08 -0.00231582 0.000602438 -4.96182e-07
4327.56 -1.16609e-09 4805.11 -5.25102e-10 -0.0020736 0.000700276 -4.79161e-07
4181.76 -5.02156e-08 4630.01 -2.2677e-08 -0.00076314 0.000715472 -1.82493e-07
4730.45 -8.8627e-09 5293.7 -3.95985e-09 -0.00134218 0.000714735 -2.83733e-07
4532.43 -2.37511e-08 5115.6 -1.05218e-08 -0.000428771 0.001148 -9.46007e-08
4417.68 -3.08427e-08 4927.78 -1.3825e-08 -0.000977826 0.00105116 -2.21344e-07
4844.8 -5.77202e-09 5436.39 -2.57195e-09 -0.0034016 0.00103753 -7.02113e-07
4502.31 -3.29584e-08 4999.19 -1.48413e-08 -0.00134912 0.000534132 -2.99651e-07
5020.95 1.52933e-08 5597.28 6.85932e-09 -0.000706256 0.000973895 -1.40662e-07
4797.31 -1.10709e-08 5389.26 -4.92743e-09 -0.0040169 0.000659855 -8.37324e-07
4889.37 -3.93847e-09 5461.72 -1.76287e-09 -0.00212723 0.000282046 -4.35073e-07
4388.77 -7.15898e-09 4922.97 -3.19108e-09 -0.00594189 0.000724247 -1.35388e-06
4587.01 5.49706e-08 5126.4 2.45934e-08 -0.0018114 0.000689317 -3.94899e-07
4385.08 6.25162e-09 4911.68 2.79068e-09 -0.00376421 0.000481475 -8.58414e-07
4484.94 -4.06882e-09 5037.33 -1.81132e-09 -0.00366306 0.000886304 -8.16746e-07
5202.74 -2.42324e-08 5666.39 -1.11248e-08 -0.00104139 0.000695507 -2.00162e-07
4714.81 -1.26259e-08 5246.03 -5.67371e-09 -0.00761466 0.00196535 -1.61505e-06
4100.46 -2.66657e-08 4551.17 -1.20125e-08 -0.00155221 0.000508174 -3.78544e-07
4046.08 7.33585e-08 4535.41 3.27219e-08 0.000223586 0.000801196 5.52598e-08
4609.84 -6.4544e-09 5175.24 -2.87463e-09 -0.0036878 0.000699875 -7.99985e-07
4588.19 -3.02721e-08 5140.3 -1.35103e-08 -0.0036286 0.00122785 -7.90856e-07
4963.14 4.02645e-09 5513.89 1.81213e-09 -0.00646945 0.00156407 -1.3035e-06
5050.16 1.61208e-09 5659.26 7.19289e-10 -0.00810767 0.00225548 -1.60543e-06
3233.31 -4.81948e-08 3650.43 -2.13439e-08 0.000521375 0.000499879 1.61251e-07
4567.15 -5.90864e-08 5064.81 -2.66403e-08 -0.00356371 0.000631771 -7.80293e-07
4572.12 2.86762e-08 5080.93 1.29023e-08 -0.0023655 0.000500386 -5.17376e-07
4612.56 -8.51848e-09 5127.49 -3.83151e-09 -0.00668471 0.00116428 -1.44924e-06
5468.46 -2.25269e-08 6105.41 -1.00884e-08 -0.00512464 0.00148963 -9.37126e-07
5142.6 6.39855e-09 5752.95 2.85985e-09 -0.00513304 0.000727888 -9.98141e-07
4806.67 -3.40641e-08 5330.54 -1.53582e-08 -0.00438617 0.00112999 -9.12518e-07
5406.97 4.78627e-09 6010 2.15301e-09 -0.00426985 0.000972581 -7.89693e-07
5607.54 1.02334e-08 6258.44 4.58455e-09 -0.000226644 0.000593287 -4.04178e-08
4836.92 -1.2725e-08 5390.9 -5.70867e-09 -0.00393744 0.00092351 -8.14039e-07
5398.01 -1.81748e-09 5984.06 -8.19743e-10 -0.00441725 0.000637262 -8.1831e-07
5166.4 -9.16397e-09 5739.54 -4.12443e-09 -0.00810433 0.0019586 -1.56866e-06
6044.76 1.12836e-08 6685.65 5.10098e-09 -0.00428162 0.00167866 -7.0832e-07
5462.49 -2.22508e-08 6065.49 -1.00194e-08 -0.00583274 0.0010636 -1.06778e-06
5325.17 1.37979e-08 5902.3 6.22434e-09 -0.00266513 0.00106437 -5.00478e-07
5269.72 -4.91346e-08 5785.23 -2.23781e-08 -0.0100935 0.00202627 -1.91538e-06
4723.58 -6.36897e-09 5219.3 -2.88203e-09 -0.0103354 0.00206645 -2.18805e-06
5948.53 -2.2903e-08 6606.14 -1.03115e-08 -0.0055027 0.00113518 -9.25052e-07
5042.11 -9.95052e-09 5595.16 -4.48348e-09 -0.00630638 0.00118691 -1.25074e-06
5084.2 -4.78753e-08 5613.06 -2.16823e-08 -0.00498266 0.00100863 -9.80027e-07
4777.7 1.66326e-08 5298.36 7.49908e-09 -0.000924244 0.000500752 -1.93449e-07
5832.98 -3.09833e-08 6449.88 -1.401e-08 -0.00704661 0.00190593 -1.20806e-06
5172.39 3.7471e-08 5736.92 1.68918e-08 -0.00792087 0.0015707 -1.53138e-06
4736.76 1.16969e-08 5292.19 5.23464e-09 -0.00624324 0.00159289 -1.31804e-06
5308.74 -3.1605e-08 5845.83 -1.43506e-08 -0.013522 0.00314022 -2.54712e-06
5229.03 -2.3982e-08 5817.41 -1.07782e-08 -0.0118712 0.00298423 -2.27025e-06
5207.98 9.51952e-09 5798.24 4.27522e-09 -0.00458464 0.000763738 -8.80312e-07
5388.02 2.75698e-08 6025.1 1.23273e-08 -0.00614423 0.00183733 -1.14035e-06
5644.61 -4.10585e-08 6271.52 -1.84771e-08 -0.00748867 0.00200697 -1.32669e-06
5369.9 -1.61901e-08 6005.4 -7.23841e-09 -0.00426921 0.00155689 -7.95026e-07
4903.01 1.20468e-08 5404.75 5.46424e-09 -0.00247287 0.000438408 -5.04357e-07
5032.84 -9.57028e-09 5569.86 -4.32378e-09 -0.00628499 0.0014961 -1.2488e-06
4456.62 -4.09008e-09 4953.54 -1.83989e-09 -0.00545888 0.00104681 -1.22489e-06
5450.79 -3.26535e-08 6067.39 -1.46675e-08 -0.00801794 0.00230998 -1.47097e-06
5380.1 2.42176e-08 5982.8 1.0889e-08 -0.00396612 0.00141431 -7.37183e-07
5800.34 -3.49419e-08 6409.98 -1.58093e-08 -0.00867514 0.00201123 -1.49563e-06
5214.02 3.05764e-09 5766.47 1.38235e-09 0.000330649 0.000641699 6.34154e-08
5384.76 -2.96405e-08 5955.57 -1.33998e-08 -0.00783556 0.00210556 -1.45514e-06
4221.96 -7.68442e-09 4690.33 -3.45853e-09 -0.00337795 0.00115247 -8.00091e-07
5233.1 -4.8615e-08 5729.41 -2.22019e-08 -0.0131029 0.00264187 -2.50386e-06
4557.15 -5.87354e-08 5093.33 -2.62762e-08 -0.00787327 0.00203752 -1.72767e-06
5270.09 -2.45087e-08 5861.53 -1.10178e-08 -0.00177935 0.000923586 -3.37632e-07
5361.62 -8.58629e-09 5968.45 -3.85665e-09 -0.00221257 0.00103318 -4.12667e-07
5878.99 -3.00401e-08 6541.15 -1.34996e-08 -0.00814047 0.0024637 -1.38467e-06
5133.31 1.31636e-08 5684.64 5.94345e-09 -0.00166507 0.00117964 -3.24366e-07
6079.2 -7.05323e-09 6741.58 -3.18012e-09 -0.00766343 0.00242972 -1.2606e-06
5065.82 -2.86206e-08 5618.08 -1.29036e-08 -0.00375588 0.000885266 -7.41416e-07
6004.91 -1.74047e-08 6617.04 -7.89733e-09 -0.00569851 0.00166539 -9.48975e-07
4906.5 -3.6822e-08 5454.7 -1.65607e-08 -0.00419759 0.00104427 -8.55516e-07
5600.32 -1.43662e-08 6210.18 -6.47772e-09 -0.010077 0.00232727 -1.79936e-06
5387.46 -1.88047e-08 5942.76 -8.52378e-09 -0.00561441 0.00165107 -1.04213e-06
5218.76 -8.09099e-09 5789.87 -3.64645e-09 -0.006353 0.00141417 -1.21734e-06
5660.41 1.73165e-08 6296.35 7.78376e-09 -0.00189298 0.000962483 -3.34424e-07
5186.68 1.92508e-09 5759.22 8.66852e-10 -0.0076459 0.0016116 -1.47414e-06
4369.87 -1.28894e-08 4841.66 -5.81672e-09 -0.00220242 0.000300291 -5.04001e-07
5755.17 -2.0642e-08 6348.17 -9.35691e-09 -0.0063465 0.00145315 -1.10275e-06
4704.35 1.55099e-08 5234.39 6.96967e-09 -0.00569017 0.0017673 -1.20955e-06
5360.04 -1.82942e-08 5936.51 -8.25887e-09 -0.00755217 0.00200271 -1.40898e-06
5549.12 8.97293e-11 6150.92 4.04751e-11 -0.0108205 0.00254858 -1.94994e-06
4503 -2.42099e-08 5011.17 -1.08774e-08 0.000704535 0.000257016 1.56459e-07
4812.05 -3.83795e-08 5360.79 -1.72254e-08 -0.0046911 0.00139252 -9.74863e-07
5029.61 -1.50771e-08 5560.56 -6.81876e-09 -0.0063669 0.00182033 -1.26588e-06
6000.7 -7.89903e-10 6669.07 -3.55369e-10 -0.0127585 0.00339558 -2.12617e-06
4578.7 1.36191e-08 5094.27 6.12037e-09 -0.000719573 0.000699835 -1.57156e-07
5210.42 -2.66444e-08 5775.26 -1.20193e-08 -0.0055597 0.00131079 -1.06703e-06
4985.91 -3.24453e-09 5542.06 -1.45947e-09 -0.00479654 0.0018433 -9.62019e-07
5222.63 -4.03939e-09 5778.07 -1.82555e-09 -0.00375375 0.00114827 -7.18746e-07
5995.42 -7.57738e-09 6631.56 -3.42525e-09 -0.0104858 0.0024157 -1.74897e-06
5989.96 -1.58987e-08 6643.25 -7.16762e-09 -0.00860608 0.00164156 -1.43675e-06
6095.03 -1.70274e-08 6787.02 -7.64567e-09 -0.00490109 0.00132382 -8.04112e-07
5960.65 1.39221e-09 6652.92 6.23672e-10 -0.0023587 0.00140048 -3.95711e-07
5148.97 -3.65725e-08 5717.3 -1.64685e-08 -0.00766883 0.00200288 -1.48939e-06
4857.93 -8.03849e-09 5430.56 -3.59543e-09 -0.00644726 0.00181252 -1.32716e-06
6064.33 -8.44741e-09 6680.92 -3.83389e-09 -0.0141363 0.00271402 -2.33106e-06
5842.62 -6.98694e-09 6488.06 -3.14594e-09 -0.0109415 0.00315372 -1.87271e-06
5863.44 -2.69912e-08 6523.28 -1.21305e-08 -0.00716296 0.00215499 -1.22163e-06
4961.74 2.3451e-08 5539.31 1.05029e-08 -0.00537615 0.00141399 -1.08352e-06
5337.2 -2.71143e-08 5932.47 -1.21968e-08 -0.00641571 0.00189236 -1.20207e-06
5591.56 1.54192e-08 6157.96 7.00047e-09 -0.0112801 0.00238876 -2.01734e-06
4697.87 3.77083e-09 5233.46 1.69246e-09 -0.00182957 0.000819647 -3.89447e-07
6111.61 -3.66242e-08 6772.99 -1.65239e-08 -0.00508365 0.00221241 -8.31802e-07
4282.39 1.06586e-07 4893.54 4.66374e-08 -0.0812077 0.0103322 -1.89632e-05
5081.78 1.34239e-08 5675.28 6.01002e-09 -0.00466746 0.00205688 -9.1847e-07
4200.44 1.56502e-08 4698.21 6.99603e-09 -0.000431213 0.00033211 -1.02659e-07
5761.65 -3.59854e-08 6336.62 -1.63601e-08 -0.0129778 0.00301415 -2.25244e-06
5520.94 -3.79905e-09 6125.79 -1.71197e-09 -0.0138774 0.00350398 -2.5136e-06
5015.61 -1.54449e-08 5566.05 -6.95875e-09 -0.00317907 0.00134327 -6.33835e-07
5169.92 -3.95983e-08 5730.01 -1.78639e-08 -0.00515618 0.00125502 -9.97344e-07
5233.5 -1.33929e-08 5770.89 -6.07288e-09 -0.00855242 0.00182709 -1.63417e-06
5656.33 1.96251e-08 6273.86 8.84673e-09 -0.00918927 0.00197103 -1.6246e-06
5933.84 -2.30437e-08 6573.82 -1.04001e-08 -0.00930139 0.00259358 -1.56752e-06
5145.1 -2.04913e-08 5698.39 -9.25084e-09 -0.00751173 0.00218199 -1.45998e-06
5326.35 3.89858e-09 5855.49 1.77314e-09 -0.00331536 0.00151624 -6.22445e-07
5792.3 -2.78722e-08 6424.34 -1.25651e-08 -0.0085906 0.00179413 -1.48311e-06
5132.07 -3.05448e-08 5710.67 -1.3725e-08 -0.00593715 0.00106342 -1.15687e-06
5947.74 -1.48094e-08 6591.06 -6.68199e-09 -0.00945702 0.0024573 -1.59002e-06
5978.74 6.67379e-11 6623.72 3.01197e-11 -0.00686195 0.00167745 -1.14772e-06
5747.92 -1.50405e-08 6393.24 -6.76116e-09 -0.00381132 0.00121926 -6.63079e-07
5464.76 2.08191e-08 6068.58 9.3738e-09 -0.00787064 0.00171528 -1.44025e-06
4581.71 -6.26348e-09 5160.25 -2.78063e-09 -0.000359322 0.00094413 -7.84253e-08
5355.93 1.90866e-08 5906.75 8.65336e-09 -0.00773801 0.00185406 -1.44476e-06
5502.34 -1.58386e-08 6077.79 -7.16951e-09 -0.00823582 0.00221024 -1.49678e-06
4690.54 2.21148e-08 5254.89 9.86991e-09 0.000738271 0.000586905 1.57396e-07
4839.35 -9.74692e-09 5346.97 -4.41079e-09 0.000865748 0.000194714 1.78898e-07
5025.36 2.9399e-08 5591.93 1.32101e-08 -0.00176919 0.000683204 -3.52052e-07
5092.5 -2.21226e-08 5640.86 -9.986e-09 -0.00551399 0.00135071 -1.08277e-06
5163.58 -5.19143e-08 5737.56 -2.33604e-08 -0.00894571 0.00218943 -1.73246e-06
5400.76 -6.45329e-08 5973.66 -2.91719e-08 -0.0144262 0.00294112 -2.67115e-06
5642.04 -1.86279e-09 6256.17 -8.39967e-10 -0.00514853 0.00148613 -9.1253e-07
5868.34 1.6034e-08 6529.17 7.20557e-09 -0.00846984 0.00212215 -1.44331e-06
6149.58 -4.59869e-08 6777.56 -2.0863e-08 -0.0136965 0.00289249 -2.22723e-06
5460.62 -1.53333e-08 6036.25 -6.93554e-09 -0.0115109 0.00310797 -2.10798e-06
5392.26 -2.30454e-08 5954.2 -1.04352e-08 -0.00631941 0.00179046 -1.17194e-06
5115.69 -7.50635e-09 5670.29 -3.38608e-09 -0.00165387 0.000582339 -3.23293e-07
6104.45 -3.16661e-08 6784.87 -1.42453e-08 -0.0125739 0.00354181 -2.05979e-06
6224.63 -1.27682e-08 6881.25 -5.77492e-09 -0.0146827 0.00299851 -2.3588e-06
6179.11 -1.44486e-08 6795.98 -6.56858e-09 -0.0112453 0.00289568 -1.81988e-06
5781.58 -2.54046e-08 6378.73 -1.15132e-08 -0.00498232 0.00148517 -8.61757e-07
5450.56 1.67223e-08 6019.25 7.57119e-09 -0.00408233 0.00137049 -7.48974e-07
5403.78 4.43683e-09 5974.48 2.0065e-09 -0.00758555 0.00229721 -1.40375e-06
5426.94 -2.10598e-09 6043.54 -9.45559e-10 -0.00855703 0.00186575 -1.57677e-06
4464.11 -4.80645e-08 4927.82 -2.17708e-08 -0.00233331 0.000557896 -5.22683e-07
4768.13 8.09764e-10 5333.64 3.61954e-10 0.00057587 0.000900793 1.20775e-07
5228.99 -4.73476e-08 5769.47 -2.14561e-08 -0.0080241 0.00158533 -1.53454e-06
4924.91 1.11583e-08 5431.94 5.0584e-09 -0.00205298 0.000481217 -4.16856e-07
5576.03 -3.17716e-08 6157.5 -1.43857e-08 -0.0113011 0.00304469 -2.02673e-06
5538.96 -3.37526e-08 6157.88 -1.51801e-08 -0.00963172 0.00238012 -1.7389e-06
5461.52 -4.15141e-08 6016.88 -1.88412e-08 -0.00516993 0.00145143 -9.4661e-07
5132.57 2.34759e-10 5719.58 1.05333e-10 -0.00467323 0.00163686 -9.10504e-07
5867.95 3.03313e-08 6522.17 1.36445e-08 -0.0051407 0.0019251 -8.76063e-07
5970.25 -3.10176e-08 6634.31 -1.39564e-08 -0.00532476 0.0012902 -8.91882e-07
6361.33 -3.61076e-08 7002.62 -1.64005e-08 -0.0116408 0.00321941 -1.82993e-06
5374.62 -2.10304e-09 5942.89 -9.50971e-10 -0.00646409 0.00188678 -1.20271e-06
5416.13 -1.48281e-08 6009.64 -6.68187e-09 -0.00385588 0.00121007 -7.11926e-07
6156.44 1.24378e-08 6812.47 5.62004e-09 -0.00811139 0.00237907 -1.31755e-06
5393.59 -6.76779e-09 6039.76 -3.02186e-09 -0.0112137 0.00238716 -2.07908e-06
4768.41 2.99633e-08 5352.1 1.33478e-08 -0.00408398 0.000931953 -8.56465e-07
5587.32 2.37338e-08 6178.09 1.07321e-08 -0.00553547 0.00177207 -9.90721e-07
5360.06 -2.19099e-08 5936.87 -9.89062e-09 -0.00412155 0.000933219 -7.68936e-07
5372.76 -5.0129e-08 5941.2 -2.26664e-08 -0.007736 0.00215304 -1.43985e-06
4512.5 -2.95478e-08 4964.87 -1.34278e-08 -0.00360657 0.000493223 -7.99241e-07
4669.56 1.53896e-08 5188.31 6.92546e-09 -0.00208281 0.00077007 -4.46039e-07
5526.33 2.47036e-08 6150.41 1.10985e-08 -0.00535834 0.00129689 -9.69602e-07
5541.87 -4.64377e-08 6124.41 -2.10103e-08 -0.00901404 0.0023744 -1.62653e-06
5407.53 -2.87631e-08 6020.13 -1.29181e-08 -0.0129677 0.00312183 -2.39808e-06
5144.65 1.6773e-08 5718.04 7.54552e-09 -0.00637028 0.00140311 -1.23823e-06
5987.68 9.98786e-09 6630.52 4.50976e-09 -0.00372156 0.00115674 -6.21537e-07
5857.07 -1.01149e-08 6495.66 -4.56023e-09 -0.00666758 0.00199768 -1.13838e-06
5128.77 1.22128e-08 5681.05 5.51279e-09 -0.00421678 0.00151355 -8.22181e-07
5047.9 -3.56646e-08 5599.17 -1.60766e-08 -0.00316382 0.000762512 -6.2676e-07
6119.41 -2.44143e-08 6754.12 -1.106e-08 -0.0122846 0.00281982 -2.00749e-06
5455.29 -2.49127e-08 6029.34 -1.12704e-08 -0.00686949 0.00167307 -1.25923e-06
5094.53 -6.82932e-10 5710.78 -3.04619e-10 -0.00422598 0.00108358 -8.29512e-07
5338.91 -1.30188e-08 5906.58 -5.88381e-09 -0.00446675 0.000639348 -8.3664e-07
5282.51 5.66719e-09 5871.26 2.54945e-09 -0.0060466 0.00182681 -1.14465e-06
6358.43 -1.79345e-08 6997.2 -8.1486e-09 -0.0150114 0.00370224 -2.36087e-06
5513.92 -2.37415e-08 6106.64 -1.07186e-08 -0.00417134 0.000797389 -7.56511e-07
5291.91 -1.03571e-09 5881.29 -4.65958e-10 -0.00552764 0.00145858 -1.04455e-06
5087.39 -5.05504e-08 5653.49 -2.27443e-08 -0.0075781 0.00196937 -1.48958e-06
5347.82 -1.15158e-08 5902.08 -5.21719e-09 -0.00377985 0.000981507 -7.06802e-07
4819.26 4.47651e-08 5400.35 1.99741e-08 -0.00104896 0.000283314 -2.17661e-07
5436.77 -1.22169e-08 6051.81 -5.48763e-09 -0.0117898 0.00225194 -2.16852e-06
4437.41 -5.56129e-08 4914.21 -2.51085e-08 -0.00588762 0.000880081 -1.32682e-06
5475.9 -1.57729e-08 6078.23 -7.10492e-09 -0.00646999 0.00217823 -1.18154e-06
5727.69 -2.98963e-08 6363.07 -1.34555e-08 -0.00558423 0.00144657 -9.74954e-07
5052.66 -2.83043e-08 5560.9 -1.28587e-08 -0.00317313 0.00101973 -6.28012e-07
5080.47 -1.92032e-08 5666.1 -8.60922e-09 -0.00256586 0.00104737 -5.05044e-07
5352.43 -2.89873e-08 5953.73 -1.30299e-08 -0.0066866 0.00221321 -1.24926e-06
6020.96 -2.60537e-08 6606.5 -1.18723e-08 -0.01032 0.00309299 -1.71402e-06
6293.23 -1.56172e-08 6932.48 -7.08855e-09 -0.0122892 0.00272871 -1.95277e-06
5049.29 1.46571e-08 5600.89 6.60682e-09 -0.0123179 0.00220938 -2.43953e-06
5646.57 1.89012e-08 6194.36 8.61484e-09 -0.00410835 0.00088388 -7.27584e-07
3944.97 3.0221e-08 4412.14 1.35106e-08 -0.00331721 0.000560702 -8.4087e-07
5982 2.98774e-08 6646.61 1.34449e-08 -0.00835306 0.00210054 -1.39636e-06
4487.18 -7.04183e-08 4985.36 -3.16908e-08 -0.00722815 0.00107522 -1.61084e-06
5120.55 -1.52396e-08 5668.24 -6.88353e-09 -0.0119321 0.00235756 -2.33024e-06
5190.91 -1.48551e-08 5764.62 -6.68832e-09 -0.00399022 0.00113845 -7.68693e-07
5430.78 -4.46306e-08 6016.87 -2.01416e-08 -0.00519428 0.00168644 -9.56452e-07
5250.45 1.99649e-08 5824.12 8.99919e-09 -0.00205842 0.000688596 -3.92046e-07
