-1.432782891072204023e-02 9.842652688932140848e-03 2.340222098188071698e-03 2.144954123602715867e-03
2.049730912026603846e-02 3.390773370197575076e-02 -1.577486080701451243e-02 -3.863018201522638861e-02
1.214106277829118952e-02 1.747372723939211170e-03 1.431744665193290800e-02 -2.820588215416375277e-02
1.720377278858986614e-02 1.197177570623431109e-03 -4.820136697242460855e-03 -1.358081366196994821e-02
3.691779614128076759e-02 -1.427229604098467775e-02 1.795992353847530865e-03 -2.444149245414273253e-02
2.849377040746237100e-02 1.491048977216724580e-02 -1.488516916584181615e-02 -2.851909101378780065e-02
1.938144677400011062e-02 1.705330414659567140e-02 -1.427022102751251964e-04 -3.629204871032065682e-02
-4.799183789228944619e-03 6.230438539162275191e-03 3.574524975455073417e-03 -5.005779725387071721e-03
2.193657321173603236e-02 9.032005964061617931e-03 -2.297185750880625932e-02 -7.996721666989614619e-03
2.605808958539945763e-02 1.313489747631546578e-02 -1.659637828130167136e-02 -2.259660878041325205e-02
2.208058434915649570e-02 1.457186285994716002e-02 7.036501709762887913e-04 -3.735609738007816816e-02
2.908142590053763854e-02 7.456827222228845642e-03 2.849810139053943203e-03 -3.938806326182220374e-02
1.040693436579065434e-02 8.530605581513306390e-03 -9.107435135902619550e-03 -9.830104811403117537e-03
3.261066373360144155e-02 1.925756084805652080e-02 -2.904549062033634499e-02 -2.282273396132161736e-02
6.769778402598625178e-03 9.311428946105593241e-03 5.885586375041995666e-03 -2.196679372374799044e-02
1.419639774605307991e-02 8.343074258424287848e-03 -2.487080023905186010e-03 -2.005239198057306993e-02
2.055672619644166588e-02 -7.092012821719784199e-03 -2.176950692013246424e-02 8.304793545409694389e-03
2.976062425989756122e-02 5.417406979222327834e-03 -6.974997781890923676e-03 -2.820303345722852129e-02
2.065321496651328914e-02 8.498474240949072112e-03 1.657412396673940691e-02 -4.572581317420443270e-02
4.374507016323736508e-02 -1.092690153496889138e-04 -2.486957746241369449e-02 -1.876622368547398167e-02
4.132067576939491005e-02 7.253173804322443630e-03 -5.655640767256997492e-03 -4.291820880645857983e-02
2.243525479433294834e-02 3.368634455594055055e-02 -1.029884089772092892e-02 -4.582275845254990543e-02
5.091009375010280280e-02 -2.794408464163566919e-03 1.341254558987614587e-02 -6.152823087581715811e-02
2.442418382954780753e-02 2.627466052056348644e-02 1.902781244442763864e-03 -5.260162559455316966e-02
1.096146956359378422e-02 2.265248187648971623e-02 2.437303549291502947e-03 -3.605125498937411521e-02
1.375763115889583332e-02 1.417349824802727198e-02 1.310488466203274527e-02 -4.103601406895585058e-02
5.081715897320648878e-03 2.627959908151744628e-02 6.292372461904172098e-03 -3.765368744074315543e-02
4.920890875743388904e-02 1.526248981597078114e-02 3.306645267936225707e-03 -6.777804384134178406e-02
2.580522514008531942e-02 5.221472684315919821e-02 -3.138764696760265593e-02 -4.663230501564186170e-02
1.454703485227160087e-02 1.521961777749503142e-02 -3.107066011992287713e-03 -2.665958661777345640e-02
3.229709214624509883e-03 7.611483106536809373e-03 -7.972934659521868639e-03 -2.868257661639894707e-03
2.263687866518537817e-02 1.189318950991857804e-02 -5.053212691927821965e-03 -2.947685548317524606e-02
-1.490378665504277222e-03 1.029661575167795107e-02 -7.316228761351517562e-03 -1.490008324823044461e-03
4.121222218414111182e-02 2.899174991682107461e-02 -8.695219175614887774e-03 -6.150875292534951910e-02
4.555654400834496798e-02 1.743064422067108765e-02 -6.001801932092654113e-03 -5.698538629692162516e-02
2.829719185946721893e-02 4.227067009864970970e-03 -1.109827052682810233e-03 -3.141443181664982376e-02
2.217091941724991244e-02 1.264708465581865227e-02 -1.144563023746147934e-02 -2.337237383560442083e-02
5.686309867106675853e-02 1.099522941327268910e-02 9.592719518630055120e-03 -7.745104760296861457e-02
3.393022651289223646e-02 1.793393652288832740e-02 -1.662409215287885544e-02 -3.524007088290170842e-02
-1.076912343832336916e-03 -8.151869955446144900e-04 9.394262284633914106e-03 -7.502162945257850879e-03
8.607363503167597685e-03 4.512642144880718575e-02 -4.646584558842370427e-03 -4.908720039313063666e-02
6.841741461956640791e-02 3.149295040305721827e-02 -2.104388328195039293e-02 -7.886648174067190098e-02
4.475963748294287115e-02 7.937036457724033767e-03 -2.063891831969666413e-02 -3.205775562097024078e-02
4.845162803051294986e-02 2.897952531776670781e-02 5.122649137246249040e-03 -8.255380248552413036e-02
3.744270219440926084e-02 1.848761902618889508e-02 -2.670336433692277467e-02 -2.922695688367493716e-02
2.878425113813687375e-02 2.977653298270599436e-02 -1.601728060641249840e-02 -4.254350351442859335e-02
1.799490105648970939e-02 4.125288317934572291e-02 -2.624313483793994095e-02 -3.300464939789549135e-02
4.729536054174321436e-02 2.549767352117804364e-02 1.513445274896607629e-02 -8.792748681189088700e-02
1.820539887511163357e-02 2.115692027756477245e-02 1.477492721343320881e-02 -5.413724636611050300e-02
3.077922850488423734e-02 1.622975849744445753e-02 -1.403390890056055440e-02 -3.297507810176814047e-02
5.127612502225264990e-03 -4.737413872346607491e-05 3.644570195882046448e-03 -8.724808559384733542e-03
4.421807322591186917e-02 3.957256398771313854e-03 -2.668155339288302841e-02 -2.149377623179882235e-02
4.429989602636474899e-02 1.717706489371018108e-02 1.649823306938813516e-02 -7.797519398946217706e-02
4.780509014009393098e-03 3.312088901438414723e-03 -8.871991403414547506e-03 7.793934879662955950e-04
1.989779043026018712e-02 8.226161237505635881e-04 2.045773598006217497e-02 -4.117814253407292568e-02
3.918100725960993458e-02 8.011969523253448244e-03 -1.684365768007278774e-02 -3.034931910278970690e-02
5.755111819423941455e-02 1.783632646304056379e-02 -1.673365010578464762e-02 -5.865379455149355437e-02
2.313010029124829003e-02 7.359209128329879945e-03 4.717851767679359654e-03 -3.520716118725797372e-02
2.985180760695893554e-02 6.519529055769801573e-03 2.051840012528316493e-02 -5.688973678801279021e-02
1.711488503835445485e-02 5.815834322572044357e-03 -1.376625515582174941e-02 -9.164464205102973438e-03
2.005577303567163128e-02 1.784088009849016387e-02 -2.089643742627034229e-02 -1.700021570789189695e-02
3.627618279481836794e-02 3.759914391004937073e-02 1.464397607415790503e-04 -7.402176646560842954e-02
7.291003411711738380e-02 5.188650308859088511e-02 1.896351253258110603e-02 -1.437600497382902631e-01
4.502492470151420179e-02 4.902777175412431632e-02 8.030881573271031471e-03 -1.020835780289077732e-01
7.883247762962142247e-02 4.351371532650638585e-02 -9.293877919383852770e-03 -1.130523150367439555e-01
6.950959400722656056e-02 4.563589744687135408e-02 -3.489752531289536108e-02 -8.024796614120255356e-02
4.541933435393996632e-02 -1.127275004487415799e-02 -4.432121825009183169e-03 -2.971446248405573698e-02
8.106123794768027579e-02 4.416771692228582680e-02 -7.040536831796728734e-03 -1.181884180381684857e-01
1.092240949280354201e-01 4.987223372194993232e-02 1.453270243033433218e-02 -1.736290310803179082e-01
3.364205608075820919e-02 5.518573031121754013e-02 -1.068901701971292084e-02 -7.813876937226282848e-02
7.655203719710090837e-02 -1.162288294277669110e-02 1.350621218973646620e-02 -7.843536644406068348e-02
3.248901452174646209e-02 1.236754939820450261e-02 -4.488331383042165612e-03 -4.036823253690702273e-02
5.519889843914782546e-02 5.054578993482916616e-02 -2.285822947046511899e-02 -8.288645890351098444e-02
5.227575882661650297e-02 4.973243971371577032e-02 -4.135636913227713762e-03 -9.787256162710278318e-02
8.203527319151238117e-02 6.261782819092065466e-02 -2.197460947078866411e-02 -1.226784919116470363e-01
5.663400152787367858e-02 4.582256474978230187e-02 2.840988063841365374e-04 -1.027406650840418934e-01
1.236172116681899524e-02 1.040006324958486772e-02 7.963354244567177886e-03 -3.072513866097104085e-02
1.527649060884961330e-02 3.743530915094517297e-02 1.948103375557508343e-02 -7.219283351536898152e-02
9.695581456937318876e-02 5.045526825112922609e-02 2.525681998648110493e-03 -1.499367648191505253e-01
4.866106005324155603e-02 3.573427983932919716e-02 -2.655350912798670748e-02 -5.784183076458226935e-02
3.856221953786853618e-02 2.445801327106433831e-02 8.748387891108322378e-03 -7.176862070003942051e-02
6.583390512382258919e-02 3.672022607607594580e-02 -4.038188688119070946e-02 -6.217224431870960188e-02
4.113810132519013507e-02 -1.163571295849408216e-02 -3.936095576898779314e-03 -2.556629278979638542e-02
8.578283557442212270e-02 3.672895225253736129e-02 -9.858200718008802710e-03 -1.126535871089462404e-01
3.409216356452837715e-02 2.389691802633553408e-02 7.382939883984640517e-03 -6.537202147484943993e-02
2.942183866819547688e-02 1.026655192709213793e-02 -2.574237899334708146e-02 -1.394601160194142153e-02
3.984581147519783428e-02 1.922792775044968039e-02 -2.303306470299304465e-04 -5.884340857861669605e-02
6.239290710067013634e-02 4.226759442815009038e-02 1.606365004429033405e-02 -1.207241515731096726e-01
5.571312217082446949e-02 3.559987179458268258e-03 2.011129262392419292e-02 -7.938440197420781885e-02
5.516174113165739357e-02 1.503188237613617417e-02 1.794209727901563411e-02 -8.813572078680831368e-02
7.845712077241984161e-02 3.886910336329485460e-02 -2.462614558146736243e-02 -9.270007855424733378e-02
6.417476621781137425e-02 4.620767449987006614e-02 1.021170753932931774e-02 -1.205941482570107581e-01
8.510971590355431715e-02 7.065654652089303767e-02 -2.197595156992093735e-02 -1.337903108545237529e-01
6.180672848093848870e-02 1.380091644505032633e-02 -7.709989057960164871e-03 -6.789765586802865016e-02
6.104508015136378418e-02 3.268513466929245936e-02 -5.651516974986670050e-03 -8.807869784567046167e-02
3.938176540987559093e-02 1.461479778654961592e-03 -2.546981199778031169e-04 -4.058854706855186123e-02
1.003602942386656593e-01 5.926152547489760281e-02 -7.713405491456271079e-03 -1.519084142221061029e-01
2.884563858716049367e-03 4.731096972541504186e-02 4.008609429924980816e-03 -5.420414301405607205e-02
1.021919599607086226e-01 4.014782362771107671e-02 1.053544429151909156e-02 -1.528752278799387909e-01
7.751290569550306486e-02 5.612724983154837588e-02 -1.258133475855593986e-02 -1.210588207684981654e-01
5.517224023993438919e-02 1.113537560078459165e-02 2.181360987508984550e-02 -8.812122571580793817e-02
8.714128236863238897e-02 2.282603176373676490e-02 -7.081660043201765120e-03 -1.028856540891682769e-01
2.283810978335587549e-02 1.716307364058700102e-03 8.876360681250972107e-03 -3.343077782866377134e-02
5.300956763481590173e-02 1.349349044326775271e-02 -3.646428625252440270e-04 -6.613841521555752223e-02
5.767743492593568888e-02 2.144776465957720646e-02 -1.655889921629905004e-02 -6.256630036921340121e-02
8.138604027131446372e-02 5.007825517098485335e-02 -1.213733015115092684e-02 -1.193269652911483902e-01
5.070196924798153759e-02 1.782897280757911318e-02 2.122404499239127773e-02 -8.975498704795015215e-02
5.329257994170255586e-02 3.520326564168296812e-02 -2.391223433337774651e-02 -6.458361125000600111e-02
4.313710668313408547e-02 3.416387685346577996e-04 -6.059793370766897169e-03 -3.741895208090006975e-02
7.335725870857956465e-02 3.011866541474450543e-02 -1.914304653634513187e-02 -8.433287758697716185e-02
5.571389854426289645e-02 5.248269953203710259e-02 -1.579131961367519210e-02 -9.240527846262303058e-02
4.602306480956563917e-02 2.765440833538512777e-02 -2.244598090407912139e-02 -5.123149224087253373e-02
5.855321370758215238e-02 2.353597900631410056e-02 -1.114265202686137712e-02 -7.094654068703309946e-02
2.440307790748708072e-02 5.631370689571646437e-02 -2.183460153009875171e-02 -5.888218327310390521e-02
7.672617171191387087e-02 4.436151406718558121e-02 2.370451686120489398e-03 -1.234581374652208297e-01
4.937189105661143884e-02 4.092612143843776806e-02 -1.769283082623474002e-03 -8.852872941242484472e-02
5.863994166575459133e-02 2.757548501610074254e-02 -1.024833018580562083e-02 -7.596709649605060122e-02
5.772813597533055230e-02 3.993040784991741532e-02 -2.620501279823272966e-03 -9.503804254542469465e-02
2.322875950799296874e-02 5.394153582006477876e-02 -6.426506607513537972e-03 -7.074378872054420953e-02
8.502623886766702554e-02 -9.848483869627777665e-03 1.819138475945880629e-02 -9.336913975750071870e-02
4.217339631273908651e-02 1.913232717328128274e-03 1.232001700771068187e-02 -5.640664603777523212e-02
8.914530045975066486e-02 5.038492065322053293e-02 -1.629409185848018637e-02 -1.232361292544892351e-01
7.066953405104747787e-02 3.092303082667413605e-02 6.558755571424157438e-03 -1.081513204491457714e-01
2.099727990543698297e-02 9.988430411618232085e-03 -2.058362639927757698e-02 -1.040208391777586172e-02
2.139975109758562866e-02 2.828181783319116960e-02 2.130110660532213984e-02 -7.098267553609893810e-02
2.538727565721110579e-02 -1.500788208929915157e-02 -1.366057359825312290e-03 -9.013336208087086021e-03
7.612345949996246475e-02 4.911211226928102747e-02 -8.452684742728422407e-03 -1.167828870265150698e-01
3.224448850149830292e-02 1.352844221901428057e-02 -7.604572204195747531e-03 -3.816835851631594778e-02
4.972059140450912906e-02 2.821806437090490505e-02 -1.225010344866461764e-02 -6.568855232674764011e-02
3.464866514127873387e-02 2.700682968456558086e-02 1.506100858986680890e-02 -7.671650341571201182e-02
6.195030085748509663e-02 5.055222609099629949e-02 -1.193415607553394153e-02 -1.005683708729474546e-01
4.879698835216039754e-02 1.143790737781769096e-02 -7.871305197804989717e-03 -5.236359053217443105e-02
4.448000680647545835e-02 2.476097302067259420e-02 -1.204474687580869841e-02 -5.719623295133846597e-02
3.281604929977977037e-02 1.054704974802245232e-02 -1.380001794575047569e-02 -2.956308110205085882e-02
2.959663252270861022e-02 1.496481654524117744e-02 3.208850221396275515e-03 -4.777029928934783953e-02
2.392313262606027280e-02 2.271521534515841267e-02 1.504736390565852844e-02 -6.168571187687899027e-02
4.819545097032040815e-02 1.562872070204335273e-04 -1.251449862670561686e-03 -4.710028831467027999e-02
4.594649033124742488e-02 2.549853323005191186e-02 5.281082045587304208e-03 -7.672610560688664094e-02
4.973142383389017596e-02 2.773988450321507315e-02 -2.361512816308675156e-02 -5.385618017401760937e-02
3.864906523901101565e-02 1.272374664229403152e-02 4.979875912520803638e-03 -5.635268779382318627e-02
3.370549465212224760e-02 4.884706811189154507e-02 -1.303547532406401643e-02 -6.951708743994888806e-02
5.330879781478969903e-02 1.461322297929434910e-02 1.398156261021021862e-02 -8.190358340429426676e-02
7.060762191281444444e-02 3.735837146940745868e-02 -1.855325340881819329e-02 -8.941273997340193347e-02
2.195333724428394362e-02 2.322245626413632635e-02 -1.069231327902642192e-02 -3.448348022939295987e-02
3.638536405316372679e-02 -4.139365287831431317e-03 8.673652661119746199e-04 -3.311336403144338192e-02
7.393609529637856781e-02 5.114168957420073269e-02 -1.172814268122568393e-02 -1.133496421893527284e-01
5.922622967492685575e-03 2.932067963907769581e-04 5.483825331869418562e-03 -1.169965509575554563e-02
2.899200393050627156e-02 2.380301663950845636e-02 4.369437199931880400e-03 -5.716445776994660832e-02
3.917930329387608879e-02 2.436477565297767711e-02 5.424332072325732668e-03 -6.896841101917772221e-02
8.762865104743244871e-02 1.933768818992298577e-02 2.451165781353825679e-02 -1.314779970508936913e-01
4.934018019063124427e-02 -5.713586911891610498e-03 1.848229528296574387e-02 -6.210888856170626582e-02
5.087305288090693267e-02 2.728995288111590867e-02 -9.735182717769852445e-03 -6.842782304425298889e-02
2.261689834566382729e-02 1.784676874150470383e-02 -1.299925924246991826e-03 -3.916374116291976293e-02
6.760940359851641546e-02 4.224325246397864220e-02 1.538216680925419411e-02 -1.252348228717483636e-01
6.459829383570525607e-02 2.257259112437726145e-02 -3.931945544589865449e-03 -8.323893941549087572e-02
7.820313412735124814e-02 4.172374248375021466e-02 3.869414373218305059e-03 -1.237962909843188797e-01
7.506366741408943000e-02 1.952132102781600764e-02 4.750525301817631885e-03 -9.933551374372129317e-02
4.901164845941785586e-02 4.299344722643994032e-02 -3.350190229637828310e-02 -5.850319338947951309e-02
8.538710780506875153e-02 7.885987297061802792e-03 1.903180283863292743e-02 -1.123048979407652581e-01
4.743309168897003048e-02 2.492336916754300802e-02 -1.280595187181621242e-02 -5.955050898469860243e-02
5.447105652551176291e-02 2.041263204169219136e-02 1.997865135113663371e-02 -9.486233991834058799e-02
9.363630190896810035e-02 4.775486486579261225e-02 -9.049656654728899241e-03 -1.323415101200335897e-01
8.730298652359547162e-02 5.050127360698031254e-02 -1.633081764479094034e-02 -1.214734424857848438e-01
1.057091194670087830e-01 3.636878228495898924e-02 -1.498323173250515339e-02 -1.270946700194635071e-01
4.087874595282148249e-02 -1.685853216508270691e-03 4.440446024327471264e-03 -4.363333876063890671e-02
6.239701007035147740e-02 2.254552354305427997e-02 -7.608237447289667443e-04 -8.418170986867767880e-02
4.251929467940751550e-02 2.228387105214935104e-02 1.572791435047449227e-02 -8.053108008203135881e-02
1.040335630470812234e-02 9.776093208440528315e-03 4.636239813275544464e-03 -2.481568932642552738e-02
2.345780073529546428e-02 3.111750517265576832e-02 3.192601678385642572e-04 -5.489456607578890868e-02
6.712376551294241267e-02 3.872631792587188926e-02 -2.991976799848128366e-02 -7.593031544033390645e-02
4.261240106124297711e-02 2.259095724213011636e-03 2.099431445727351075e-02 -6.586581124273083176e-02
3.751612439393703369e-03 2.368633740758419037e-02 1.228447571864599297e-02 -3.972242556562388671e-02
7.677603925266573981e-02 1.614694240173175643e-02 -7.568757586913221758e-03 -8.535422406748693902e-02
8.504504869415008272e-02 4.553469744405980180e-02 1.243720971978490297e-02 -1.430169558579965639e-01
1.032825879575876016e-01 -1.409518702320067263e-02 7.266119493738010249e-03 -9.645352042812582738e-02
-5.063457255653602829e-03 2.559101896158999523e-02 -2.056413786690747258e-03 -1.847114791924475696e-02
3.505077574617576630e-02 1.237196694962250376e-02 -6.107045500682417583e-03 -4.131569719511540839e-02
3.431454776940956464e-02 1.605848221703620737e-02 -2.478200147013609467e-04 -5.012520997174618742e-02
4.642396169918239224e-02 2.473964021305707917e-02 1.571063477223244575e-02 -8.687423668447191716e-02
9.063992392130426623e-02 1.690730339482282574e-02 -2.200611186751189052e-04 -1.073271661974501967e-01
6.609183285099806682e-02 4.160105715808537497e-02 5.719136620395914861e-03 -1.134120266294784685e-01
4.541775984661988730e-02 1.980251824693812779e-02 -1.999030265992285393e-02 -4.522997543363693751e-02
7.703029299295849341e-02 3.827283810802128983e-02 -2.360030604283380740e-02 -9.170282505814508767e-02
3.314428622532084034e-02 -6.742030339347060419e-03 -5.933584474338893244e-03 -2.046867141163666304e-02
3.905028649599451285e-02 4.317352392423057239e-02 -6.489320309419177590e-03 -7.573449011080723992e-02
5.750057974153488516e-02 4.233899234012827861e-02 -1.508348267960624156e-02 -8.475608940205781039e-02
8.215236396687952691e-02 4.145932414996433835e-02 -4.543608414136812712e-03 -1.190680797027079407e-01
5.062881435381072492e-02 1.949118686075390627e-02 -2.394542630572527031e-02 -4.617457490884024907e-02
1.800073111573929907e-02 9.165690340380727719e-03 3.097695818841739168e-02 -5.814337964453919483e-02
3.759045019036300062e-02 4.647613067174649615e-02 -1.240486988155886650e-02 -7.166171098055329480e-02
4.191805445112883888e-02 3.565513564573574712e-02 -1.456794126079508089e-02 -6.300524883606861692e-02
1.711554508254842233e-02 2.151184736495093119e-02 -1.091393158792275386e-02 -2.771346085957837602e-02
1.739469281958960778e-02 -2.140175490771323297e-02 2.187711606203279757e-02 -1.787005397391006056e-02
2.593053281794777121e-02 1.803249077982460591e-02 -9.452216391059309331e-03 -3.451080720671217961e-02
6.889790977749310485e-02 1.071408250420002872e-02 1.396243720456880055e-03 -8.100823600215001363e-02
1.598177427459379629e-02 3.221794113893761136e-02 -2.814906589517995883e-02 -2.005064951834967246e-02
3.852258425937726827e-02 1.866781812833906429e-02 1.809176490962283168e-02 -7.528216729733916424e-02
8.569701815845043313e-02 3.226459999302555559e-02 -2.497420647308334907e-02 -9.298741167839175148e-02
5.514716722663504100e-02 7.019284927545044184e-02 -2.256660080421202252e-02 -1.027734156978716840e-01
5.642371583912098032e-02 4.121061057681441042e-02 3.730697242316338702e-03 -1.013650236582508413e-01
3.184250804821164849e-02 -2.008268995098294596e-02 2.656456312572608169e-03 -1.441627440980131070e-02
3.234234901310717447e-02 1.829418378378289134e-02 -1.921444335994815233e-02 -3.142208943694235757e-02
5.822404837140293665e-02 2.046734467719701911e-02 -2.343992809728057125e-02 -5.525146495132116087e-02
6.074899080015683239e-02 5.304185377533610080e-02 -2.837968299295123842e-02 -8.541116158254080659e-02
4.486376600564501160e-02 -2.472289376541425554e-03 -1.730227188154742635e-03 -4.066124944094751115e-02
5.297382049186971642e-02 4.031014142173017234e-02 -2.128445757626717949e-02 -7.199950433733270927e-02
6.989339385879311806e-02 1.192988709769604583e-02 -1.295276057824379379e-02 -6.887052037824359374e-02
1.932138412009010153e-02 3.224409624982360612e-02 -1.310589831326414156e-02 -3.845958205664956608e-02
1.657665520903250922e-02 1.141705537474990706e-02 2.103805457892171660e-02 -4.903176516270413288e-02
3.167495544581511169e-02 2.444028929857333665e-02 -3.269347379976306200e-03 -5.284589736441347441e-02
4.420466836855752035e-02 3.559153016367844202e-02 -2.277605284444561562e-02 -5.702014568779034676e-02
7.215027785029803908e-02 4.472523888289980931e-02 -4.351902724044620641e-03 -1.125236140091541159e-01
4.889566350622054358e-02 5.313147556278430272e-03 -7.008169636861794061e-03 -4.720064142563629161e-02
7.390891789946696377e-02 5.896359529714167991e-02 -2.578128965580361864e-02 -1.070912235408068014e-01
4.518634765958040589e-02 3.437561626380780666e-02 1.183024945162181041e-02 -9.139221337501002296e-02
4.300330706333888031e-02 1.305256270990096112e-02 -9.487283659439960104e-03 -4.656858611380076951e-02
7.892067842199335104e-02 2.954682073257597352e-02 -1.011236750685107211e-02 -9.835513164771825245e-02
3.097071668200790384e-02 4.183955366017944044e-02 -2.192402703017570786e-03 -7.061786763917332621e-02
7.624989876754817431e-02 3.279087647064571343e-02 -2.629706491743988295e-02 -8.274371032075489296e-02
5.842472758007133393e-02 2.994937575392597751e-02 -3.086927866013944310e-03 -8.528717546798603166e-02
2.994093940459041647e-02 -1.616465706639758082e-04 1.832109596732944823e-02 -4.810038880125766525e-02
1.952959534038800626e-02 7.018459835696155835e-03 7.657654060992058476e-03 -3.420570923707710875e-02
7.179579867043539565e-02 6.033246690718030436e-03 -2.394641757553950256e-02 -5.388262778561347943e-02
3.117877189438367225e-02 1.427544748000197927e-02 -1.249960558248641718e-02 -3.295461379189745799e-02
1.220423372784003035e-01 6.977225581887758210e-02 -9.933081758275008610e-03 -1.818815113390019889e-01
1.051897587971399872e-01 1.534307121893085935e-02 1.326778568538333758e-02 -1.338006157014515196e-01
7.940376757170231059e-02 1.322058893833233384e-02 1.213885617816057305e-02 -1.047632126881952175e-01
3.694145901682155397e-02 -1.023947154938387172e-02 3.946975553042797458e-02 -6.617174299786654501e-02
3.838741778942722505e-03 -4.154988243728841013e-03 2.046219285665884513e-02 -2.014594639187183844e-02
3.832766654224784020e-02 1.299439258612977710e-02 4.090790198039151448e-03 -5.541284932641676875e-02
4.028808987083642990e-02 2.354312563176286233e-02 -6.498929708217637824e-03 -5.733228579438254258e-02
3.809491499695116801e-02 8.846329432169675044e-03 4.854991265794694755e-04 -4.742674355570031253e-02
9.992277613807498682e-02 6.328832502155190554e-02 -9.473359231392031177e-03 -1.537377419282357494e-01
6.386134448601588076e-02 4.461413476742670525e-03 -8.539635517028187905e-03 -5.978312244572858702e-02
6.508272775890056039e-02 5.212365616792169476e-02 -2.686924503435861311e-02 -9.033713889246186568e-02
3.750190778633477606e-02 3.687457669094840185e-02 -1.904602827864909642e-02 -5.533045619863408149e-02
4.829916066767747651e-02 3.142298768378548601e-02 5.697146159794996834e-03 -8.541929451125973571e-02
1.053989857853920853e-02 1.195113198497566032e-02 2.184535624854522240e-02 -4.433638681205920307e-02
1.627229573044530753e-02 7.258970770831041364e-03 -3.709746592311269353e-03 -1.982151990896685589e-02
5.450620170866216085e-02 1.455170665559002430e-03 -1.131326601405024945e-02 -4.464810636017091383e-02
1.109987380563524084e-01 6.324816386302067883e-02 -5.576642968339484696e-03 -1.686702589510353789e-01
2.292311358825571688e-02 8.061517740407531107e-03 9.360148603202667061e-03 -4.034477993186591505e-02
2.337380724038418123e-02 1.768909966811005319e-02 -3.732935784359625586e-04 -4.068961333005738368e-02
6.266391785483627075e-02 1.863561682712955303e-02 -8.649546342229363916e-03 -7.264998833973557169e-02
3.273911148037367269e-02 2.267034495423914109e-02 1.396063330198060726e-02 -6.937008973659519739e-02
6.397197007630950338e-02 2.526526453807775852e-02 -3.310570367204412889e-02 -5.613153094234313301e-02
4.351796579173061730e-02 -9.800798192949322640e-03 2.467819658317171871e-02 -5.839536418195478973e-02
2.939265905908161614e-02 1.888093806805990482e-02 -1.603475359592199112e-02 -3.223884353122041801e-02
2.576186364929089478e-02 2.920313908567173655e-03 2.506108673620666139e-03 -3.118828623147784640e-02
1.285885510191029368e-01 9.785954771934868290e-02 1.271198050065258656e-02 -2.391600792391042063e-01
6.042346889368221952e-02 -1.849142201997722168e-03 4.860034334647345133e-02 -1.071746700381561723e-01
1.057504968815425883e-02 1.345259772217666239e-02 1.323020889896397989e-02 -3.725785630929578929e-02
4.440817712897526803e-02 4.042302611264680934e-02 -4.340356737883688254e-03 -8.049084650373572458e-02
1.182691492986815973e-01 4.649627122413413360e-02 2.434479625977470363e-02 -1.891102167825895464e-01
5.079373709205725618e-02 2.382209794567469174e-02 -6.535178953040343686e-03 -6.808065608468893970e-02
6.628448326076163966e-02 4.798289174198711038e-02 1.162795714231723565e-02 -1.258953321450633211e-01
7.756757609318132296e-02 5.232021272484566055e-03 -3.273129180787925918e-03 -7.952646818487707492e-02
6.932420981568299112e-02 3.354304109075645357e-02 -4.427597044009523586e-03 -9.843965386242636839e-02
3.280486125049275614e-02 9.498356531648433076e-03 -1.970979774413716967e-02 -2.259342003800224319e-02
4.431477209014555996e-02 2.265389584091170860e-02 -2.411035920037907232e-02 -4.285830873067908442e-02
5.384172702522649345e-02 2.225337680529548834e-02 2.186345575774684136e-03 -7.828144940629666593e-02
3.570049574447153873e-02 1.916512058851083111e-02 -1.254229344788804212e-03 -5.361138698819090109e-02
6.694517202136562872e-02 2.176318290456524807e-02 -6.870354286748536765e-03 -8.183800063918145185e-02
8.205397122010005262e-02 7.232720789686108986e-02 -1.718832638920364531e-02 -1.371928527277557208e-01
5.821782102669015302e-02 1.283914940157604434e-02 -3.913253822722673192e-03 -6.714371660554441235e-02
5.757633565652753305e-02 3.162076155856130555e-02 -5.199313463362997823e-03 -8.399778375172584077e-02
5.314757415059467860e-02 1.556640974560519197e-02 7.556943548896910556e-03 -7.627092744509500477e-02
8.048014351912335940e-02 3.008238917952343883e-02 1.932152872944570277e-03 -1.124946855715940330e-01
4.267797660319017083e-02 -4.979345472257534766e-03 -3.095226463136313555e-03 -3.460340466779543434e-02
6.258679252102616886e-02 3.990468213267917008e-02 -4.179053550420697150e-03 -9.831242110328464179e-02
4.953863646822842526e-02 4.820312275676386093e-02 1.260416719640922167e-02 -1.103459264213988433e-01
7.205429274140406903e-02 5.798861840362157238e-02 1.091849773926512057e-04 -1.301520961224156281e-01
3.319011039459063284e-02 3.321843727245443745e-02 -8.126117949611710856e-04 -6.559593587208301102e-02
5.253788682759985562e-02 2.001379046786144755e-02 1.508936690373197109e-02 -8.764104419919327427e-02
-2.253262070473383005e-03 2.618589876271926187e-02 -1.034938045674849150e-02 -1.358325623549738737e-02
1.972124258527676588e-01 1.188620251652370285e-01 -4.781126447511496735e-03 -3.112933245704887497e-01
4.846572722580422266e-02 2.224167501359541887e-02 6.569403088745318087e-04 -7.136434254827594970e-02
4.433267603951041025e-02 -1.067173990261860439e-02 1.221785548595288873e-02 -4.587879162284558276e-02
9.919116837966335254e-02 1.952625961112985919e-02 -1.818734907234365039e-02 -1.005300789184486732e-01
4.969092667395713647e-02 4.852399111690886002e-03 5.146700189810005099e-03 -5.969002597545713940e-02
3.940740223558680810e-02 1.266158622766333508e-02 5.936888248665894707e-03 -5.800587671191514971e-02
1.268919086189512768e-02 1.684551302720116439e-02 -6.677794554197369337e-03 -2.285690933489892274e-02
5.345926554908775330e-02 1.722791503769105503e-02 1.633708488892526844e-02 -8.702426547570407678e-02
1.127043449950706488e-01 7.110657680343290821e-02 -2.205619957041093926e-02 -1.617547222280935060e-01
5.990056952053990358e-02 3.789422985006130062e-02 2.674226372111121464e-03 -1.004690257427123257e-01
5.016448363997483284e-02 5.031599070647718719e-02 -1.879305032739786441e-02 -8.168742401905326744e-02
4.797437350874034223e-02 -1.725606058753292871e-02 -1.378319573367647877e-03 -2.933999334783798929e-02
1.977041915802946193e-02 1.484647044944864547e-02 -8.764892361559084577e-03 -2.585199724591547010e-02
6.740675816428876033e-02 4.415792914733884800e-02 -5.113860550395088467e-03 -1.064508267612334080e-01
1.008284073556646288e+00 3.723333186220489921e-01 -3.441282211146776682e-01 -1.036489171064017167e+00
8.397162325453599863e-02 4.984870822622777808e-02 -1.331892648522625677e-02 -1.205014049955375199e-01
5.038851416257283944e-02 2.990428220307883578e-02 2.019434685379994932e-02 -1.004871432194516245e-01
6.473248726130886865e-02 4.754247373414521860e-02 1.742904206651196830e-02 -1.297040030619669437e-01
6.309531201249374277e-02 5.573648432299904698e-05 -1.635437086937763240e-02 -4.679667762743733306e-02
1.019756255229067321e-01 7.553617588090055790e-02 -3.931051104737104396e-02 -1.382012903564380224e-01
6.451928234645798454e-02 2.778590813134496074e-02 -8.218078487526980780e-03 -8.408711199027685268e-02
5.884240957848696496e-02 3.005614293192060416e-02 6.796500661042870206e-03 -9.569505317145221568e-02
9.190311817824348140e-02 1.926531761836169920e-02 2.192868537594705458e-03 -1.133613043341981097e-01
-1.032817210990533141e-02 5.530461680973708383e-03 2.858207008480562195e-02 -2.378435965587399892e-02
1.094024856530353418e-01 4.518155321137662384e-02 9.829431896283047365e-03 -1.644134707606976775e-01
7.997918797645642286e-02 4.771847710284227162e-02 -9.021652081262487854e-03 -1.186760129980335421e-01
4.157544637614751792e-02 4.982747387787256343e-02 2.768781661982533393e-02 -1.190907368738427508e-01
7.577172160928657973e-02 -2.117039774526041640e-02 1.736329608640208022e-02 -7.196461995043001991e-02
4.888630266721616380e-02 9.386679406794051772e-03 -1.336531194507095677e-02 -4.490767012893837062e-02
3.070132714446405231e-02 3.252249132392215358e-02 4.373025413464404210e-04 -6.366112100973353449e-02
3.457632559060463961e-02 2.060798980170197581e-03 -7.195110582216557304e-03 -2.944201398855561536e-02
6.554330513540662650e-02 3.890455164984540914e-02 -1.732306903388813879e-02 -8.712478775136300868e-02
6.002165000645476312e-02 2.404106655576043750e-02 1.544521656195740889e-02 -9.950793312417083314e-02
8.492938841851938037e-02 2.781140427570427676e-02 -1.369214146733632731e-03 -1.113715785474891362e-01
1.199056992490223905e-01 8.472911410561767553e-02 -1.198991593342046968e-02 -1.926448974212204845e-01
5.644869916553396649e-02 8.243187196184109666e-03 2.729171454153433984e-02 -9.198360090325330418e-02
6.470637465403417110e-02 1.033914106637112695e-02 -5.558297546135015921e-03 -6.948721817427205849e-02
9.862592641637135671e-03 8.207513360029672356e-03 -4.247897185041260570e-03 -1.382220881662288292e-02
1.862515530956088128e-02 7.530711918239951785e-03 1.565544605856228344e-02 -4.181131328636489286e-02
7.343249041763488805e-02 4.818854375853387495e-02 -1.896339530225610304e-03 -1.197246946459422645e-01
2.402650499048508692e-02 -6.446917029031773438e-03 5.268049248720707567e-03 -2.284763721017668558e-02
9.874654157117439546e-01 3.247972562649725781e-01 -3.469928881226249651e-01 -9.652697838540917896e-01
5.921550191839930477e-02 3.319826875804476884e-02 1.115208819955526565e-02 -1.035658588760002274e-01
7.786500288678155357e-02 8.281076798098752079e-03 4.486800689844194778e-03 -9.063288037472450043e-02
3.635301647630573285e-02 3.435169739081977980e-03 2.558058163044663047e-02 -6.536876784583522948e-02
5.530451355942389569e-02 3.626499095792823368e-02 -1.078755326923275248e-02 -8.078195124812026506e-02
1.181210358412636552e-01 9.966808266192561661e-02 -2.358497280424298737e-02 -1.942041456989462844e-01
4.101354617022945348e-02 4.598976247463326672e-02 -4.301809434547543276e-02 -4.398521429938817562e-02
3.926377337875663898e-02 -7.010136002324252047e-03 1.792240353512042361e-02 -5.017604091155103418e-02
5.762654787651033672e-02 1.790173307210185527e-02 -2.178603146909452448e-02 -5.374224947951589115e-02
4.082081772080758952e-02 -1.048061787414233947e-03 1.646204191697009378e-02 -5.623479785036167300e-02
4.675000978033949650e-02 4.146191585419067849e-02 -2.567097030778064948e-03 -8.564482860375477458e-02
2.944711096159924324e-02 1.720395829111120989e-02 -1.959678719560598026e-02 -2.705428205710536105e-02
1.153538702421198714e+00 3.418851369156592490e-01 -4.394988400748895963e-01 -1.055924999261968811e+00
9.588151048321424952e-02 5.055762853721823546e-02 -2.621141861762499303e-02 -1.202277204028083801e-01
3.972043390821333730e-02 1.721791220801804911e-02 -1.460811844046983055e-02 -4.233022767575977952e-02
3.322049262155957194e-02 -1.756462748881748581e-02 2.597830555308444644e-02 -4.163417068582830893e-02
6.277398999665262380e-02 1.999638143266313506e-02 6.839979551161334825e-03 -8.961035098047798186e-02
2.023236692380843138e-01 6.739908601151256562e-02 -1.618520603202622254e-02 -2.535375492175715451e-01
8.611524909948631290e-02 4.180050968527915245e-02 -1.079256569349595907e-02 -1.171231930912677299e-01
9.774382608165588238e-02 4.653008847916240143e-02 -4.726684906102285311e-02 -9.700706549979543070e-02
1.021203628251523554e-01 4.599752159374759231e-02 2.738315739082786138e-03 -1.508562001579836220e-01
3.647797607338176817e-02 4.399332961475455051e-02 -8.518138916708828390e-03 -7.195316677142926665e-02
9.083787689585687275e-02 7.733713485152726719e-03 4.479629739231327790e-03 -1.030512201202391509e-01
9.014222394567372731e-02 4.370394389149989678e-02 -1.013524066996929207e-02 -1.237109271672052202e-01
5.160199434680112773e-02 1.626949798433852123e-02 4.266364994312432657e-03 -7.213785732545296980e-02
8.835635664686458668e-01 2.977451758185698516e-01 -3.102557896398550064e-01 -8.710529526473618223e-01
1.196790429391665356e-01 7.082839923991457454e-02 -1.232960242627534342e-03 -1.892744819364544639e-01
1.171826459580893598e-01 1.054583732122376105e-01 -1.451274406334768230e-02 -2.081282751069792880e-01
4.034110730551887514e-02 3.819002490103873271e-02 -1.983481094281813739e-03 -7.654765111227312957e-02
4.571960846972000780e-02 2.300620714281453871e-02 -1.297957662990967265e-02 -5.574623898262309751e-02
7.422185488560018030e-02 2.874428917537574790e-02 3.569390539697181453e-03 -1.065355346006722215e-01
5.504643357468541609e-02 4.243291855030317805e-02 -1.611509211982564693e-02 -8.136426000516117085e-02
7.186691115023613463e-02 3.682200420575210131e-02 -7.938171803799853876e-03 -1.007507435521901584e-01
5.968611554484581916e-02 5.354064862059004781e-02 -6.923719171833653263e-03 -1.063030449936013255e-01
7.716457829010803238e-02 2.614221627466406517e-02 1.022810185522793347e-02 -1.135348964200009192e-01
9.915214409396710948e-02 6.143598599587196674e-02 2.287118302427160188e-02 -1.834593131141097899e-01
1.584166766279135885e-01 7.464154063164585295e-02 3.078851758682610296e-03 -2.361370690182438281e-01
8.939830349371735707e-02 -4.628178494781032271e-03 6.847558413181076276e-05 -8.483860058306724738e-02
9.181941407802440835e-02 2.593534079391446312e-03 1.698669955755516270e-02 -1.113996477149701292e-01
5.131221665056084902e-02 5.225429623659216816e-02 -1.741451091326151612e-02 -8.615200197389238923e-02
1.276190682286806322e-01 6.728365419209669795e-02 -7.921800501064168998e-03 -1.869809219197113848e-01
7.924812610242693012e-02 4.910961681216452490e-02 -1.304805888153914850e-02 -1.153096840330531947e-01
4.647507709931897324e-02 7.670614568524136700e-03 -7.116964475202713913e-03 -4.702872719264039603e-02
9.165492994005219884e-02 5.464155871887932392e-02 -1.595672914378365448e-02 -1.303397595151452037e-01
6.878627622066790792e-02 -5.686675752072822831e-03 3.302931405412934396e-03 -6.640253187400713131e-02
6.991280713018532822e-02 4.025430661402484844e-02 2.988904710434336920e-02 -1.400561608485544340e-01
4.907784200901232907e-02 9.487552305461832702e-03 1.672592322652821650e-02 -7.529131754100415463e-02
7.704951778302149279e-02 -1.060304426938607492e-03 8.944019427090665886e-03 -8.493323278317355118e-02
3.013510021337317824e-02 1.292799640877362322e-04 7.008297497708149137e-03 -3.727267767517083996e-02
4.267499768121307824e-02 2.140715067427567675e-02 3.172866360432902155e-02 -9.581081195982044107e-02
6.563975699088064886e-02 3.462810988986930738e-02 5.766149418846566732e-03 -1.060340162995947466e-01
6.909137496770867415e-02 1.253510622941256258e-02 1.079061783218104864e-02 -9.241709902930139720e-02
1.186616987855506622e-01 6.742825545479558258e-02 -1.387305341867506314e-02 -1.722169008216720698e-01
4.889694320202231381e-02 3.848328847827264809e-02 -1.555284093991549099e-02 -7.182739074038213545e-02
1.028928446185588541e-01 5.479702460749447113e-02 2.420814757233280545e-02 -1.818980167983861307e-01
5.320668734061850813e-02 4.795815828261140723e-02 -2.212797931017362885e-03 -9.895204769221166430e-02
5.829888426330320783e-02 -2.104423343372463506e-02 1.819975714716015602e-02 -5.545440797673695243e-02
8.078305546257169567e-02 3.076492357281157553e-02 -4.791253808673623382e-03 -1.067567252267096478e-01
8.773356178747881984e-02 5.861748234672958802e-02 9.422866930669293595e-03 -1.557739110648777014e-01
1.710280855207351181e-01 1.110257944792518714e-01 -2.574621312144209639e-02 -2.563076668785466694e-01
2.362483834303485963e-02 1.851005552634621409e-02 -8.933606148215922360e-03 -3.320128772116603955e-02
2.188701112178401686e-01 9.974140519096952318e-02 -3.429841330719352044e-02 -2.843131031016152832e-01
5.665350376230460228e-02 7.579984841967579712e-02 -2.445807718876480408e-03 -1.300075444631065835e-01
2.190842748706423038e-02 -3.910718156986625615e-03 -1.829536758642014149e-02 2.976582563398721959e-04
4.515728076349923015e-02 1.842742004702380143e-02 -2.820742502792850104e-02 -3.537727578259453054e-02
9.882740367311981800e-02 5.662495583903215390e-02 -4.114299505617147190e-03 -1.513380600065339365e-01
5.486915263907921059e-02 4.974628436827988054e-02 4.284840589616756290e-03 -1.089002775969785120e-01
4.504643066306179833e-02 2.157299536601442469e-02 -1.545606257263187899e-03 -6.507381977181392330e-02
5.330643469781204402e-02 3.140842794338993826e-02 2.668035984587646681e-04 -8.498166623965985877e-02
8.201220837372868999e-02 5.963295332024465267e-02 -7.491800249025182268e-03 -1.341533614449454959e-01
2.959781865986421678e-02 -1.363377495366879799e-02 1.056994390521026617e-02 -2.653398761140479678e-02
6.424096429950232334e-02 -9.279382505546607263e-03 -2.429026452453797447e-03 -5.253255534150103045e-02
1.680321613558239946e-01 1.169628644528550865e-01 -1.405458281373839213e-03 -2.835895675273025773e-01
1.480058866840998633e-01 7.166473408021722946e-02 -9.733777906190788087e-03 -2.099368428581254165e-01
1.246594330010513119e-01 3.341988144045959785e-02 -1.489342349827360579e-02 -1.431858909432364158e-01
5.227114200850646597e-02 2.396312557947144484e-02 -7.523231901872762251e-03 -6.871103568610514856e-02
5.449474702000944859e-02 3.052659657163658835e-02 3.778084584327956463e-02 -1.228021894349247134e-01
4.792658041230080102e-02 5.088395544790991210e-02 -1.197838450303301272e-03 -9.761269740990918820e-02
4.805103175610003774e-02 7.373047554888589872e-02 -8.421634294223601103e-03 -1.133598730107623354e-01
6.826630420527202148e-02 2.256885279375531184e-02 1.561864261918621821e-03 -9.239702126094417878e-02
5.740474028021491648e-02 3.603078999447895114e-03 1.828077548914563977e-02 -7.928859476880845136e-02
3.493157030744065139e-02 2.761238636156893023e-02 1.790286053194201088e-03 -6.433424272220467088e-02
4.609098576565351379e-02 1.878857356547136703e-02 -1.531063770864982132e-03 -6.334849556025901052e-02
4.815351287792513091e-02 2.974278511473382736e-02 -2.896327565635825607e-02 -4.893302233630070219e-02
7.698003037695233530e-02 6.365399479034827834e-02 -3.335832063422472515e-04 -1.403004419609610309e-01
8.741542301834837048e-02 8.365243966479241067e-02 -1.545310802584332066e-02 -1.556147546572974605e-01
6.016190123844911142e-02 4.158416664028141696e-02 -1.890136947292120340e-02 -8.284469840580932498e-02
-1.900263383579225973e-02 4.870101106061053287e-02 -1.160194860865271238e-02 -1.809642861616733711e-02
1.462206098351916950e-01 7.343949973697760925e-02 -2.723315388936775605e-03 -2.169367941832334168e-01
4.568349720531639235e-02 2.591013905186834165e-02 -2.255607959813143992e-02 -4.903755665905418226e-02
2.030333053930961640e-01 1.181166703213261115e-01 -4.335725249039690254e-02 -2.777927232240253730e-01
1.659718353180812400e-01 6.356412908699127229e-02 -3.184178997564668379e-02 -1.976941744294267167e-01
4.503649108751162089e-02 6.991423309870903324e-03 1.979692468291638363e-02 -7.182483908029801967e-02
6.095440322809153599e-02 5.967082088585229371e-02 4.618395418882315084e-03 -1.252436195328261448e-01
5.111470197355139078e-03 8.470006097161864034e-03 3.846870942203572952e-02 -5.205018571655273263e-02
4.529394628861727057e-02 2.761213622355462860e-02 8.013844754828802763e-03 -8.091992726700070193e-02
6.792690364312203855e-02 2.279729339805847133e-02 -8.122424592893473516e-03 -8.260177244828437182e-02
3.232216088557748890e-02 2.539040520200597228e-02 -2.804923712565532412e-02 -2.966332896192724888e-02
9.347530106881407619e-02 6.064052041442025143e-02 -1.856528098466458943e-02 -1.355505404985688500e-01
6.539966643210171071e-02 3.822804861659889752e-02 -4.796768496940551074e-03 -9.883094655175916898e-02
3.950782768364291542e-02 -3.906845299482153422e-02 3.621850507329416047e-02 -3.665787976211465349e-02
1.160979533278352349e-01 5.784838027831451512e-02 -1.537593460869324247e-02 -1.585703989974547312e-01
4.797282209287256904e-02 3.147932214852033894e-02 -3.351423812683052006e-04 -7.911700186012371461e-02
-5.344145282961676457e-04 1.648446426295002709e-02 2.470909213613836641e-02 -4.065914187079222586e-02
2.083299764986001890e-02 6.735404002383482691e-03 2.909747816139773846e-02 -5.666587981363768733e-02
4.294347070240611686e-02 2.144961580475879259e-02 6.564334410171568379e-03 -7.095742091733825418e-02
4.533971132433034512e-02 2.325452546586337377e-02 -5.734819387460454720e-03 -6.285941740273237599e-02
5.307049803747432293e-02 4.002066312191043806e-02 -1.467814942340517348e-02 -7.841301173598047569e-02
1.961232430883619315e-02 5.877269333821821817e-03 2.503789235242326328e-02 -5.052748599508305460e-02
1.025612609191730584e-01 7.175149307604300475e-02 -7.397294473316939900e-03 -1.669154595219000115e-01
1.719987074750441991e-01 1.029080305606733248e-01 5.685311054075548043e-03 -2.805920490897921837e-01
4.852921316286185061e-02 1.922213945834005955e-02 -1.627064648509968237e-02 -5.148070613610311597e-02
3.160493792813223735e-02 -8.475539487076133582e-04 -2.542185925753148723e-02 -5.335524721894913114e-03
3.841868169330542315e-02 2.039266025557306961e-02 -8.342862655625893353e-03 -5.046847929325437576e-02
1.121449654325141765e-01 7.669557693927231412e-02 1.156418502970968376e-02 -2.004047274014943980e-01
9.996377765383890335e-02 4.624270620274195664e-02 -3.622510173982185222e-03 -1.425839736825960102e-01
6.634550317313259171e-02 4.528023046075269065e-02 1.130452506449941552e-02 -1.229302586983820333e-01
3.896518485417566069e-02 2.086805630485510932e-02 -1.089784271203964039e-02 -4.893539844698757690e-02
3.776425361379853740e-02 1.199710938801601401e-02 2.067193298332981044e-02 -7.043329598514169732e-02
1.145306390865936663e-01 9.376975899297779193e-02 -2.374034199810104440e-02 -1.845600560814739666e-01
5.217123941483237104e-02 2.368203186402340066e-02 -1.500926912003652802e-02 -6.084400215882102003e-02
7.088551740475868002e-02 2.001730225219233716e-02 -3.464657027733242245e-02 -5.625624937961948291e-02
9.783510310508081176e-02 7.978819213462085003e-02 -7.240792155410069597e-03 -1.703825030842915922e-01
1.181786978498786667e-01 8.329896090829791433e-02 -1.636259634524073192e-03 -1.998413991236533960e-01
1.270823330305015375e-01 9.964137591992994203e-02 -1.143948370742364773e-02 -2.152842252430033909e-01
1.177543776571683409e-01 5.813158338485102661e-02 -2.747656828833555664e-02 -1.484093927536846991e-01
1.178802826277927096e-01 6.082570940980591701e-02 -1.639505751685099710e-02 -1.623109345207502940e-01
5.361245710731754599e-02 -9.214082201853379672e-03 1.669486243703932615e-02 -6.109323734250260429e-02
2.147633972201612451e-01 1.175746374467259159e-01 -3.440092022117546833e-02 -2.979371144457143572e-01
2.082351444988805866e-02 1.439765098968948109e-02 8.266994756605861028e-03 -4.348816019618251261e-02
3.845682888205281813e-02 7.111686311399889604e-02 9.406387033544127974e-03 -1.189800790295958421e-01
5.558211153731207332e-02 -2.328416290432677727e-03 3.648160098682140529e-02 -8.973529623369991270e-02
5.950122516511147097e-02 -3.884317963930072892e-03 7.219618351210321805e-03 -6.283652555239527260e-02
2.655633860895445508e-02 2.022125309039779495e-03 1.147608252942600160e-02 -4.005454644742023618e-02
9.078604060161676870e-02 4.437356189314645150e-02 1.145980714189054339e-02 -1.466194096366546518e-01
8.737108558578024486e-03 -3.737079759028559545e-03 -8.999834952039147129e-03 3.999806152489682187e-03
9.317673295519490750e-02 4.270686665672318583e-02 4.114564313084656533e-04 -1.362950560432238944e-01
7.638315467963519012e-02 1.568267828788449947e-02 5.918672411279857215e-03 -9.798450537880221134e-02
5.347232621718234213e-02 2.849604377098291508e-02 -1.067361273091638196e-02 -7.129475725724887525e-02
3.961220437765344826e-02 3.499962429237335471e-02 2.412382132599066864e-02 -9.873564999601747161e-02
5.606480903105115488e-02 4.764526156233017673e-03 -7.559870372552346396e-03 -5.326946481473182615e-02
1.251665882417443143e-01 6.856580766370967694e-02 -2.031566961001551874e-02 -1.734167262954393607e-01
4.739517267318582583e-02 4.352234788273712240e-02 9.021563223964079725e-03 -9.993908377988702796e-02
9.400552672001438737e-02 7.036236749629498632e-02 2.508861189061040164e-02 -1.894565061069197753e-01
2.189355416247718011e-02 3.261387334287491058e-02 2.219846602773856148e-03 -5.672727410812594684e-02
4.442233442586474013e-02 5.195642097825192707e-03 -5.577421731196352539e-03 -4.404055479249358029e-02
1.052065042102556802e-01 7.393273815083034606e-02 -3.545126953862975938e-02 -1.436879728224553787e-01
1.446774297286408384e-01 1.165379684314009623e-01 -1.477983697276297193e-02 -2.464355611872788288e-01
1.074494771998324438e-01 5.875200365159827243e-02 -3.013967811530360308e-02 -1.360618027361262250e-01
7.827938104876519532e-02 3.159688329017473762e-02 -1.269923019489382909e-02 -9.717703414404610385e-02
6.932693252179422672e-02 7.026712526140688198e-02 -3.712538093194961419e-02 -1.024686768512514945e-01
1.593071375670023215e-01 1.054347469700038786e-01 -2.437412833963925607e-03 -2.623044717030440509e-01
1.099090326271667806e-02 4.704853574277656492e-02 3.659028716301371276e-02 -9.462972616850873209e-02
4.317133051949806344e-02 4.985486917562731435e-02 8.882165417281484565e-03 -1.019083651124095269e-01
5.216211202181231243e-02 4.141214068784293545e-02 -5.041770637745912609e-03 -8.853248207190844710e-02
7.766104452731426022e-02 6.224417886573263559e-02 9.687663451993344665e-03 -1.495928868450411287e-01
4.806709512084506031e-02 3.059894552699304882e-02 -1.633808345951059948e-03 -7.703223230188438464e-02
2.280572752544873794e-02 -1.555091494077665004e-02 3.514044276994443550e-02 -4.239525535461474703e-02
1.359100997400934929e-01 6.874645585743177634e-02 5.522196650864508172e-03 -2.101787522483906656e-01
1.391600211764201234e-01 8.516627799342924021e-02 6.406956602349467289e-03 -2.307332557721988309e-01
9.444647355083013451e-02 5.689080612281927074e-02 -1.231043778905238639e-02 -1.390268418845961307e-01
1.206311392494878731e-01 2.874525910773595427e-02 -2.361271150450150458e-03 -1.470151272067710124e-01
6.611706833375396997e-02 1.892141524247392681e-02 -1.516128209806844040e-03 -8.352235536642282909e-02
1.436749116287350247e-01 5.904432685083627064e-02 -2.105798201594133445e-02 -1.816612564636272964e-01
7.925997101203652306e-02 3.145301107314679712e-02 3.046069148880281574e-02 -1.411736735739843596e-01
6.629627468840126880e-02 5.674907401262263562e-02 -1.884774255321897130e-02 -1.041976061478040450e-01
1.058237577963767606e-01 6.051962033510793759e-02 1.050318320782128723e-02 -1.768465613393059854e-01
4.215799099162520491e-02 1.015689929059249152e-02 -1.284154516133462209e-02 -3.947334512088396252e-02
4.041418650266948021e-02 2.216695845404981213e-02 8.344583345508027605e-03 -7.092572830222643177e-02
3.501933725661832142e-02 2.232926867057649645e-02 3.288924186238162406e-03 -6.063753011343209209e-02
1.709325236575525153e-01 9.744726962225502831e-02 -2.594479005525140991e-02 -2.424350032245579101e-01
9.503124384628325316e-02 6.969467693459918678e-02 -1.170353323201478446e-02 -1.530223875488658791e-01
1.167035918246277504e-01 5.388669824563940836e-02 -2.552796565187964717e-02 -1.450623244183848470e-01
7.061065688245005134e-02 2.271541448406466657e-02 -4.162378727038973381e-02 -5.170228409612320775e-02
1.268281459210314210e-01 5.493853652044933256e-02 -2.527452685721964798e-02 -1.564921555842584411e-01
5.552393777556652310e-02 4.535143586525158810e-02 1.984527965728410948e-02 -1.207206532981022207e-01
6.241845246964849991e-02 5.634902790637674741e-02 3.309600262579870389e-03 -1.220770806386068941e-01
9.054618894123223072e-02 6.251949667606382377e-02 1.282759757046392224e-04 -1.531939615930015819e-01
3.792206615076398890e-02 2.674175583122018196e-02 9.555241986376472596e-04 -6.561934618062270630e-02
-6.496004490547768739e-03 2.215550033839264188e-02 -1.408546835925594820e-02 -1.574027488588924939e-03
1.036835468667653970e-01 7.847970395379810782e-02 1.490049626297018648e-02 -1.970637470835328031e-01
1.029373538458555615e-01 6.406812779544779346e-02 -1.673811013578330176e-04 -1.668381005399472983e-01
9.599726061530411414e-02 3.308167007060003328e-02 -2.399034218056783629e-02 -1.050885885053336466e-01
2.436807877909430431e-02 -1.499701032424560765e-02 3.144943433505265062e-02 -4.082050278990223546e-02
9.578493991469638758e-02 4.065662994225593962e-02 -1.374279298355318701e-03 -1.350672905585970085e-01
6.463559850585287592e-02 1.855057112374325357e-04 -4.154342307646885502e-03 -6.066676190944519931e-02
6.171231213776184887e-02 8.375199528114762870e-02 -1.949720287614908898e-02 -1.259671045427568359e-01
8.090294656594743117e-02 5.625246965132912891e-02 3.067495486491988999e-02 -1.678303710821946737e-01
8.433500193230614173e-02 5.641628255391495372e-02 -4.321146687213506254e-03 -1.364301377990067010e-01
9.951868249664119759e-02 6.774855459254780499e-02 1.617856782264492921e-02 -1.834458049118321554e-01
2.058386421216429341e-02 2.702412477051563400e-02 -2.410362219491535285e-02 -2.350436678776368638e-02
8.649218999359131743e-02 6.410403521418928108e-02 -1.197137922717228520e-02 -1.386248459806083133e-01
4.664760869777850871e-02 1.666590004490320354e-02 -2.602993726386060303e-04 -6.305320937004488258e-02
1.684908347820934793e-01 1.073279942144234056e-01 -2.206606197085392296e-02 -2.537527670256638501e-01
1.564908428626967662e-01 1.053506775271868534e-01 -3.959596258039432826e-03 -2.578819241318459632e-01
1.137000491802195867e-01 5.837982472462144301e-02 9.026021305285070184e-04 -1.729824760353722013e-01
5.774029305796180012e-02 9.107947568991470177e-03 -1.722377834324717583e-03 -6.512586279262855271e-02
1.770540962663957885e-01 7.173271547806159276e-02 -1.510309245039298531e-02 -2.336837192940643959e-01
4.738162061481343557e-02 5.967159519707188053e-02 3.106108660428663626e-02 -1.381143024161719524e-01
1.047387452258519147e-01 4.741484527044281805e-02 1.081417175857612989e-02 -1.629677622548690863e-01
5.699323518759857876e-02 8.653466407494647683e-03 -1.779978959786365778e-02 -4.784691199722779231e-02
3.586215069716569559e-02 1.850905593009954941e-02 1.180909731046231315e-02 -6.618030393772933451e-02
1.293663215561453583e-01 8.211690477610478212e-02 2.324566912966119503e-03 -2.138077932452144836e-01
3.052547853685094736e-02 -4.302505832284531095e-03 1.940202099490129228e-02 -4.562499369946682037e-02
8.682076622782908260e-02 7.936595023320425213e-02 -1.103449436713610510e-02 -1.551522220938972296e-01
8.424773827472264998e-02 5.695259409122854777e-02 -8.230211842138679401e-03 -1.329701205238116302e-01
1.132368706514217394e-01 5.528635614834964684e-02 -1.997508124877089841e-02 -1.485481455509987114e-01
4.853220049864237495e-02 4.589701896511133583e-02 1.067094850196159683e-02 -1.051001679657161958e-01
6.171064974696882643e-03 1.263717322960200562e-02 1.098581266556220015e-02 -2.979405086986020024e-02
1.243582790978114971e-01 4.312867845479484430e-02 1.321899435196804973e-02 -1.807059519045717266e-01
6.819720404041706985e-02 2.077369361378078594e-02 -1.734396149500394557e-02 -7.162693615919391021e-02
1.120149423078125039e-01 7.069267984918248260e-02 -5.278981965255447051e-03 -1.774286401917386513e-01
1.055962792716220733e-01 1.148263422858741833e-01 5.302598986208550969e-03 -2.257252205437039194e-01
2.607097281382753096e-02 4.180585120261781640e-02 -1.610121919725049366e-02 -5.177560481919574187e-02
9.476027602361725144e-02 5.574482479857856276e-02 -1.397471684598805552e-03 -1.491076291375987850e-01
5.963347187586265363e-02 7.953900262717894520e-02 -1.564846792526974895e-02 -1.235240065777700735e-01
4.552861052094403504e-02 1.401501899717949584e-02 -2.938334961267052847e-03 -5.660529455685736622e-02
3.396156360500501847e-02 4.688432505508544068e-03 6.437247784991662058e-03 -4.508724389550611278e-02
1.292459439423945255e-01 8.590550145585762465e-02 -1.542749873427684548e-02 -1.997239466639770811e-01
9.987856958210716840e-02 4.064809427641780104e-02 -5.357120993336295101e-03 -1.351695428651895625e-01
1.032898687120953340e-01 5.264640671872555799e-02 -3.878563123584477523e-03 -1.520577123072355263e-01
1.138076195748505270e-01 1.012811921384306757e-01 -1.154801605733890568e-02 -2.035407956559396325e-01
1.170553786530579288e-01 7.039757578495997592e-02 -1.084706001141810816e-02 -1.766058944266033492e-01
4.691627025161321241e-03 3.397614849519614566e-04 -1.420761623897953685e-03 -3.610626886215335951e-03
3.920030450641664999e-02 -2.293810514685823421e-02 1.176167992833132558e-02 -2.802387928788974136e-02
-3.013217544372004397e-03 8.324183766116100003e-03 3.076263488650887723e-02 -3.607360110825474919e-02
-8.341441619337253144e-03 2.170394678942688671e-02 7.678015467639909275e-03 -2.104052063772865466e-02
1.066035078776650380e-02 6.392416010175594465e-03 -5.670138490581955182e-03 -1.138262830736103126e-02
1.285609848989199833e-02 -1.926742762161204325e-03 -5.150070958338304195e-03 -5.779284769394266164e-03
1.905098827959150753e-02 1.034962972840958173e-02 9.119131410471048582e-03 -3.851974941847302603e-02
2.590272740024346376e-02 -4.180872066427809841e-03 -7.686482846367859167e-03 -1.403537248744868293e-02
2.039824035546367043e-02 1.484844057905565506e-02 -1.218677122351952136e-02 -2.305990971099891595e-02
3.429383077704528660e-02 2.397426600445218270e-02 -3.229675801359910281e-03 -5.503842098013489448e-02
3.165717357060682247e-02 1.775141612395803037e-02 3.532957417984761150e-03 -5.294154711254961398e-02
2.457078770236353904e-02 2.039185343044724874e-02 5.144358081554223361e-03 -5.010699921436234661e-02
7.382180723950249046e-03 5.448526886784321732e-03 2.216737072930108354e-02 -3.499807834003831886e-02
1.554023968578555071e-02 3.367001881960618448e-02 -5.204353253825289016e-03 -4.400590525156466981e-02
-2.046247463827199908e-05 2.487623871123734176e-02 3.383424615672936397e-02 -5.869002239332932191e-02
7.879755352060868745e-03 2.668420203789345635e-02 2.201258314752685408e-02 -5.657654053748295553e-02
4.805838714007659718e-02 2.334688187540301385e-02 1.707041777743878441e-02 -8.847568679291750726e-02
1.585073047440932470e-02 2.277105833738080065e-02 -3.600319003742136204e-03 -3.502146980804798915e-02
6.523084077694640825e-03 1.214954665446299487e-02 3.650889535050350077e-02 -5.518152608266202463e-02
5.938306409216043136e-02 2.594581293367959063e-02 -1.323496006210334031e-02 -7.209391696373845804e-02
3.209736877938240696e-02 1.186250994468629472e-02 -1.193944546812897300e-02 -3.202043325593884049e-02
8.259362789469548716e-02 1.911350879053497209e-02 -2.073471632432788425e-02 -8.097242036090346318e-02
2.308063945823146668e-02 1.746458445182508257e-02 1.074789259368102989e-02 -5.129311650373757914e-02
5.213442305057469639e-02 1.493881673228880658e-02 -1.405411752005392145e-02 -5.301912226281135787e-02
5.056881128213674970e-02 9.382291553847288412e-03 1.502595356455405096e-02 -7.497705640054164178e-02
1.483510753273264982e-02 -8.000859401064985832e-04 2.888043674334817013e-02 -4.291545833597520954e-02
9.988726372980227808e-02 7.011931923321679250e-02 -4.218937443247305907e-03 -1.657876455197726528e-01
2.286996500564608681e-02 -1.838943637808121423e-02 -1.038152300812278384e-03 -3.442376326751706017e-03
-5.492737417255533217e-03 5.343728421030036202e-04 3.213606921233846947e-02 -2.717770463718682805e-02
5.118544772155964040e-02 3.255156203830456008e-02 -1.933471428261146485e-02 -6.440229547725628834e-02
4.703528832557513084e-02 3.251579461788267622e-02 1.581805877604569588e-02 -9.536914171950350294e-02
8.983207794820735614e-02 5.781192402869184122e-02 -5.172853598200077840e-03 -1.424711483787026722e-01
1.148504199223756572e-01 8.240027439806407727e-02 4.623038200383788876e-03 -2.018737325208235234e-01
-4.416107000707381047e-03 -1.684909721791294501e-02 1.698437559888477111e-02 4.280828619735110863e-03
4.765841386472224883e-02 2.379787507969233218e-02 -1.089297889606477554e-02 -6.056331004834891729e-02
3.525548041636472618e-02 8.264933609182456564e-03 -3.166151231997194060e-02 -1.185890170557346579e-02
9.044958719190532292e-02 4.712320477286624509e-02 -2.555141956984474660e-02 -1.120213723949285978e-01
7.849665976418851443e-02 5.526006348636958165e-02 8.884266595273082601e-03 -1.426409898458329550e-01
8.118805277041829527e-02 2.978430060809511559e-02 -2.235288957219516703e-02 -8.861946380631735565e-02
5.923756874029972863e-02 3.652794684695059857e-02 2.807192681978598614e-03 -9.857270826922892581e-02
6.530960180286538019e-02 4.567607616813873506e-02 -1.354922468964403492e-02 -9.743645328135830397e-02
-7.972284139690088978e-04 2.841734668297846156e-02 6.308974924511545623e-03 -3.392909319352099828e-02
5.638330656570644805e-02 1.555596512610168958e-02 1.248100919708505785e-02 -8.442028088889408366e-02
7.220585606667473400e-02 1.334955143187599447e-02 -6.203804525689804450e-03 -7.935160297286092401e-02
1.195754510873294763e-01 4.835966045000539282e-02 1.950563523769233143e-02 -1.874407467750298650e-01
6.632453103231039648e-02 7.623094514922623688e-02 9.818958726787840874e-03 -1.523744349083226979e-01
9.236447806857306375e-02 5.302033521027738061e-02 -2.900737404390962837e-02 -1.163774392349408160e-01
3.704262547145908968e-02 3.714035193744358310e-02 1.255808917995437923e-02 -8.674106658885527565e-02
1.433151950435105348e-01 7.904967608432045267e-02 -2.317835103779408712e-02 -1.991865200900386768e-01
1.356111658608600834e-01 6.178397297456328374e-02 -7.865930332939363723e-03 -1.895292085024840034e-01
9.413793577154994097e-02 4.349694614626997691e-02 -3.294267847649301473e-03 -1.343406140701723928e-01
9.248833560047664548e-02 3.311081727717901657e-02 -1.945273366195543474e-03 -1.236538795114601186e-01
7.378628398987618908e-02 1.572737164744975047e-02 1.006462653932338469e-02 -9.957828217665021242e-02
1.091490930029515027e-02 1.458421804405851674e-02 8.252412306322121083e-03 -3.375153965067401174e-02
1.113022609326632661e-01 9.781259884563819895e-02 -2.328606344330896860e-02 -1.858287963349933847e-01
1.193701081238032202e-01 4.066492638170426943e-02 4.266114944409871157e-03 -1.643011494499200253e-01
8.402611450735530951e-02 7.667854170369903244e-02 -3.283580028488497504e-02 -1.278688559261711433e-01
1.906190615196132754e-01 1.257617485054627338e-01 -2.422902801219883884e-02 -2.921517820128771703e-01
1.695740348208820691e-01 1.361805925108408033e-01 -3.654743297095741639e-02 -2.692071943607672324e-01
7.142490300275028403e-02 3.658969181041005214e-02 -2.330439562429553746e-02 -8.471019918886746325e-02
9.314906924615584671e-02 7.480841676242633298e-02 4.638857447710087456e-03 -1.725963434562913790e-01
1.162336092149462985e-01 8.957632229333256646e-02 -8.486782427322481226e-03 -1.973231490809563837e-01
6.276315870534876495e-02 6.085822934724660627e-02 1.256184579850039285e-02 -1.361832338510993168e-01
3.513869971890670740e-02 1.376524303994575149e-02 -3.572284754115528926e-03 -4.533165800473426543e-02
8.757535838286845120e-02 5.438089663650913508e-02 -4.426048443098906660e-03 -1.375302065762777914e-01
7.197942076634777919e-02 2.745082307234802954e-02 -1.841252918374891578e-03 -9.758899092032002898e-02
1.189097809463701694e-01 1.069188431292804609e-01 -1.531132538673229959e-02 -2.105172986889165543e-01
5.771980773609453053e-02 5.221360432739619029e-02 1.306167233195676403e-02 -1.229950843954474848e-01
1.396233479726429749e-01 7.065367993087079412e-02 5.280376797218266915e-03 -2.155574047007311478e-01
-9.941292225575715236e-03 2.262671322218601233e-02 1.467012501396691704e-02 -2.735554601057543778e-02
1.151681459065985180e-01 7.939679729869375535e-02 2.814998748571717613e-03 -1.973799419538631028e-01
4.066811028040273612e-02 1.420651605379941174e-02 2.346105706068968288e-02 -7.833568339489183074e-02
1.805474970684244340e-01 1.058185906930972919e-01 -3.662107615429821550e-02 -2.497450116072226223e-01
1.005073377335214957e-01 7.659813331820330973e-02 -1.133048213634246792e-02 -1.657749889153814493e-01
2.502946579255649340e-02 1.464191147312909891e-02 2.879181266690444829e-02 -6.846318993258915242e-02
3.406042847780099692e-02 2.339829657362457738e-03 3.920598704101774246e-02 -7.560624517617853257e-02
1.288106430699977878e-01 1.364824537118858316e-01 -3.688654394477186571e-02 -2.284065528371090892e-01
2.268422248290580256e-02 4.240910452972812550e-04 4.764393515728571060e-02 -7.075224868548790624e-02
1.253549760802039614e-01 9.557053369025148015e-02 2.234249863026871452e-02 -2.432680084007268206e-01
5.473919292816997739e-02 2.420763124344293971e-02 5.998866877399144926e-03 -8.494569104901472656e-02
9.196478140009123337e-02 5.671210458016950895e-02 1.848193570239420325e-02 -1.671588216826558337e-01
5.931655804848201541e-02 2.676518279468975692e-02 9.255657385107696200e-03 -9.533739822827769217e-02
1.554330929042375686e-01 1.042834966872536739e-01 -2.312243969549676592e-02 -2.365941498959927003e-01
8.336493221348550975e-02 3.294169522024326113e-02 3.109011492585089798e-02 -1.473967423595787807e-01
9.392094054283894877e-02 5.423516941322414908e-02 -7.363261098295659224e-03 -1.407928488577683268e-01
2.627854776847193818e-02 4.621903017698070215e-02 3.073377910339125663e-03 -7.557095585579176600e-02
1.125735774827196778e-01 5.943097398303009982e-02 -9.207144005132228415e-03 -1.627974074606202137e-01
3.102986252424866365e-02 -4.893058413620643421e-03 -4.289933999373829465e-03 -2.184687011125507894e-02
1.004221050773823620e-01 6.993871994237021994e-02 -1.966510682156563661e-02 -1.506957181981878335e-01
7.532230143123808119e-02 3.926117048806165855e-02 2.653292062089995795e-02 -1.411163925401988095e-01
1.107670761258123804e-01 7.298965982684624265e-02 4.387116708063132364e-03 -1.881438526607235318e-01
1.651859313119237171e-01 1.169698710854412127e-01 -2.859412422027407530e-02 -2.535616781770917427e-01
-1.168851050006036729e-02 1.021093494653779743e-02 1.431420732561861087e-03 4.615482096248513244e-05
6.390855971847653194e-02 3.724451424386021614e-02 1.590924133409110652e-02 -1.170623152964260782e-01
8.718543558510472025e-02 6.027098475354453200e-02 9.034841215003197590e-03 -1.564912615536542262e-01
2.088816346743662677e-01 1.432051122143054300e-01 3.358022580916220079e-03 -3.554447694695905824e-01
5.830449937697324003e-03 2.778499892476560262e-02 3.391992408254829172e-03 -3.700744127071953216e-02
8.110419877840779890e-02 6.305124798838424027e-02 -2.270785778378314745e-02 -1.214475889830080035e-01
6.248928059645209032e-02 6.953303515508491017e-02 9.203693466026230396e-03 -1.412260092175632309e-01
5.293516180622859224e-02 4.788592886634024381e-02 -1.777284084735875069e-03 -9.904380658783296099e-02
1.724877225324510377e-01 1.132008929229497696e-01 -2.290734793198456742e-02 -2.627812675234153517e-01
1.489657632534031606e-01 6.031051438282997168e-02 -7.655904075553721100e-03 -2.016203735606794112e-01
8.372998506124407214e-02 7.045149558323338113e-02 -1.301793941224982376e-02 -1.411635412322276295e-01
3.286765521188073080e-02 7.415547793369903218e-02 2.631985248342516570e-03 -1.096551183939205032e-01
1.114827704066696512e-01 4.957226413034288015e-02 2.352262244152125703e-02 -1.845776569785311239e-01
8.701147002205988912e-02 8.351523561374207816e-02 -2.347981491246553531e-02 -1.470468907233382083e-01
2.353830015291968891e-01 1.185716487665553487e-01 -3.531665950094620143e-02 -3.186379907948069246e-01
1.730320458077443391e-01 1.356323695857621914e-01 2.931137215222534564e-03 -3.115955526087290650e-01
1.166058357247097277e-01 8.081824330337639140e-02 1.982917443842246996e-02 -2.172532534665059245e-01
7.791911706918241975e-02 2.715131815083626776e-02 2.214875133462612666e-02 -1.272191865546439260e-01
9.347218318822037020e-02 8.226177555125779861e-02 -5.920903248141762276e-03 -1.698130554913364065e-01
1.723870647820904267e-01 8.711126498577570487e-02 -9.124175418211422084e-03 -2.503741543496529331e-01
2.205026846271795904e-02 3.134804934586377101e-02 3.324390074640248827e-03 -5.672270788322464341e-02
7.890172399523631697e-02 9.285020526689891085e-02 2.759188162202885763e-02 -1.993438108841640855e-01
9.174230428262895032e-01 3.006278852705746019e-01 -3.158352174728964457e-01 -9.022157106239685476e-01
6.141593721222093905e-02 8.023923056296489165e-02 1.487772599904868542e-02 -1.565328937742371807e-01
6.522052370020681167e-03 4.008216940386333249e-03 -1.654710721858609901e-02 6.016837908179972771e-03
1.982260865835643315e-01 1.289962334325487348e-01 -2.291610891117823456e-02 -3.043062111049366081e-01
2.067481066059420058e-01 1.536898325652549246e-01 -2.551237341224954491e-02 -3.349255657589464974e-01
4.236089774584250733e-02 3.238945986853192238e-02 2.712950224041854597e-02 -1.018798598547947520e-01
7.696578119186447964e-02 2.296405693939629344e-02 1.856194467878946597e-02 -1.184917828100511272e-01
1.235867118670670450e-01 7.098240509811848398e-02 -1.491246779853128146e-02 -1.796566491666551357e-01
1.510205712842456194e-01 4.961822736906018605e-02 1.663282621140460549e-02 -2.172716248647112991e-01
1.538799037169011896e-01 7.063993429381287825e-02 4.165346884349219181e-02 -2.661733068542080360e-01
1.065398597546547421e-01 5.914533028656876468e-02 2.607299952396591181e-02 -1.917581895651903068e-01
4.312005947394048633e-02 6.056292130330032109e-02 9.802527794517956750e-03 -1.134855085717614287e-01
1.410072128511545841e-01 8.069843834333045862e-02 -2.025223017034960549e-02 -2.014534210241345491e-01
9.057520411343755740e-02 2.934196609910877385e-02 -2.932694171477123746e-03 -1.169844760410674311e-01
1.532151442605629299e-01 1.118353138491050558e-01 -1.017719561453400701e-02 -2.548732624951348669e-01
1.130392428903821411e-01 8.768765888537366493e-02 -2.462747886675931142e-02 -1.760994229089956065e-01
6.112263533054651532e-02 4.260665692517306979e-02 1.535026496795222073e-02 -1.190795572236726940e-01
1.211404643935951597e-01 7.111867835791940706e-02 -1.374307054445988996e-02 -1.785160722070564532e-01
2.857094959869854733e-03 -4.796358302071368485e-03 4.305067796006500913e-02 -4.111141461786260720e-02
1.133067657839745834e-01 8.190488904610671028e-02 -1.923475451293921168e-02 -1.759769003171403057e-01
1.220136591053302411e-01 8.626577576501315292e-02 4.367852317397336037e-04 -2.087162201020813512e-01
-1.517584614771028129e-02 2.833065227292763666e-02 -4.958334113419837763e-03 -8.196472011800182145e-03
-1.269305292488454029e-02 -8.235649330042171812e-03 1.228603180211695900e-02 8.642670452807976744e-03
2.375649870849461109e-02 2.484367972979484307e-02 5.464434394284900520e-03 -5.406461283257346651e-02
7.953611157144102606e-02 3.311522813515477281e-02 1.331137994984032957e-02 -1.259627196564379048e-01
1.307800271030457040e-01 6.075818176390601622e-02 1.684700569312358454e-02 -2.083852145600726402e-01
2.143493170780486068e-01 1.258921722875046001e-01 -4.098958021221132952e-02 -2.992519091533418774e-01
8.008079308577542577e-02 6.141431248382556163e-02 3.038041473633512624e-03 -1.445331470432327237e-01
1.401900526476005382e-01 7.949138174399017487e-02 8.917422268735819557e-03 -2.285988566603265326e-01
2.306426892888797653e-01 1.352783342802936772e-01 -3.432842376357214675e-02 -3.315925998056021839e-01
1.666811275433168760e-01 1.337865241676539085e-01 -1.715701757850851550e-02 -2.833106341324640454e-01
9.217069553993884057e-02 6.878356773350180475e-02 3.154330300440655321e-03 -1.641085935738813006e-01
2.254674157966274350e-02 2.740986909971176999e-02 -4.225167804163376672e-03 -4.573144287521291318e-02
2.075632852509592396e-01 1.463294473226959269e-01 1.453749596955145051e-02 -3.684302285432048407e-01
2.507133807038242068e-01 1.349002234389349297e-01 -3.172460072233818096e-02 -3.538890034204218438e-01
1.845058683234022112e-01 1.274432244913317192e-01 -5.958952248736437696e-03 -3.059901405659983809e-01
7.741490392617222938e-02 6.469123397729870106e-02 6.202605250917869739e-04 -1.427263984285609411e-01
5.953749676040676064e-02 4.316390178535556288e-02 1.764436098957578025e-02 -1.203457595353363274e-01
1.088776241122637600e-01 8.748194066821923798e-02 7.440264371478377825e-03 -2.037998291519595995e-01
1.340389723827311030e-01 5.649453388783332031e-02 7.106543614470162140e-03 -1.976400498850354737e-01
3.024354639324400296e-02 6.071940173631773519e-03 8.446180863616703505e-03 -4.476166743049070362e-02
-1.475886804977832867e-02 2.677450531737690653e-02 2.374902085604180257e-02 -3.576465812363949226e-02
1.171024304116174974e-01 7.230851864184550948e-02 -3.246566692752672623e-02 -1.569452821259336162e-01
2.944537580601824800e-02 5.419081837223949094e-03 7.960515107560794945e-03 -4.282497275079943932e-02
1.665030520334545017e-01 1.352575698814062477e-01 -1.984410903343292176e-02 -2.819165128814251631e-01
1.466828542662135249e-01 1.134606669040740812e-01 -2.898197397979540568e-02 -2.311615471904913122e-01
7.659916070827588186e-02 4.932146564072592554e-02 9.644182273307322362e-03 -1.355648086223082416e-01
6.510547905330543728e-02 5.610964797168360718e-02 1.548252204998057380e-02 -1.366976490749696183e-01
7.917642179322648133e-02 8.702395593084499836e-02 8.644936365714173121e-03 -1.748453140897883173e-01
9.429319747979647559e-02 1.858464506196444432e-02 2.760650811071752031e-02 -1.404843506524775520e-01
1.936131994451182337e-01 1.632396049647413250e-01 -2.313843039190288664e-02 -3.337143740179566720e-01
9.422862808458898343e-02 6.314387805322230207e-02 1.425106181144020212e-02 -1.716235679492523758e-01
5.933383857306129272e-02 1.913367132545928939e-02 2.904669518838876030e-02 -1.075142050869102306e-01
1.345275333560955744e-01 1.063075126864365672e-01 4.753388882051012843e-03 -2.455884349245831544e-01
1.760801140005350263e-01 8.820403238271445900e-02 -7.605382869129151402e-03 -2.566787635141203339e-01
5.918418006511050322e-02 2.373946229611156866e-02 6.594920222577904667e-03 -8.951856258379820019e-02
8.154322609515141096e-02 7.475872428223517829e-02 2.351237500887393139e-03 -1.586531878782757587e-01
6.283154836286364286e-02 3.351143964656522201e-02 -8.160340861138593027e-04 -9.552695392331500557e-02
1.109158259519906764e-01 9.608242702033997773e-02 -1.566934197377545246e-02 -1.913289109985534253e-01
4.853228627158490127e-02 4.225487776079006608e-03 -3.487846599420585392e-03 -4.926992744824332249e-02
2.595892098972552020e-02 2.750099442322717636e-02 3.348241665881879214e-03 -5.680815707883279941e-02
8.521953700920636976e-02 4.748293662460945086e-02 2.964826499971984219e-03 -1.356673001337895812e-01
1.347659254307833621e-01 9.981376762377536238e-02 -8.166339735192096327e-03 -2.264133533193666281e-01
1.937817076458330234e-01 1.303078818148017959e-01 -1.883624412511242241e-02 -3.052533453355206206e-01
9.304610726675566212e-02 6.861307689042472902e-02 -3.015899665679011576e-02 -1.315001875003902754e-01
6.267711461813263440e-02 2.650239862852910022e-02 2.629574088558772615e-02 -1.154752541322494608e-01
1.062193181020010257e-01 8.821082793540035993e-02 2.327544572069406570e-03 -1.967576906094716804e-01
5.836865478436426002e-02 3.909775850647712048e-02 2.571063486782421137e-02 -1.231770481586682564e-01
4.728637767265286840e-02 5.930574270379906920e-03 1.515666504089274724e-02 -6.837361698392285803e-02
2.050859313942323681e-01 1.145441627211258862e-01 -4.957784132709086578e-03 -3.146723099826482795e-01
1.026174452331103382e-01 7.084147993776301888e-02 -1.071314198063522127e-02 -1.627457831902372476e-01
6.250080584928152660e-02 4.299022150243825280e-02 -2.156105655508611108e-03 -1.033349216962093919e-01
7.061771153237295096e-02 2.008907405596183082e-02 -1.198014856434603814e-02 -7.872663702398696728e-02
8.690644141291858915e-02 7.693592013541650232e-02 -2.626839597470898013e-03 -1.612155219508633053e-01
2.495420384049644724e-01 1.675691152759428704e-01 -1.629915762541234159e-02 -4.008119960554941130e-01
6.722315026225000878e-02 1.967544796477671554e-02 2.821629020809623967e-03 -8.972022724783634828e-02
8.183195722759251112e-02 5.924454047122473810e-02 -3.138442370484995081e-03 -1.379380553283304778e-01
1.076741825231879446e-01 6.211737704407482852e-02 1.030468951067131655e-02 -1.800962490779349778e-01
5.585132848301199715e-02 3.127176364907668926e-02 6.160267306037248147e-03 -9.328335943812593456e-02
1.510733380771878132e-02 1.507184807207195831e-02 -1.464890505280092015e-02 -1.553027682698981948e-02
1.855880857321645649e-01 7.333373616219507340e-02 -7.654013963814598753e-03 -2.512678079305441514e-01
7.650889765936419451e-02 2.315594003635368381e-02 -1.172146052373168601e-02 -8.794337717198530413e-02
9.469743999235902265e-02 8.492022648605690449e-02 1.291862215752814791e-02 -1.925362886359440751e-01
9.193524506892369885e-02 4.016691272484518294e-02 1.914783774343664646e-02 -1.512499955372046401e-01
4.191039783257100027e-02 4.718430940900653070e-02 -1.097777732169991083e-02 -7.811692991987939649e-02
3.607287201417719302e-02 1.961375459188374748e-02 2.616132269124804566e-02 -8.184794929730720980e-02
9.570735271008690148e-02 1.009616997054703091e-01 -8.235918370100847596e-03 -1.884331340454599157e-01
1.594859748560972790e-01 1.231190056837538904e-01 1.381635986420182149e-02 -2.964213404040538791e-01
2.115343657125583476e-01 1.008502448919790240e-01 4.588424443846328415e-03 -3.169730350483837000e-01
1.772918530743305965e-01 7.820109682572784493e-02 -2.543306276154044809e-02 -2.300598871385162170e-01
6.443455037343692737e-02 2.642433063830740281e-02 3.242916125489436752e-03 -9.410179713723376693e-02
4.002181015465922087e-02 1.545857186314236742e-02 -5.477269595391298651e-03 -5.000311242240851328e-02
1.396082152176267854e-01 8.096414404759144645e-02 7.730149443102796170e-03 -2.283025087083210281e-01
9.655538130915708450e-02 3.565933504349061423e-02 -2.229377109148789060e-02 -1.099209452611598081e-01
1.704801758701872672e-01 8.820967339256124973e-02 -2.331991921890175234e-02 -2.353699300438441000e-01
5.893802216318899667e-02 2.830479285931541966e-02 1.656339133837470001e-02 -1.038062063608808927e-01
7.532446331539244255e-02 6.644920162977552280e-02 6.917863617851516267e-03 -1.486915285630194816e-01
3.340162370798793745e-02 -1.084950930558825632e-02 2.443644279267687125e-02 -4.698855719507832873e-02
