4.535650808429348563e-02 -5.559408849287415105e-02 -3.170926197895906819e-03 3.587047011955820514e-02 -1.461791840126427586e-02
1.100636746700433058e-02 -2.672503201057978978e-02 2.906959405511763683e-02 -1.532081127162820966e-02 3.187191181981549864e-03
5.525251424636577063e-02 -4.875315218049146304e-02 -3.690922468888351710e-02 6.601785305334909038e-02 -2.328841767823478306e-02
4.712843176860479627e-02 -4.988193872112578475e-02 -1.378875428626041150e-02 4.248606270699065851e-02 -1.605976736702888555e-02
2.309018959824761519e-02 -1.801860069144674281e-02 -2.120293634030481073e-02 3.243363020233562544e-02 -1.112297996622346914e-02
4.691149120041221421e-02 -5.504930433373328436e-02 -2.332301425625527610e-03 3.343416370376167679e-02 -1.355546169344339254e-02
5.073342802839161253e-02 -6.939877562637865316e-02 2.135976825582241653e-02 1.635086693332214042e-02 -9.028692108367757096e-03
5.265732816513464531e-02 -6.878763913627666815e-02 1.626563511059461731e-02 2.123572592464010797e-02 -1.050314929382234995e-02
8.304059094698762467e-02 -9.709677700017571578e-02 2.178618122028218480e-03 5.139640113919784897e-02 -2.139443528394856936e-02
4.238175004419149350e-02 -5.153458048218072240e-02 5.950424923347390899e-03 2.211324233203199735e-02 -9.710105650138339123e-03
5.081839416529582848e-02 -5.648936440560850536e-02 -6.956930300443712285e-04 3.123172301823850042e-02 -1.270952492535606937e-02
4.398966251042951692e-02 -4.735083469489582975e-02 -8.951664570395763409e-03 3.561681582543628488e-02 -1.370509153805421487e-02
3.133138724467215280e-02 -3.148487076064535040e-02 -6.889903311791752312e-03 2.402625301488265155e-02 -9.100225673823436265e-03
5.613210297159922091e-02 -4.708460130203492161e-02 -3.513899396584576479e-02 6.204142963318956538e-02 -2.173149862039461255e-02
7.928517983664454261e-02 -8.330391283844175432e-02 -1.474992997063106180e-02 6.071890323309198784e-02 -2.333761935482581151e-02
1.154558144797958458e-01 -1.180733945682043290e-01 -1.296769513772968313e-02 7.608324546939351785e-02 -2.974715456758740204e-02
4.753748886083364322e-02 -4.108878024959526643e-02 -1.478001003502458187e-02 3.613855197545888520e-02 -1.314021759313672121e-02
7.710558494180519418e-02 -9.595840230434495022e-02 1.642547082677657880e-02 3.555350083116895488e-02 -1.634426147454125927e-02
7.781181596893008146e-02 -6.950663048055680249e-02 -3.292400054186923192e-02 7.096285425370871258e-02 -2.553536114362753295e-02
8.912807778006623383e-02 -9.073758326481903835e-02 -1.082036051562066704e-02 5.906799487810124316e-02 -2.294494246830523776e-02
6.489276595534476666e-02 -6.967692730866005546e-02 -9.536323138238390548e-03 4.808279544807766981e-02 -1.874205858235633224e-02
6.869360885013925389e-02 -7.409996446631854361e-02 -8.583811810548225979e-03 4.953586852937481161e-02 -1.946601676741345835e-02
3.584623190451210334e-02 -2.190180377399877573e-02 -3.746922261474663202e-02 5.037483555516041045e-02 -1.666641361246905609e-02
5.819198899020267685e-02 -7.299331610234818801e-02 1.612067177403396154e-02 2.290839751323157231e-02 -1.108638563842774885e-02
8.245853350549089966e-02 -9.187106279079043647e-02 -8.875683882679574060e-03 6.024039488727760128e-02 -2.387940899088675240e-02
4.958072541750602191e-02 -4.487996338269964469e-02 -1.008189746170522726e-02 3.310756446701043632e-02 -1.236561462497003452e-02
7.670915820437561317e-02 -7.460096384371943390e-02 -2.139204153972017533e-02 6.234479981723706904e-02 -2.331460506312348427e-02
6.099256193661353048e-02 -5.043073304324988126e-02 -3.287571988323071542e-02 6.043796924293905887e-02 -2.120299596440813200e-02
5.047744891531154299e-02 -6.284814602107528791e-02 1.373408075264397239e-02 1.977309077858774994e-02 -9.542529337797049996e-03
7.423199428559831836e-02 -5.964966645267539419e-02 -3.976735361695060700e-02 7.220153353815568498e-02 -2.532158560367532216e-02
7.635123310330196866e-02 -8.623427921096586679e-02 3.924750136565351329e-03 4.219548654797479481e-02 -1.764901255017571613e-02
6.428336510352346267e-02 -6.733956875206914550e-02 -3.845016243254194277e-03 3.958779009032293433e-02 -1.574258058893923673e-02
3.107405757750956662e-02 -3.736588722095883497e-02 6.534068498732613882e-03 1.332304468284997712e-02 -6.135009447529644715e-03
8.057531971548209659e-02 -1.023770872157666600e-01 2.408041728982270729e-02 3.085740789272428328e-02 -1.522100589675531510e-02
4.523187868986543875e-02 -4.719428035948843025e-02 -9.840971488207497439e-03 3.608770298494531209e-02 -1.377704661877920608e-02
3.457365620297658815e-02 -2.270728553140633973e-02 -2.740623863526642917e-02 3.969566535533681356e-02 -1.329034059094542398e-02
1.029552125427041359e-01 -1.033835978495772079e-01 2.027900709892203196e-03 5.068986613784259854e-02 -2.075792769288258705e-02
6.889494253848045535e-02 -6.653926302862227249e-02 -2.512229379400251345e-02 6.240002389184703957e-02 -2.295637861688096248e-02
6.060118220618337936e-02 -6.831150830881066449e-02 -1.853719916376507428e-03 3.930176327058176183e-02 -1.593791254370426416e-02
4.605355482668126166e-02 -3.519709424093156458e-02 -3.768623104450784939e-02 5.845762006476885875e-02 -2.001705979147389708e-02
6.217426659172617387e-02 -7.028286495914329302e-02 1.644188523122674722e-03 3.633165725002559382e-02 -1.506038536093879700e-02
3.362130662180678325e-02 -1.738470968008470896e-02 -4.527514151313826590e-02 5.660860434907214606e-02 -1.846457068781233446e-02
4.241518571453568170e-02 -4.697693726481857318e-02 1.443132592546431158e-03 2.353775411104528162e-02 -9.754627506709113993e-03
7.753488216316768711e-02 -9.957513068107652632e-02 1.898746116101245746e-02 3.567055120917406869e-02 -1.675962551750323146e-02
5.774532615690434328e-02 -5.020611442249015011e-02 -3.942762446875838767e-02 6.935957699055465830e-02 -2.439020899629847083e-02
6.717429447389462738e-02 -9.180109601216709936e-02 3.349359963146166658e-02 1.531682873547290415e-02 -9.823805637973970217e-03
1.039026280637610766e-01 -1.118110760701085948e-01 -2.166778675851953676e-02 8.506839178812046487e-02 -3.280073670010469344e-02
5.306842410036067409e-02 -6.129862797126282153e-02 1.191745355458990647e-05 3.377854035433211499e-02 -1.389229381616113000e-02
1.285140946436320597e-01 -1.226352411734705772e-01 6.720645766648083476e-04 6.048793386403834155e-02 -2.446162968289400733e-02
8.250896879865469991e-02 -7.876768711852885629e-02 -2.880079460239437852e-02 7.242802915163112920e-02 -2.664620071124772227e-02
6.344981401293442458e-02 -8.330157349133686384e-02 2.314828764525966170e-02 2.164997980601124361e-02 -1.136027038539107713e-02
7.517560353710839305e-02 -8.993362756681096137e-02 6.537671888690401757e-03 4.288247916278823541e-02 -1.835535370933289584e-02
1.132052960943157743e-01 -1.259522468410223250e-01 1.265042471382730321e-02 5.334379861992467886e-02 -2.307296123162281415e-02
5.952303139555988054e-02 -8.450966695047013033e-02 2.853085448206248154e-02 1.773582040888620204e-02 -1.039570293023450893e-02
8.008234376855566383e-02 -1.025930120273138429e-01 2.762021581114717378e-02 2.697379842644052547e-02 -1.396330913400705212e-02
4.802914812554489460e-02 -4.063813185156643637e-02 -2.936694255798747571e-02 5.259908793237310504e-02 -1.848015416793693036e-02
9.053052995773100409e-02 -1.258911000605378860e-01 4.877289485145906017e-02 1.826168308055281173e-02 -1.267346340476773435e-02
5.692140507811704192e-02 -5.391666789943230786e-02 -2.288206153156944686e-02 5.319456714236913547e-02 -1.942151668809326270e-02
4.293507790793112816e-02 -4.569464380603225490e-02 3.530457189029777808e-03 1.996604395005240062e-02 -8.458397082675357323e-03
4.509032112342663962e-02 -6.361165511070808465e-02 2.423573205704859443e-02 9.964045053780035480e-03 -6.690692649153984727e-03
2.376697342123727102e-02 -3.034724189273442854e-02 5.428505385065352136e-03 1.120842787588503114e-02 -5.198272313168468897e-03
3.473817283695518343e-02 -3.217659738963966898e-02 -1.492404204565946427e-02 3.296466269949888811e-02 -1.194697903606505712e-02
1.003284149132514236e-01 -1.128340503142917783e-01 -6.112822172550143839e-03 6.864703723097149990e-02 -2.761508368218806506e-02
1.215261812505861044e-01 -1.557732717059825411e-01 3.221216652094647387e-02 5.270757385733448180e-02 -2.517047577206561748e-02
6.192272738810617599e-02 -6.837043123406956469e-02 -5.881235812552720703e-03 4.371456151968382275e-02 -1.735092355256448449e-02
5.946822409718176966e-02 -7.678522600468838666e-02 9.433202416320051256e-03 3.386460553999874612e-02 -1.505312429841739429e-02
3.812657273992230145e-02 -3.282367795024974944e-02 -1.746527908137173249e-02 3.536891495205483210e-02 -1.261811245339480164e-02
9.007016823374498771e-02 -8.313099411612170919e-02 -3.318383498465321546e-02 7.885862950337692301e-02 -2.880760858877736211e-02
5.386568225527406384e-02 -5.832197521996543982e-02 -4.990232332639266653e-03 3.685259944845212937e-02 -1.458486235606750413e-02
7.470482403757756906e-02 -8.970986626196726654e-02 8.326353336860858531e-03 4.051729795058139905e-02 -1.750239417446770515e-02
9.531207725560385258e-02 -8.986378937517418286e-02 -1.492817833315578102e-02 6.152829662611614125e-02 -2.344906177011935738e-02
8.896499508916728971e-02 -8.640439531698788922e-02 -1.102897250049230012e-02 5.611375948891953597e-02 -2.168611874620529623e-02
6.938941915553359374e-02 -8.948802477316934734e-02 1.961660554988728031e-02 2.902545724408660960e-02 -1.403809833597299481e-02
6.605263527443269722e-02 -6.530586381579449318e-02 -1.855071574117151192e-02 5.456301789447925987e-02 -2.040418022427386777e-02
6.411413343471641935e-02 -7.112769607408649108e-02 1.815713712922116139e-03 3.620285542452800903e-02 -1.499393752023898442e-02
3.985675790575569921e-02 -3.562841300751474344e-02 -1.341700601782169419e-02 3.245913021576351393e-02 -1.183950404251832116e-02
1.333558877223175454e-01 -1.373038636774795151e-01 -9.164080079899371636e-03 8.191584309497619565e-02 -3.249789597361876087e-02
3.666660465095212401e-02 -1.110822753707699749e-02 -5.764982225123263526e-02 6.481258305530641917e-02 -2.041639064137316245e-02
7.722784150975237072e-02 -8.897567316774179780e-02 -9.158901612959216912e-03 6.011935507904760112e-02 -2.390549876643067312e-02
6.926474389285140754e-02 -7.063857767440853697e-02 3.550905928935759945e-03 3.244774580938368513e-02 -1.351966598879082021e-02
4.965389539057507573e-02 -6.654279331775576900e-02 1.617789202935440360e-02 2.042354989151571112e-02 -1.016974624712944919e-02
2.239101146882145968e-02 -2.112598815516655848e-02 -1.074586821030940054e-02 2.291829469044719125e-02 -8.290229754880900498e-03
1.911060581455239007e-02 -8.758046426316301938e-03 -2.800988201364351324e-02 3.387122832974500536e-02 -1.093986318549390255e-02
4.352276170579483933e-02 -5.928066323307798480e-02 2.009634828698960568e-02 1.168329822516472535e-02 -6.939283817077417961e-03
4.604664975500202123e-02 -5.069167589893594505e-02 -3.009570879254935393e-03 3.070667944812126640e-02 -1.227311362675606414e-02
6.316994949608167875e-02 -6.528585627424432491e-02 -1.371604349171838544e-02 4.983990151859069712e-02 -1.900090617817301597e-02
6.097412082506559194e-02 -7.038009929439387191e-02 -1.334558832265232383e-04 3.898858237803454196e-02 -1.603230159788463990e-02
6.284907132896860871e-02 -6.053369163776094186e-02 -2.934545704479325084e-02 6.471363518143626037e-02 -2.361043038570508762e-02
7.127317588235410062e-02 -8.745307581792001461e-02 1.287576894905855321e-02 3.454916632593855313e-02 -1.555794428182657660e-02
7.442056885732122040e-02 -9.616825111242692514e-02 1.604352074728638763e-02 3.723502392681254936e-02 -1.709184871331932004e-02
4.781042910923186812e-02 -5.552576721345667266e-02 -2.205742314764883114e-03 3.337216286152955291e-02 -1.353212393987016093e-02
7.215861962092010029e-02 -8.007431730123731883e-02 -5.499285775781832461e-03 4.963845998537447929e-02 -1.981039996838986766e-02
5.366065511293138801e-02 -5.746635812270228794e-02 -1.376402671027787510e-02 4.667989066982549534e-02 -1.779626159530185714e-02
7.825990323823164840e-02 -1.015619519572749652e-01 3.086568516540655338e-02 2.302701854339021456e-02 -1.270760372796825126e-02
8.223978098649323276e-02 -1.024060882945575235e-01 1.220453623114407804e-02 4.448143431610525333e-02 -1.967873198168205301e-02
8.420467214605324713e-02 -9.821220538078583029e-02 1.214276208182323187e-02 4.012962649982327462e-02 -1.769012159070658396e-02
3.764892293225736292e-02 -4.260130040037725385e-02 -8.976245540609991444e-05 2.333699234150782981e-02 -9.572370594603646018e-03
9.806394163740075887e-02 -9.510462127707014490e-02 -1.839334074940982347e-02 6.881303837499390397e-02 -2.612468403321694180e-02
2.473641142054837025e-02 -2.455773549566229660e-02 -9.322564730515462555e-03 2.337288897284836228e-02 -8.636578664794792790e-03
6.046337468102555568e-02 -7.937331434542216346e-02 1.681228956556465523e-02 2.691239692391066488e-02 -1.292363079491536983e-02
6.929350362664361829e-02 -9.214616548525807194e-02 2.102894093299994757e-02 2.978211230121278683e-02 -1.457139371387280828e-02
5.881602653545211362e-02 -7.888238509325679049e-02 2.922818988250278777e-02 1.230394860317992299e-02 -8.112610155292883721e-03
6.746233158413660058e-02 -7.860331706139672692e-02 2.390048911638838550e-02 1.573396421522699554e-02 -8.798596841593378862e-03
8.403671901488372897e-02 -7.876906045700544923e-02 -2.462623089272066371e-02 6.712632074835195306e-02 -2.484846937381591375e-02
2.197535985491681082e-02 -2.833924741989313212e-02 5.295663684897109445e-03 1.026396474587802296e-02 -4.794480318858202264e-03
8.304540921045497348e-02 -8.887362370723302096e-02 1.187936681934157607e-02 3.339470754991357565e-02 -1.475867128827903531e-02
6.305515435261105361e-02 -6.487880719304563171e-02 -1.878231704376729858e-02 5.558282169434932557e-02 -2.088543638280633552e-02
8.469091422645956546e-02 -9.610459544073565730e-02 -8.775801610822087529e-04 5.364211945236999068e-02 -2.197632214664801270e-02
5.587521179315465408e-02 -6.088078254166729569e-02 -7.423988748042767774e-03 4.112178755527333418e-02 -1.608983085986922731e-02
1.133956776926786647e-01 -1.304823471084149977e-01 9.467813058410547503e-03 6.057722481872906267e-02 -2.579715392873676433e-02
3.111260558254090591e-02 -3.192335445976697550e-02 -7.656520550827203286e-03 2.538545189635789054e-02 -9.604012578228271133e-03
8.462352769739266145e-02 -1.165564364656420937e-01 3.625935337136942938e-02 2.720782461743465400e-02 -1.510879260924690402e-02
4.779506658810969699e-02 -5.929863626375059954e-02 2.081600874149044673e-03 3.165611841079508937e-02 -1.334136881775461851e-02
5.421542203074768487e-03 1.003430300000822221e-02 -3.515501883722044890e-02 3.103152562369137363e-02 -9.013963426330564438e-03
7.972943965996914795e-02 -1.108690109088811548e-01 3.321726702183959434e-02 2.772044072762240921e-02 -1.503585405506260853e-02
8.762823064004716944e-02 -9.137213998955472094e-02 -3.242682487601796643e-02 8.603806307107141060e-02 -3.211320265196163787e-02
1.220572221927353068e-01 -1.381079794642221525e-01 1.883608784387090507e-02 5.295682287218985568e-02 -2.345320207220861694e-02
4.203642029213237180e-02 -4.977646388904231889e-02 1.887974010987080115e-03 2.566938800783390498e-02 -1.078806275886121449e-02
4.360809973713326848e-02 -5.368708361050777284e-02 7.549287841536534913e-03 2.173873796187690208e-02 -9.753738835165441656e-03
8.078292250304015820e-02 -8.801210973421096095e-02 -4.501919158892677721e-03 5.215790944178026051e-02 -2.087584267963267168e-02
8.387433917207882950e-02 -1.022139287829277737e-01 1.500181858475416879e-02 4.023378752930915903e-02 -1.810299180470443733e-02
1.118553668046879945e-01 -1.221908048787669482e-01 -8.192125621488547879e-03 7.480382244137273595e-02 -2.978882303612268717e-02
3.053198248040268209e-02 -1.981327863136904746e-02 -3.001755429068802758e-02 4.173168428306996136e-02 -1.394119855062666245e-02
7.945465157140269019e-02 -7.883025002449413343e-02 -9.163395141983551179e-03 5.060623568004205680e-02 -1.965960495856456519e-02
6.649590148957236491e-02 -6.552710254407201340e-02 -1.939144733401172715e-02 5.570156796505912333e-02 -2.081472295205251746e-02
4.844751759796090546e-02 -5.927196823974121426e-02 8.991973086436611667e-03 2.295575375438584087e-02 -1.035145644748510299e-02
8.385115683689901844e-02 -9.877045593798394751e-02 3.581856552097422835e-05 5.514695057008135726e-02 -2.276213560424282870e-02
3.101085091536900928e-02 -4.268124612094228304e-02 1.519577213778627520e-02 7.652996199141271633e-03 -4.758568050007855842e-03
3.002860302130919840e-02 -4.280316268068443813e-02 1.829268769550233820e-02 4.456699412987072222e-03 -3.773146196843660521e-03
6.825147626913918852e-02 -5.331429818930118886e-02 -3.773846353233806933e-02 6.636989977852707223e-02 -2.309402470250957948e-02
5.074202527400099166e-02 -5.288095460231661410e-02 -1.142935689167301656e-02 4.094329007749330368e-02 -1.561937985823297868e-02
2.063942214717464849e-02 -3.714524831432730601e-02 2.904667126301018615e-02 -9.809660480887079717e-03 9.494559951011593332e-04
7.775927984282730854e-02 -9.131499631250696025e-02 -4.579884088793737115e-04 5.137692678152237097e-02 -2.112427195740769828e-02
1.812032323697065905e-02 -1.568440995077185953e-03 -4.018412187875389230e-02 4.242003458916574626e-02 -1.314162218973220948e-02
4.107182825750560484e-02 -3.615960308711788779e-02 -1.852268819820547877e-02 3.838770640511939003e-02 -1.374765260039510946e-02
3.994965344668610641e-02 -4.635376482662901393e-02 2.608924591816416932e-03 2.246547104914387374e-02 -9.475362991429625223e-03
3.224893395777580357e-02 -2.958342620015550276e-02 -1.646156709026423345e-02 3.339163715210567013e-02 -1.196946747685901334e-02
2.856548665506713700e-02 -1.239746557406226288e-02 -4.546943459518878322e-02 5.429232779605949744e-02 -1.749540829398885805e-02
6.552997602922201736e-02 -6.247385681091620346e-02 -1.839509753548686233e-02 5.226506655360198261e-02 -1.944437458348556580e-02
5.053434971891507255e-02 -6.824558446410222690e-02 1.759114729398276317e-02 1.990621737856110296e-02 -1.010945428629091668e-02
9.478714140409266742e-02 -1.170681809943971974e-01 1.495866792386049693e-02 4.918463486758438419e-02 -2.183707132358176858e-02
6.251304434003764066e-02 -7.388094142984097390e-02 3.789917185539926157e-03 3.690405808575521890e-02 -1.561659644586114656e-02
2.840759641056494686e-02 -1.841147036316142030e-02 -2.856056193075107510e-02 3.947181399450076095e-02 -1.315405468539440105e-02
6.472553161005027700e-02 -7.427768517185941166e-02 8.123953722345049824e-03 3.117566327440064039e-02 -1.356996580866142235e-02
3.635456751901954692e-02 -3.854761840137899825e-02 -1.192325287151992097e-02 3.437391073773259781e-02 -1.292498193279942309e-02
4.187500581342321754e-02 -3.774577684483783335e-02 -1.327750502882349762e-02 3.327899084263359619e-02 -1.215381458105255566e-02
9.728363864594552490e-02 -1.044166452534588951e-01 1.668023920788522241e-02 3.616345625555006382e-02 -1.633968343344754243e-02
9.060201695668874955e-02 -1.104595985687861492e-01 3.412201659017496946e-02 2.268162579808853316e-02 -1.275714605501667050e-02
5.078476039818637100e-02 -6.743892579755560168e-02 1.485732365517278969e-02 2.239438039534208044e-02 -1.085419719173810575e-02
6.118897416183491367e-02 -7.983542179245171899e-02 1.862050169586777076e-02 2.492381090703623542e-02 -1.227724843187442613e-02
4.544146639270953830e-02 -5.647477347465085229e-02 5.394286399076257156e-03 2.604498265832210641e-02 -1.133303922329832389e-02
6.994946034317435501e-02 -8.338368937864236441e-02 1.061441405280059459e-02 3.416299103979356794e-02 -1.511096713422754173e-02
5.285983320164960864e-02 -3.991942453487438286e-02 -2.632151072117789453e-02 4.690119966853451006e-02 -1.627221828626978020e-02
1.178328166063624116e-01 -1.298506928702728158e-01 9.239021376434163393e-03 5.917875196870774068e-02 -2.514110658144131163e-02
6.539986544726331119e-02 -8.288403282578640785e-02 7.570209232594500570e-03 3.927126789535564239e-02 -1.710101821901503782e-02
6.931924843690151494e-02 -8.406956702637324863e-02 1.877933984499932998e-02 2.540979848084384471e-02 -1.233549818157311795e-02
7.694118052269793839e-02 -8.746889117062424390e-02 -2.414508400238849981e-03 5.061674856258037425e-02 -2.054497583819549222e-02
1.531386971291199064e-02 -1.629314398669596403e-02 -2.062852173006135461e-03 1.097957819344310207e-02 -4.281523348465420334e-03
6.148829235866225262e-02 -6.792020262694564714e-02 9.162313398337295495e-03 2.580822825159055992e-02 -1.141103575317339684e-02
6.102243255343719336e-02 -5.398365116171710554e-02 -2.925729587252905162e-02 5.926616103381283918e-02 -2.117672906425313237e-02
7.373070362535533162e-02 -9.073617851236720488e-02 9.285608984345343833e-03 4.066106334422255053e-02 -1.771359532177461255e-02
9.016753565529221637e-02 -1.126807919613821846e-01 1.350981494822147203e-02 4.891375417651590285e-02 -2.164209162559838778e-02
7.794334643466392654e-02 -7.898664230737073577e-02 -2.824006682287009268e-02 7.376388218523675933e-02 -2.742515953777388202e-02
5.815942292947715725e-02 -5.906832037503815386e-02 -1.476419004833435036e-02 4.754075596830766720e-02 -1.795051793755185823e-02
9.113808566609202244e-02 -1.074234297354916823e-01 9.161741147649832620e-03 4.898986890661875815e-02 -2.105829857969012883e-02
8.355804777691279439e-02 -1.044816098935089504e-01 1.567683483945508244e-02 4.156941720058144468e-02 -1.879755368883636452e-02
6.770237930587268138e-02 -8.683425433461969267e-02 1.617912873259606810e-02 3.136794225654423313e-02 -1.464220516438861051e-02
1.181251301273899407e-01 -1.282925772571403278e-01 -4.844291616900135711e-03 7.384912763536377600e-02 -2.967856443305826389e-02
6.122161303297717766e-02 -5.123510693293416990e-02 -3.048856763454060523e-02 5.835674912353753380e-02 -2.061744303911514781e-02
4.403970061354298832e-02 -4.701063273755143324e-02 -7.047097556453932841e-03 3.309114764503887779e-02 -1.285108410241915869e-02
7.856183947617385865e-02 -9.455373180561631175e-02 9.977397763855269663e-03 4.149516894157612157e-02 -1.810867672329295047e-02
6.033056612020568782e-02 -6.418115448890160391e-02 6.337912074480770742e-03 2.650297992626644145e-02 -1.139159881989638100e-02
2.650450161295296245e-02 -3.272804942960079455e-02 3.679834028142780957e-03 1.433522207494053111e-02 -6.294778902871524078e-03
1.021830944265071789e-01 -1.156077308411907062e-01 3.487758180240389545e-03 5.910254115416933157e-02 -2.463978377618956939e-02
5.237474653063260710e-02 -5.632156277257944349e-02 -5.328085857533337508e-03 3.611440776004811587e-02 -1.425528241946533679e-02
4.105772742339446058e-02 -3.930796665579058130e-02 -7.208876219493935526e-03 2.782405632166023296e-02 -1.056762255940712700e-02
4.231149629857777761e-02 -3.929680364020284727e-02 -1.640152343692235365e-02 3.806140809385801654e-02 -1.384158059667506269e-02
2.001896470887808838e-02 -9.834006286339935440e-04 -4.738957932986965355e-02 4.972667582244327811e-02 -1.538129296006547631e-02
1.163097604077863167e-01 -1.121371536060801477e-01 -2.188098279337465438e-02 8.121735263028234675e-02 -3.081646659676828826e-02
3.766235598848190376e-03 2.114562341527866790e-02 -5.271477643153067022e-02 4.279150941666483299e-02 -1.193975120568182592e-02
8.865879473397376975e-02 -1.036989533961305832e-01 2.429983590114970227e-02 2.907298518691367809e-02 -1.431356320146457556e-02
7.584410025543479594e-02 -9.526181959564948565e-02 1.389113597490861975e-02 3.840594561516018357e-02 -1.729093854147995338e-02
6.354931196829541329e-02 -7.514459336940021439e-02 7.728886339855405019e-03 3.276273961947774593e-02 -1.423749531875331473e-02
5.027191616047954614e-02 -5.961883017161531684e-02 4.464899685359546497e-03 2.803173693647806330e-02 -1.198351378089828126e-02
1.051134577735792809e-02 -2.165438871933330137e-02 2.018517879524566946e-02 -9.010999277932581902e-03 1.551483559291695624e-03
1.168581557161050277e-01 -1.370955923154807965e-01 1.768798372898352372e-02 5.539128627786124581e-02 -2.452877734842101587e-02
4.918069995375481951e-02 -4.266135150999488673e-02 -3.422579153649191880e-02 5.974616263653474701e-02 -2.098294652952818751e-02
6.294480934463327071e-02 -8.156706743723596276e-02 2.002767373582648586e-02 2.391155125526813266e-02 -1.193353590525871900e-02
3.341315744929994336e-02 -5.194531087743537584e-02 2.803318904870297917e-02 -4.317119350896176494e-04 -2.812678989153456505e-03
-1.504298539213593747e-03 -1.555547844825858799e-03 6.752434962376110961e-03 -6.117961477762655711e-03 1.792994554395906581e-03
1.020058189330159681e-01 -1.140525645136728633e-01 -4.442646336181944877e-03 6.701695373870797390e-02 -2.705954721491285464e-02
6.808149793821953455e-02 -8.881765470243037364e-02 1.271224226523372594e-02 3.736971940704904294e-02 -1.688402998394974291e-02
7.409201581492469435e-02 -9.872986539779270154e-02 2.325242659044193458e-02 3.104124122474321429e-02 -1.531028483359819260e-02
4.609368058382993377e-02 -6.124315809629361090e-02 1.668194886794334419e-02 1.646977251398611813e-02 -8.550575773101051422e-03
2.584333514632711215e-02 -2.057659506579365485e-02 -2.198283410232452009e-02 3.453091710412948406e-02 -1.188649661010393252e-02
5.628287340752503171e-02 -6.577720546043737404e-02 -7.615338979555403296e-04 3.756697806654187011e-02 -1.543684960351674081e-02
6.459114608028890259e-02 -1.091213810464979200e-01 7.232781350547445864e-02 -1.476599269538241346e-02 -1.658451280586735943e-03
9.515839590749260168e-02 -1.089177784150264505e-01 2.126870259740410492e-03 5.737265724537754519e-02 -2.381368773038867667e-02
4.714735674100957452e-02 -2.715699207661386588e-02 -5.220625635822602473e-02 6.840197624506823282e-02 -2.251037610317265653e-02
1.377812371210150599e-01 -1.206756001543507900e-01 -4.426630190797867931e-02 1.081214220930708514e-01 -3.948906703604412177e-02
1.153284855311270118e-01 -1.013199715998006900e-01 -3.478721530380172317e-02 8.806899827829496596e-02 -3.226166725940327745e-02
9.378609700301651642e-02 -9.861734243212233464e-02 -5.060131067249167003e-04 5.211945217441645711e-02 -2.114706811550186999e-02
2.604652393877702685e-02 -2.304690047922008239e-02 -1.122129386458908633e-02 2.378142660819206750e-02 -8.528525579843454843e-03
7.812431950757056653e-02 -7.408947690587096291e-02 -1.376388749266527906e-02 5.255281969676585396e-02 -1.995792321231240618e-02
8.782767405244208681e-02 -8.410338318004335900e-02 -1.509831387824990025e-02 5.901293981538880545e-02 -2.239190792357851137e-02
7.746161333091665380e-02 -8.918882282028245401e-02 7.043007205092962145e-03 4.070168619505443869e-02 -1.738648076691721653e-02
2.688080605670950529e-02 -2.874006592700543983e-02 -9.225125383076032062e-08 1.511834635263364229e-02 -6.149952253017417110e-03
1.018931063889958188e-01 -1.249260338718959362e-01 2.776652806499848442e-02 3.841573821440723985e-02 -1.865154789193073856e-02
5.735610146817565758e-02 -5.688334518581125709e-02 -1.366140262703842423e-02 4.452975115714923049e-02 -1.675291857842654483e-02
2.658024898081255347e-02 -1.041417543154865046e-02 -3.802060339439171377e-02 4.444955262286758024e-02 -1.415290110827173778e-02
7.261892319598807488e-02 -8.754273639999241019e-02 1.331965948704193735e-02 3.351423226994653531e-02 -1.510893975695186235e-02
5.775527486584562664e-02 -6.303538154762698686e-02 -1.500464669007114428e-02 5.155591632225682563e-02 -1.971416980164519828e-02
1.059178574667140292e-02 -5.484098281525931658e-03 -1.291158004046303980e-02 1.619858454183838170e-02 -5.261393382325941365e-03
6.773641258862225789e-02 -5.882871785230300854e-02 -2.374261259072675545e-02 5.473241348792727556e-02 -1.978242481434124012e-02
6.799476480594529582e-02 -8.696151741748336939e-02 2.409426592634416123e-02 2.202712202909182931e-02 -1.155481771985533354e-02
5.409470860751860316e-02 -5.930109871708306307e-02 -4.087479313212392419e-03 3.652865396853460789e-02 -1.455124958879955126e-02
3.407097523391742350e-02 -3.191862106597855020e-02 -1.398355654914298571e-02 3.184432916918968764e-02 -1.158220581253139973e-02
6.483688787463802450e-02 -5.497601036637733002e-02 -3.917784115458664007e-02 7.071826611676225449e-02 -2.491925506666410259e-02
7.296801581508061130e-02 -9.108528168175662743e-02 -3.486935607108028815e-03 5.713148731158566862e-02 -2.343411533283910192e-02
2.602788967880200616e-02 -2.934868636283901808e-02 -3.621467274357086704e-03 2.022910482605529831e-02 -7.948403076752518989e-03
8.020673579814151244e-02 -9.073041309832249879e-02 -5.001810359193207926e-03 5.548370221003681019e-02 -2.233018746211542019e-02
1.026303624799283221e-01 -1.153441707040468583e-01 8.074132507177244136e-03 5.320267986628293699e-02 -2.259339246937859536e-02
3.975028403654019132e-02 -4.342767006586671641e-02 -3.823304406392773625e-03 2.762794812066680233e-02 -1.091942658591277433e-02
3.799159170635234284e-02 -4.236940730425708956e-02 -2.282790893040652098e-03 2.556934981377501775e-02 -1.025560783866889640e-02
7.518056971382529319e-02 -9.412172802627807866e-02 2.507686470381069802e-02 2.471753109057238385e-02 -1.278711198798106359e-02
1.466915115473586273e-01 -1.518469937553101334e-01 1.517014959487834706e-02 6.176566483204338348e-02 -2.657278447069111663e-02
1.129988206551738456e-01 -1.180974344950244670e-01 -1.574371474428450449e-02 8.017729428896479271e-02 -3.123807800978138996e-02
5.576748545742387514e-02 -6.279829791157688634e-02 -1.858624389876138445e-03 3.624642393637501209e-02 -1.467120315424133223e-02
2.938234004397151031e-02 -3.559632218027233841e-02 3.945150310531646103e-03 1.545612236220901894e-02 -6.769790843122362213e-03
5.260756238916739630e-02 -6.215543879254695897e-02 4.585764781136031712e-03 2.921619376330239840e-02 -1.247272398200965915e-02
3.108657891487961317e-02 -3.247772915361996082e-02 -7.107917016121550330e-03 2.522905725786223421e-02 -9.607647136160956183e-03
5.933945353774132403e-02 -7.847124409844086212e-02 1.440018500032673454e-02 2.949747213350990133e-02 -1.378381754473233071e-02
2.542277828246732388e-02 -1.883897241093189512e-02 -2.369819287227034957e-02 3.522857603041686103e-02 -1.198539064122401514e-02
6.508724902491883069e-02 -6.287799266031268708e-02 -2.002164193434334549e-02 5.446978691945212475e-02 -2.016856554130720333e-02
3.680589740434377088e-02 -5.226055479734395548e-02 1.886728882386701570e-02 9.500481076052526980e-03 -5.940246067695749768e-03
6.153546310917690221e-02 -8.066287775981553776e-02 3.101994763355047854e-02 1.077654677200691122e-02 -7.615852948055936052e-03
6.138604692482081682e-02 -9.077822471246320413e-02 3.537099074602871596e-02 1.455040311851261287e-02 -9.879333160830942873e-03
8.593786084399446246e-02 -7.279419083417426606e-02 -4.926342665125962167e-02 9.011745612365465452e-02 -3.168692433987582019e-02
1.087988596888265214e-01 -1.269639485251125022e-01 2.980699524674685838e-02 3.543322761339903759e-02 -1.745085721442970333e-02
4.817102210694135939e-02 -4.458138099152474804e-02 -1.376285549100216520e-02 3.745146354710201381e-02 -1.380524345396766731e-02
2.149982841802973790e-02 -1.190334513659213611e-02 -2.759818777872657253e-02 3.522973264492370443e-02 -1.154489227254454700e-02
5.899482734123944611e-02 -6.652945177299086910e-02 -6.632893365323305410e-03 4.417436000023299003e-02 -1.752970646051605491e-02
9.524996668626489749e-02 -1.124515231781540447e-01 1.929382040206994997e-02 4.016886690212287392e-02 -1.846413637088212614e-02
4.047376022228048320e-02 -2.497748925271732826e-02 -4.888848675002928357e-02 6.486863340195796190e-02 -2.147759598122647370e-02
5.723446085971308633e-02 -5.268548299766300652e-02 -2.957398792694338613e-02 5.983272207692248018e-02 -2.144420635657089125e-02
1.957324801466769904e-02 2.754172497659794928e-03 -5.098456128401118032e-02 5.099495605655553210e-02 -1.549894459899764376e-02
7.728611811157579115e-02 -8.218806960069290068e-02 -1.060112422588034044e-02 5.573608095896625397e-02 -2.175735763250294733e-02
6.187590604979837511e-02 -7.539363232723370056e-02 1.735759098696675745e-02 2.218994358484602941e-02 -1.085171268818067858e-02
3.035453920383170134e-02 -4.083670566534883944e-02 8.940780903392300805e-03 1.376287465535203092e-02 -6.656097138984518914e-03
7.497253839403421327e-02 -6.079424435473307353e-02 -3.821590419536255445e-02 7.128793547534022224e-02 -2.514839033584613873e-02
1.510325482569479516e-01 -1.527736836059841730e-01 -7.869864542710637567e-03 8.794204740630627570e-02 -3.507092072094253332e-02
6.511482849645990056e-02 -7.901332113543621527e-02 1.174849657011603488e-02 3.070983380795875087e-02 -1.380968532592865249e-02
6.590223530963479348e-02 -8.498572851464311628e-02 8.530346786296072806e-03 3.999120098060450490e-02 -1.757702190920519894e-02
8.399777862640100956e-02 -9.985486138510087095e-02 4.298764650928136970e-03 5.109672189222087130e-02 -2.155978120785949359e-02
4.950160806464165564e-02 -4.432137485074089805e-02 -2.399424719355451596e-02 4.879972028372450005e-02 -1.745497312972802556e-02
2.673445334938466186e-02 -3.638299882892191695e-02 1.319186069549559137e-02 6.122533138775316207e-03 -3.902235990995610217e-03
6.033713332849786198e-02 -7.387363134827099054e-02 8.155296027707367029e-03 3.231754361272271697e-02 -1.415555748746158242e-02
3.261004004111391769e-02 -3.454954926875673793e-02 -4.925680710668339270e-03 2.388459677576817985e-02 -9.270166863237769284e-03
1.735765557904541401e-01 -1.712135406551318628e-01 9.538736479225082276e-03 7.612752905865043107e-02 -3.169589699033455860e-02
9.596090407500135200e-02 -1.043849160632823458e-01 -1.353349153584722415e-02 7.150556678060863980e-02 -2.794399346679280610e-02
-1.020425789280626772e-02 2.281804818468947602e-02 -2.353339413494920720e-02 1.186409141226716160e-02 -2.369182208542259908e-03
3.701711299005497335e-02 -3.031957716678238338e-02 -2.235594318872608996e-02 3.928026118869442501e-02 -1.370668180187718452e-02
7.923480592573971248e-02 -9.601285328791157869e-02 6.895215243106906679e-03 4.619637348603167909e-02 -1.977092343016934733e-02
6.472803960653626676e-02 -5.978901943646248301e-02 -3.332695073892474880e-02 6.786583743241482447e-02 -2.439325673614440443e-02
8.167615000246362944e-02 -8.458411244638601445e-02 -8.796176535128014118e-03 5.396226217722630003e-02 -2.108650907641964820e-02
4.437967860807477682e-02 -5.591643015279849915e-02 9.116294856478714820e-03 2.151900802023962167e-02 -9.842050457423185891e-03
7.474480755598428283e-02 -7.825919289529233158e-02 -1.589213654796458805e-02 5.952274013990738188e-02 -2.278680680423908825e-02
5.390015883397113877e-02 -7.859086904161249887e-02 3.033282941975593353e-02 1.254032975110712378e-02 -8.452046276315006851e-03
9.490859706179763031e-03 2.333717965198539492e-03 -2.957169713826391169e-02 2.957262968991275498e-02 -9.010320369173197702e-03
6.381161374280691634e-02 -5.314480712239371546e-02 -4.183264639721927247e-02 7.254982682741570321e-02 -2.537747038758042181e-02
1.039465515292181397e-01 -1.111241067654590992e-01 -8.359412123241847375e-03 6.859720268278923783e-02 -2.724347510497559383e-02
9.183618524956400908e-02 -1.156122064061372023e-01 1.642086672246070161e-02 4.757867832136371267e-02 -2.144635810718802452e-02
7.908482266714472741e-02 -8.499897697204678026e-02 -1.142068703575995978e-02 5.829499152207859303e-02 -2.270121224898366541e-02
6.532439823265551171e-02 -6.051806282005047638e-02 -3.278485966696347703e-02 6.751077274155994901e-02 -2.426640996047869578e-02
1.517785918290215641e-01 -1.548980856662279526e-01 1.210672529218852211e-02 6.634114998759745030e-02 -2.811326156108291327e-02
4.585247190135606499e-02 -5.724812748601122020e-02 8.158053411302173055e-03 2.334814695464511661e-02 -1.051398200265026006e-02
1.001529685348092891e-01 -1.122573989753249263e-01 2.813198736774889450e-02 2.848642187011891577e-02 -1.440808092846316765e-02
3.534702086056604881e-02 -3.405367215721023799e-02 -1.409277490611307061e-02 3.329746303370401117e-02 -1.217037730147211075e-02
9.291551825590431413e-02 -1.179381271001932324e-01 1.730364444029570264e-02 4.814757761436801176e-02 -2.178697991456073763e-02
3.268739642857913102e-02 -2.474792961912537434e-02 -2.926819651174317888e-02 4.423679058995588081e-02 -1.507870929233945737e-02
4.553707295507872232e-02 -3.616360724742276322e-02 -2.716723612021050560e-02 4.697959208025512257e-02 -1.631459532772365842e-02
9.728851207183966676e-02 -1.133728515929908198e-01 3.167469987103405799e-02 2.612350730790683612e-02 -1.388478878522851102e-02
7.656907632138201802e-02 -8.031298298814533443e-02 -1.474320016485312348e-03 4.367623804880193389e-02 -1.763495060727810274e-02
3.109044442959906646e-02 -2.995297834345970328e-02 -1.673098162130623109e-02 3.455610965950162844e-02 -1.248424220312011057e-02
3.085069581618257728e-02 -2.890103243178772721e-02 -1.298813442279053709e-02 2.916339951789672855e-02 -1.057700820988497110e-02
8.456963589495800071e-02 -1.044577395957234922e-01 1.332572831158564466e-02 4.411506845863626125e-02 -1.963053702228901784e-02
3.818563971243892075e-02 -4.395878031933613678e-02 3.226424184949288070e-04 2.379548810135983031e-02 -9.810500197469099876e-03
5.182825294785170511e-02 -4.697242515460443163e-02 -1.879106315798897281e-02 4.413393328872277505e-02 -1.603065352182303158e-02
8.741458080358625871e-02 -9.795984277407991658e-02 -7.701494093914443631e-03 6.228207847892256593e-02 -2.483014450979470489e-02
5.764210182060765936e-02 -3.821493773287049783e-02 -3.719527565087678983e-02 5.681190013271635725e-02 -1.916402669675107071e-02
6.707256405509438857e-02 -8.069854784173743911e-02 -1.629053069495857301e-03 4.772826538890943826e-02 -1.961407529584598478e-02
6.839151117684155734e-02 -8.913494722441743512e-02 1.959474285177708469e-02 2.908039502673744753e-02 -1.406958519133005674e-02
1.069972362007601263e-01 -1.366061187409338962e-01 2.054826478726794886e-02 5.543583397945898300e-02 -2.517327751766513036e-02
4.484381967346684483e-02 -4.350026214411837483e-02 -1.147104666871164372e-02 3.490674436911465894e-02 -1.303248105391161503e-02
1.010900775655527856e-01 -1.227999402062482370e-01 1.667279053498982311e-02 5.013541234100418742e-02 -2.243480452495262914e-02
6.721584644906322681e-02 -9.094938673431621212e-02 2.783408110587903481e-02 2.132724588839898794e-02 -1.174981507746311257e-02
4.854475407113492680e-02 -5.702400454035402161e-02 -2.545092900985955649e-03 3.482509886872809518e-02 -1.411441777622887174e-02
1.226202890358446401e-01 -1.256319668615336060e-01 -1.929803849452700615e-02 8.743519563865521926e-02 -3.379070262700149124e-02
1.536848508090472576e-01 -1.524053200856304857e-01 -1.262937829944065816e-02 9.247698231906108235e-02 -3.642870400886411703e-02
4.948574205037160195e-02 -4.739230816840541566e-02 -1.170630750667266129e-02 3.718171304143125244e-02 -1.397963983370579220e-02
8.293097560028590831e-02 -9.120513002388223878e-02 -6.588039978847373343e-03 5.685681647924160226e-02 -2.269600743216943634e-02
9.509488947916176771e-02 -1.054217667201703956e-01 6.946919826811959360e-03 4.877018328552374521e-02 -2.064625658454136495e-02
2.930774903737791079e-02 -3.107254039589285241e-02 -5.275899903915432648e-03 2.248826461161946427e-02 -8.671379639267260547e-03
5.223712186695755877e-02 -5.245801158927319852e-02 -1.682824790589694183e-02 4.634944345095046159e-02 -1.725281247069468740e-02
6.234801707165817108e-02 -8.456362797301757162e-02 3.141027860882879968e-02 1.325628749640356090e-02 -8.729922130161323762e-03
2.718407811165003338e-02 -3.007882875378546303e-02 7.083937686883191387e-04 1.530003615335055051e-02 -6.314853196170156988e-03
2.565514015871223075e-02 -2.602687566413177875e-02 -1.039835443495958772e-02 2.557029671180710909e-02 -9.439160113774278452e-03
5.851261572942983991e-02 -4.716918681237394079e-02 -4.012224896376921646e-02 6.721360184221977785e-02 -2.333228270115671535e-02
2.057917194412142714e-02 -1.614785498291124513e-02 -1.712147173804922512e-02 2.683554749732408248e-02 -9.225324875358221696e-03
1.062970928359272954e-01 -1.199043924251180643e-01 -1.793976228250889187e-03 6.747906709547205062e-02 -2.754839842957197346e-02
9.817067337257730231e-02 -1.220615725218059805e-01 1.676042304664125682e-02 5.029017846453356227e-02 -2.252914587627100756e-02
3.241676306962126830e-02 -3.197550705130037391e-02 -1.098655534990823981e-02 2.890675717237317296e-02 -1.069974904846909998e-02
1.255290944877101578e-01 -1.331306553615896338e-01 5.040250342748370076e-03 6.424292777030102264e-02 -2.665894410595960606e-02
5.895583284077605263e-02 -8.357161696682598173e-02 3.359987908398003043e-02 1.118061931086795219e-02 -8.199944819017469105e-03
1.034445591691222216e-01 -1.351087024826659877e-01 2.725883730231584701e-02 4.733512520029856119e-02 -2.250954350286731714e-02
4.615712182961218685e-02 -4.131704633751955708e-02 -9.650271832207383063e-03 3.074696078960520440e-02 -1.144244737629233725e-02
7.976319378500620894e-02 -7.443676900322834800e-02 -2.476932613385761719e-02 6.485924361637070146e-02 -2.386080877347656129e-02
1.028108047631266647e-01 -1.192698547654027774e-01 1.796354415352144004e-02 4.486392467739020590e-02 -2.020250656291742650e-02
1.335106187921286935e-01 -1.186280103176610146e-01 -4.466421068440324521e-02 1.080940861944881121e-01 -3.947769581561291763e-02
4.241892387735887726e-02 -4.462681111744778301e-02 -9.708854674746894911e-03 3.464492133413232811e-02 -1.319040456309417998e-02
3.781742340359903892e-02 -4.672453679445532498e-02 1.117377469432740723e-02 1.340046984003086250e-02 -6.625580266957278169e-03
4.963594360157999597e-02 -5.383748434521624243e-02 -7.802509388134876676e-03 3.805210469510411642e-02 -1.487877699637797646e-02
9.617207281122074070e-02 -9.411791923527054737e-02 -2.945347247906928562e-02 8.171184489872047874e-02 -3.043998984869673505e-02
8.825442963458830781e-02 -1.101760002717175613e-01 2.840086799553874150e-02 2.950419906732553929e-02 -1.498562517086433031e-02
7.037883005888828647e-02 -1.001131183493965821e-01 3.789030342391341843e-02 1.621154034964857049e-02 -1.074396272575714462e-02
8.749362441509292432e-02 -8.281639155622323722e-02 -4.423316922737698803e-03 4.634246630067329065e-02 -1.831957537196874861e-02
1.007010512174589395e-01 -1.081552331699791175e-01 1.649079510545820157e-03 5.570561954051857917e-02 -2.297552960580245135e-02
1.229556783836526224e-01 -1.502161756626703704e-01 2.860270838367991522e-02 5.116251449614377111e-02 -2.387338141093780022e-02
9.598357339460070192e-02 -9.542778015978045647e-02 -9.719835365679741282e-03 5.997629938909930514e-02 -2.346990457110845543e-02
6.615137574769026918e-02 -7.081658246952232671e-02 -1.314087656159602588e-02 5.308553326657919347e-02 -2.050154840558437302e-02
6.081095568762180659e-02 -5.958048950676926581e-02 -2.668999353102748107e-02 6.122335255182959762e-02 -2.239181410281589762e-02
8.011131484326732000e-02 -1.057905850765627626e-01 3.543354497618252108e-02 2.052060972228310354e-02 -1.214252149492418831e-02
7.053728753176398414e-02 -8.751259060064300876e-02 9.509207046880933586e-03 3.884830564498161637e-02 -1.702171976286096303e-02
4.078448298925208687e-02 -4.009274640514891297e-02 -1.387934977679466421e-02 3.645296497337469771e-02 -1.352341685450927401e-02
2.304197558061225892e-02 -2.317922358271685274e-02 -8.165832615736522138e-03 2.139721510229844817e-02 -7.941335750269930271e-03
4.718670227731032452e-02 -4.090695374219598113e-02 -2.595569158559636602e-02 4.899402483887068532e-02 -1.732612483993529670e-02
6.533775863373932069e-02 -6.486549349930342823e-02 -3.095306611893727106e-02 6.955955444923316022e-02 -2.549902058018591738e-02
7.986788188010987555e-02 -8.892157978669817942e-02 -5.535276330347444276e-03 5.470272359347579799e-02 -2.193132831258231413e-02
1.112407461719513158e-01 -1.184375888449649000e-01 -8.546379821827780957e-03 7.259658517270180245e-02 -2.886300306338494825e-02
4.719257000022621801e-02 -5.435098308798745614e-02 -7.575405234373089845e-03 3.909723985323234480e-02 -1.538994480874178276e-02
5.068014598264275472e-02 -5.048890514890955888e-02 -1.924004288206196400e-02 4.808621336204373792e-02 -1.773563329568542124e-02
5.259997799840106236e-02 -5.347680394936144693e-02 -1.138449259091939237e-03 2.875261559111589107e-02 -1.154295685743555490e-02
5.465837771233671150e-02 -6.653286980154984875e-02 5.881694036556635134e-03 3.096541779524070170e-02 -1.342891177320796811e-02
9.103777358754362725e-02 -1.053425844801881839e-01 1.855561160301116277e-03 5.636675152929362942e-02 -2.347813898750616968e-02
3.304119517898425340e-02 -4.280729312429305822e-02 4.110774759201869105e-03 2.031215346399882840e-02 -8.876216610848572386e-03
4.046647012394185422e-02 -5.757238502039431494e-02 1.883582679224151887e-02 1.283032572762890858e-02 -7.333353079618908608e-03
2.904278883865834757e-02 -2.129528580795660153e-02 -2.478921497079193681e-02 3.722436062151294328e-02 -1.263176352697197892e-02
8.464768567911551411e-02 -9.477782378197699420e-02 2.097800555310583032e-03 4.881658688880583657e-02 -2.019108606864029182e-02
1.042946771512698739e-01 -1.077645881099369568e-01 -2.079415707743373365e-02 8.064288825712007114e-02 -3.101992287970694109e-02
9.006743504833679415e-02 -8.080578561471253585e-02 -4.246291268863185836e-02 8.770546825807917779e-02 -3.147868466490234829e-02
1.124882432565838114e-01 -1.016435502965520599e-01 -3.766080052257261140e-02 9.261631463227207317e-02 -3.396524103092721930e-02
1.666877436803028412e-01 -1.686236730240830706e-01 -1.868812926648888428e-02 1.089046490233587794e-01 -4.268008886751257364e-02
4.556090652088198162e-02 -3.575739872519270030e-02 -3.288418198314496665e-02 5.363915628671552666e-02 -1.857455144089789623e-02
9.503636297166326297e-02 -1.197160429621090399e-01 8.933062285339217826e-03 5.876946658714950894e-02 -2.530064404708597114e-02
3.629945870485494497e-02 -2.365667887956780444e-02 -4.386195407447181921e-02 5.944186704763777113e-02 -1.984661618190046439e-02
3.100958266455219881e-02 -3.871653207119686579e-02 6.902695833928306109e-03 1.409761454907688429e-02 -6.533193259207975036e-03
7.072940216355162735e-02 -8.540724144591309297e-02 8.139508405204222766e-03 3.866166564186657856e-02 -1.678238439271845933e-02
5.896686270631063681e-02 -7.257271936263059997e-02 7.989794400150466297e-03 3.196316065247544608e-02 -1.402107241170429466e-02
6.662523261180355871e-02 -6.916933745156593483e-02 -6.790248856574556541e-03 4.376715510880217763e-02 -1.715264421138552528e-02
6.924750430982366811e-02 -7.975594956392050017e-02 4.601283030890326170e-03 3.847646766213472236e-02 -1.626117767282408977e-02
6.696229136270619164e-02 -6.092226911001730194e-02 -2.247780084996217967e-02 5.515074120941099167e-02 -2.012985897057714343e-02
1.526729696798601044e-01 -1.671659001964221347e-01 -5.641753141011109259e-03 9.689981588527453449e-02 -3.932061722758888739e-02
9.367880109960967372e-02 -1.065967684379470759e-01 3.711121239864297646e-03 5.405034866740968807e-02 -2.258595644066737143e-02
1.087188923772489380e-01 -1.242930100514558350e-01 1.033600846952618252e-02 5.593890172178349329e-02 -2.395843416065985762e-02
6.145547248405677093e-02 -7.828003096089516943e-02 2.081146369318217365e-02 2.073025008287158327e-02 -1.066994566388071788e-02
8.022100456963408843e-02 -1.046560837617512146e-01 2.086667504188439298e-02 3.687851358171936877e-02 -1.748395534538851187e-02
8.211010516970418394e-02 -6.972861940762933863e-02 -4.421298866635241243e-02 8.330633730576808560e-02 -2.950958739597608904e-02
4.078724781226773094e-02 -2.715135453488845552e-02 -4.051966352697230350e-02 5.672556783717979528e-02 -1.897577232881294054e-02
1.134276437498151630e-01 -1.139168660459026206e-01 -2.354373291849517699e-02 8.597193890494939095e-02 -3.284228032533818842e-02
3.753591847905103640e-02 -3.882510695461829919e-02 -1.517441632207047406e-02 3.806763306090135690e-02 -1.411162127263677554e-02
1.073819113485373761e-01 -1.099238446411876791e-01 -2.355234881629247878e-02 8.469569854378786178e-02 -3.239843567245864059e-02
1.504200844342757359e-01 -1.774513573669042055e-01 1.645485680636714354e-02 8.046499329962793212e-02 -3.500612974924038889e-02
7.466854066606691542e-02 -8.292285330873139237e-02 -5.839144657032492754e-03 5.176098960252363546e-02 -2.069363506183240914e-02
2.029628168803091492e-01 -2.068148553813519142e-01 -3.532352326063544542e-03 1.114095186094693074e-01 -4.509545667079007530e-02
1.266921611562820682e-01 -1.462820057573871735e-01 9.637686829184236373e-03 6.932328472825444177e-02 -2.944967023320283969e-02
9.384532643268377050e-02 -1.066137997853758568e-01 -1.569760269545954039e-03 6.035266017536632110e-02 -2.470013101586584700e-02
6.642047215206382804e-02 -6.470129501670562888e-02 -1.967159555569256493e-02 5.540990401656101932e-02 -2.066411615296066123e-02
8.767480007717889934e-02 -8.886893417982469345e-02 -2.928938802473514749e-02 7.987545049224381577e-02 -2.976693792698896848e-02
7.537278372677518046e-02 -8.564979097208316738e-02 -4.655255010068671227e-03 5.242976871828103347e-02 -2.111907473213999256e-02
5.289950052023431604e-02 -5.870298539513352232e-02 -3.736265909577659184e-03 3.615727917170436650e-02 -1.448635195857777072e-02
1.925803837101613958e-01 -1.896224904501072339e-01 -9.404431837996718446e-03 1.076135543738383493e-01 -4.288762048466181198e-02
3.987140036983560093e-02 -3.150079782381993987e-02 -3.211377517351528266e-02 5.090996034317485375e-02 -1.753142693952215378e-02
8.326263873410193195e-02 -8.855751097280847861e-02 -1.118462100434309756e-02 5.993400813411441097e-02 -2.345747297535507800e-02
1.363163984936702766e-01 -1.373511191363698813e-01 -2.764462673656527952e-02 1.030987186330724753e-01 -3.949539511165499339e-02
9.415311529595421502e-02 -9.417654201734181052e-02 -1.678191267983673851e-02 6.774184694869306300e-02 -2.600868848227934349e-02
4.802847903360493026e-02 -6.755975513156893542e-02 2.923653621651929602e-02 6.342015087896230550e-03 -5.676461895274166267e-03
5.986221326354716071e-02 -7.530697776581993241e-02 1.125404624319381770e-02 3.012700103760964157e-02 -1.361616199408137960e-02
5.783940951754615312e-02 -4.712211273193986361e-02 -3.446220791301674718e-02 6.071136265141749422e-02 -2.120778913845453029e-02
5.188663080052913212e-02 -6.243908677120229428e-02 1.841221368522883307e-03 3.305741738623736714e-02 -1.383547356262757565e-02
1.316904764536486749e-01 -1.497649214162704578e-01 -7.680749072769508905e-03 9.194881979226283975e-02 -3.729900951185870228e-02
1.307676451028251807e-01 -1.443463896869162377e-01 7.171181489243614367e-04 7.720963452324311471e-02 -3.178949884529749109e-02
6.241285470268150698e-02 -5.894015430812672707e-02 -3.146128149653139999e-02 6.565953189199603968e-02 -2.367889704183384625e-02
4.724276604692251302e-02 -5.744048633344166210e-02 1.496047092826082239e-03 3.084395655628590152e-02 -1.290257406607442023e-02
9.091268973343852311e-02 -1.032573261953959320e-01 -5.114533250188371856e-03 6.266503096298088604e-02 -2.530095644805062730e-02
1.307481465094360029e-01 -1.526091009928870756e-01 6.570724805861859023e-03 7.781971539098621327e-02 -3.293139298516378766e-02
1.593308279160403074e-01 -1.900920774588216178e-01 1.869941920100999175e-02 8.546571701726460302e-02 -3.732632022420798168e-02
9.939360424198658006e-02 -1.192462555438888322e-01 1.866033205798444880e-02 4.529849113964061480e-02 -2.058031222379376121e-02
1.097016227693370094e-01 -1.099254620942972660e-01 -1.667468961565218497e-02 7.579884481839221921e-02 -2.931417581644576303e-02
1.489147125503811619e-01 -1.289733965520894754e-01 -4.322681100760271400e-02 1.105424490556121825e-01 -4.053477473538609488e-02
1.092598428263648336e-01 -1.123109454589609341e-01 -9.535581154547315488e-03 6.933703420407534568e-02 -2.734478030163343606e-02
9.282284267267920663e-02 -1.008106968346894200e-01 6.802956149647353297e-03 4.562616423264012622e-02 -1.923230829508668430e-02
9.302150273370962674e-02 -1.039998304322216904e-01 -2.393829986164660011e-03 5.937396659267097504e-02 -2.417762288713621449e-02
8.694301079100069662e-02 -1.206119989861358377e-01 3.798268242571162939e-02 2.814790296002621026e-02 -1.577679618961532609e-02
4.116141292112428240e-02 -3.156689131634433237e-02 -3.358691779943506761e-02 5.221375774545198439e-02 -1.788471410107996679e-02
1.356985812343506903e-01 -1.258854334095340366e-01 -2.364056524514850793e-02 8.930450062049029303e-02 -3.395861033759478564e-02
1.253870931445275894e-01 -1.378283219742741927e-01 -9.830458643761445445e-04 7.549684326995058370e-02 -3.090755392037868032e-02
2.481502069264657825e-03 1.672981852667208575e-03 -1.025829192530717214e-02 9.837352711457346757e-03 -2.962046477788748966e-03
4.765898916320792517e-02 -5.313322633133414630e-02 -1.251710681932731960e-02 4.381426267148103709e-02 -1.683268671005927128e-02
1.122752471842935335e-01 -1.150284945188960878e-01 -2.174476769132086679e-02 8.520960143324361746e-02 -3.276664010001879845e-02
1.343492974730882972e-01 -1.434471839412757022e-01 -1.305819880201208871e-02 9.167041978461069884e-02 -3.636554577087452306e-02
1.548981889987399718e-01 -1.706306273082112135e-01 -1.398409463854390598e-02 1.092361082440854170e-01 -4.370871971539537493e-02
1.550311757807456559e-01 -1.685879715993694739e-01 5.204433035533539281e-03 8.430086708404181672e-02 -3.505888982687076216e-02
5.819258034519105699e-02 -5.842780453407930147e-02 -2.394047499938276036e-02 5.798551788177935123e-02 -2.138363302447297831e-02
3.519956559861937839e-02 -4.150280754203533595e-02 2.462600858746371441e-04 2.286772193943649792e-02 -9.450858073509956284e-03
-3.241334427758072595e-02 2.970308807759446459e-02 1.264254946859493661e-02 -2.886392111065255381e-02 1.045375109964630581e-02
1.015060698204334338e-01 -1.051220446057199304e-01 -1.437682486598450098e-02 7.183051407984336612e-02 -2.802705719467327161e-02
1.390515496810809659e-01 -1.608373908345533398e-01 1.068959884046741249e-02 7.691745756925991162e-02 -3.287358478113353716e-02
6.789631099552852211e-02 -7.407384350894516412e-02 -1.111988837026788891e-02 5.293637039159516250e-02 -2.067926259441487877e-02
3.153084101196809014e-02 -3.538989724324471953e-02 -4.212131181333924473e-03 2.425564630018283568e-02 -9.566522115298804405e-03
1.416749413098803145e-01 -1.591438720992670586e-01 -8.846033013674097986e-03 9.790284113480833550e-02 -3.960528564312972705e-02
1.848094616493239362e-01 -1.932726051308401027e-01 1.852039555132499807e-02 8.043575652203538429e-02 -3.464188027932436909e-02
4.932268386960456802e-02 -5.803998918035391946e-02 1.264412974148468316e-02 1.754866820073282263e-02 -8.472012457750064535e-03
1.182463171130160445e-01 -1.115956137861467551e-01 -1.402779257279391026e-02 7.154694680855824829e-02 -2.763160379508868003e-02
9.310187389486546117e-02 -9.029238979262299569e-02 -1.941165891918432765e-02 6.783428712423297813e-02 -2.570534951708814547e-02
1.534893850453186159e-01 -1.725904590416187656e-01 3.752915371265670881e-03 9.013714067476197300e-02 -3.753842126838665555e-02
1.426472669153289463e-01 -1.492857907703410980e-01 1.342824131029362808e-02 6.284259766083513665e-02 -2.688900608129486322e-02
9.824091319774991282e-02 -1.228618340286976446e-01 2.277419285337064364e-02 4.399363511247701697e-02 -2.057451901397100089e-02
8.420432699584293190e-02 -8.560999471320186738e-02 -1.977817988443750577e-02 6.741601492478900559e-02 -2.566673404459777694e-02
4.070504338884545908e-02 -4.343884918615950608e-02 -4.410684635782979000e-03 2.800894315067151141e-02 -1.099683577752221149e-02
1.334839014558263093e-01 -1.289679035255434647e-01 -1.570842874190031199e-02 8.316473141792608825e-02 -3.230154188206913607e-02
6.989175701612061753e-02 -7.873144771990188417e-02 -2.006908914902357389e-03 4.504118819365308946e-02 -1.825258015552708168e-02
3.200190090849877600e-02 -4.339593499236141932e-02 9.615178503469318586e-03 1.471057263482566067e-02 -7.159408356128740131e-03
5.259920281180290730e-02 -4.662729905467035557e-02 -3.347736024645619340e-02 6.105146235828043388e-02 -2.159352524621337491e-02
1.475143677726353242e-01 -1.659775996435505496e-01 -1.543073895480248994e-02 1.095764407300958143e-01 -4.379773200643860553e-02
4.483401705884906829e-02 -5.150312707299008891e-02 -1.598180481192470461e-03 3.018193179059369680e-02 -1.224798574914234481e-02
4.245108090049540261e-02 -4.850354041183655568e-02 -5.161653574208085148e-03 3.273097592191778760e-02 -1.295946510331120322e-02
1.168102950137502594e-01 -1.159995623438433709e-01 -2.394079525016489310e-02 8.695565668076915555e-02 -3.313683205753430866e-02
4.169117068761664380e-02 -5.431412508236072717e-02 1.127077566664818654e-02 1.845869168509273531e-02 -8.798958625541945452e-03
4.321358148136788396e-02 -4.950119932609902546e-02 -6.497301503034990863e-03 3.492950369828237700e-02 -1.374124207255155924e-02
1.132015137341830097e-01 -1.153349197210990912e-01 -2.555745774809263515e-02 8.988949584860383979e-02 -3.437620117362378408e-02
1.462809235764562510e-01 -1.504622751104318923e-01 -2.397951869097287789e-02 1.065163242849336556e-01 -4.129854910563858506e-02
1.230264639866271298e-01 -1.490352088850904755e-01 1.292692387713491840e-02 6.982711349014829316e-02 -3.033721342706385479e-02
6.048250586281778834e-02 -6.714143189627254371e-02 -9.580931962027011001e-03 4.767178755385127753e-02 -1.866240117384636993e-02
6.500531248774263360e-02 -7.551323411914821759e-02 -5.918157403101036336e-03 4.897564046449671971e-02 -1.962830697236889535e-02
8.674418769353342551e-02 -9.093902115295403321e-02 -2.098267557842553935e-02 7.249407744600754044e-02 -2.769210903729283496e-02
8.609272289782574084e-02 -9.461625733115362757e-02 -9.729258271439450087e-03 6.279501983483253003e-02 -2.494531633540077870e-02
9.783005464236529947e-02 -1.135351254932916998e-01 1.702486651605376877e-02 4.304882305717797064e-02 -1.942826233434133062e-02
1.374044576604290524e-01 -1.578177612276014941e-01 -4.310801964660762250e-03 9.263131748673555932e-02 -3.787629101413259730e-02
6.385631751846210236e-02 -7.290256458721723620e-02 -1.108389974835228761e-02 5.346200189629694149e-02 -2.099642704538819474e-02
1.249670917045104801e-01 -1.303835269564747046e-01 -5.637915734057666502e-03 7.525467904966776089e-02 -3.029024098712248397e-02
1.411833510501399880e-01 -1.322304949885244052e-01 -1.566240166639680173e-02 8.316871068058676042e-02 -3.209247887004321870e-02
7.090487014862148496e-02 -8.416107582992732317e-02 2.927509893106266040e-03 4.388636070598549155e-02 -1.844847210109179167e-02
1.225059360220680238e-01 -1.496833556382407004e-01 3.304425643623733894e-02 4.625344720323176090e-02 -2.243289876970478228e-02
1.818834896786376831e-02 -4.232241819376719554e-03 -3.362404443142217453e-02 3.697128265713201661e-02 -1.159998309963635767e-02
5.501981862888725983e-02 -6.926322297815368234e-02 1.004196647430160259e-02 2.809165880106466451e-02 -1.265248166911714552e-02
1.043922313688502301e-01 -9.506876029955625695e-02 -3.004856600903468497e-02 8.089066159256251554e-02 -2.993449378090059371e-02
1.340495898253783458e-01 -1.394243954565534960e-01 -3.322326191855845458e-03 7.692815692910966174e-02 -3.110981802668522089e-02
4.648963986027894457e-02 -5.702195910719683875e-02 4.419219008110753769e-04 3.212028834058713866e-02 -1.336150777770100072e-02
4.289340739583528961e-02 -3.762662590273542496e-02 -2.979858655970832673e-02 5.248009128168348858e-02 -1.848549221130746725e-02
1.460165028657744168e-01 -1.648961451333556816e-01 -4.664448347791497716e-03 9.639700254901666099e-02 -3.941423522568875126e-02
1.775720870639875826e-01 -1.912883603085637207e-01 -9.521049380248516880e-03 1.134080634200509280e-01 -4.563069377692519774e-02
6.945223031204224295e-02 -7.126986603111458429e-02 -1.615036698581575128e-02 5.567041878106679387e-02 -2.114743845646122056e-02
7.583930805887860449e-02 -8.938123271131651060e-02 8.866128851814439327e-03 3.927109406729743096e-02 -1.702121250979474198e-02
1.949433994564528372e-01 -2.015785852197049255e-01 -1.536391953439060487e-02 1.234266352545934919e-01 -4.902801688772578936e-02
1.350588046525857122e-01 -1.478669018219629927e-01 -1.136084663262134850e-02 9.320897765275307223e-02 -3.725555248227648691e-02
1.265155640926340919e-01 -1.339540154782050685e-01 -1.650176268438124580e-02 9.039893496197881628e-02 -3.551411160983340698e-02
8.332026641041637149e-02 -8.627693743611888899e-02 -2.318642154705156597e-02 7.211323705651995208e-02 -2.725335827446492831e-02
6.400949539464897975e-02 -6.596429034492377885e-02 -1.539736496986610255e-02 5.222069419339790686e-02 -1.984119214921059929e-02
8.271451556216258272e-02 -1.031322250371575072e-01 8.547777483764503609e-03 4.940552525669435202e-02 -2.138687893075912061e-02
1.174118924826874355e-01 -1.424424372000890060e-01 1.513396617819501994e-02 6.348503319913080534e-02 -2.792124100568754708e-02
1.398478269783846595e-01 -1.354066524451914832e-01 -1.925986785224957643e-02 9.061958785976011177e-02 -3.501996522532929701e-02
1.626727033565420477e-01 -1.778123707205448434e-01 -2.871267603861632836e-03 9.939430155590620042e-02 -4.062729929892330144e-02
8.158466113931543695e-02 -8.595696731854514383e-02 -6.625828695902491287e-03 5.311406316177199466e-02 -2.111436640358692329e-02
1.688120113892714602e-01 -1.811308697007631696e-01 -2.239403412548767597e-02 1.230966411513906289e-01 -4.842681230075594062e-02
7.848459991883167952e-02 -8.043992986171175086e-02 -1.067419631477281063e-02 5.404528109735431268e-02 -2.100613354816333392e-02
1.090077894219788485e-01 -1.081872234504308167e-01 -2.329457561582940796e-03 5.787854463649313996e-02 -2.326772924253630789e-02
9.799511602630670004e-02 -9.476178134512608375e-02 -3.361248113838796736e-02 8.689892661999304435e-02 -3.223917407328677487e-02
1.350377068335955055e-01 -1.580438367130454769e-01 5.028813189153594730e-03 8.272863496688634410e-02 -3.479827686405329717e-02
4.897663866577661729e-02 -6.634763563846562962e-02 1.426137076622592363e-02 2.293022977569221868e-02 -1.106438431274251247e-02
4.456756365659867575e-02 -6.124080261821415044e-02 1.842573554323313420e-02 1.502532630914221214e-02 -8.182431352117601128e-03
5.438912307867322521e-02 -6.601699074130470968e-02 -1.497615296193590372e-03 3.938049768499136266e-02 -1.616565390507577679e-02
7.509542279526557063e-02 -8.494503460701433029e-02 -1.819178221770366422e-02 6.838196093621019822e-02 -2.645103432001472132e-02
1.413410607681258868e-01 -1.466786510915273345e-01 -1.869424916877774484e-02 9.875988661524716383e-02 -3.865221534877758686e-02
1.459872465014230014e-01 -1.671643526590579076e-01 1.228327822064008076e-02 7.796460972756481811e-02 -3.339562297802585455e-02
1.633085153521844080e-01 -1.813952024693573639e-01 2.483403095172864294e-03 9.559641959897781371e-02 -3.956260571003212406e-02
5.693973284690016096e-02 -6.857747299573208055e-02 5.759144867246442090e-03 3.184224132770180349e-02 -1.370764595161400902e-02
1.862125684863926225e-02 -1.825388936837027756e-02 -7.482750517981256663e-03 1.792957384551757336e-02 -6.585246103034694820e-03
3.911422965040071975e-02 -3.406824681220015083e-02 -2.343143765588538707e-02 4.310628776476693041e-02 -1.523254990077955659e-02
1.860670798728843167e-01 -2.026809350615711436e-01 -7.800259821892524016e-03 1.184822408675291622e-01 -4.801661249674625542e-02
1.064643268822626637e-01 -1.124176381204530922e-01 -2.568981103409247874e-02 8.992015250260801396e-02 -3.448973331774692064e-02
7.936353793296332948e-02 -1.012108400023637167e-01 2.627587278176780547e-02 2.780872502604508911e-02 -1.421157098843952617e-02
6.048525762661443456e-02 -6.717349673054433257e-02 -3.977669919491401938e-03 4.099068423877408329e-02 -1.643556309920406536e-02
5.583393383171789820e-02 -6.689507916299494705e-02 -7.147924824839380119e-04 3.862513712133026911e-02 -1.590368127258514133e-02
6.013417257128137600e-02 -6.567108800313847805e-02 -9.819023632950790378e-03 4.688886660572465226e-02 -1.831653469969420078e-02
1.598877628346596358e-01 -1.658160326683223440e-01 -2.224633309556296734e-02 1.129624088328217424e-01 -4.414035191241821171e-02
1.227696732575149913e-01 -1.404040198299476572e-01 1.426359237890911270e-02 6.070416463684481789e-02 -2.642811346347586493e-02
1.193618314204276110e-01 -1.483368968985565584e-01 1.106257910149044572e-02 7.287517101675566877e-02 -3.151574051044382652e-02
1.344668084622768489e-01 -1.394635167265687314e-01 -5.414214576568425474e-03 7.921821915398905012e-02 -3.182987506070936862e-02
1.912045549571916025e-01 -1.893538814335599396e-01 -1.073958391241267712e-02 1.092994843831377461e-01 -4.347552589745514590e-02
1.552086317387431913e-01 -1.725828517237134874e-01 1.190815917173868553e-03 9.246976982184376692e-02 -3.818051162073267391e-02
1.643433765794953261e-01 -1.840098684122208339e-01 -9.227751079355824828e-04 1.018053691202869815e-01 -4.191937933575630437e-02
4.762899760711162417e-02 -4.733316696813139740e-02 -2.182487524045260974e-02 4.964471115970950366e-02 -1.816245068930968237e-02
1.361559990315594493e-01 -1.248165382580160160e-01 -2.480657966797445574e-02 8.946656669471091117e-02 -3.382574510375134513e-02
7.336059744357396883e-02 -8.864958215589739676e-02 1.092854897399957170e-04 5.019437945644131260e-02 -2.079310267706926604e-02
2.249652174107761096e-02 -3.027050395526836857e-02 8.901453296456083783e-03 7.468864433775598312e-03 -4.021293345794570498e-03
9.758562928134431602e-02 -9.573895247947926401e-02 -6.049966529856097737e-03 5.545085075589446799e-02 -2.190855347667771194e-02
1.760773166338854834e-01 -1.966219710951348509e-01 3.528782930984869330e-03 1.033341598704555081e-01 -4.297347906210174234e-02
5.906740166086296012e-02 -6.690252693552496688e-02 -4.452203720126411690e-03 4.186537232994577001e-02 -1.679167078280044412e-02
-2.674274788632644007e-01 3.389252580602221676e-01 -3.388103225274694680e-02 -1.609337875160443410e-01 7.145163472017325434e-02
1.081977761773207508e-01 -1.136106228416245839e-01 -3.261204746296743773e-03 6.370189928106011201e-02 -2.575729423948471680e-02
7.922443429482151078e-02 -9.979242031530816126e-02 1.919403311440178936e-02 3.492012016162055615e-02 -1.640792229274270694e-02
1.392828660048623657e-01 -1.563474850928656124e-01 -1.252212582919744709e-02 1.005092820243400492e-01 -4.027087240496855097e-02
6.750127764156588217e-02 -7.365537669398031229e-02 -1.046944537010332729e-02 5.181426282296307251e-02 -2.024538929091236963e-02
1.161021184840735909e-01 -1.129033956236866615e-01 -2.802652241577263323e-02 8.963085792768346605e-02 -3.385571393723608297e-02
1.738891026557324859e-01 -1.958903119316537378e-01 -1.299687001787584208e-02 1.232946907775013257e-01 -4.973848815675416257e-02
6.438240796389738119e-02 -6.663618506377894102e-02 -1.288074625343750730e-02 4.973543154904592339e-02 -1.907669203473804850e-02
8.090947633998023247e-02 -7.723382629049817261e-02 -2.645032559028654209e-02 6.889429749848227647e-02 -2.542083080389240940e-02
1.143525237909510522e-01 -1.535520539989015942e-01 4.243063270879671861e-02 4.156874813929039431e-02 -2.179011427379005592e-02
6.672443413812136070e-02 -7.609930440136895846e-02 -6.489252061587222342e-03 4.956623558256758461e-02 -1.979754125416672422e-02
1.084711313141109995e-01 -1.193391133267004967e-01 -8.193816215279722467e-03 7.427745132888197155e-02 -2.978997873921926387e-02
1.814965951271862721e-01 -1.844782092031811982e-01 2.659400856745663608e-02 6.557452028699453650e-02 -2.926602045612657771e-02
1.708277663001838975e-01 -1.938357025989309312e-01 1.839929681170011586e-02 8.501580723050079780e-02 -3.685740033086406381e-02
1.955164794621621904e-01 -2.108050369243831823e-01 -5.666261956762864808e-03 1.197344693299061125e-01 -4.868855504504808474e-02
1.281369268870183320e-01 -1.445859259440546163e-01 2.769693501014840447e-03 7.608963278751613990e-02 -3.165840631996150872e-02
1.821302419762115266e-01 -1.862825456040559102e-01 1.451210706816510139e-03 9.524632365459248518e-02 -3.899367154564867960e-02
1.453806451198488559e-01 -1.715485411127211646e-01 1.831336711633253789e-02 7.481422215655758601e-02 -3.280758399954804283e-02
4.542478868169172457e-02 -4.898723416188381641e-02 -1.362990569213714219e-02 4.228068487362431765e-02 -1.604702006803789341e-02
5.779193837009759943e-02 -7.850958365781100790e-02 2.057412721139803904e-02 2.270267717595477949e-02 -1.161042786244199064e-02
5.737480784155238323e-02 -8.159915137060967660e-02 3.399351156669416785e-02 9.582222482400674576e-03 -7.576634794964818426e-03
1.276370597185378652e-01 -1.234007517839924295e-01 -7.566881715206800162e-03 7.093023157486251506e-02 -2.805051258953305399e-02
1.251392889909533346e-01 -1.333843949205622270e-01 -1.927234941257901027e-02 9.367055165944965234e-02 -3.662364610377175089e-02
3.193318497313597099e-02 -3.968364753342994156e-02 1.970968664467768160e-03 2.050953668269139829e-02 -8.706567475649747145e-03
1.531567605925863440e-01 -1.627383236872428363e-01 -1.786969039789656696e-02 1.075226607409514312e-01 -4.244229412764129183e-02
9.293039243188588872e-02 -1.031552033971404880e-01 -7.903401750458123598e-03 6.552988647336284445e-02 -2.625681180854382360e-02
4.807372836967487711e-02 -7.045518409611190025e-02 3.044273509907030259e-02 7.429660176419974373e-03 -6.318025456575428189e-03
6.890305226840580388e-02 -8.327439390654876872e-02 7.709923308893576119e-03 3.809012648847585891e-02 -1.653317215528442297e-02
1.675354238678784802e-01 -1.840563067704822919e-01 -1.074550190853583442e-03 1.008044494959725867e-01 -4.136673533451355744e-02
8.363802728483997473e-02 -9.705772819511410132e-02 7.835249507287860016e-03 4.436110187888169659e-02 -1.899501182579944533e-02
1.259384955850235410e-01 -1.333617149739812213e-01 -1.430139405813975022e-02 8.752029231807004206e-02 -3.454551093684791324e-02
1.472611748787313046e-01 -1.509830016183305312e-01 -1.450085298018530082e-02 9.545201267871056272e-02 -3.761411765524164813e-02
1.035701840511340649e-01 -1.322281018974908462e-01 1.720861455377319452e-02 5.696674122393014655e-02 -2.549996596207073848e-02
5.096559229589507634e-02 -5.456644493432689924e-02 -6.870134845568160592e-03 3.690843331724002335e-02 -1.442650542983641218e-02
1.198830454986983540e-01 -1.456445767447711592e-01 1.144863915246297111e-02 6.967836939753688230e-02 -3.011026972039097804e-02
5.288505241349604480e-02 -5.521364683981155180e-02 -9.914866798745446130e-03 4.047213135410542700e-02 -1.558717593458498231e-02
4.697732798593759473e-02 -6.526328580421171532e-02 1.208301441086135145e-02 2.560998643850879650e-02 -1.204391968797682323e-02
1.798454872687747230e-01 -1.852925565069135361e-01 2.341471644253127066e-02 6.991973511957351450e-02 -3.072753876347197183e-02
9.634020854895228303e-02 -1.075645994967450586e-01 8.544378028366434244e-03 4.840562298413681602e-02 -2.069830597812098369e-02
1.241060953759536845e-01 -1.510579304381130805e-01 4.287715063586594599e-02 3.546365865237931236e-02 -1.893616008562125710e-02
1.275674111388507836e-01 -1.262505999976854809e-01 -8.554830871026262648e-03 7.419549811989735455e-02 -2.932758987770871933e-02
1.030139374974922556e-01 -9.942614080897016482e-02 -1.533880497337452783e-02 6.754424435439126961e-02 -2.593175253318436360e-02
1.096983919000637381e-01 -1.070430003490051435e-01 -1.756651535208331519e-02 7.409126457946982325e-02 -2.836033259646119145e-02
8.387465622246755015e-02 -9.698608958387303081e-02 1.795889158775420061e-02 3.258269382442956219e-02 -1.516010230308842931e-02
6.593233262376788084e-02 -6.545380543958299879e-02 -1.332840940311030148e-02 4.868819892214434203e-02 -1.851782171507080840e-02
1.005086127930448908e-01 -9.335187106737574680e-02 -2.126743759255014452e-02 7.021842097498326440e-02 -2.638043025131970795e-02
1.306281772076716419e-01 -1.277272335581525753e-01 -1.902142503502126519e-02 8.661796021468599893e-02 -3.339380775543046576e-02
1.367685388670136504e-01 -1.382793943606612230e-01 -1.816194369163116190e-02 9.243500165702814297e-02 -3.597300006643774917e-02
1.331759246415406828e-01 -1.380005808500227860e-01 -1.172363453459395778e-02 8.583930841592643524e-02 -3.396856827215009172e-02
1.292312911201058123e-01 -1.358014985206542902e-01 -1.400139001187153138e-03 7.292232307345690445e-02 -2.961520001565820168e-02
1.135212965242299865e-01 -1.257116429791709233e-01 1.728995166765879068e-02 4.785779232139099337e-02 -2.129398103831385905e-02
1.365117560501490357e-01 -1.516881897217147446e-01 2.092334161271153931e-03 7.990197630907347470e-02 -3.306056432163554520e-02
9.709178207674969141e-02 -9.919512911828032298e-02 -1.663996457962328701e-02 7.068090813440486286e-02 -2.723863737719740830e-02
1.531565754920230782e-01 -1.612749628973637606e-01 -4.990052806862786683e-03 9.088731305904117208e-02 -3.670513115552975769e-02
1.540324964084670567e-01 -1.715673567735599980e-01 2.855959876010409539e-03 8.991159403859123878e-02 -3.725748635694562522e-02
7.589039995839910735e-02 -8.263914620609665029e-02 1.780545598470086228e-04 4.408582284343575547e-02 -1.808703358924612647e-02
1.029067940756957372e-01 -1.071454379125003215e-01 -5.954561471356678223e-03 6.305113389487553011e-02 -2.518809370629059713e-02
8.450707888823798253e-02 -9.893874629388597908e-02 -1.932746156590187158e-03 5.768460269188011719e-02 -2.368327347763162644e-02
1.033390582805107233e-01 -1.043185711507637198e-01 -1.879329518872520019e-02 7.562169041187115359e-02 -2.906604845209218371e-02
1.071093244232820124e-01 -1.169397757232213120e-01 -2.148549403127366850e-02 8.855004776531358313e-02 -3.439617788436624690e-02
9.707092985327818446e-02 -1.175645573259743032e-01 1.834627963129495040e-02 4.507569759233209100e-02 -2.049332895407484506e-02
1.923161302753617630e-01 -1.754297320696533713e-01 -2.861284832962994462e-02 1.183067551753492486e-01 -4.505956402074857287e-02
1.084320105544978319e-01 -1.298598793273391394e-01 5.958596278950603967e-03 6.656389889407486604e-02 -2.821141735937759965e-02
1.069616982557928253e-01 -9.764016909172487657e-02 -2.781914913132399816e-02 7.957683042914420746e-02 -2.958875417650652997e-02
1.492148389173433287e-01 -1.656671604508125339e-01 1.153563764255596119e-02 7.633504371547830680e-02 -3.247335262438831582e-02
1.250579048696876250e-01 -1.324934401845763998e-01 -4.978292411971015075e-03 7.573927741971779593e-02 -3.048177247197876930e-02
1.156528256645489028e-01 -1.293720032329669922e-01 -4.956659468996359522e-03 7.634517785897378117e-02 -3.094572083051357753e-02
5.744502964344788687e-02 -7.172035149199615378e-02 9.335886732334642418e-03 3.045075085244999813e-02 -1.362178567857806437e-02
1.527026534926137491e-01 -1.745070125182561493e-01 -1.277463621674421700e-02 1.120929780968489553e-01 -4.519040919617541702e-02
8.188095585283258759e-02 -8.508205264318087491e-02 5.138507158189361407e-03 3.850059663686743877e-02 -1.616166366247180977e-02
1.425836979016260886e-01 -1.432061923394072622e-01 -2.217803612728230442e-02 9.942567232059119908e-02 -3.844477891055272240e-02
1.236881862706657870e-01 -1.257280241346989957e-01 -8.577957893803380904e-03 7.494581668649001605e-02 -2.972364366402342056e-02
1.274807339616770563e-01 -1.564087081436494331e-01 1.560085653293260405e-02 7.137703769574509083e-02 -3.127017792056958900e-02
1.155923077499593915e-01 -1.140231281625257720e-01 -2.912244270588902270e-02 9.192579336165211668e-02 -3.471158898365117595e-02
1.154013383257971037e-01 -1.231265427422625347e-01 -1.304329450190899915e-02 8.070494370555568453e-02 -3.183840124293554202e-02
1.784256229566560659e-01 -1.909697725020413628e-01 -2.611774148878476601e-02 1.327764537625563124e-01 -5.208801527990809116e-02
1.234034424868875185e-01 -1.200816997664262559e-01 -1.157195418004760418e-02 7.414110738196197370e-02 -2.903118296535604423e-02
1.542828459428602916e-01 -1.708200079433357110e-01 1.480986671960923991e-02 7.536760171574245770e-02 -3.242449029637829022e-02
1.243788467309230872e-01 -1.482703242578643776e-01 8.380755023184699101e-03 7.385841521104997975e-02 -3.144857366163399115e-02
1.067249436839647070e-01 -1.227612720575224914e-01 1.700764345987464468e-02 4.792988855629926742e-02 -2.142870085515829331e-02
1.271866525313062879e-01 -1.351932915224274834e-01 -1.696395404266996115e-02 9.173595788151989172e-02 -3.602359254032382052e-02
1.444291007353549761e-01 -1.677955850739545063e-01 8.128576253485375255e-03 8.405239773041202345e-02 -3.559752883658953010e-02
1.655276575917359605e-01 -1.813927202905572522e-01 1.360084544817881554e-02 8.195475556573419973e-02 -3.496582970079043645e-02
1.147325849770297196e-01 -1.142796138722926291e-01 -9.732821641188396655e-03 6.980294033336001402e-02 -2.749485773930273116e-02
1.130487271508161667e-01 -1.081422641209640878e-01 -4.206839823336704781e-02 1.028596501941993480e-01 -3.785107369713290593e-02
2.533492268594948055e-02 -2.018119792087279610e-02 -2.250760475279081282e-02 3.502534622809409803e-02 -1.204969867726634648e-02
1.291306485518994018e-01 -1.518659442833011353e-01 4.090815010368661908e-03 8.049728495669490613e-02 -3.376873148600768176e-02
1.562839369471116513e-01 -1.656904057738182445e-01 -5.280465376057891236e-03 9.393795349226904956e-02 -3.796795638684979934e-02
1.580290905842189619e-01 -1.589899165862269925e-01 -2.310916713264224084e-02 1.087028814996873899e-01 -4.214229948991333324e-02
1.645722329888225921e-01 -1.546471628392425413e-01 -2.591307087377348051e-02 1.066278666857544827e-01 -4.078531276765320901e-02
1.480901279305364138e-01 -1.714947885143523476e-01 3.791418593363159780e-03 9.108517770232511801e-02 -3.807167383095369506e-02
6.948147484626629455e-02 -7.211471293893023660e-02 -1.281727446939865712e-02 5.255732878680679371e-02 -2.023357975340388248e-02
1.094276844898648265e-01 -1.355555898201828702e-01 1.594635030538573209e-02 5.913847244707396561e-02 -2.617928985948300702e-02
1.187387036015385977e-01 -1.310245921872428831e-01 -5.439636609600207416e-03 7.757820337236404074e-02 -3.144907437814047080e-02
1.018184946885770242e-01 -1.075673626401172922e-01 -2.322627399169227211e-02 8.446402640545783158e-02 -3.248771718818781878e-02
1.116803907721353878e-01 -1.283313508740455688e-01 1.601312308696315606e-03 6.894896293122659836e-02 -2.857307288546299950e-02
1.216043759959761356e-01 -1.399242357180484619e-01 -1.346720630893796442e-03 7.928130936013551289e-02 -3.265532810283273968e-02
1.011684531803288267e-01 -1.137417038982914824e-01 -3.974980431292623496e-03 6.708429231080234589e-02 -2.730604228943821210e-02
9.466243239340893512e-02 -1.042700203029945510e-01 -1.040743215269156197e-02 6.869545005689513262e-02 -2.726053465645171883e-02
7.149969564019634238e-02 -8.755172275727565734e-02 1.186437649555617882e-02 3.584038937043714651e-02 -1.601247794552856929e-02
8.342010481335798699e-02 -1.020175110844363242e-01 8.402643701210157218e-03 4.819661001847407727e-02 -2.079393448865701072e-02
3.688639275029731435e-02 -3.323513554803456116e-02 -1.961207162114479707e-02 3.867786603468122142e-02 -1.382112979737540152e-02
1.075796596620579165e-01 -1.139013028020898211e-01 -6.655585687614385890e-03 6.804102290331660863e-02 -2.722648774554263518e-02
1.664308300556501807e-01 -1.781557481770060514e-01 -2.270433580793673745e-02 1.218087991918391372e-01 -4.787676833786389669e-02
1.025375215578740173e-01 -1.096853453826440034e-01 -1.330443892274102771e-02 7.415353741369319629e-02 -2.918727364977415778e-02
1.281799851168717863e-01 -1.507816308535989969e-01 2.722102154165876101e-02 5.231228540915017211e-02 -2.428301947636052338e-02
1.716117353611853191e-01 -1.779819230214199355e-01 -3.204456195814729680e-02 1.311578830064427936e-01 -5.075762388561164823e-02
3.881679030252378759e-02 -4.819337805462647895e-02 9.976614859242553812e-03 1.576590328926283369e-02 -7.506371543168104642e-03
6.713625169664257097e-02 -6.948040705186787902e-02 -1.425891467195146423e-02 5.284027274605434393e-02 -2.021721792358728911e-02
4.464741412681134947e-02 -5.069038821190217231e-02 -5.448106549937477804e-03 3.421095224345070684e-02 -1.354594340873256295e-02
1.251499847994843873e-01 -1.049748874164534301e-01 -3.639763126013705052e-02 9.049831785900426528e-02 -3.304439855354920907e-02
1.084544193891299191e-01 -9.798651040456873851e-02 -3.057067827046410988e-02 8.255490556324676654e-02 -3.050729225833307204e-02
1.666102939658869186e-01 -1.723662169248513232e-01 -4.477620480787861817e-02 1.435471334555928902e-01 -5.475060431403643707e-02
1.714453536293985836e-01 -1.818778592938679328e-01 1.541012750165217209e-02 7.862147341107202092e-02 -3.365258867676368393e-02
1.065288315623326432e-01 -1.268738740091343853e-01 1.700380981441314276e-02 5.156085548837751470e-02 -2.306073551161177959e-02
1.226897332225809212e-01 -1.177928044342755609e-01 -1.728664141383984623e-02 7.904953320767739433e-02 -3.045171499125809769e-02
1.654234553737574942e-01 -1.637737982446374196e-01 -2.543221730658695723e-02 1.131841268852039201e-01 -4.371778073155619532e-02
1.474251758360449471e-01 -1.764602861929749078e-01 1.841239000557492317e-02 7.812855612382008097e-02 -3.423078771479526328e-02
1.049636409181611274e-01 -1.189691567338887201e-01 -1.050362952395490594e-02 7.810144340017322051e-02 -3.126842190565286284e-02
1.762908666250586620e-01 -1.885277974727127825e-01 -9.090746501680747101e-04 1.014775494700707464e-01 -4.152002959275623295e-02
1.495560992844647830e-01 -1.652553414404558940e-01 4.310624601902638396e-04 8.902578549561150634e-02 -3.665404071689837284e-02
1.414808446704121370e-01 -1.735219103235536298e-01 2.164439922856089410e-02 7.416355900353523156e-02 -3.307691489338129842e-02
1.519350503045762135e-01 -1.636662743909130524e-01 4.508115731177610034e-04 8.694501883070654413e-02 -3.570603787250623690e-02
1.109418385025592174e-01 -1.155413979665439878e-01 7.559512572967249820e-04 5.973927315464602761e-02 -2.447418729828307674e-02
1.533215249950482806e-01 -1.669836188962870172e-01 -5.426491640722628032e-03 9.625061433474299544e-02 -3.904482949161745819e-02
1.223631723082628103e-01 -1.436047135469402103e-01 1.198626566647381479e-02 6.633346909629878052e-02 -2.864892561232379106e-02
1.583949791726057543e-01 -1.845937871894117732e-01 1.758276570364159311e-02 8.216356262968677049e-02 -3.568201694437994620e-02
9.947994669671215984e-02 -1.021196997618731700e-01 -2.528481451172522043e-02 8.290922214206834784e-02 -3.154901652879602697e-02
1.557972631283196241e-01 -1.472228528760775035e-01 -3.365224635193812125e-02 1.121961807226421332e-01 -4.239644940685635688e-02
1.322795111884134955e-01 -1.395901505104132079e-01 -2.410450295087607914e-02 1.022378617697659586e-01 -3.965302095937810190e-02
6.971616381001823071e-02 -7.622719477922031139e-02 -9.178782675310109829e-03 5.196810691691326756e-02 -2.050331990945422969e-02
1.474778263129129519e-01 -1.633085230955065303e-01 -9.982704878980471971e-03 1.008636377524926714e-01 -4.068043680533030282e-02
1.126180864289414163e-01 -1.312890051277443570e-01 3.834858795012422664e-03 6.885147797248693247e-02 -2.888210444087221246e-02
1.142801303141810221e-01 -1.294003257436338039e-01 -3.307684227078198664e-03 7.505083600770227903e-02 -3.064882290955315072e-02
1.672429754905135069e-01 -1.949564495988211910e-01 7.752010119825373732e-03 9.996645450287104662e-02 -4.219374015886728779e-02
1.272303613733850591e-01 -1.517427444418808224e-01 2.092813116607792484e-02 6.107642582869330511e-02 -2.741093184732781504e-02
1.348614370786226924e-01 -1.396076175734732305e-01 -2.935158988278894349e-02 1.075861839955935262e-01 -4.129222298747913661e-02
1.524342635429544457e-01 -1.503706205005972407e-01 -4.629625478857624099e-02 1.310381968743793146e-01 -4.919970710803597824e-02
8.601469616995741085e-02 -6.982349254717085119e-02 -5.008014964009934594e-02 8.932150102689979942e-02 -3.140920819919088003e-02
1.422158978147805564e-01 -1.575310449835319870e-01 -1.083988846934207280e-02 9.862729161572203473e-02 -3.964371411695444963e-02
1.065344176927090630e-01 -1.145609436966208289e-01 -2.155988455753283378e-02 8.703093401115084837e-02 -3.379466464073997700e-02
1.569649567426710801e-01 -1.737559276736958536e-01 -1.471655778918037200e-02 1.117047053229147102e-01 -4.457674080530773381e-02
1.197448582552796403e-01 -1.372074101564623172e-01 -6.191654531521679529e-03 8.365180486129872306e-02 -3.405938429484657581e-02
1.492702547606944707e-01 -1.652013159905152961e-01 -4.970336696869251218e-03 9.578908157507293186e-02 -3.902485372459675583e-02
1.497627477409376462e-01 -1.660396359450901915e-01 7.379788794380215226e-03 8.158301900702573384e-02 -3.429761173552332842e-02
1.160999817834589970e-01 -1.421196165128802702e-01 2.175466261351948621e-02 5.565430604417848787e-02 -2.530913733949151020e-02
1.758493298091460266e-01 -1.978796366268081308e-01 1.493623140508004536e-02 9.084502019664689176e-02 -3.889455521685027811e-02
1.280740038153890814e-01 -1.391954288750159863e-01 -7.243235674984511638e-03 8.337326102257830440e-02 -3.358121175144091614e-02
1.571393929052443406e-01 -1.712331800143477856e-01 7.296711407104371910e-03 8.354997572077234314e-02 -3.500055993480055000e-02
1.706215002747850651e-01 -1.986337290721195414e-01 5.480442647938212064e-03 1.047013551462904757e-01 -4.394355357023128211e-02
1.623239456246582946e-01 -1.606045612014205537e-01 -1.878897279636182818e-02 1.036758985370190844e-01 -4.041083636757678704e-02
1.521507155084764751e-01 -1.878009113868663316e-01 1.430564385625196847e-02 9.151278713583411994e-02 -3.959303278207495363e-02
1.399424966540393223e-01 -1.534538761750164071e-01 1.229289293033315050e-02 6.823983403154437744e-02 -2.915605049676929517e-02
1.381845698462580985e-01 -1.556677386123651308e-01 -3.193954549680964958e-03 8.931002452294060923e-02 -3.657905438350883554e-02
1.085016187868067805e-01 -1.092333436893121040e-01 -3.057519785712359967e-02 9.217934586132502106e-02 -3.480604695722362696e-02
1.067888214518455253e-01 -1.286704553574740673e-01 9.952538313739975329e-03 6.146254142488116051e-02 -2.653151562978008429e-02
1.303939318428985195e-01 -1.279531760106656646e-01 -3.778875429225889843e-02 1.091130064729880778e-01 -4.094462257117646026e-02
1.581194992687976475e-01 -1.823268557878579277e-01 1.371899263356159832e-02 8.518767400358583097e-02 -3.659075779833549646e-02
1.276426177907535320e-01 -1.412684697603148742e-01 -1.272008697195171900e-02 9.181823409735215269e-02 -3.661139432060892679e-02
1.584426891426473916e-01 -1.737356351956890199e-01 -1.554161821599209410e-02 1.125599610486627267e-01 -4.492336366389097779e-02
1.420383927574553895e-01 -1.634278613340592323e-01 6.189560175631445352e-03 8.343341346625858523e-02 -3.511513311634345547e-02
1.259590341843389583e-01 -1.192674971171576864e-01 -3.490575178769848852e-02 9.982491917603705800e-02 -3.728536686985538945e-02
1.332315312496094306e-01 -1.303739374574619247e-01 -3.430953659495287328e-02 1.061559979161392081e-01 -4.005167178526206767e-02
1.759866791412377229e-01 -1.995681591359288742e-01 -2.596220954278414313e-03 1.132219961175121165e-01 -4.656940500130798272e-02
1.279027845311858091e-01 -1.445513169235311257e-01 -6.848620488440257566e-03 8.764099858182196334e-02 -3.553623310781094807e-02
1.693772177630311626e-01 -2.060938148487523325e-01 1.672284234543976872e-02 9.851697834104089502e-02 -4.275399491369189647e-02
1.048400294984147135e-01 -1.157716051551436892e-01 -6.991079036324119797e-03 7.117433014788956958e-02 -2.866907217725045073e-02
1.516185584126929498e-01 -1.580479792484303925e-01 -1.553065003792740602e-02 1.012010339139600978e-01 -3.995386948588573739e-02
1.114226890142583221e-01 -1.146338155752074095e-01 -2.029409488426392807e-02 8.341899276819772502e-02 -3.217205096493757494e-02
1.637329179182615280e-01 -1.653048937366348448e-01 -1.757970643265153662e-02 1.057144939545633655e-01 -4.144968584955050633e-02
1.447429279347430542e-01 -1.807880068863940426e-01 3.243314440620474054e-02 6.632802052230538092e-02 -3.092541962162003583e-02
1.358044839304675122e-01 -1.454622537600932519e-01 -1.958568175451426072e-02 1.006775599833212992e-01 -3.948370227803676275e-02
8.572448173890535594e-01 -1.093521513777331533e+00 8.175189179606531797e-02 5.351184309369136916e-01 -2.291154889462474198e-01
1.913518534551253703e-01 -1.875788414770592771e-01 -1.697194576273358679e-02 1.148819265883360280e-01 -4.509162551878207609e-02
1.867264906538277647e-01 -1.801614787358663816e-01 -1.982309273679542724e-02 1.135958353142460520e-01 -4.424310204057382845e-02
1.195157696739319181e-01 -1.324028083389662824e-01 -1.045019004252168045e-02 8.437369728532255475e-02 -3.377058350531809972e-02
1.457406871920020053e-01 -1.702426102987844025e-01 1.254524248078490306e-02 8.044951195626157125e-02 -3.455331180476609726e-02
1.354071056491837899e-01 -1.581236528262682239e-01 7.670737025737712697e-03 7.938754598564927434e-02 -3.362606950242789938e-02
1.637343135116492987e-01 -1.724436132353945605e-01 -1.344849786761939843e-02 1.069587772833601180e-01 -4.257190717071068081e-02
9.732090745181738722e-02 -1.133586866200317206e-01 -9.053821916840736018e-04 6.454775956809724602e-02 -2.666576975029527619e-02
1.927315763361872325e-01 -2.031982227467167279e-01 -1.734900844866563152e-02 1.279718809414827352e-01 -5.085346394599588732e-02
1.306691175443267794e-01 -1.367931977431662560e-01 -2.538198082091550067e-02 1.019464870295262587e-01 -3.939599961039383369e-02
1.133453392030011747e-01 -1.191745387123854666e-01 -2.456552517119749840e-02 9.188757726088650490e-02 -3.536367957275148022e-02
1.511322971394085390e-01 -1.753225837459377323e-01 6.268084502443148874e-03 9.048341946824139947e-02 -3.810051642292206636e-02
1.437349955642655275e-01 -1.504732243124387303e-01 -2.653857119015180441e-02 1.106057791727866335e-01 -4.286169186396032033e-02
1.579449258067158190e-01 -1.604060624287267922e-01 1.698819261034003811e-02 6.389587025905821283e-02 -2.766479848656665241e-02
1.489278246513736637e-01 -1.744071531106604900e-01 1.455097891359347908e-03 9.634900216521753713e-02 -4.013811596304435458e-02
9.154881880109000392e-02 -9.712754096465120446e-02 -2.195537963208725463e-02 7.762586930247665495e-02 -2.982425356597690272e-02
1.639296121175189969e-01 -1.890769311422546284e-01 1.256032088934514509e-03 1.039444132464376336e-01 -4.320663477610974662e-02
1.282881111624587511e-01 -1.380442095318466511e-01 -1.292313805969482095e-02 8.881874760150973436e-02 -3.519419845338311870e-02
1.792841447157011714e-01 -2.022399895328329811e-01 1.586229189625282948e-02 9.219504509818352012e-02 -3.952743477277774475e-02
1.601036126602557730e-01 -1.926723725369511864e-01 2.514256594988254281e-02 7.957966323356611971e-02 -3.550275200213694193e-02
1.378837937253527268e-01 -1.626842196817577801e-01 5.307352326581611136e-03 8.536279190962307861e-02 -3.593593048987022559e-02
1.490751343333615586e-01 -1.740565941380436688e-01 2.563694947388859072e-02 6.693770205428772879e-02 -3.018128300310126202e-02
7.905890556221949195e-02 -8.915482177060614355e-02 1.239832611728681339e-02 3.407836905002909617e-02 -1.517463548322943098e-02
1.750172308721031356e-01 -1.615135836359902211e-01 -3.450005811674031891e-02 1.190845811836543089e-01 -4.498902591830417769e-02
1.314915884671157276e-01 -1.525231124621945211e-01 -5.227947801029585694e-03 9.162080809932746095e-02 -3.750097578564409034e-02
1.127464946388292838e-01 -1.015434887900046462e-01 -2.309757864454693027e-02 7.551185237057438104e-02 -2.829092845316949489e-02
1.231467212626270180e-01 -1.410827057204805113e-01 3.694142232588024446e-03 7.382277220764629777e-02 -3.089062078765218017e-02
1.209344379255926361e-01 -1.483664738500594937e-01 1.176155831424153218e-02 7.146528845926390650e-02 -3.095902789290502430e-02
1.753753730409361167e-01 -1.857737785473279890e-01 -6.044250546632976874e-03 1.056574764537568656e-01 -4.275316317824867651e-02
1.988191045236104848e-01 -2.218710061145594270e-01 -1.511944366349299296e-02 1.400231481451151005e-01 -5.655997078580923126e-02
1.639908257806904912e-01 -1.766719790095711007e-01 4.542893007030967926e-03 8.912875466361135091e-02 -3.698680216459228343e-02
1.668638102098402576e-01 -1.927320237528827307e-01 7.375602658604534824e-03 9.859522767867351378e-02 -4.153807044747063332e-02
1.077420884948918911e-01 -1.249116053212493138e-01 5.412663328211833429e-03 6.322958595480414334e-02 -2.669908096853370813e-02
1.695239073885297654e-01 -1.905750266955704153e-01 3.276047813045131034e-03 1.006353177323394271e-01 -4.184741880852794332e-02
9.049700924537067148e-02 -9.293379834017684304e-02 -1.226910743958384113e-02 6.272962639242268823e-02 -2.447909609806600550e-02
1.213915993697339546e-01 -1.350117971431045727e-01 -7.919681779509244943e-03 8.284075169516420811e-02 -3.336107637475898419e-02
1.194564514881652079e-01 -1.145145574807967803e-01 -2.941722629524595040e-02 9.149779854866763040e-02 -3.443271943408549030e-02
9.573377371795487034e-02 -1.014678355406175431e-01 -1.636366492392924213e-02 7.284265292108671463e-02 -2.827120674291803970e-02
7.238098292130037970e-02 -7.537956567818250575e-02 -2.015509832479099595e-02 6.313883203430371849e-02 -2.391522270434912750e-02
1.138267843833911386e-01 -1.143407433604138601e-01 -2.271727144845786528e-02 8.533202348150105421e-02 -3.268532426142575081e-02
1.128691879542871868e-01 -1.198660173750249885e-01 -4.065252440542713522e-03 6.827740101251028593e-02 -2.757330880576943505e-02
1.489031862811674434e-01 -1.646582329003853928e-01 -7.620819967760296409e-03 9.846381581121674276e-02 -3.983863161995000735e-02
8.750689360561604568e-02 -9.702388765817676619e-02 4.264388540668822246e-03 4.726564897839964641e-02 -1.974910634336067908e-02
1.317861017148066749e-01 -1.422235002464524722e-01 8.035323528751792815e-03 6.637212999740302322e-02 -2.789583744449084315e-02
1.507323938632223748e-01 -1.718023889257691283e-01 2.329429315721346684e-03 9.196637065700970226e-02 -3.817969276531814338e-02
1.181196529657124045e-01 -1.308239308887600150e-01 -8.138106954091443856e-03 8.083784028277084255e-02 -3.255359061519561698e-02
1.114663077829061710e-01 -1.279415816751948709e-01 3.918121560726744654e-03 6.626419896355698058e-02 -2.776964198208350248e-02
1.299564907338451314e-01 -1.563649523808266772e-01 1.993735007452174593e-02 6.474577110593335294e-02 -2.873247815137753430e-02
1.335020547997758378e-01 -1.348981068340595613e-01 -2.412922422077811227e-02 9.783448018978468941e-02 -3.767946906851789984e-02
9.916421932064176104e-02 -1.066978073761735979e-01 -1.017862526396816174e-02 6.903253059434272254e-02 -2.738453070267861736e-02
2.300115795541612662e-01 -2.596000457026104158e-01 4.440714044445140396e-03 1.380346892249925128e-01 -5.758509004478542387e-02
1.553199305474853575e-01 -1.706462234087472440e-01 1.617921811672402523e-05 9.221708088522584390e-02 -3.792280143576192558e-02
1.364751437639187270e-01 -1.450950722553426553e-01 -1.406081915135064773e-02 9.360379279042831124e-02 -3.706777433648004300e-02
1.543485521148463824e-01 -1.744734227638148061e-01 -2.328610248078533031e-03 9.883104937672666790e-02 -4.061701577279237113e-02
1.357377196582480183e-01 -1.371052453775861990e-01 -2.310518108150255018e-02 9.766397547912837596e-02 -3.767681261756954114e-02
1.611891965055384512e-01 -1.727484979020903755e-01 -2.049353719405472979e-02 1.162210710721073154e-01 -4.575283842559308561e-02
9.256821164137790658e-02 -1.091789667509346640e-01 8.094048497374705178e-03 5.158387659507254752e-02 -2.211402672553973089e-02
1.132273649595784970e-01 -1.176261670312536839e-01 -3.042934230893695052e-02 9.733119648366377052e-02 -3.695089337618877312e-02
1.383862321002767848e-01 -1.595993752265514598e-01 4.363930579611912742e-04 8.836918729607393108e-02 -3.664132736800426726e-02
1.163508119904544114e-01 -1.303759522769814272e-01 4.637046799060352310e-04 7.074345579983778998e-02 -2.921105482092272235e-02
1.522667602161581757e-01 -1.615449889559530672e-01 -1.443258722901550467e-02 1.026410262025342912e-01 -4.072153086717227727e-02
1.659010975065172977e-01 -1.835413076388849318e-01 -3.775364981345973470e-03 1.041084869190214562e-01 -4.250573976973841955e-02
1.545915939785321436e-01 -1.424725669056695621e-01 -3.034556023951960266e-02 1.047311316380626911e-01 -3.951989738781982314e-02
1.805638503105666537e-01 -1.875629758999016183e-01 -2.704498568147051946e-02 1.301103413770341999e-01 -5.072482720110281507e-02
1.122634047865954804e-01 -1.146501717181796637e-01 -1.857860003667625645e-02 8.119158567537640425e-02 -3.141116308783221261e-02
5.385721846285287245e-02 -5.546179928815839905e-02 -1.420586430426460690e-02 4.532276242350358891e-02 -1.712691687839537277e-02
9.834021336157226789e-02 -1.172806581622897748e-01 3.791756390791333180e-03 6.196246327698564510e-02 -2.610487013091861846e-02
1.908914096497455193e-01 -2.240686369409763401e-01 2.724058609471672146e-04 1.263395212516215116e-01 -5.261683908059507780e-02
1.381506738679916524e-01 -1.458802105340589461e-01 -1.958491317411873919e-02 1.002644012332409573e-01 -3.927090210251501373e-02
1.390488212801515022e-01 -1.427687798792444118e-01 -1.184087983456914329e-02 8.817971855230477551e-02 -3.490678135043984165e-02
1.806537359556781575e-01 -1.993462397737890690e-01 9.041187534752423774e-03 9.749231406396240140e-02 -4.099126124474896521e-02
1.283911349423826620e-01 -1.323498816699748282e-01 -3.402559874011342606e-02 1.092018401718416326e-01 -4.152214708262984277e-02
1.444849426208800747e-01 -1.608581326960670244e-01 -7.749203272906313514e-03 9.678639261803886895e-02 -3.913347334192340127e-02
1.511568745619848997e-01 -1.701235041377310853e-01 -3.882935338316282660e-03 9.793575662128342629e-02 -4.004882708774236411e-02
1.285194141578320237e-01 -1.437645581874145151e-01 -5.156521799566340068e-03 8.462147612165094035e-02 -3.438619555534409844e-02
1.022192414439715008e-01 -1.285006324204470141e-01 2.407517438738445564e-02 4.591645109289265586e-02 -2.152316324907186176e-02
2.594899043283107123e-02 -2.776996994805409555e-02 1.443659161602649796e-03 1.294535256781690312e-02 -5.399746186662530457e-03
1.268822971837844371e-01 -1.415466706143411746e-01 -1.694263547358143898e-02 9.748175379456743006e-02 -3.860130582132931948e-02
7.297367881997368633e-02 -9.266228765718562133e-02 1.354681070551753443e-02 3.775153218921270537e-02 -1.704242887607628973e-02
1.267454480561180652e-01 -1.375231480562293385e-01 -1.721193744606454301e-02 9.424261343236028932e-02 -3.711772427597759966e-02
1.343149706270301003e-01 -1.479319386466581843e-01 -8.921153077079009217e-03 9.087003936691076533e-02 -3.660969912987919322e-02
1.261509732858325239e-01 -1.419742142635703475e-01 -5.599141376004118653e-03 8.446905964605272432e-02 -3.431021556721768062e-02
1.309846724702812826e-01 -1.267157184613819376e-01 -2.399312288236831250e-02 9.148639345319961591e-02 -3.489405431597261686e-02
