-6.966446652518425403e-07
-7.953498924173741780e-07
-8.077163443949056148e-07
-7.692893487897093498e-07
-7.592079234898853331e-07
-7.976086241584158520e-07
-7.924963461284832670e-07
-7.803835122359241778e-07
-8.092100370073574405e-07
-8.249599522962067149e-07
-7.729662393062055682e-07
-7.517202715846393863e-07
-7.823916917271481917e-07
-8.213744037570519884e-07
-7.143893732471306323e-07
-8.421544970680048488e-07
-7.396478557355356018e-07
-8.196761582049112240e-07
-7.947774700003597851e-07
-7.707810947062474111e-07
-9.139402194571552659e-07
-1.012137535469288348e-06
-8.394528932262055237e-07
-8.382955497264842071e-07
-8.436055958437894764e-07
-8.393684521635622483e-07
-8.941080293077779455e-07
-9.562023465160367039e-07
-8.553189323553225415e-07
-8.542977500944727717e-07
-7.818720873546142075e-07
-8.470649259889051833e-07
-7.614733477814396887e-07
-1.038710410507891298e-06
-1.028670799553793369e-06
-8.781068687848191585e-07
-8.247840359535995688e-07
-9.047376446580948009e-07
-9.171579534039967328e-07
-8.314267178473900015e-07
-8.338550584937093494e-07
-1.250966179785767260e-06
-8.211848333911889391e-07
-1.053442878647279337e-06
-1.054678863228151841e-06
-8.917640558914705504e-07
-9.393238438992017467e-07
-9.306559066446740982e-07
-9.364272184686027618e-07
-9.455684967962696934e-07
-8.568370963717436914e-07
-9.541274785174827533e-07
-9.104172246619630353e-07
-8.020053699934331714e-07
-7.689965964520701700e-07
-9.624568603080935128e-07
-9.642413992210461150e-07
-8.944911080195893380e-07
-7.920089883079597832e-07
-8.688892448129395577e-07
-8.663434306954940568e-07
-9.458770619198657400e-07
-1.179924496379133692e-06
-1.073446365985940543e-06
-9.848961162095663050e-07
-1.047377669150173556e-06
-9.139061592625056208e-07
-1.110606778319679580e-06
-1.023527085839346250e-06
-9.314989759247024645e-07
-8.610202294411642994e-07
-8.910754196482291410e-07
-1.052909566239693473e-06
-1.028514735420170866e-06
-9.434645372932709166e-07
-9.641306353336135269e-07
-9.242772941496057050e-07
-8.983674125283929159e-07
-1.021077717230672706e-06
-8.677027694604083122e-07
-9.536740573828465989e-07
-9.560184308406037317e-07
-8.223674761803988809e-07
-9.598456528323012568e-07
-8.653435626685788239e-07
-8.849027765737644493e-07
-9.244497003829977723e-07
-1.133514938629345701e-06
-9.123872836543623566e-07
-8.729100431479935400e-07
-9.859921507747376997e-07
-9.727676400799461031e-07
-1.147385564017364342e-06
-1.007103376736081189e-06
-1.043275034712692775e-06
-8.438135159188951982e-07
-1.123351752089265851e-06
-8.842195287861798183e-07
-1.135284885536516675e-06
-1.073817903879782238e-06
-9.003833407196293575e-07
-9.005670108142511607e-07
-8.508698468092233741e-07
-9.931532691593921941e-07
-9.763191675099797367e-07
-9.130704383842457070e-07
-1.017665415085367816e-06
-1.078592993725175853e-06
-7.696992023774963073e-07
-9.448052823769298065e-07
-9.301743011524368750e-07
-9.533787668866002930e-07
-9.363074571137958965e-07
-8.722770107308789281e-07
-1.008157231322041407e-06
-1.022575806074780590e-06
-8.766515772175613735e-07
-1.085516490261411859e-06
-1.017699783505838727e-06
-9.646731927207536823e-07
-9.278778696321808367e-07
-1.090717192950552755e-06
-8.910240920340225223e-07
-8.693281111424314419e-07
-1.008281140910110994e-06
-7.568533918376570568e-07
-1.157444926292989804e-06
-9.113067203084910792e-07
-9.420473364425603347e-07
-8.861692956355361099e-07
-1.125186126324100754e-06
-9.456845923517824343e-07
-9.521011358983354533e-07
-8.042243796225358516e-07
-8.094315046090070199e-07
-7.952923597717849264e-07
-9.302026740757996716e-07
-9.843540826074784052e-07
-1.026330187496667664e-06
-8.609951381490408857e-07
-9.166667995367483648e-07
-1.069459746936130623e-06
-9.716459146119578487e-07
-8.945863867308124415e-07
-8.260990677064230653e-07
-1.013062008566390099e-06
-8.465415230819051490e-07
-9.595794172917480809e-07
-9.381099619248926309e-07
-9.771262609147920900e-07
-9.308481194506453572e-07
-9.548869434580624190e-07
-7.561415143492634274e-07
-9.752023923112930707e-07
-9.328568941941875037e-07
-1.018932896962247642e-06
-1.104443717434807045e-06
-1.074643460570250900e-06
-9.443314745916644114e-07
-9.659563073913588142e-07
-8.642067600752193649e-07
-1.024750315506955564e-06
-1.197084801957045343e-06
-1.061931578722596542e-06
-8.301240621998826652e-07
-9.550288174555974159e-07
-9.295144404683223219e-07
-8.274717435107468982e-07
-9.102869497938503730e-07
-9.885672472956757330e-07
-9.747580670273170282e-07
-8.918702185026805451e-07
-1.014606704171485379e-06
-1.024297379634180346e-06
-8.916072476469075372e-07
-8.242554073455340797e-07
-9.238239441115076356e-07
-9.108656102527666089e-07
-9.045928076548723468e-07
-9.467242411604014927e-07
-1.086380767034469259e-06
-9.509026220501364693e-07
-1.131004262156119030e-06
-7.603881461440226460e-07
-1.066131847902771800e-06
-1.069579886768721981e-06
-1.033994725451172944e-06
-9.449744875060143542e-07
-7.624299568335500136e-07
-9.643180928769416897e-07
-1.013762776080939085e-06
-9.431464175886188098e-07
-7.150039036020914604e-07
-8.296550450923609535e-07
-9.853674121791947672e-07
-9.419095790505135012e-07
-9.231323814140350412e-07
-9.852625121668016218e-07
-8.916646617221020448e-07
-9.059624587475912430e-07
-8.925524294428995042e-07
-9.139284251967614485e-07
-9.556901146960996633e-07
-9.717207998617513179e-07
-8.968492735084320002e-07
-8.772002988201612131e-07
-1.067566536298436711e-06
-8.310719172032657344e-07
-7.713735878977613731e-07
-9.812707614612303567e-07
-1.014948491505291203e-06
-1.185695376405603518e-06
-8.073564103345706539e-07
-1.243689280909754807e-06
-9.140511029080342844e-07
-8.296000313531858164e-07
-9.449680982566164199e-07
-1.011263074285809296e-06
-1.054450260865366141e-06
-8.779479357350617795e-07
-9.180997717757192966e-07
-8.785641863561592932e-07
-9.976320988450408920e-07
-8.980795729901789096e-07
-1.044516447535314196e-06
-9.480537392157026375e-07
-9.579264567692164646e-07
-8.520933825998300757e-07
-8.024705415073350579e-07
-9.207839074763349089e-07
-9.630513947915141847e-07
-8.303902088571522115e-07
-1.102478628852108801e-06
-9.590420985652209339e-07
-9.625169468761358924e-07
-1.012372843345533851e-06
-1.038525824030081278e-06
-8.599938148922783022e-07
-7.468793794157067758e-07
-7.994314222818032846e-07
-1.067581855115661383e-06
-9.581351421430200130e-07
-9.447112205223477208e-07
-9.364688305908370971e-07
-8.333497669609000422e-07
-1.040058306930396189e-06
-9.299387774462537347e-07
-8.455107747196790098e-07
-8.427900072247192873e-07
-1.048677474962517882e-06
-8.683093360093357833e-07
-8.076773746860487176e-07
-1.111907793871785682e-06
-1.120355664842238108e-06
-9.636314158544117736e-07
-9.534454726682953803e-07
-9.442614463122769244e-07
-1.083812566966205142e-06
-8.708037311457628000e-07
-8.471062853672987283e-07
-1.024590287679716968e-06
-9.382055811250989238e-07
-9.254902011552537265e-07
-1.194775625209443898e-06
-8.353737442131153136e-07
-9.994142918682231458e-07
-1.074553165867205768e-06
-1.002666789642132570e-06
-8.249794746085647083e-07
-1.122888909022647945e-06
-1.023831540538109554e-06
-1.132431830821949976e-06
-9.232943793364126419e-07
-9.871308933908548657e-07
-8.278695179493536894e-07
-1.206729599745591575e-06
-8.655201384867603027e-07
-8.327234671019462234e-07
-1.022681040652429467e-06
-9.449713591771598298e-07
-9.120051704617389686e-07
-9.018723414385875558e-07
-8.676508826346041651e-07
-1.335530352051313840e-06
-9.901019468368428465e-07
-1.028655816883423406e-06
-8.684413751144704391e-07
-7.562375910538520755e-07
-1.091816601578886718e-06
-4.215935342484633536e-06
-1.182900601682897332e-06
-9.248528273369696226e-07
-1.136552454189708862e-06
-8.543621198805182168e-07
-1.219213489957794814e-06
-1.004917482626980140e-06
-9.754580490504316976e-07
-9.652623060783409684e-07
-8.507754860310785745e-07
-9.885003209537676087e-07
-9.599036914384613721e-07
-1.080592280177436914e-06
-9.330748793298962978e-07
-8.961190839888342719e-07
-9.043727076646869406e-07
-8.379707191473723438e-07
-1.073640191990685687e-06
-9.455841716982390802e-07
-9.780123592823550861e-07
-1.167817513207092530e-06
-9.727234751884709158e-07
-9.642936414705430416e-07
-8.232418737389814772e-07
-8.565290984622019154e-07
-1.143385383624094250e-06
-7.352662737861448561e-07
-4.823315221044286373e-06
-1.052145946461046882e-06
-1.058885020290704899e-06
-7.942547209973054106e-07
-9.147535233077242938e-07
-1.327728998358256777e-06
-9.916770974762658750e-07
-7.782379719310348037e-07
-9.638348914779455695e-07
-8.687801461325820718e-07
-9.447753907949572821e-07
-8.403124940429858958e-07
-5.545705237369224573e-06
-9.738887684284669827e-07
-8.982817701179908252e-07
-8.149249424691951353e-07
-8.861041444748416652e-07
-1.225715631357348404e-06
-1.169587477743968505e-06
-1.196336105443800673e-06
-1.184589028612763608e-06
-9.234381929929174005e-07
-1.085536402959940681e-06
-1.086020167471241331e-06
-8.422730617529806030e-07
-4.709929311941043147e-06
-1.251619926240771951e-06
-1.372975383698445141e-06
-9.318152690798908036e-07
-9.117735372904235998e-07
-9.348877333340406886e-07
-9.674884418550604365e-07
-1.129519396668795614e-06
-1.017245775455281592e-06
-9.685760796518474121e-07
-1.047516965370266425e-06
-1.078029728047388468e-06
-9.703659703211369436e-07
-1.037654610828652674e-06
-1.072230808217035920e-06
-1.202127987397463311e-06
-9.781346779946382948e-07
-8.190793693553703837e-07
-1.162029216063578238e-06
-8.621807502033577108e-07
-1.096695030797492098e-06
-9.136409395661936536e-07
-9.217999497706227760e-07
-7.833069734466073020e-07
-9.099007706913139889e-07
-1.106861177804623101e-06
-9.104823851502001770e-07
-1.216716536760487131e-06
-9.426068560881293031e-07
-1.054487366943067149e-06
-1.131908327661587519e-06
-8.841848339282218781e-07
-1.013603632751408609e-06
-1.165947057944905751e-06
-1.433537913486267120e-06
-8.188925327587654660e-07
-1.360316473411734098e-06
-9.437824539965418351e-07
-9.307189128154429951e-07
-8.216847656611181191e-07
-1.135075247467848736e-06
-1.053407285878955295e-06
-9.441657840054242628e-07
-9.152465440366495308e-07
-1.086507778486062808e-06
-7.614447170785357625e-07
-9.077226666019269844e-07
-1.427746501229652572e-06
-1.272969019799437198e-06
-1.111848711184927492e-06
-9.199686091959850358e-07
-9.386383638003142467e-07
-1.131949089476317754e-06
-1.168603559766649112e-06
-9.482018426328507060e-07
-9.351876851005995273e-07
-8.533012786524654838e-07
-8.915099282662976003e-07
-8.364904023689453938e-07
-1.101741497218049198e-06
-1.177185269959768968e-06
-9.456773127682379970e-07
-9.181089097765561730e-07
-1.256511914320755258e-06
-8.997393090255102137e-07
-1.431543749225279808e-06
-1.220456997780842587e-06
-9.537069458548027445e-07
-1.105303828210872605e-06
-8.521765618471932123e-07
-8.979995562752482250e-07
-9.532180138840219764e-07
-8.164470444677700335e-07
-1.218169977556158105e-06
-1.067147648017929743e-06
-8.380539992855725700e-07
-1.159283323858607255e-06
-1.117084506162141570e-06
-8.658767548064396338e-07
-8.270660893168375520e-07
-8.370015010579025727e-07
-8.721052707656980243e-07
-1.081000401900047658e-06
-8.165982788654591368e-07
-1.184963646066443735e-06
-1.253298609830963107e-06
-8.405326250792590065e-07
-9.537366066042981721e-07
-8.625898910753452468e-07
-1.164234707168495200e-06
-1.034676717605896379e-06
-1.111489442359430063e-06
-8.249734185041608584e-07
-8.471920399250062900e-07
-1.136089970058510549e-06
-8.918416720083992326e-07
-9.659893430850498721e-07
-1.179413036814608472e-06
-1.198622474130086946e-06
-1.257861542533147839e-06
-1.058866423755483085e-06
-1.175444343552094196e-06
-8.736632736613531249e-07
-1.352544184645270279e-06
-8.562538831840399948e-07
-1.036864175128471326e-06
-9.309607664619167575e-07
-9.932226461653118856e-07
-7.684014162801705203e-07
-1.073582677483909213e-06
3.469619206590931471e-06
-9.682240296104902362e-07
-9.366104508971747154e-07
-9.682772924598091976e-07
-9.805087506250880293e-07
-8.561895081136541474e-07
-1.149094123975790745e-06
-1.079554737718293290e-06
-1.064806376928489565e-06
-8.156433384364239342e-07
-8.367176899630779155e-07
-1.124951659965806985e-06
-1.282252557911966859e-06
-1.143783671123379154e-06
-9.338111996027852037e-07
-1.018196695149521247e-06
-1.310124027109321438e-06
-9.670440193838822434e-07
-1.012065537041662632e-06
-9.706484208899831944e-07
-1.095071517314501026e-06
-8.676356193250003964e-07
-8.001750399791293890e-07
-1.169916153811269156e-06
-1.216803793960476955e-06
-1.053730923414892209e-06
-1.125447639648320468e-06
-9.738773809196700539e-07
-1.277844453520467937e-06
-1.070978209930664997e-06
-1.035216535044414178e-06
-1.063527109332512355e-06
-8.201819995535180596e-07
-8.708862470512082005e-07
-8.313865922215379279e-07
-1.370201187917353191e-06
-1.033255178554742795e-06
-1.183681048699993175e-06
-9.120229529589633201e-07
-1.109054153945306899e-06
-1.070553832870853199e-06
-1.029109668409679921e-06
-1.110413499654316371e-06
-8.867542744210891571e-07
-8.946017443428406654e-07
-1.133326428868879791e-06
-1.153759941935770369e-06
-9.464063595920348859e-07
-8.157746359121222249e-07
-1.112582434257395064e-06
-8.759079808998967939e-07
-9.860631523449595963e-07
-1.157675691431475791e-06
-9.933437976580599322e-07
-1.155853200534405452e-06
-8.021241102840264710e-07
-1.048557685307296493e-06
-8.969803853770101787e-07
-1.337716855974816302e-06
-1.400532065520793478e-06
-1.112435152223911006e-06
-8.531106734524972825e-07
-1.222327896321856749e-06
-1.003386794338146727e-06
-1.111350920791442292e-06
-9.593261539075261042e-07
-9.550645600370658985e-07
-1.094647190516772838e-06
-9.436307463694810584e-07
-1.096551688462917578e-06
-1.072733466752043467e-06
-1.034370780577584025e-06
-9.733422064622140880e-07
-8.254368630821126057e-07
-1.113069822676243990e-06
-9.754381987859736040e-07
-1.182049579131400044e-06
-1.187906774948829471e-06
-8.123635737008394484e-07
-9.750287391268583724e-07
-1.057491743890095518e-06
-7.852810292452104550e-07
-9.675604700262826125e-07
-1.218985718421821524e-06
-1.032379638962697090e-06
-1.058471000370186170e-06
-1.089883788102350795e-06
-1.100588709617358811e-06
-5.752451551025942599e-06
-8.347524034114666511e-07
-7.385061476643084185e-07
-7.550916505118159231e-07
-7.857323650142692609e-07
-7.711484259396385539e-07
-8.361236569423691254e-07
-8.753058753825693520e-07
-8.417807262051921409e-07
-8.993115639011889808e-07
-9.083358353799625940e-07
-9.749052197548909635e-07
-8.913378592761062200e-07
-8.185288921518367593e-07
-8.223408527159304688e-07
-9.244441520472892785e-07
-8.870172068646312088e-07
-9.422802398536721614e-07
-8.173434228216372692e-07
-9.092864283379290065e-07
-8.363474379739170683e-07
-1.084934413671056117e-06
-9.590035031586608643e-07
-1.050527467398083827e-06
-9.582020897779663554e-07
-7.505697064929581099e-07
-1.236725704098165842e-06
-8.900044053535103057e-07
-8.632302910134042217e-07
-9.794538617189068549e-07
-1.010512025377410989e-06
-1.115344998005950518e-06
-1.268935880663689664e-06
-6.352255518779388624e-07
-1.010277186467159556e-06
-8.958469168684208479e-07
-1.197885104123111331e-06
-1.002873114728109151e-06
-9.537367448648940764e-07
-1.120370736050676329e-06
-9.501047134077090003e-07
-8.007559333272405340e-07
-9.920539102050608416e-07
-9.385950991587989940e-07
-1.191172303083131765e-06
-9.746375370205289651e-07
-1.029298647997948914e-06
-9.790173684175054738e-07
-1.184201794037532002e-06
-1.136215484801327125e-06
-9.453464372320391409e-07
-1.089511930405328327e-06
-1.021150283448499740e-06
-9.371215801317549465e-07
-1.085566633806187551e-06
-1.067834494868308029e-06
-1.119412329015049414e-06
-1.450529958325276281e-06
-1.412214321132569095e-06
-9.295548177925939933e-07
-1.114704014105403984e-06
-1.140972237420868378e-06
-9.644992906641917861e-07
-8.190826720147441481e-07
-1.003505732942155852e-06
-9.877925737287883614e-07
-1.173127641365311376e-06
-1.051381795525392867e-06
-1.132654492870752262e-06
-7.759685383310876792e-07
-1.241877525033616219e-06
-8.582231179846644679e-07
-1.291390356972387675e-06
-1.098591228859560671e-06
-9.392852580295546133e-07
-8.457552398396393674e-07
-1.236357961768839527e-06
-9.483807856741805896e-07
-1.073158833849638855e-06
-9.783934860548980128e-07
-9.943692163403749930e-07
-1.035537936968641941e-06
-1.181110302663537133e-06
-1.055680512762629653e-06
-1.027886162682864968e-06
-9.289909179386144675e-07
-1.160117147320951334e-06
-9.483287033762947333e-07
-1.071752956924302338e-06
-1.152470455642625109e-06
-1.139123826586965941e-06
-1.282499168743819391e-06
-8.033669365870880939e-07
-1.099192673676247805e-06
-1.139687981142802547e-06
-1.334622565993846954e-06
-9.481805818228232112e-07
-1.063906694202008279e-06
-1.172408937127816540e-06
-1.050056017819479731e-06
-1.170082181554677914e-06
-1.127170280283124532e-06
-9.613738424717598695e-07
-9.300398819321567148e-07
-1.258392515018195484e-06
-1.189582450023287353e-06
-1.290704187247414755e-06
-1.262804769789156291e-06
-1.062181397649346824e-06
-1.089857899282087589e-06
-1.149158787127761839e-06
-1.277506952981446134e-06
-1.002051104775288606e-06
-1.021600621537399119e-06
-4.181668065766345235e-06
-1.147334412306724508e-06
-7.792557622661111070e-07
-1.330377663654632561e-06
-1.429662286041331647e-06
-1.038236473098335789e-06
-1.069849378305409252e-06
-1.243732459324205838e-06
-1.125327469923138708e-06
-1.183237655917402184e-06
-1.213920203954709313e-06
-1.028878540024536940e-06
-1.119972363646028308e-06
-1.132341103086460112e-06
-1.137825039960111232e-06
-1.057803177704870371e-06
-9.195125118967645902e-07
-1.138770977231028947e-06
-9.153148982521735550e-07
-1.211753641009695623e-06
-1.185049839633455216e-06
-8.908264972539727594e-07
-7.129222933338587380e-07
-9.725965439033840048e-07
-1.113755185727096462e-06
-1.221404111682615013e-06
-1.431971083022668125e-06
-1.021541156980360048e-06
-1.100641702067984526e-06
-1.247301157797369679e-06
-1.358934135599440000e-06
-1.176887729685877272e-06
-9.410741033634206008e-07
-1.269338822756075027e-06
-1.276470902426216693e-06
-1.226492377406094289e-06
-9.354928835044068465e-07
-9.983387957243936420e-07
-1.204079703289746255e-06
-1.155561532670820664e-06
-8.291080633457294730e-07
-9.119402357962100746e-07
-1.238334861016272353e-06
-8.065400711650981703e-07
-1.330307945651974722e-06
-1.239257970188695583e-06
-1.104452034839757186e-06
-1.082763444752451754e-06
-1.055652458317941892e-06
-9.385689339740127816e-07
-1.216211849692257151e-06
-1.139608936327283238e-06
-9.608236014069300168e-07
-1.083277666318306670e-06
-1.208167770438215786e-06
-9.273894026135298884e-07
-1.095817308319631539e-06
-1.007714039989304097e-06
-1.215366576075028832e-06
-8.423835411354824802e-07
-8.427632025600451936e-07
-1.037090647676775985e-06
-1.243895148781109263e-06
-1.377845272240744837e-06
-1.005366903820424093e-06
-9.138116386551708932e-07
-1.072937079211471585e-06
-1.060334887568940449e-06
-1.000919912938977782e-06
-1.248338931682785695e-06
-1.126120894482021346e-06
-1.025459907100975544e-06
-8.914689575001904285e-07
-1.049191331533396603e-06
-1.297963272070612129e-06
-9.660256439209591236e-07
-1.102237161983358692e-06
-1.169453923423134908e-06
-9.733318032520053483e-07
-9.536013413634679355e-07
-1.265216410716834239e-06
-9.605448984067238106e-07
-1.133695504681283889e-06
-1.005269343668389887e-06
-1.029948038161290172e-06
-1.007351899871389999e-06
-1.140303089172649239e-06
-1.199233102991110606e-06
-1.196011178863816441e-06
-1.375353629583673065e-06
-9.340477560265169906e-07
-8.526014080284373546e-07
-1.106839680460898030e-06
-1.010584190292324139e-06
-1.368598697583069897e-06
-1.074060002492732808e-06
-1.042914680106011781e-06
-8.299318805723404913e-07
