-2.839206276028072296e-03 1.950422597960299598e-03 4.637390151625009338e-04 4.250446629054938086e-04
4.420892133657927658e-03 7.313273772361572611e-03 -3.402346993065852310e-03 -8.331818912953536937e-03
3.163978019330659919e-03 4.553677870777761427e-04 3.731146714820887667e-03 -7.350492521229323728e-03
4.172134637911995014e-03 2.903308519304204083e-04 -1.168944714694974962e-03 -3.293520775147107393e-03
7.786463414821254148e-03 -3.010220614018788154e-03 3.787991217842900937e-04 -5.155041922586756087e-03
6.476317713411061661e-03 3.388988808649573414e-03 -3.383233715907763006e-03 -6.482072806152872069e-03
4.491569434437847619e-03 3.952032093072377350e-03 -3.307064190682940108e-05 -8.410530885603617612e-03
-1.207848422605684036e-03 1.568063590012602759e-03 8.996288833234000748e-04 -1.259844050730096754e-03
4.661144273009343308e-03 1.919145824045509485e-03 -4.881124368607991926e-03 -1.699165728446416779e-03
6.652889045106080701e-03 3.353469763866856468e-03 -4.237220188158974388e-03 -5.769138620813962781e-03
4.895493449815546683e-03 3.230732396138247253e-03 1.560065054666548434e-04 -8.282232351420115712e-03
6.031869184362159686e-03 1.546643774920308800e-03 5.910880029691423232e-04 -8.169600962251832854e-03
2.571891973556894584e-03 2.108190102245055542e-03 -2.250743446861158681e-03 -2.429338628941235534e-03
6.940507479075153086e-03 4.098574815481814682e-03 -6.181733880998518949e-03 -4.857348413558448819e-03
1.527913049617968255e-03 2.101553839913616883e-03 1.328354296446176974e-03 -4.957821185978095180e-03
2.843502568103728478e-03 1.671096675655237007e-03 -4.981558393586382749e-04 -4.016443404400660278e-03
4.577932687467312078e-03 -1.579373923952354097e-03 -4.848015990842502454e-03 1.849457227327322428e-03
7.674965662589627868e-03 1.397094771356410803e-03 -1.798781773028390596e-03 -7.273278660917426031e-03
4.436405487424188721e-03 1.825511322010253679e-03 3.560197995058578257e-03 -9.822114804493464746e-03
9.155290428947360226e-03 -2.286862420564084175e-05 -5.204888314591094023e-03 -3.927533490150625362e-03
9.389953120860550229e-03 1.648253827699619478e-03 -1.285221034848293975e-03 -9.752985913711431643e-03
5.222016398973794438e-03 7.840813278262359631e-03 -2.397152007023617415e-03 -1.066567767021187052e-02
1.007387294532802180e-02 -5.529456685645639524e-04 2.654017507982997515e-03 -1.217494478474701047e-02
5.504079320982624424e-03 5.921091023811886345e-03 4.287987255984226920e-04 -1.185396907039271142e-02
2.762927929327974041e-03 5.709743067026318286e-03 6.143422658357877708e-04 -9.087013262189747032e-03
3.023613214169884600e-03 3.115011305273807096e-03 2.880154437682636015e-03 -9.018778957126327711e-03
1.058243009823822689e-03 5.472600710254793555e-03 1.310356444076177240e-03 -7.841200164155126551e-03
1.218108754613633771e-02 3.778050140001765200e-03 8.185212090618954051e-04 -1.677765889519999831e-02
5.335476746217926447e-03 1.079589344287623653e-02 -6.489695773047032823e-03 -9.641674416047019136e-03
2.843328003929945780e-03 2.974789424464940879e-03 -6.072995556600790934e-04 -5.210817872734585521e-03
1.357248542917410816e-03 3.198639155812976753e-03 -3.350535057587200605e-03 -1.205352641143297987e-03
5.837021277370624261e-03 3.066712564571139055e-03 -1.302993687341991169e-03 -7.600740154599661125e-03
-6.066429420299446207e-04 4.191129017829808845e-03 -2.977993877044893267e-03 -6.064921987553040239e-04
1.064155276062850319e-02 7.486061658706688604e-03 -2.245223109035410225e-03 -1.588239131030022566e-02
1.283072434724408240e-02 4.909235238506060028e-03 -1.690371116898847781e-03 -1.604958846885085055e-02
8.683401282988612024e-03 1.297136453646485776e-03 -3.405664315039302892e-04 -9.639971305131278534e-03
4.765324980960272683e-03 2.718311645650617336e-03 -2.460076042267056451e-03 -5.023560584343278457e-03
1.184798288493893459e-02 2.290963611708995984e-03 1.998736954772706298e-03 -1.613768345142052585e-02
8.896724364148900221e-03 4.702393894943757147e-03 -4.358944247901730407e-03 -9.240174011190926961e-03
-3.501892441177822946e-04 -2.650816655778154285e-04 3.054816510685176567e-03 -2.439545600989911911e-03
1.942314575323678127e-03 1.018310729876348297e-02 -1.048535815966422646e-03 -1.107688605812029436e-02
1.798412667343574078e-02 8.278202450620497643e-03 -5.531572111398652680e-03 -2.073075701265703064e-02
9.485141525996221290e-03 1.681959871261184958e-03 -4.373651624868579724e-03 -6.793449772388826524e-03
1.104870001004210067e-02 6.608365800789606226e-03 1.168146786285406691e-03 -1.882521259711666950e-02
1.095762764224206265e-02 5.410412000415254496e-03 -7.814754439459670188e-03 -8.553285203197646958e-03
6.781575755149704676e-03 7.015357571015234939e-03 -3.773674753690614558e-03 -1.002325857247399199e-02
4.109522081686689532e-03 9.420981745138279351e-03 -5.993183389596867805e-03 -7.537320437228101078e-03
1.036279811130791373e-02 5.586747621361354277e-03 3.316081674104909283e-03 -1.926562740677495444e-02
4.181736578586336961e-03 4.859693985385771242e-03 3.393765442779139718e-03 -1.243519600675158099e-02
7.515787014613417583e-03 3.963043068023974769e-03 -3.426852309256656071e-03 -8.051977773380736281e-03
2.051834245994754724e-03 -1.895694734443953422e-05 1.458389052721331680e-03 -3.491266351371979937e-03
1.181032817068161656e-02 1.056954618674499358e-03 -7.126450310567911117e-03 -5.740832478787982751e-03
8.747209676662315303e-03 3.391687153520672737e-03 3.257648818554725878e-03 -1.539654564873760290e-02
2.322405127470617003e-03 1.609036239613281793e-03 -4.310076242045379757e-03 3.786348749612589160e-04
4.687783962627589673e-03 1.938027584436063933e-04 4.819703322091584141e-03 -9.701290043162669186e-03
1.116243106279668496e-02 2.282561468825106132e-03 -4.798655799055362436e-03 -8.646336732566206607e-03
1.341399407828181012e-02 4.157284602985811262e-03 -3.900273191381753435e-03 -1.367100548988531283e-02
5.857934903161554629e-03 1.863795118468125622e-03 1.194844302006226044e-03 -8.916574323636239363e-03
6.380025969017655285e-03 1.393375075614544656e-03 4.385259591834111959e-03 -1.215866063646653394e-02
5.374774901830914331e-03 1.826410185059135216e-03 -4.323167963903862265e-03 -2.878017122985743192e-03
6.534305767678105781e-03 5.812678749438804360e-03 -6.808199881178533808e-03 -5.538784635938598377e-03
8.643553510704116150e-03 8.958776456204020633e-03 3.489231254638625046e-05 -1.763722227945418997e-02
1.575292331532973655e-02 1.121058458074841724e-02 4.097251665459156200e-03 -3.106075956153742101e-02
9.737425428733459398e-03 1.060311093372456881e-02 1.736818239344684045e-03 -2.207735460180226816e-02
1.559105270910032814e-02 8.605902663769926519e-03 -1.838091924420415246e-03 -2.235886344844983942e-02
1.561136179022404313e-02 1.024949887623582967e-02 -7.837736661020833218e-03 -1.802312400543903959e-02
9.574341078997461452e-03 -2.376282157436460096e-03 -9.342859524453794862e-04 -6.263772969115510847e-03
1.574112225890300643e-02 8.576842021818853468e-03 -1.367187990752749549e-03 -2.295077628996877728e-02
2.009843455100934762e-02 9.177039425537714123e-03 2.674177056242177386e-03 -3.194965103278890606e-02
7.851716408849629403e-03 1.287979257803928412e-02 -2.494708710034987398e-03 -1.823680027685392613e-02
1.369708935913482861e-02 -2.079626775549847650e-03 2.416601857243128038e-03 -1.403406444082822002e-02
5.955031786674114258e-03 2.266893929339541813e-03 -8.226828806164876440e-04 -7.399242835396613316e-03
1.245583009046380418e-02 1.140583941019346348e-02 -5.158041745467523143e-03 -1.870362775518963350e-02
1.082466770483425655e-02 1.029802620057962415e-02 -8.563605070184276968e-04 -2.026633339839511994e-02
1.505305650576604926e-02 1.149005384337287161e-02 -4.032229371427886733e-03 -2.251088097771170027e-02
1.022252705572390674e-02 8.271045578277957944e-03 5.128028492440428465e-05 -1.854485291892660204e-02
2.459900870430686837e-03 2.069543900477199827e-03 1.584654901482407396e-03 -6.114099672390405082e-03
3.234302213797501935e-03 7.925714508733916475e-03 4.124478076543480753e-03 -1.528449479907478814e-02
1.750203322140042594e-02 9.107961034086287100e-03 4.559249019089328669e-04 -2.706591915739553489e-02
8.468401916035928068e-03 6.218776235627387905e-03 -4.621062248354013136e-03 -1.006611590330908079e-02
9.125291785187394922e-03 5.787698692117038135e-03 2.070202211207572418e-03 -1.698319268851156139e-02
1.362443475705399365e-02 7.599311076819770250e-03 -8.357097792463075159e-03 -1.286664804141113283e-02
9.020054034419633382e-03 -2.551278650051558294e-03 -8.630392177707557622e-04 -5.605736166597208303e-03
1.618450525088355185e-02 6.929590478213176752e-03 -1.859930372043461233e-03 -2.125416535705249022e-02
7.115735308060866515e-03 4.987777998658904366e-03 1.540971311789096632e-03 -1.364448461850908956e-02
6.737452136603039321e-03 2.350988427229250277e-03 -5.894874494620006011e-03 -3.193566069212394609e-03
8.708628895166325989e-03 4.202421308597603655e-03 -5.034065197584425277e-05 -1.286070955178797437e-02
1.260589395317990302e-02 8.539765780709362986e-03 3.245507836853844807e-03 -2.439116757074277775e-02
1.214138077201765142e-02 7.758165079454482083e-04 4.382789045924262439e-03 -1.729998632588758412e-02
1.179169449123684821e-02 3.213302571152487630e-03 3.835407028600634760e-03 -1.884040409098985958e-02
1.646390930438701439e-02 8.156524050537017345e-03 -5.167696996502990636e-03 -1.945273635842093007e-02
1.279058117771647574e-02 9.209585738390257958e-03 2.035280873506906119e-03 -2.403544778961363981e-02
1.884807832834423102e-02 1.564733366922754776e-02 -4.866711774706655724e-03 -2.962870022286456795e-02
1.263724074704053457e-02 2.821788305777728212e-03 -1.576413932223297287e-03 -1.388261512059507652e-02
1.260005027146227086e-02 6.746396907685969779e-03 -1.166505110948956592e-03 -1.817994206819950609e-02
7.627235332593240713e-03 2.830510539486574828e-04 -4.932847676131224546e-05 -7.860957909780474928e-03
2.011100104613516848e-02 1.187529998653658048e-02 -1.545674084404757842e-03 -3.044062694826676907e-02
5.898818406884220877e-04 9.674905210383943910e-03 8.197446910318539892e-04 -1.108453174210410896e-02
2.069948287017830957e-02 8.132138651379960947e-03 2.134005930856552880e-03 -3.096562745241493442e-02
1.580859569632298012e-02 1.144703571840088863e-02 -2.565937023434883280e-03 -2.468969439128942955e-02
1.069016631603170175e-02 2.157588973117352538e-03 4.226602300425597036e-03 -1.707435758957476235e-02
1.580472471456895178e-02 4.139933892936653592e-03 -1.284393394986982351e-03 -1.866026521251884507e-02
4.987999913066643032e-03 3.748533072100990182e-04 1.938658090639977516e-03 -7.301511310916386499e-03
1.086404422549591686e-02 2.765422988201926557e-03 -7.473172036176478628e-05 -1.355473549333596761e-02
1.456382879110829087e-02 5.415663384739088926e-03 -4.181201425914160552e-03 -1.579829074993310822e-02
1.365711637569178016e-02 8.403462761939817227e-03 -2.036724354838592710e-03 -2.002385478279311570e-02
1.151009262296964764e-02 4.047439013343812064e-03 4.818170325923354369e-03 -2.037570196223636998e-02
1.167500392983544799e-02 7.712110488163448352e-03 -5.238542215796671009e-03 -1.414857220220167022e-02
1.013674897572358624e-02 8.028137961235692899e-05 -1.423985263903526644e-03 -8.793045091432194482e-03
1.416648354664107323e-02 5.816405704850424740e-03 -3.696834622283984295e-03 -1.628605462920729163e-02
1.158923344597351246e-02 1.091710098636222703e-02 -3.284804944630903556e-03 -1.922152948770450287e-02
1.047277973335924983e-02 6.292899622205583299e-03 -5.107695779937526659e-03 -1.165798357562763954e-02
1.286695322871533875e-02 5.171984967019094270e-03 -2.448575806436203983e-03 -1.559036238929789597e-02
5.358105760925102601e-03 1.236462049913855665e-02 -4.794153618221885793e-03 -1.292857264184177346e-02
1.571256453856828550e-02 9.084685671877812396e-03 4.854389874107134517e-04 -2.528268919785692237e-02
1.130811710433521355e-02 9.373701593107686136e-03 -4.052358510246989454e-04 -2.027658284641786768e-02
1.265825367489425979e-02 5.952555112207713606e-03 -2.212245775676913162e-03 -1.639856301142539330e-02
1.223295007070435148e-02 8.461501090900380717e-03 -5.553004747977929867e-04 -2.013915068680693921e-02
4.999854772211431708e-03 1.161060043682304865e-02 -1.383268000995419023e-03 -1.522718720803895032e-02
1.831875191457221774e-02 -2.121838330673031514e-03 3.919301486564830128e-03 -2.011621507046446045e-02
9.586814341157268160e-03 4.349141510073817329e-04 2.800573965088704043e-03 -1.282230245725279882e-02
1.914616479953368255e-02 1.082141166458394643e-02 -3.499560452118855025e-03 -2.646801601199821885e-02
1.226718629719303344e-02 5.367780969811386527e-03 1.138502999245671887e-03 -1.877347026624998083e-02
4.237143907437124213e-03 2.015614272612875624e-03 -4.153670741326664917e-03 -2.099087438723001853e-03
4.558095443850884720e-03 6.023959083516494672e-03 4.537084404577784724e-03 -1.511913893194516412e-02
6.452511455526943607e-03 -3.814451476084057546e-03 -3.472015226130276133e-04 -2.290858456830080492e-03
1.709737749911077742e-02 1.103061170317709561e-02 -1.898478378107304465e-03 -2.622951082418067958e-02
7.707433718673328826e-03 3.233717654262280305e-03 -1.817728825810993598e-03 -9.123422547124504511e-03
1.024201194213669730e-02 5.812677285342626732e-03 -2.523415395301431552e-03 -1.353127383217733737e-02
6.791823441967936859e-03 5.293872597889714982e-03 2.952255470253906111e-03 -1.503795151011178000e-02
1.377055242680769176e-02 1.123694429312505072e-02 -2.652770360000444860e-03 -2.235472635993240864e-02
1.232937595707639389e-02 2.889978766836831525e-03 -1.988817021990052503e-03 -1.323053770192350598e-02
1.019881103641306908e-02 5.677438090652353608e-03 -2.761737377924955439e-03 -1.311451174914024520e-02
6.963236901588176764e-03 2.237978293408104946e-03 -2.928225555873686936e-03 -6.272989639122150685e-03
5.783799795519461995e-03 2.924437528760703842e-03 6.270763148519264973e-04 -9.335313639132314378e-03
5.237751156507375327e-03 4.973288711981327381e-03 3.294482747355331753e-03 -1.350552261584447855e-02
1.181440854554227649e-02 3.831151855626657721e-05 -3.067745949915101633e-04 -1.154594546910703290e-02
1.068062062198049667e-02 5.927333249694077821e-03 1.227628778516454133e-03 -1.783558265019125066e-02
1.092388739119454222e-02 6.093277674293462454e-03 -5.187243414623288196e-03 -1.182992165086438341e-02
8.441124802071486855e-03 2.778921888365148973e-03 1.087626668755392600e-03 -1.230767335919158434e-02
7.187306565527018520e-03 1.041607182955983646e-02 -2.779664216425059564e-03 -1.482371417866157337e-02
1.113768025809980244e-02 3.053105899126773437e-03 2.921134601499453254e-03 -1.711192075872614016e-02
1.439588982719430810e-02 7.616840579350858675e-03 -3.782744479613908695e-03 -1.822998592693103603e-02
5.219119489387358257e-03 5.520835977279814344e-03 -2.541957972049702086e-03 -8.197997494617359493e-03
8.618581221522481073e-03 -9.804891847886576528e-04 2.054523347296832725e-04 -7.843544371463284648e-03
1.547928797522923894e-02 1.070704284944290485e-02 -2.455408244775969528e-03 -2.373092257989595222e-02
1.307723255027148923e-03 6.474046183191362047e-05 1.210836136683601794e-03 -2.583299853543219449e-03
6.048841784507041908e-03 4.966220409996280338e-03 9.116318545305812648e-04 -1.192669404903401453e-02
8.721058218620347802e-03 5.423440671198820340e-03 1.207421057108915008e-03 -1.535191994692775008e-02
1.652460051996684776e-02 3.646610651865334063e-03 4.622293606135752242e-03 -2.479350477796782304e-02
1.145840136406750531e-02 -1.326881495203102723e-03 4.292192624007595825e-03 -1.442371249287199841e-02
1.117706585665656505e-02 5.995740049085318546e-03 -2.138868658380310706e-03 -1.503393724736135084e-02
4.644887209558135055e-03 3.665234135663553161e-03 -2.669689365282224003e-04 -8.043152408693021727e-03
1.193712040877348279e-02 7.458471222659746047e-03 2.715876306797371242e-03 -2.211146793823048906e-02
1.246136363515026879e-02 4.354376090858202986e-03 -7.584937668688729318e-04 -1.605724595913948782e-02
1.568567392139885719e-02 8.368782487857107100e-03 7.761117607669731910e-04 -2.483056817002282646e-02
1.721837424108652037e-02 4.477870889029400558e-03 1.089692594384183977e-03 -2.278593772449954979e-02
1.179101918761560341e-02 1.034318528601296805e-02 -8.059748757997864388e-03 -1.407445571563092912e-02
1.739243834146075862e-02 1.606291059053077674e-03 3.876574179715985835e-03 -2.287530358023015520e-02
1.049874659774641117e-02 5.516489183709838429e-03 -2.834444031747596071e-03 -1.318079174970909762e-02
1.233661509471861706e-02 4.623056731982710943e-03 4.524768703818349280e-03 -2.148444053051945524e-02
1.763004603787332591e-02 8.991389546063599525e-03 -1.703888985331025729e-03 -2.491754659860612175e-02
1.911220324206319710e-02 1.105564246532142469e-02 -3.575111440797695828e-03 -2.659273426658681494e-02
2.106156642412959634e-02 7.246144208952864929e-03 -2.985270636756909290e-03 -2.532243999632588505e-02
9.216392408111007128e-03 -3.800871192024546374e-04 1.001128876958912173e-03 -9.837434165867131597e-03
1.300121678631893651e-02 4.697648794610875811e-03 -1.585273786395280382e-04 -1.754033820229028429e-02
9.666067049019622104e-03 5.065874053788110842e-03 3.575484395947681193e-03 -1.830742549875541414e-02
2.729579032488604895e-03 2.565000972747366603e-03 1.216432717793036744e-03 -6.511012723029563354e-03
5.250422130852250291e-03 6.964848907152543234e-03 7.145813325104555247e-05 -1.228672917125572805e-02
1.366012076076783543e-02 7.881056365726335500e-03 -6.088866452443109090e-03 -1.545231067405117287e-02
1.060243095375601463e-02 5.620876983549738526e-04 5.223614814259702754e-03 -1.638813346637091328e-02
8.512766864343657147e-04 5.374656137282274315e-03 2.787464844327347535e-03 -9.013397668043987565e-03
1.711337403410384539e-02 3.599152385532544685e-03 -1.687075561843442983e-03 -1.902545085779339118e-02
1.468782135083546159e-02 7.864132146339741780e-03 2.147985300402721620e-03 -2.469993879757825805e-02
1.792537533703231212e-02 -2.446312808702000297e-03 1.261083031947940469e-03 -1.674014556027825229e-02
-1.234722373805619000e-03 6.240361493143442573e-03 -5.014558204069485825e-04 -4.504183298930652946e-03
9.129818545217549541e-03 3.222576701738422145e-03 -1.590727054727181233e-03 -1.076166819222867943e-02
8.403289204297559323e-03 3.932561523428246275e-03 -6.068864051900213497e-05 -1.227516208720724755e-02
8.831008899830905534e-03 4.706103807249339965e-03 2.988559149574188112e-03 -1.652567185665454463e-02
1.954043839208918776e-02 3.644929365229199192e-03 -4.744146448865116383e-05 -2.313792629282940272e-02
1.471568325750327588e-02 9.262687292934224104e-03 1.273394901937008328e-03 -2.525176545237450831e-02
1.121402109293323512e-02 4.889405775720723213e-03 -4.935771302669755833e-03 -1.116765556598464659e-02
1.843206324044621702e-02 9.158051267738276380e-03 -5.647159274276170038e-03 -2.194295523390810132e-02
6.672162964874273072e-03 -1.357215081732143780e-03 -1.194469608109760550e-03 -4.120478275032812832e-03
9.647336147822871411e-03 1.066597803388336096e-02 -1.603180412063864857e-03 -1.871013376964258956e-02
1.263253812612941118e-02 9.301626824681052952e-03 -3.313752154872617872e-03 -1.862041279593795728e-02
1.685167540180110279e-02 8.504430538784246707e-03 -9.320171745610394964e-04 -2.442408876602431000e-02
1.245751476664525015e-02 4.795920094838423964e-03 -5.891911663436721902e-03 -1.136152319804728528e-02
3.897543011446069627e-03 1.984567854579788460e-03 6.707173510166697383e-03 -1.258928437619277751e-02
8.214587049467425572e-03 1.015636203323166953e-02 -2.710818385077695680e-03 -1.566013069762195453e-02
9.931036641604773507e-03 8.447254129411385648e-03 -3.451371022535787425e-03 -1.492691974848014969e-02
4.137295150506314911e-03 5.200001598090420174e-03 -2.638195629405371001e-03 -6.699101119191808174e-03
4.309381756836483390e-03 -5.302096054246918655e-03 5.419862588417867499e-03 -4.427148291007654279e-03
5.793779898664919159e-03 4.029083526223997680e-03 -2.111952797454463848e-03 -7.710910627434230946e-03
1.500173842562047000e-02 2.332869947979654413e-03 3.040162341696461823e-04 -1.763862460776954855e-02
3.836781853095772021e-03 7.734636328989408227e-03 -6.757811952075476469e-03 -4.813606230009259690e-03
8.512866982353095580e-03 4.125285352283292184e-03 3.997986924102470141e-03 -1.663613925873885790e-02
1.574003208863428149e-02 5.926061957933992375e-03 -4.587030210872589109e-03 -1.707906383569546271e-02
9.495366460239740292e-03 1.208596670105777093e-02 -3.885569380514652948e-03 -1.769576378078252521e-02
9.004616782243068940e-03 6.576769184513331368e-03 5.953790617656551376e-04 -1.617676502852183340e-02
6.795940827584168176e-03 -4.286118805684524524e-03 5.669503132093023368e-04 -3.076772335109057011e-03
8.428918036388344248e-03 4.767748180369846267e-03 -5.007582106364427688e-03 -8.189084110393873850e-03
1.323116655502687422e-02 4.651116745364447524e-03 -5.326623643801764452e-03 -1.255565965658989036e-02
1.116311556702598295e-02 9.746867162472305779e-03 -5.214994962600472128e-03 -1.569498776689770558e-02
1.116607118444878921e-02 -6.153241607836923421e-04 -4.306334859577320984e-04 -1.012011353770692068e-02
1.027589338012546705e-02 7.819385340557927222e-03 -4.128771809862041842e-03 -1.396650691082135243e-02
1.743989695771097637e-02 2.976762040219238514e-03 -3.231990855371069671e-03 -1.718466814255847908e-02
3.552370629525514190e-03 5.928300984108236804e-03 -2.409610406387874271e-03 -7.071061207245876723e-03
3.549636786762899732e-03 2.444787518572466567e-03 4.504977120750819353e-03 -1.049940142608596361e-02
8.131013563793976218e-03 6.273862772425919943e-03 -8.392468913434036892e-04 -1.356562944487671452e-02
1.086948667435816418e-02 8.751601971281663950e-03 -5.600404030250971665e-03 -1.402068461538874544e-02
1.736240388580601035e-02 1.076278130189978199e-02 -1.047251584025521431e-03 -2.707793360368071500e-02
1.058561335798846592e-02 1.150264087070862473e-03 -1.517226044260078233e-03 -1.021865140079913914e-02
1.837709392156239296e-02 1.466101195261004797e-02 -6.410392614165538738e-03 -2.662771326000734629e-02
9.175060493261444350e-03 6.979948038502437058e-03 2.402124977808117734e-03 -1.855713350957233221e-02
8.902914753497359612e-03 2.702253874330429184e-03 -1.964139119296937075e-03 -9.641029508530962744e-03
1.550271205993225543e-02 5.804002997215951254e-03 -1.986413761735250638e-03 -1.932030129541284502e-02
6.318611538743246214e-03 8.536059699473019791e-03 -4.472915870528115789e-04 -1.440737965116423158e-02
1.736993073778192453e-02 7.469849302523812185e-03 -5.990541674230964730e-03 -1.884923836607499403e-02
1.314165285107238290e-02 6.736604783051935996e-03 -6.943521360174287338e-04 -1.918390549810755630e-02
7.253928436063317164e-03 -3.916285456806445353e-05 4.438735779842772899e-03 -1.165350136133846970e-02
4.631837099720259587e-03 1.664569187598274880e-03 1.816166979311306662e-03 -8.112573266630285218e-03
1.793360519776077133e-02 1.507022224360055063e-03 -5.981486474880393089e-03 -1.345914094724043331e-02
7.755958635917270527e-03 3.551127046926616515e-03 -3.109372755009220946e-03 -8.197712927834333030e-03
1.940153114378717625e-02 1.109195894170911245e-02 -1.579099510748749324e-03 -2.891439057474753938e-02
1.800460000709280806e-02 2.626166875331792383e-03 2.270954672553671116e-03 -2.290172155497782747e-02
1.450373065358734337e-02 2.414845880835736480e-03 2.217258775431441009e-03 -1.913583530985463188e-02
8.838404885935569055e-03 -2.449838143378735289e-03 9.443310833174400898e-03 -1.583187757573145671e-02
1.113895083101335004e-03 -1.205660927864782295e-03 5.937553845776433192e-03 -5.845788001012652835e-03
8.930437433832816296e-03 3.027724368588335935e-03 9.531638425797073211e-04 -1.291132564500108160e-02
9.559631494760134629e-03 5.586355818705923681e-03 -1.542077902429439540e-03 -1.360390941103684082e-02
7.651715380098789154e-03 1.776866938250742933e-03 9.751698183779744511e-05 -9.526099300187218510e-03
2.018329827852061165e-02 1.278354336045328665e-02 -1.913514040107866521e-03 -3.105332759886603178e-02
1.558041754138694834e-02 1.088462595829620128e-03 -2.083436984883557663e-03 -1.458544315233256672e-02
1.367330493019136561e-02 1.095071871450525869e-02 -5.644990510536351813e-03 -1.897903313415982840e-02
9.209330556688044567e-03 9.055277076027268279e-03 -4.677126593384151043e-03 -1.358748103933116180e-02
1.084340182323773050e-02 7.054617041615918183e-03 1.279037652049952456e-03 -1.917705651690404522e-02
2.594706227413867694e-03 2.942122863421214873e-03 5.377877355820848138e-03 -1.091470644665570866e-02
3.167859526102434486e-03 1.413162597767358974e-03 -7.222063977052606276e-04 -3.858815726164976923e-03
1.173314037692874123e-02 3.132436522113035693e-04 -2.435321745108742775e-03 -9.611062284031413050e-03
2.141245395172863830e-02 1.220102516445509266e-02 -1.075774489473713125e-03 -3.253770462671035091e-02
5.143342918092930205e-03 1.808792248904955713e-03 2.100170809921975135e-03 -9.052305976919972075e-03
5.251259143489006576e-03 3.974108514583907237e-03 -8.386572614416110127e-05 -9.141501931928530666e-03
1.418656765310810641e-02 4.218942063084929472e-03 -1.958182292990162665e-03 -1.644732742320276220e-02
7.146375289365902717e-03 4.948539702413601304e-03 3.047362018757882041e-03 -1.514227701053805220e-02
1.494561374113523300e-02 5.902661500080119694e-03 -7.734403976001447134e-03 -1.311387126521390556e-02
1.063172623371322345e-02 -2.394399677549063910e-03 6.029046285612293943e-03 -1.426637284177711962e-02
6.842791395816893996e-03 4.395598244356646589e-03 -3.732989033747080576e-03 -7.505400606426682053e-03
6.377125394429805638e-03 7.228983213154460685e-04 6.203654161560656632e-04 -7.720389131901095325e-03
1.972466607709355557e-02 1.501103236580370037e-02 1.949936977800215132e-03 -3.668563542069747108e-02
9.582798454328633753e-03 -2.932628225353894891e-04 7.707721910502840501e-03 -1.699725754229586272e-02
2.632177599957818970e-03 3.348412294007729884e-03 3.293058712114271813e-03 -9.273648606079931689e-03
1.036319667405605216e-02 9.433212458804796086e-03 -1.012875857966832882e-03 -1.878353327489334923e-02
2.177207465927399888e-02 8.559461993872474750e-03 4.481614392896737797e-03 -3.481315104604298938e-02
1.151285316292338656e-02 5.399490791242023136e-03 -1.481256548291010056e-03 -1.543108740587395555e-02
1.331658891190135030e-02 9.639789173864876659e-03 2.336062944630512561e-03 -2.529244103039618441e-02
1.727268071624887824e-02 1.165061969084613125e-03 -7.288575733611635243e-04 -1.770888511197221682e-02
1.562944084363970809e-02 7.562422677988456243e-03 -9.982207696678235820e-04 -2.219364275195978564e-02
7.129880028989843410e-03 2.064393506380435284e-03 -4.283770391171670688e-03 -4.910503144198274939e-03
9.339364908614866678e-03 4.774322192826474520e-03 -5.081272723056473595e-03 -9.032414378384978626e-03
1.374913648201991911e-02 5.682669033600484809e-03 5.583097976056272671e-04 -1.999011531322580915e-02
8.789806056061388873e-03 4.718637360662469860e-03 -3.088033502229858840e-04 -1.319964006650031774e-02
1.371322446013945040e-02 4.458027414465659533e-03 -1.407341375189719024e-03 -1.676391049941527989e-02
1.787149442739033312e-02 1.575298883962883423e-02 -3.743646708540659951e-03 -2.988083655847806330e-02
1.171156942485307439e-02 2.582827507468632433e-03 -7.872219023944415639e-04 -1.350717502992737629e-02
1.186851645809250400e-02 6.518155848159734589e-03 -1.071762152055399930e-03 -1.731491015419672763e-02
1.228888682503881391e-02 3.599295935763358045e-03 1.747331378709082728e-03 -1.763551413951081059e-02
1.714653191681736466e-02 6.409141729204925753e-03 4.116508675986452204e-04 -2.396732451362171279e-02
1.122746415996833669e-02 -1.309936114115006767e-03 -8.142734718883382072e-04 -9.103254573964769669e-03
1.378012738056555442e-02 8.786064610749155790e-03 -9.201284797532016668e-04 -2.164606351156150854e-02
9.667484709499074569e-03 9.406858674844587043e-03 2.459708266807192345e-03 -2.153405165115018782e-02
1.415509720434249274e-02 1.139188935202906094e-02 2.144943638260343732e-05 -2.556843599275349099e-02
7.666191199555028035e-03 7.672734090169441856e-03 -1.876955911602751215e-04 -1.515122969856408375e-02
1.163923380934073215e-02 4.433851468579108612e-03 3.342895575602078395e-03 -1.941598085352169711e-02
-4.241106635232139155e-04 4.928729349656491010e-03 -1.947968090389107232e-03 -2.556650595744058840e-03
3.288403423870067677e-02 1.981955694887616026e-02 -7.972252515006106321e-04 -5.190636593607544924e-02
8.414567527346372700e-03 3.861575736834099715e-03 1.140572711249010496e-04 -1.239020053530570653e-02
1.054518283385563748e-02 -2.538431208803482164e-03 2.906197672844612612e-03 -1.091294929789710100e-02
1.890478804196904505e-02 3.721498649839061201e-03 -3.466316456137708002e-03 -1.915997023567006519e-02
1.191932922237559644e-02 1.163941717370331475e-03 1.234535519406110282e-03 -1.431780645915170513e-02
9.252715169363989745e-03 2.972894540384407591e-03 1.393959835993552332e-03 -1.361956954574183865e-02
2.447780785457265296e-03 3.249547079709813602e-03 -1.288165445448519186e-03 -4.409162419718448689e-03
1.007796766378787900e-02 3.247750766514290177e-03 3.079814350984033666e-03 -1.640553278128631387e-02
2.674867039962691706e-02 1.687606974020372519e-02 -5.234705126968441924e-03 -3.839003501286242237e-02
1.364678902654237191e-02 8.633216081689543131e-03 6.092530238281934629e-04 -2.288925813205999749e-02
9.864161511081270817e-03 9.893953309294101217e-03 -3.695397027222768749e-03 -1.606271779315227022e-02
1.111611320259120461e-02 -3.998391409672952257e-03 -3.193695985235223134e-04 -6.798352194394285952e-03
4.095279384594086025e-03 3.075323991849732153e-03 -1.815575214140108251e-03 -5.355028162302932770e-03
1.465617103129979171e-02 9.601205867133533189e-03 -1.111900600146542573e-03 -2.314547629828700437e-02
3.129796325360389986e-01 1.155753108667008089e-01 -1.068202176494079669e-01 -3.217347257533317295e-01
1.863574670299272817e-02 1.106287891040858007e-02 -2.955857356503499567e-03 -2.674276825689769765e-02
1.053834252660856841e-02 6.254234206066078272e-03 4.223481239392423703e-03 -2.101605797206707038e-02
1.339102548734127929e-02 9.834976291506203339e-03 3.605496349776471376e-03 -2.683149812862417605e-02
1.391436754825581268e-02 1.229153013082573409e-05 -3.606618622504775828e-03 -1.032004045588141850e-02
2.014715881259276919e-02 1.492355966207425944e-02 -7.766513860683832426e-03 -2.730420461398330723e-02
1.431847659366147774e-02 6.166402674411264329e-03 -1.823801508464617527e-03 -1.866107775960812454e-02
1.337597060883810585e-02 6.832318515715529728e-03 1.544970604302031703e-03 -2.175325972885588932e-02
1.616959266866091482e-02 3.389573114560784362e-03 3.858170618331602242e-04 -1.994498284505463737e-02
-1.808232197564652033e-03 9.682602858005484592e-04 5.004081927607373359e-03 -4.164110015843269785e-03
1.768946325192577440e-02 7.305477754246947342e-03 1.589336597598522971e-03 -2.658427760377146676e-02
1.439366174329448356e-02 8.587779342366319568e-03 -1.623604986607296574e-03 -2.135783609905306246e-02
9.277803049972943583e-03 1.111929105785369742e-02 6.178697569676261381e-03 -2.657579167750245830e-02
1.718353515309556379e-02 -4.801029541555479341e-03 3.937653815136998858e-03 -1.632015942667752739e-02
1.121521079964393763e-02 2.153437312952588556e-03 -3.066192014711144331e-03 -1.030245609788504879e-02
7.099961436667800996e-03 7.521122234803501172e-03 1.011301943107945078e-04 -1.472221386578220770e-02
8.409367597099759450e-03 5.012104632855507447e-04 -1.749935215906273100e-03 -7.160642844478481983e-03
1.559465608620302923e-02 9.256522873142714047e-03 -4.121661295275580450e-03 -2.072951766407005181e-02
1.216614059642662227e-02 4.873024913076839937e-03 3.130681615963970543e-03 -2.016984712546687764e-02
1.681695799046867279e-02 5.506965563624399707e-03 -2.711195407660849099e-04 -2.205280401332676554e-02
2.244933309892416240e-02 1.586340030246113919e-02 -2.244810866399604699e-03 -3.606792253498591894e-02
1.171226671830538635e-02 1.710338917952913818e-03 5.662625439302848562e-03 -1.908523107556114873e-02
1.487436299017419472e-02 2.376707674476952192e-03 -1.277712369927241909e-03 -1.597335829472412705e-02
2.122792029052300578e-03 1.766558203515122827e-03 -9.143034303749075775e-04 -2.975046802191960715e-03
3.852558861941135504e-03 1.557705718697954822e-03 3.238283195394098257e-03 -8.648547776033743695e-03
1.584949461606965926e-02 1.040090102505497605e-02 -4.093014277959383662e-04 -2.584109421332869694e-02
5.095431739533085036e-03 -1.367232798314854669e-03 1.117223889116836233e-03 -4.845422830335843756e-03
3.482808361902616223e-01 1.145565791007803202e-01 -1.223850185581587535e-01 -3.404523967328833001e-01
1.254886962936052619e-02 7.035332523893211842e-03 2.363335551967438164e-03 -2.194753770522150926e-02
1.503751818275977925e-02 1.599265887208822789e-03 8.665041347786228698e-04 -1.750328820474722491e-02
8.420092277410473613e-03 7.956546387419827226e-04 5.924978962298155238e-03 -1.514072587845105566e-02
1.240047179794179222e-02 8.131397759121528068e-03 -2.418803484098619450e-03 -1.811306607296481186e-02
2.381095066936511628e-02 2.009118682943578094e-02 -4.754281233486867819e-03 -3.914785626531414042e-02
8.620138162945600868e-03 9.666028510847413102e-03 -9.041449749931596003e-03 -9.244716923861640012e-03
9.512924684168533318e-03 -1.698433188593306831e-03 4.342284511073435382e-03 -1.215677600664821778e-02
1.257872645943747258e-02 3.907591409889388245e-03 -4.755456305897243219e-03 -1.173086156342939557e-02
7.197307103370631509e-03 -1.847886193490078099e-04 2.902498721004231896e-03 -9.915017205025522529e-03
7.938175575789907512e-03 7.040254521991640146e-03 -4.358943890312438896e-04 -1.454253570875085888e-02
7.535185169824654139e-03 4.402299823113908772e-03 -5.014597881778715127e-03 -6.922887111159958806e-03
4.562196750186631178e-01 1.352141247883515973e-01 -1.738199312855241985e-01 -4.176138685214907387e-01
1.605148620255758551e-02 8.463832837106277651e-03 -4.388043348189873960e-03 -2.012727569147421125e-02
8.697372555952709305e-03 3.770114834466875564e-03 -3.198662147343211970e-03 -9.268825243076039833e-03
7.258208737788152121e-03 -3.837623185412697424e-03 5.675893085220540257e-03 -9.096478637596216998e-03
1.363255735390933587e-02 4.342591840441611950e-03 1.485430725938430285e-03 -1.946057992028948913e-02
3.604615110496589558e-02 1.200787652703483310e-02 -2.883569601581759123e-03 -4.517045803041908059e-02
1.933234934059835375e-02 9.383960033806593160e-03 -2.422865316536237934e-03 -2.629344405786837591e-02
2.378927535851960151e-02 1.132467524201841158e-02 -1.150399091910814242e-02 -2.360995968142975965e-02
2.041771139408044000e-02 9.196639090992331234e-03 5.474925756205895055e-04 -3.016184306069347176e-02
6.966830678263757903e-03 8.402167866508492011e-03 -1.626856473814664028e-03 -1.374214207095791895e-02
1.846170587960127563e-02 1.571784244623897209e-03 9.104308634384494781e-04 -2.094392098766317822e-02
1.913057970204978808e-02 9.275140387196678660e-03 -2.150967892174060481e-03 -2.625475219707273933e-02
1.131970970791695841e-02 3.568970475027244404e-03 9.358943167789846029e-04 -1.582457449972329844e-02
3.113866669080118665e-01 1.049317574927128849e-01 -1.093407649332901466e-01 -3.069776594674349379e-01
2.323845786682277037e-02 1.375297404699238335e-02 -2.394077855747411832e-04 -3.675202412824063458e-02
2.352395200102708195e-02 2.117035068860229075e-02 -2.913375883929814059e-03 -4.178092680569978068e-02
9.227679116365017364e-03 8.735637635424176040e-03 -4.537041319365719971e-04 -1.750961261985195527e-02
1.118424558900721344e-02 5.627936882425910170e-03 -3.175153452295909062e-03 -1.363702901913677046e-02
1.590754316760567555e-02 6.160598136279338277e-03 7.650069400688686017e-04 -2.283314824395388243e-02
1.168850378108055033e-02 9.010162815445088569e-03 -3.421862288670918240e-03 -1.727680430785438759e-02
1.475976581719717906e-02 7.562369806886515278e-03 -1.630312962746294225e-03 -2.069182266133773318e-02
1.168723893817724679e-02 1.048388469615968432e-02 -1.355745127043173071e-03 -2.081537850729364703e-02
1.203536368733804096e-02 4.077402966886412017e-03 1.595277631091240877e-03 -1.770804428531580488e-02
1.556845174165633061e-02 9.646419569821595985e-03 3.591136756967205912e-03 -2.880600806844491046e-02
2.459016122541557436e-02 1.158620138558164037e-02 4.779134542316487710e-04 -3.665427606522919657e-02
1.906352184626469715e-02 -9.869245656308756054e-04 1.460190789992488192e-05 -1.809119918853363540e-02
2.045255907036636067e-02 5.777036315510741815e-04 3.783747474322085580e-03 -2.481401017623940941e-02
1.133333181288187497e-02 1.154140897733846316e-02 -3.846343881089953065e-03 -1.902839690913060711e-02
2.522176143076082511e-02 1.329748209085801491e-02 -1.565610571469644441e-03 -3.695363295014886251e-02
1.513875611174841929e-02 9.381401784817722245e-03 -2.492568478957402078e-03 -2.202758941760896150e-02
9.552432473666216950e-03 1.576609061686218283e-03 -1.462812475201968887e-03 -9.666229060150466346e-03
1.970978886337082514e-02 1.175030722536130057e-02 -3.431389479863988790e-03 -2.802870660886747078e-02
1.393392766128265237e-02 -1.151940952703323084e-03 6.690696139091123484e-04 -1.345105632248810856e-02
1.193522724093898368e-02 6.872049865916274314e-03 5.102535341503289246e-03 -2.390981244835876929e-02
9.251208924711873394e-03 1.788410512137961206e-03 3.152848696951426888e-03 -1.419246813380159455e-02
1.518157543395592946e-02 -2.089187850059515128e-04 1.762299226810482011e-03 -1.673495587576045995e-02
6.642003837202592464e-03 2.849428113615992686e-05 1.544681734669595130e-03 -8.215179853008680588e-03
8.179496802516839082e-03 4.103098535569893457e-03 6.081418080873035592e-03 -1.836401341896010120e-02
1.454756774957632892e-02 7.674537471743514416e-03 1.277936622106956577e-03 -2.350004184342657787e-02
1.374463176670270848e-02 2.493660306518652447e-03 2.146622045195334394e-03 -1.838491411841658429e-02
2.226988326006984487e-02 1.265462565239561243e-02 -2.603631022112362636e-03 -3.232087789035342773e-02
1.106831197470614647e-02 8.711077110286957748e-03 -3.520541047008607372e-03 -1.625884803798527400e-02
1.628092214824383710e-02 8.670632976446102091e-03 3.830499267849507561e-03 -2.878205439253944675e-02
1.056140399479921221e-02 9.519583153648314422e-03 -4.392352554993816938e-04 -1.964175189294781187e-02
1.164294977518487428e-02 -4.202772592002301799e-03 3.634698349078480106e-03 -1.107487553226083055e-02
1.595583813439538368e-02 6.076523572102976445e-03 -9.463428907738880014e-04 -2.108601881572447212e-02
1.792445864192182547e-02 1.197588034283469938e-02 1.925144552961999267e-03 -3.182548353771852412e-02
3.472133264422261334e-02 2.253994442179396707e-02 -5.226877371613092294e-03 -5.203439969440393220e-02
5.292424963592168297e-03 4.146613768216234064e-03 -2.001302167964236212e-03 -7.437736563844610238e-03
4.136767731930501846e-02 1.885168441846962750e-02 -6.482592284352439727e-03 -5.373676945342220623e-02
9.499897728461270674e-03 1.271043730747889455e-02 -4.101233224743650041e-04 -2.180021171346635533e-02
4.290432562682688911e-03 -7.658547165978468740e-04 -3.582869691828638459e-03 5.829184574324131063e-05
8.915935317055367904e-03 3.638343195639937022e-03 -5.569325095699406702e-03 -6.984953416995898223e-03
1.893969440580800523e-02 1.085184189276988675e-02 -7.884814579172116922e-04 -2.900305484066068029e-02
9.298800896738068644e-03 8.430616684313330111e-03 7.261617429961120251e-04 -1.845557932404784385e-02
8.072863088965931411e-03 3.866140678522977936e-03 -2.769912625855130983e-04 -1.166201250490350727e-02
1.140230235600903086e-02 6.718295717349054286e-03 5.706956986606392945e-05 -1.817766764322381601e-02
1.773896146165787613e-02 1.289840478349457698e-02 -1.620450888120017474e-03 -2.901691535703176950e-02
5.992158575384598507e-03 -2.760194676585170370e-03 2.139913780160762613e-03 -5.371877678959968705e-03
1.485427334389233245e-02 -2.145647807484607483e-03 -5.616575541437240915e-04 -1.214696798226388985e-02
3.064356021826486476e-02 2.133019388218215795e-02 -2.563095370078372071e-04 -5.171744456343863039e-02
2.783812924857564930e-02 1.347927555170835845e-02 -1.830806689519182129e-03 -3.948659811076471460e-02
2.716182852975279616e-02 7.281800240201530272e-03 -3.245102320316828326e-03 -3.119852644963716504e-02
1.224799470807114155e-02 5.614957393478059444e-03 -1.762817894943480290e-03 -1.610013420660572070e-02
1.020589298532437184e-02 5.717086413886685037e-03 7.075677760830068053e-03 -2.299865716004101390e-02
9.483030103323519810e-03 1.006819341454323613e-02 -2.370112364667997795e-04 -1.931421228140028923e-02
9.995951969422378625e-03 1.533799099279020695e-02 -1.751934325497916944e-03 -2.358200863671477965e-02
1.222156314271494182e-02 4.040451034936998198e-03 2.796170514811624486e-04 -1.654163122913288042e-02
9.262044725489193553e-03 5.813436082011680384e-04 2.949536212002445978e-03 -1.279292454569280757e-02
5.453063504864408273e-03 4.310487476665514350e-03 2.794762289246577325e-04 -1.004302721045469138e-02
8.203254832504169869e-03 3.343982653798427407e-03 -2.724981049674335409e-04 -1.127473938133483067e-02
1.023867995702731903e-02 6.324083947777614512e-03 -6.158340113303628627e-03 -1.040442379150130492e-02
1.521217718008127662e-02 1.257879273662454445e-02 -6.592004204630796949e-05 -2.772504987465995718e-02
1.710597135373337352e-02 1.636960832730283144e-02 -3.023956346476008861e-03 -3.045162333456008508e-02
1.276250638244058599e-02 8.821499673881350034e-03 -4.009661323350233175e-03 -1.757434473297192490e-02
-3.675437305669104759e-03 9.419615955490456827e-03 -2.244017071695525445e-03 -3.500161578126048667e-03
2.697639390542749815e-02 1.354893045074301305e-02 -5.024273168021675673e-04 -4.002289703936856569e-02
9.362919881097608865e-03 5.310332415236151959e-03 -4.622911533235019022e-03 -1.005034076309896385e-02
4.145051724287629469e-02 2.411425588696403111e-02 -8.851653862785635596e-03 -5.671311926705480122e-02
2.884013372249216722e-02 1.104523535158419278e-02 -5.532995879097279968e-03 -3.435237319497908004e-02
7.763711257055216919e-03 1.205231370006387692e-03 3.412734946805162650e-03 -1.238167757386687828e-02
1.031742715632133489e-02 1.010016201034602545e-02 7.817311923323799761e-04 -2.119932035899974032e-02
9.755424655100153331e-04 1.616531117639041781e-03 7.341891507843589793e-03 -9.933965090992535885e-03
9.116353924138342890e-03 5.557519868360394355e-03 1.612953850666842825e-03 -1.628682764316546905e-02
1.464544043932547446e-02 4.915230707309037328e-03 -1.751242574269396002e-03 -1.780942857236444965e-02
7.709189733697829894e-03 6.055890007189201896e-03 -6.690050570958061549e-03 -7.075029169928637174e-03
1.785413961068571531e-02 1.158257106598292729e-02 -3.546039593579797256e-03 -2.589067108308873433e-02
1.162083391181867320e-02 6.792722776463033796e-03 -8.523353872800232267e-04 -1.756122130100168377e-02
7.539646525958954015e-03 -7.455796564055483522e-03 6.911914472694569156e-03 -6.995764434597928627e-03
2.367034135530921013e-02 1.179427258440002291e-02 -3.134884038971441633e-03 -3.232972990073734731e-02
9.785834074002242033e-03 6.421373808509933667e-03 -6.836470299598218503e-05 -1.613884317951608249e-02
-9.527527508401689715e-05 2.938845753823748908e-03 4.405130148411373625e-03 -7.248700627151216658e-03
3.854642315422429633e-03 1.246223597554552143e-03 5.383784536343805271e-03 -1.048465044932023194e-02
6.915879581246064944e-03 3.454377523365748104e-03 1.057160624635677948e-03 -1.142741772924771304e-02
7.883280112611412704e-03 4.043297426882475065e-03 -9.971212058054179650e-04 -1.092945633368824776e-02
1.117708782659998512e-02 8.428684167925304394e-03 -3.091340222990068831e-03 -1.651443177153544273e-02
3.400093319740005171e-03 1.018913611949390230e-03 4.340697674955595886e-03 -8.759704606645324354e-03
1.986588163277902552e-02 1.389810007842218198e-02 -1.432839018287168642e-03 -3.233114269291414988e-02
2.954782168456859814e-02 1.767866852928579036e-02 9.766849978887215400e-04 -4.820317521174288800e-02
1.055641049508326823e-02 4.181332881598498474e-03 -3.539303691998396673e-03 -1.119843968468337003e-02
6.156555739983415876e-03 -1.651011984180605907e-04 -4.952108872635752057e-03 -1.039345668930047317e-03
9.096269057945249870e-03 4.828305301383783998e-03 -1.975313053031668709e-03 -1.194926130629758720e-02
2.164930634455863867e-02 1.480589016214151066e-02 2.232437126069575228e-03 -3.868763363276961353e-02
1.914928955541750355e-02 8.858358414273181936e-03 -6.939363224071071201e-04 -2.731371164728291223e-02
1.180790513313012546e-02 8.058792836216799316e-03 2.011933788313768900e-03 -2.187863175766013857e-02
8.603979701240938027e-03 4.607916875623008224e-03 -2.406374250054632569e-03 -1.080552232680853653e-02
8.275963182581058675e-03 2.629143332422145818e-03 4.530214155227252348e-03 -1.543532067022979071e-02
2.062877795695228222e-02 1.688941538063493120e-02 -4.276010747924496869e-03 -3.324218258966349371e-02
1.245755234132150946e-02 5.654842683515903801e-03 -3.583943141183598691e-03 -1.452845188365425866e-02
1.684494727942209558e-02 4.756830639876197253e-03 -8.233270646837098639e-03 -1.336850727246152726e-02
1.670209411915490882e-02 1.362118352549113176e-02 -1.236124747034827998e-03 -2.908715289761132361e-02
2.068701867027811225e-02 1.458136864660408705e-02 -2.864250006530122405e-04 -3.498196231622940910e-02
2.242564341674246897e-02 1.758326206836025030e-02 -2.018673850068042341e-03 -3.799023163503378875e-02
2.196213837508986799e-02 1.084200777637467361e-02 -5.124600943311907741e-03 -2.767954520815263386e-02
2.395171763236314533e-02 1.235898136732460628e-02 -3.331259303558709028e-03 -3.297943969612959769e-02
9.474789502949665376e-03 -1.628380679338792270e-03 2.950439429683537895e-03 -1.079684825329429998e-02
3.666974277272871952e-02 2.007526313875773738e-02 -5.873779759418162882e-03 -5.087122615206873810e-02
3.468984174483935590e-03 2.398501153739962533e-03 1.377196632692534450e-03 -7.244681960916210528e-03
6.715806520860123641e-03 1.241930515147093850e-02 1.642659501940757494e-03 -2.077777117427193065e-02
1.139004027115353423e-02 -4.771455164713778174e-04 7.475910736444602023e-03 -1.838880549112653640e-02
9.953506613565643590e-03 -6.497779572753881183e-04 1.207714947159210794e-03 -1.051144360345013240e-02
4.805635423460241640e-03 3.659238255275809593e-04 2.076712062534458170e-03 -7.248271311522391791e-03
1.695723916978075785e-02 8.288202644931352836e-03 2.140490864640076651e-03 -2.738593267935229836e-02
2.437773983229465369e-01 -1.042696877203040939e-01 -2.511078276336643489e-01 1.116001170310219059e-01
1.669283856997849647e-02 7.651039141639337515e-03 7.371342145812143087e-05 -2.441759113307562234e-02
1.542290131313484025e-02 3.166567295814548544e-03 1.195068479258321048e-03 -1.978453708820826495e-02
9.065564372904511004e-03 4.831147949870606695e-03 -1.809577591791455831e-03 -1.208713473098377289e-02
6.972342392534969235e-03 6.160459080994273862e-03 4.246154556246661826e-03 -1.737895602977579390e-02
1.197579533663839513e-02 1.017732711646290866e-03 -1.614835793038338352e-03 -1.137869225524634764e-02
2.456652993803509766e-02 1.345745690090094371e-02 -3.987370053753935828e-03 -3.403661678518232758e-02
8.177160784116788150e-03 7.508976468836747742e-03 1.556503940076670034e-03 -1.724264119303020593e-02
1.573137296644255834e-02 1.177480393448449014e-02 4.198458586770481560e-03 -3.170463548769741902e-02
4.132567769865813645e-03 6.156106077022549528e-03 4.190122104701377026e-04 -1.070768605735850088e-02
9.679605826100834420e-03 1.132127975047581003e-03 -1.215317578008190402e-03 -9.596416223140447066e-03
1.856452530249441679e-02 1.304602028540724490e-02 -6.255658766497473877e-03 -2.535488682140396577e-02
2.532715349241421166e-02 2.040107444327854402e-02 -2.587350357993845051e-03 -4.314087757769879961e-02
2.183486850571614291e-02 1.193902760265830310e-02 -6.124700888291423340e-03 -2.764919522008268959e-02
1.442585393963602414e-02 5.822887421757183546e-03 -2.340300057089517161e-03 -1.790844130430369052e-02
1.377646925508657638e-02 1.396330193179640133e-02 -7.377459962354282474e-03 -2.036231122452847320e-02
2.804171490854057147e-02 1.855893691356724773e-02 -4.290406371508792560e-04 -4.617161118495727301e-02
1.885185221389029664e-03 8.069873981253916639e-03 6.276050926595555524e-03 -1.623111012923872387e-02
7.153238963043984100e-03 8.260662536761387287e-03 1.471723270386693372e-03 -1.688562477019261987e-02
8.667386621919570544e-03 6.881144575449082978e-03 -8.377531829637518968e-04 -1.471077801440456856e-02
1.355191101438135703e-02 1.086165629481028461e-02 1.690504600315057004e-03 -2.610407190950692069e-02
8.289157483730491549e-03 5.276779836011824543e-03 -2.817498050126099329e-04 -1.328418751472926207e-02
3.870523623560329085e-03 -2.639257334767552976e-03 5.963936635288824561e-03 -7.195202924081045559e-03
2.347017720792732298e-02 1.187175570083764953e-02 9.536225359312311411e-04 -3.629555544469653672e-02
2.324481820500845508e-02 1.422588637468469308e-02 1.070196312202176259e-03 -3.854090089189554647e-02
1.840844422612164522e-02 1.108851598283755457e-02 -2.399412057634386919e-03 -2.709754815132470185e-02
2.540073313938773225e-02 6.052754373048419012e-03 -4.972017899812497532e-04 -3.095628572245445742e-02
1.504872573683058157e-02 4.306651757445045803e-03 -3.450818099810515349e-04 -1.901029568429479788e-02
3.095492736013971680e-02 1.272116911697795949e-02 -4.536966797230479465e-03 -3.913912967988653069e-02
1.374892762992607764e-02 5.456034962746603156e-03 5.283901034652815909e-03 -2.448886362732549671e-02
1.149267429860811873e-02 9.837636088001477930e-03 -3.267317318299545192e-03 -1.806299306830971840e-02
1.784441136462211475e-02 1.020505247005498717e-02 1.771087378686697633e-03 -2.982055121336379955e-02
8.944026835007834464e-03 2.154836548866390089e-03 -2.724397482526064174e-03 -8.374465901348160379e-03
8.232480800699937262e-03 4.515470325521020456e-03 1.699814548467903919e-03 -1.444776567468863959e-02
7.022448148059190487e-03 4.477701284697266360e-03 6.595298874878530171e-04 -1.215967932024408782e-02
3.172020914370521361e-02 1.808343846308368974e-02 -4.814614264929795162e-03 -4.498903334185944125e-02
1.693037498042859745e-02 1.241651657797127051e-02 -2.085053275051595989e-03 -2.726183828334793890e-02
2.426681208996672723e-02 1.120495402095844639e-02 -5.308168633268772751e-03 -3.016359747765595678e-02
1.452155332591997805e-02 4.671576746550609727e-03 -8.560209933749285405e-03 -1.063292013872085828e-02
2.346706826362332521e-02 1.016530185367270356e-02 -4.676556948632337729e-03 -2.895581316866324695e-02
9.776692422252653003e-03 7.985511423096447459e-03 3.494370230496146590e-03 -2.125657407584535807e-02
1.084999938525244012e-02 9.794970781133338633e-03 5.752971980823584630e-04 -2.122026736446835926e-02
1.597288325865942049e-02 1.102880898107216900e-02 2.262864079405346729e-05 -2.702432088052564296e-02
6.485700737606681088e-03 4.573564763847848269e-03 1.634205260669929771e-04 -1.122268602752163336e-02
-1.162095783252437009e-03 3.963484562942820588e-03 -2.519804813750359251e-03 -2.815839659400243278e-04
1.778499312674952648e-02 1.346174043603265424e-02 2.555904303337630523e-03 -3.380263786611970023e-02
1.760451534656626293e-02 1.095703645821033412e-02 -2.862579090567862750e-05 -2.853292601387125149e-02
1.894540816017387108e-02 6.528787780927691742e-03 -4.734581191170317283e-03 -2.073961474993057941e-02
4.251382761175648284e-03 -2.616457035438002343e-03 5.486833171906457807e-03 -7.121758897644214770e-03
2.059608129308454494e-02 8.742159844118413403e-03 -2.955033241502924568e-04 -2.904273781305255486e-02
1.371015250172868960e-02 3.934846508424350020e-05 -8.811965526560605610e-04 -1.286830441415709458e-02
1.066196533587815409e-02 1.446973609585144871e-02 -3.368509362411065133e-03 -2.176319206931787154e-02
1.420495817796929572e-02 9.876821707022198638e-03 5.385915710895528008e-03 -2.946769559588680032e-02
1.547181585277446203e-02 1.034994148067847064e-02 -7.927430400850310477e-04 -2.502901429336767958e-02
1.795066045787230280e-02 1.222013062766880154e-02 2.918205611180280101e-03 -3.308899669672094035e-02
4.127664674860032079e-03 5.419124613071701901e-03 -4.833478730943308044e-03 -4.713310556988092870e-03
1.497193833967336296e-02 1.109651244375009504e-02 -2.072265156464969671e-03 -2.399618562695848833e-02
8.895593711570004558e-03 3.178149529541762774e-03 -4.963850295891525377e-05 -1.202410473815340719e-02
3.051661065871980050e-02 1.943896008621925908e-02 -3.996546297646452750e-03 -4.595902444729282887e-02
2.858220705106906401e-02 1.924173212291035995e-02 -7.231988659248678175e-04 -4.710074030805500023e-02
2.125891020769543616e-02 1.091548737850178696e-02 1.687627910851308144e-04 -3.234316037728302007e-02
1.187286849552338097e-02 1.872824989686217023e-03 -3.541645607169074950e-04 -1.339152892449269050e-02
3.146123885944085430e-02 1.274638736567834663e-02 -2.683710849497145112e-03 -4.152391537562205581e-02
9.466040379343398925e-03 1.192136787019726363e-02 6.205475798574333623e-03 -2.759288404811521822e-02
1.842649703525078841e-02 8.341607529465111526e-03 1.902517577601292587e-03 -2.867062214231697048e-02
1.008344765086310879e-02 1.531002323894359307e-03 -3.149202638096482154e-03 -8.465247336660763899e-03
6.218765404196746616e-03 3.209608861844959193e-03 2.047785879581986990e-03 -1.147616014562391484e-02
2.034839346752348455e-02 1.291639948187084386e-02 3.656376838858665934e-04 -3.363043063327997295e-02
5.384991645848602460e-03 -7.590039230702672057e-04 3.422705424388050588e-03 -8.048693147166163797e-03
1.452208606697458215e-02 1.327515535913770250e-02 -1.845686048019823389e-03 -2.595155537809257229e-02
1.732326212171475532e-02 1.171075611236904734e-02 -1.692319817461318543e-03 -2.734169841662226208e-02
2.133449879693483098e-02 1.041627777197029481e-02 -3.763423913244912100e-03 -2.798735265565976960e-02
9.212055203656088764e-03 8.711862805431236367e-03 2.025487525095570618e-03 -1.994940553418300677e-02
1.059898591389885070e-03 2.170471735450041351e-03 1.886845693125138723e-03 -5.117216019964954121e-03
2.120420615270268705e-02 7.353827953262337402e-03 2.253957544315010608e-03 -3.081199165027959097e-02
1.475236333066476391e-02 4.493748390751894917e-03 -3.751831547459394400e-03 -1.549428017395737545e-02
1.921282420366154930e-02 1.212522188955622582e-02 -9.054519904500013538e-04 -3.043259410276777377e-02
1.831369977379537772e-02 1.991448158260733514e-02 9.196366247381515535e-04 -3.914781798114064237e-02
5.157207611264924552e-03 8.269789376758485133e-03 -3.185049165126074833e-03 -1.024194782289766792e-02
1.641768492162043458e-02 9.658065678554095257e-03 -2.421188578947131020e-04 -2.583363174228003878e-02
1.009268025635390309e-02 1.346159625078513500e-02 -2.648428446365258537e-03 -2.090584806077344648e-02
8.504076707176233541e-03 2.617799999622638651e-03 -5.488378761415724227e-04 -1.057303883065741079e-02
6.038252559528167751e-03 8.335876376548423394e-04 1.144521152386390739e-03 -8.016361349569511852e-03
2.283549205439361351e-02 1.517799581237366802e-02 -2.725768515588922192e-03 -3.528771935117869241e-02
1.828503314248686173e-02 7.441553820133783859e-03 -9.807422685498279336e-04 -2.474584469407103970e-02
2.006448337742439136e-02 1.022678182923564272e-02 -7.534268974469515712e-04 -2.953783830921308251e-02
1.876926092246411493e-02 1.670339058918779429e-02 -1.904509797557518702e-03 -3.356814171409394643e-02
2.136083296636637208e-02 1.284649090783451797e-02 -1.979424096066551009e-03 -3.222789977813500517e-02
1.171111500676307315e-01 8.481036117751195036e-03 -3.546467501664263278e-02 -9.012751116873940482e-02
6.880118796367629130e-03 -4.025909756597112477e-03 2.064314452927984433e-03 -4.918523492698612110e-03
-5.946207380255197350e-04 1.642673395325422447e-03 6.070620653988223481e-03 -7.118673311288348238e-03
-1.771357829613573465e-03 4.608970227621522753e-03 1.630475094732908303e-03 -4.468087492740746569e-03
2.237122676331138038e-03 1.341477320738526657e-03 -1.189904126773777548e-03 -2.388695870296220214e-03
2.819602579874347370e-03 -4.225736810600233540e-04 -1.129514788027141670e-03 -1.267514110787515413e-03
4.243051199765091042e-03 2.305077730969884442e-03 2.031020170930597502e-03 -8.579149101665795030e-03
6.069466046837890261e-03 -9.796520907338068795e-04 -1.801078548013923530e-03 -3.288735408090270873e-03
4.476783398958295024e-03 3.258773851389173970e-03 -2.674619680404943800e-03 -5.060937569942192127e-03
6.902272191269043233e-03 4.825267571430869040e-03 -6.500324100702226104e-04 -1.107750735262935660e-02
6.144790318203918744e-03 3.445624407675706991e-03 6.857618696829437255e-04 -1.027617659556268048e-02
5.185202674095057418e-03 4.303317183727672912e-03 1.085620029935396857e-03 -1.057413988775757208e-02
1.604839454210083005e-03 1.184475325409772850e-03 4.819046359440193328e-03 -7.608361139060604295e-03
2.971990227425003184e-03 6.439216441469497454e-03 -9.953055630528284681e-04 -8.415901105841228080e-03
-4.038447897980468326e-06 4.909542746365014310e-03 6.677483671293948930e-03 -1.158298796976131584e-02
1.617859868388693556e-03 5.478761416848998422e-03 4.519591444503090472e-03 -1.161621272974100449e-02
9.028218464679049760e-03 4.385930585348862820e-03 3.206837976664766998e-03 -1.662098702669245753e-02
3.203974930489073003e-03 4.602809957021225529e-03 -7.277476484996991957e-04 -7.079037239010710358e-03
1.174383901961562060e-03 2.187344488770559536e-03 6.572881549180120686e-03 -9.934609939912242282e-03
1.126824149923999485e-02 4.923351303952161473e-03 -2.511401668009671795e-03 -1.368019113518270657e-02
5.940950124876831495e-03 2.195649756266293551e-03 -2.209889867683001441e-03 -5.926710013460012583e-03
1.727788913562866568e-02 3.998384552096112543e-03 -4.337527470850477407e-03 -1.693874621687441184e-02
4.557144461173834316e-03 3.448285496828074059e-03 2.122111880445087806e-03 -1.012754183844710720e-02
1.081756349649176663e-02 3.099710116811316141e-03 -2.916140618125950823e-03 -1.100113299517757603e-02
1.023838930067255681e-02 1.899581007051232007e-03 3.042222237525260553e-03 -1.518019254524949346e-02
2.635197213691542473e-03 -1.421212644013847282e-04 5.130104130916635086e-03 -7.623180080206903853e-03
1.995815789057009404e-02 1.401031915561712360e-02 -8.429725320190373239e-04 -3.312550451416829134e-02
5.038541410311569990e-03 -4.051424507224954397e-03 -2.287180306818070719e-04 -7.583988724045864771e-04
-1.212902259366877011e-03 1.179998201799037361e-04 7.096263300766070259e-03 -6.001360861579208006e-03
1.010776746014019345e-02 6.428069582146589411e-03 -3.818092926333283010e-03 -1.271774411595405496e-02
9.373671551025974935e-03 6.480078890106932832e-03 3.152383940226766157e-03 -1.900613438135978495e-02
1.693337875905243095e-02 1.089756831553900795e-02 -9.750847497255188401e-04 -2.685586232486669722e-02
2.135190591120394998e-02 1.531908117701252792e-02 8.594716218295328503e-04 -3.753045871004634382e-02
-1.203084901935436157e-03 -4.590218142555557712e-03 4.627072181119240568e-03 1.166230863371531257e-03
9.598037160695405134e-03 4.792708586752958411e-03 -2.193761977305141997e-03 -1.219698377014299950e-02
7.006415693250556131e-03 1.642512308984711566e-03 -6.292176823882500436e-03 -2.356751178352323173e-03
1.830396818195634268e-02 9.536158954095874662e-03 -5.170751855594013513e-03 -2.266937528045853689e-02
1.327923903094241354e-02 9.348316146253754511e-03 1.502946750698175293e-03 -2.413050192789456538e-02
1.449508409028044120e-02 5.317604341433801451e-03 -3.990821345671857756e-03 -1.582186708604216285e-02
1.140780737378510601e-02 7.034451113561379643e-03 5.406014132265379857e-04 -1.898285990057324568e-02
1.114633829570488288e-02 7.795499940839167863e-03 -2.312435505136711811e-03 -1.662940273140689484e-02
-1.281385575819804501e-04 4.567521365845594872e-03 1.014041813465649255e-03 -5.453424621729374699e-03
1.068230657153490526e-02 2.947212545959310148e-03 2.364635469011222568e-03 -1.599415458650577104e-02
1.232177726962424558e-02 2.278072837209821344e-03 -1.058666176871447817e-03 -1.354118392996261910e-02
2.179252133722631157e-02 8.813505804365240337e-03 3.554884955467185748e-03 -3.416091209705918175e-02
1.022458714684915115e-02 1.175175956517859888e-02 1.513690298759140518e-03 -2.349003701078666850e-02
1.572943640551049960e-02 9.029228642094988544e-03 -4.939882245377780201e-03 -1.981878280222770794e-02
6.392842083827732225e-03 6.409707785340446051e-03 2.167283770528882769e-03 -1.496983363969661696e-02
2.617803938741580794e-02 1.443926119257299412e-02 -4.233771486816251262e-03 -3.638352909317288386e-02
2.751887383279272292e-02 1.253750269295772490e-02 -1.596192636761140093e-03 -3.846018388898941875e-02
1.468681766182355908e-02 6.786124123719039503e-03 -5.139512653543620857e-04 -2.095899052018834752e-02
1.708719783854051322e-02 6.117215557374766632e-03 -3.593887882447077686e-04 -2.284502460767046106e-02
1.347831985075442773e-02 2.872871948736532843e-03 1.838475233337577563e-03 -1.818966703282853814e-02
2.075116033375623559e-03 2.772716095465144193e-03 1.568928574643413398e-03 -6.416760703483959105e-03
1.804001933746657294e-02 1.585359686170884075e-02 -3.774236311919199061e-03 -3.011937988725632565e-02
2.170864205630662624e-02 7.395321533519183532e-03 7.758354562534819365e-04 -2.987979904607962478e-02
1.653886909574375785e-02 1.509264555579314937e-02 -6.463074078216002327e-03 -2.516844057332134899e-02
3.523108885576364813e-02 2.324386292184255076e-02 -4.478120036797705872e-03 -5.399683174080827097e-02
3.136555598371915110e-02 2.518887990609286476e-02 -6.760059440247601081e-03 -4.979437644956474784e-02
1.263433519286794038e-02 6.472342439424183524e-03 -4.122309354388842273e-03 -1.498436827790383674e-02
1.609254934654247293e-02 1.292399535528088172e-02 8.014147966586282479e-04 -2.981795949848176086e-02
1.941351920302136769e-02 1.496117744878588951e-02 -1.417475674527213236e-03 -3.295722097727993294e-02
1.077320027477401965e-02 1.044622206163992040e-02 2.156221633831556517e-03 -2.337564397024627372e-02
6.587126226573758458e-03 2.580442479913402920e-03 -6.696631002530706311e-04 -8.497905606233757680e-03
1.632152103997919212e-02 1.013503073256449838e-02 -8.248877780457908315e-04 -2.563166399449778865e-02
1.497809965510255026e-02 5.712204394182185396e-03 -3.831438126070674244e-04 -2.030716023667744619e-02
2.064942912348199933e-02 1.856712757850020878e-02 -2.658907668011689651e-03 -3.655764903396996335e-02
9.908831860681477366e-03 8.963575008528401611e-03 2.242313688022523621e-03 -2.111472055723251362e-02
2.286279175110150774e-02 1.156927114385619682e-02 8.646416006712343005e-04 -3.529670449562871681e-02
-1.730017539366413004e-03 3.937577715690698810e-03 2.552945130570360988e-03 -4.760505306894313726e-03
2.026958542082502035e-02 1.397383063100599010e-02 4.954395778844489229e-04 -3.473885562971534835e-02
8.849829788430296773e-03 3.091494738650668594e-03 5.105385035404585992e-03 -1.704670956248544034e-02
3.386290683489523445e-02 1.984699392804234463e-02 -6.868531052173110218e-03 -4.684136971076435785e-02
2.076747510747978254e-02 1.582720090728906293e-02 -2.341177380960068888e-03 -3.425349863380855453e-02
4.322187922825015960e-03 2.528423637193633056e-03 4.971884978150153955e-03 -1.182249653816858093e-02
5.778888713644736441e-03 3.969889928894243525e-04 6.651913852648849712e-03 -1.282779155918234437e-02
2.078060014753058127e-02 2.201826829013886488e-02 -5.950785604913688687e-03 -3.684808283275542440e-02
4.031170927144778204e-03 7.536442977285062739e-05 8.466714978022871207e-03 -1.257325033494027799e-02
1.952136924067970902e-02 1.488307632480845299e-02 3.479368583196862375e-03 -3.788381414868546848e-02
9.952108168562734392e-03 4.401178602606803381e-03 1.090651302276812729e-03 -1.544393807344668357e-02
1.437416287370885115e-02 8.864143596445828166e-03 2.888740123807576055e-03 -2.612704659396247742e-02
1.113925579108099306e-02 5.026323631276863324e-03 1.738151007397492620e-03 -1.790373042975490492e-02
2.656276827395065432e-02 1.782154820149806085e-02 -3.951513774085979591e-03 -4.043280270136251353e-02
1.447462797813647839e-02 5.719656582471754902e-03 5.398167255708408163e-03 -2.559245181631653043e-02
1.683331821432942910e-02 9.720493213379199915e-03 -1.319706941246723275e-03 -2.523410448646212778e-02
4.239331574096505406e-03 7.456188054214996086e-03 4.958062420048481300e-04 -1.219132587031634962e-02
2.040377728025766224e-02 1.077176708615024125e-02 -1.668779831544564551e-03 -2.950676453486378303e-02
6.462179040414905984e-03 -1.019012556027765193e-03 -8.934078117120991536e-04 -4.549758672675152660e-03
1.641272972269836039e-02 1.143060391615069449e-02 -3.214014314693369734e-03 -2.462931932415568514e-02
1.489694631230586985e-02 7.764918726665293036e-03 5.247575903652546003e-03 -2.790944094262348685e-02
1.952563892901459930e-02 1.286636601034629734e-02 7.733458332310760852e-04 -3.316535077259241682e-02
2.864206777815070382e-02 2.028174523715575717e-02 -4.958018140342912439e-03 -4.396579487496365957e-02
-2.330612520259789378e-03 2.035993622098830613e-03 2.854159288345758938e-04 9.202969326604915068e-06
1.227202643784042202e-02 7.151869256303067246e-03 3.054968397316448758e-03 -2.247886409145949393e-02
1.630729896153670921e-02 1.127317837533614586e-02 1.689890699912321992e-03 -2.927036803678551014e-02
3.382102661406771738e-02 2.318702608307843249e-02 5.437135306647356003e-04 -5.755176622781121853e-02
1.154752602840591891e-03 5.502971498108744086e-03 6.718027088994382723e-04 -7.329526809849218338e-03
1.452857482879199580e-02 1.129466523614608420e-02 -4.067764875091639531e-03 -2.175547518984610740e-02
1.166685749348062018e-02 1.298193873413899802e-02 1.718345595546955096e-03 -2.636714182316657329e-02
9.387181920639031674e-03 8.491783350971449096e-03 -3.151721551195585391e-04 -1.756379311649081121e-02
2.764531430524685973e-02 1.814317111121210857e-02 -3.671454548657582251e-03 -4.211703086780138605e-02
2.346408380955766759e-02 9.499706061110169131e-03 -1.205906450874483227e-03 -3.175788341979335350e-02
1.272687896585700251e-02 1.070856105606110553e-02 -1.978714544895510130e-03 -2.145672547702270894e-02
5.048269470159683081e-03 1.138982482579042887e-02 4.042567286732801080e-04 -1.684235102462328104e-02
2.035965216327295657e-02 9.053184191225360777e-03 4.295842390087623031e-03 -3.370867874458538527e-02
1.672336536844842847e-02 1.605139872532412859e-02 -4.512755886840635888e-03 -2.826200820693225424e-02
3.799617080964901028e-02 1.914016131346230054e-02 -5.700912207365682605e-03 -5.143541991574573924e-02
2.857939761474859175e-02 2.240215910137810518e-02 4.841307605547573445e-04 -5.146568747668123223e-02
1.870316792368797998e-02 1.296296335776103703e-02 3.180530176770002271e-03 -3.484666145821857519e-02
1.449443287094220878e-02 5.050659877799512643e-03 4.120087617393020096e-03 -2.366518036613463050e-02
1.642734816924207308e-02 1.445716556421317023e-02 -1.040574166731089711e-03 -2.984393956672415360e-02
2.975913005083308249e-02 1.503799294269092535e-02 -1.575103811996547698e-03 -4.322201918152712707e-02
4.274146710481208089e-03 6.076395950378898902e-03 6.443881137276896709e-04 -1.099493077458835177e-02
1.209297498655992342e-02 1.423080704621049186e-02 4.228905496506785155e-03 -3.055268752927742248e-02
2.848164813107587623e-01 9.333074543547525970e-02 -9.805190311933476011e-02 -2.800953236268995949e-01
1.121794559759914378e-02 1.465611963452118083e-02 2.717495302507533239e-03 -2.859156053462830194e-02
1.390259485159139885e-03 8.544030780190947638e-04 -3.527229077203930530e-03 1.282566514025917925e-03
3.367911406181023359e-02 2.191678670651264760e-02 -3.893504932546143493e-03 -5.170239583577695974e-02
3.672058350683715666e-02 2.729689003450364027e-02 -4.531259094564310530e-03 -5.948621444677637538e-02
7.775849193631501066e-03 5.945472565571430223e-03 4.979944461646512721e-03 -1.870126622084988810e-02
1.380670248924342758e-02 4.119465783344766763e-03 3.329781674832554828e-03 -2.125594994742086019e-02
2.246119608366270448e-02 1.290065651324834306e-02 -2.710257909235402884e-03 -3.265159468767575568e-02
2.528094257088331354e-02 8.306123767902295896e-03 2.784346004429893995e-03 -3.637141234321550343e-02
2.468193070808455403e-02 1.133045915255559422e-02 6.681106544216719456e-03 -4.269349640485708974e-02
1.955171724242155129e-02 1.085408575377910800e-02 4.784799938054140611e-03 -3.519060293425491093e-02
7.551785303261837612e-03 1.060662217540020436e-02 1.716755176977224906e-03 -1.987516265563982198e-02
2.304483883317942627e-02 1.318856296857928712e-02 -3.309826290806894278e-03 -3.292357551095170809e-02
1.635524692970835581e-02 5.298305487151155901e-03 -5.295592520415670634e-04 -2.112399316481761158e-02
2.462340024316844733e-02 1.797319519240048180e-02 -1.635590020680477430e-03 -4.096100541488856273e-02
1.778446480370643457e-02 1.379589993077545707e-02 -3.874641406919510089e-03 -2.770572332756215950e-02
9.796705287770102188e-03 6.828973569869223326e-03 2.460332758346561732e-03 -1.908601161598588725e-02
2.087791819159035001e-02 1.225692798920108295e-02 -2.368545505952779351e-03 -3.076630067483876463e-02
5.557547240577775938e-04 -9.329752150664116783e-04 8.374106561471750254e-03 -7.996886070462894125e-03
2.007833219843901951e-02 1.451381618357516778e-02 -3.408461870692991447e-03 -3.118368651132075176e-02
2.109429313340438483e-02 1.491403154950710075e-02 7.551347760759163918e-05 -3.608383816051863313e-02
-2.893012714517362305e-03 5.400749087622669364e-03 -9.452206811619845439e-04 -1.562515691943877627e-03
-2.363334434436037412e-03 -1.533405223062667133e-03 2.287550693465867369e-03 1.609188964032393088e-03
4.301313147335728004e-03 4.498156380752904582e-03 9.893816336870031591e-04 -9.788851161775413701e-03
1.453561947212178573e-02 6.051972436102115438e-03 2.432720807905131011e-03 -2.302031271612947627e-02
2.398629643012495372e-02 1.114362636732102452e-02 3.089900510548693191e-03 -3.821982330799400529e-02
3.891492984368061236e-02 2.285561306758410183e-02 -7.441622208198217514e-03 -5.432892070306660770e-02
1.322234862252447130e-02 1.014027732222899658e-02 5.016189518882718801e-04 -2.386424489664129567e-02
2.256569254007034786e-02 1.279533066821314513e-02 1.435392921009137623e-03 -3.679641612929263061e-02
3.676567767469274273e-02 2.156408967417644540e-02 -5.472134265617101256e-03 -5.285763308325208687e-02
2.963838108330829613e-02 2.378923184366921184e-02 -3.050772650387223450e-03 -5.037684027659072861e-02
1.609016125271955922e-02 1.200748990648370373e-02 5.506488030833089908e-04 -2.864829996228668296e-02
4.023540700650807267e-03 4.891381911330316967e-03 -7.539951867131522434e-04 -8.160927425268305058e-03
3.304687089968694202e-02 2.329761907867733406e-02 2.314565179143412976e-03 -5.865905515750735599e-02
3.948871037793066918e-02 2.124751314965211968e-02 -4.996795808277276763e-03 -5.573942771930562312e-02
2.899548983962363380e-02 2.002797393083555200e-02 -9.364620266721912500e-04 -4.808700174378710557e-02
1.253146775352065312e-02 1.047183515586458391e-02 1.004041130940880322e-04 -2.310370702247910302e-02
1.014838240291515703e-02 7.357443714546052504e-03 3.007545367550212845e-03 -2.051337148501086727e-02
1.911189936875135054e-02 1.535619518028918939e-02 1.306031290671638700e-03 -3.577412583971195659e-02
2.325063845055197476e-02 9.799642286930199120e-03 1.232713689726994133e-03 -3.428299442720939005e-02
6.213216249926878376e-03 1.247415791284955944e-03 1.735178391756520000e-03 -9.195810432968132275e-03
-2.778708981366118103e-03 5.040939328551541365e-03 4.471319706142784511e-03 -6.733550053327874707e-03
2.122368618972303445e-02 1.310522166878969053e-02 -5.884089035453010652e-03 -2.844481882305915921e-02
5.477669452474742684e-03 1.008101891304624687e-03 1.480880078349677831e-03 -7.966651422128379068e-03
2.898022889373375044e-02 2.354188278774471677e-02 -3.453911594758940495e-03 -4.906820008671897160e-02
2.526168248139182282e-02 1.954016613459019780e-02 -4.991267916240604841e-03 -3.981058069974119373e-02
1.312759007346109286e-02 8.452729465530328667e-03 1.652823220346766320e-03 -2.323314275933818784e-02
1.174628225027607442e-02 1.012326107760319616e-02 2.793345146823833502e-03 -2.466288847470321510e-02
1.258405670259454823e-02 1.383131961656181019e-02 1.373999568969885843e-03 -2.778937588812668835e-02
1.461031251535938047e-02 2.879608281398216008e-03 4.277505925512903318e-03 -2.176742672227038877e-02
2.970365767677773938e-02 2.504381601596095130e-02 -3.549840700472817190e-03 -5.119763299226598452e-02
1.648963063637731707e-02 1.104992449971131663e-02 2.493878455238407454e-03 -3.003343359132715218e-02
1.008930337261748633e-02 3.253546699103271322e-03 4.939186925631666725e-03 -1.828203699735242438e-02
2.077830778267686362e-02 1.641961435777350431e-02 7.341796488646856744e-04 -3.793210178931505361e-02
3.111309462703104600e-02 1.558552152005510116e-02 -1.343859857344753550e-03 -4.535475628974139362e-02
1.132339790037062421e-02 4.541946466504853674e-03 1.261771401061873021e-03 -1.712711576793712887e-02
1.367758354963988232e-02 1.253959091882883570e-02 3.943828188242015642e-04 -2.661155728729325265e-02
1.083366214498870939e-02 5.778173936226815854e-03 -1.407037995736493130e-04 -1.647113228164187593e-02
1.959601645807151904e-02 1.697533066234413468e-02 -2.768375753142371387e-03 -3.380297136727294927e-02
9.936476015075301760e-03 8.651242536577008480e-04 -7.140999681215509653e-04 -1.008750030061134062e-02
5.078927234943408919e-03 5.380637724481607265e-03 6.550917810779210981e-04 -1.111465674050238217e-02
1.429543754621098728e-02 7.965184731694385789e-03 4.973447821139398428e-04 -2.275796706001964598e-02
2.323764604471567630e-02 1.721085649073850199e-02 -1.408119386563710940e-03 -3.904038314889035632e-02
3.479936584826637258e-02 2.340072087956679425e-02 -3.382617268060550408e-03 -5.481746945977228336e-02
1.691517984399504293e-02 1.247341312113192657e-02 -5.482710318030936669e-03 -2.390588264709614386e-02
9.656426000989704050e-03 4.083124323197351302e-03 4.051285346333033388e-03 -1.779083567052019976e-02
1.706787993755143340e-02 1.417418081094856674e-02 3.740021308291652247e-04 -3.161606287932949844e-02
1.055254171606589964e-02 7.068532402682459193e-03 4.648257664864541283e-03 -2.226933178361334420e-02
8.579020482303301165e-03 1.075965651029964221e-03 2.749826614535377800e-03 -1.240481274786819910e-02
3.252650692342484717e-02 1.816663618249236833e-02 -7.863016191365090890e-04 -4.990684148678059540e-02
1.772314603487812334e-02 1.223509210750406417e-02 -1.850275841343229644e-03 -2.810796230103884685e-02
1.123624516009535945e-02 7.728679042203978611e-03 -3.876195099753454443e-04 -1.857730469232365955e-02
1.222232029198999648e-02 3.476961971061731660e-03 -2.073491334138477526e-03 -1.362579092891313959e-02
1.540568928535046567e-02 1.363823971179867200e-02 -4.656533391905748331e-04 -2.857827565795856284e-02
3.887934034100881675e-02 2.610773200819349604e-02 -2.539453875750496969e-03 -6.244761847345170480e-02
1.124483964113198731e-02 3.291236075194658994e-03 4.719916537976320825e-04 -1.500806737012438941e-02
1.439511442379282080e-02 1.042174680847951507e-02 -5.520855001666102879e-04 -2.426477573210539251e-02
1.992378919409776294e-02 1.149406010349718343e-02 1.906756631071093722e-03 -3.332460592866626214e-02
9.671794746247464047e-03 5.415342617302698613e-03 1.066775716608736602e-03 -1.615391308015878824e-02
2.814912327099294842e-03 2.808300357311610540e-03 -2.729494425453671269e-03 -2.893718258957234113e-03
3.267528212424442025e-02 1.291139196178114901e-02 -1.347592247982309921e-03 -4.423908183804314831e-02
1.604432891219675916e-02 4.855925644994485424e-03 -2.458053556220085589e-03 -1.844220100097082593e-02
1.626618585875694301e-02 1.458675321425162430e-02 2.219032627179373662e-03 -3.307197170018805199e-02
1.491615780069110997e-02 6.516934915670402617e-03 3.106666753419862204e-03 -2.453975946978104172e-02
7.700037858394903623e-03 8.668993556754545082e-03 -2.016905239501820546e-03 -1.435212617564796123e-02
6.471578475023109789e-03 3.518764793148054792e-03 4.693417611447037174e-03 -1.468376087961775767e-02
1.683784772858709644e-02 1.776224791432223782e-02 -1.448949693979129094e-03 -3.315114594893076028e-02
2.570562488023142578e-02 1.984407079424554965e-02 2.226892767216215319e-03 -4.777658844169307972e-02
3.261535063294540571e-02 1.554955899241394768e-02 7.074645842282123454e-04 -4.887237420958767675e-02
3.380793978457941051e-02 1.491223610519676335e-02 -4.849853162847250765e-03 -4.387032272692870105e-02
1.062865157038328512e-02 4.358764074668730615e-03 5.349276959338844506e-04 -1.552234334098612223e-02
9.240788739591110357e-03 3.569288751584798192e-03 -1.264667715058509501e-03 -1.154540977611684394e-02
2.204691995204943744e-02 1.278585217940730878e-02 1.220744679844232294e-03 -3.605351681130086750e-02
2.012948763268296304e-02 7.434118471857376065e-03 -4.647718059701877458e-03 -2.291588804483846165e-02
3.211426318095766952e-02 1.661652829706161683e-02 -4.392897997270606147e-03 -4.433789348074823611e-02
1.046413438667226359e-02 5.025366400092545760e-03 2.940742605578083868e-03 -1.843024339234300424e-02
1.295482843600592737e-02 1.142839880874935155e-02 1.189782606717093572e-03 -2.557300985147237249e-02
5.783708204636583972e-03 -1.878663041521733135e-03 4.231328869151340655e-03 -8.136374032266524559e-03
