4530.47 -1.21827e-08 5054.71 -5.45958e-09 -9.02448e-05 0.000335525 -1.99195e-08 -1.02346e-08
4220.14 2.51345e-08 4706.03 1.12697e-08 -0.00135557 0.000778226 -3.21213e-07 -1.66344e-07
3725.57 3.96587e-09 4145.07 1.78226e-09 -0.00108887 0.000172045 -2.92268e-07 -1.48651e-07
4334.8 -3.45106e-08 4788.32 -1.5621e-08 -0.00209 0.000413069 -4.82144e-07 -2.41902e-07
4026.77 2.7783e-08 4454.09 1.25588e-08 -0.00196226 0.000255892 -4.87304e-07 -2.45944e-07
3949.3 1.54729e-08 4378.68 6.9778e-09 -0.00125486 0.000433074 -3.17743e-07 -1.61903e-07
3619.14 8.16219e-09 3985.91 3.70556e-09 -0.000281446 0.000117398 -7.77661e-08 -3.88423e-08
4270.81 2.85307e-08 4736.73 1.28622e-08 -0.0014156 0.000186184 -3.3146e-07 -1.6878e-07
3519.99 -3.45872e-08 3958.19 -1.53791e-08 -0.00192194 0.000252369 -5.46008e-07 -2.89607e-07
4123.92 -1.02182e-08 4566.53 -4.61389e-09 -0.00183709 0.000291082 -4.45471e-07 -2.26045e-07
4432.06 -1.35089e-08 4885.11 -6.12804e-09 -0.0023716 0.000352049 -5.35102e-07 -2.66608e-07
3657.61 4.40047e-08 4076.95 1.97392e-08 -0.00121828 0.000292846 -3.3308e-07 -1.71878e-07
4288.8 -2.72794e-08 4752.49 -1.23089e-08 -0.00201527 0.000322608 -4.69891e-07 -2.39302e-07
4015.44 -2.65117e-08 4474.17 -1.18968e-08 -0.000222739 0.000673799 -5.54705e-08 -2.88403e-08
4579.98 2.19105e-08 5033.1 9.96898e-09 -0.00091807 0.000428627 -2.00453e-07 -9.9626e-08
4050.24 3.06051e-08 4498.25 1.37785e-08 -0.00146578 0.000647784 -3.619e-07 -1.83469e-07
3550.63 -4.60479e-08 3937.89 -2.07598e-08 -0.00229364 0.000324113 -6.45982e-07 -3.26182e-07
4232.4 6.77072e-08 4695.44 3.05152e-08 -0.000835369 0.000497563 -1.97375e-07 -1.01118e-07
4376.08 -2.04408e-08 4836.55 -9.24736e-09 -0.00271908 0.000547967 -6.21351e-07 -3.12064e-07
4049.53 2.59472e-08 4462.67 1.17726e-08 -0.00226937 0.00031086 -5.60403e-07 -2.79213e-07
3981.09 2.30753e-08 4362.7 1.05284e-08 -0.00175164 0.000593359 -4.39989e-07 -2.1589e-07
4663.29 -9.14001e-09 5134.75 -4.1504e-09 -0.00253132 0.000568445 -5.42819e-07 -2.70701e-07
4057.39 -8.12223e-09 4509.22 -3.65419e-09 -0.0019428 0.000619561 -4.78831e-07 -2.4604e-07
3623.1 -4.79217e-08 4019.33 -2.15988e-08 -0.00100093 0.000713873 -2.76263e-07 -1.40226e-07
4137.48 5.0162e-08 4604.41 2.25376e-08 -0.00164189 0.00037784 -3.96833e-07 -2.0422e-07
4354.05 4.55062e-08 4844.24 2.04507e-08 -0.000501785 0.00067961 -1.15246e-07 -5.87499e-08
3694.21 2.37715e-09 4144.04 1.05955e-09 -0.00291785 0.000819878 -7.89844e-07 -4.15511e-07
4456.38 -1.87317e-08 4939.36 -8.45007e-09 -0.00249015 0.000587844 -5.58784e-07 -2.84265e-07
4703.99 -1.65984e-08 5146.11 -7.58621e-09 -0.000891611 0.000104703 -1.89543e-07 -9.29053e-08
2136.73 -1.07557e-07 2392.55 -4.8028e-08 -0.00101841 0.000284117 -4.76622e-07 -2.51581e-07
3551.96 1.08829e-08 3936.1 4.91041e-09 -0.00224352 0.000330673 -6.31628e-07 -3.17952e-07
2219.17 -1.00962e-07 2474.82 -4.52662e-08 -0.000375371 0.000277568 -1.69149e-07 -8.82245e-08
3568.75 7.28675e-08 3965.17 3.27912e-08 -0.00276636 0.000775881 -7.75163e-07 -3.95505e-07
3251.37 -3.98023e-08 3627.5 -1.78376e-08 -0.00249893 0.000610557 -7.68577e-07 -3.96925e-07
3038.5 8.02653e-08 3296.45 3.69923e-08 -0.00192756 0.000286042 -6.34379e-07 -3.19249e-07
4251.46 -7.6841e-08 4708.57 -3.46906e-08 -0.00162301 0.000327293 -3.81754e-07 -1.93764e-07
4445.28 4.0651e-10 4898.06 1.84466e-10 -0.00343142 0.000553884 -7.71924e-07 -3.85603e-07
3497.55 -1.42835e-08 3878.81 -6.43975e-09 -0.00291565 0.00043504 -8.33628e-07 -4.25909e-07
2763.74 3.32293e-08 3085.61 1.48815e-08 6.42561e-06 0.00035262 2.32497e-09 1.19718e-09
4064.61 2.79941e-08 4506.54 1.26245e-08 -0.00139725 0.000901649 -3.4376e-07 -1.74792e-07
3552.6 3.26092e-08 3940.09 1.47011e-08 -0.00482348 0.000865869 -1.35773e-06 -6.86051e-07
4299.85 3.14042e-08 4777.65 1.41317e-08 -0.00257314 0.000306518 -5.98425e-07 -3.04344e-07
4051.95 -4.68548e-09 4489.97 -2.11419e-09 -0.00331351 0.00093082 -8.17757e-07 -4.14483e-07
3111.31 2.49794e-08 3482.76 1.11576e-08 -0.00270333 0.00046946 -8.68872e-07 -4.52904e-07
3886.17 3.61829e-08 4307.73 1.6321e-08 -0.00177573 0.000432405 -4.56936e-07 -2.32323e-07
4010.08 2.26222e-08 4446.98 1.01998e-08 -0.0016499 0.000655135 -4.11439e-07 -2.08303e-07
4201.88 2.23679e-08 4667.41 1.00685e-08 -0.00294268 0.000854488 -7.00326e-07 -3.55193e-07
3932.54 -1.28218e-08 4413.44 -5.71236e-09 -0.00181308 0.000602351 -4.61046e-07 -2.42401e-07
3742.8 2.37765e-08 4158.94 1.06987e-08 -0.00212343 0.000429886 -5.67338e-07 -2.92318e-07
2264.26 1.25651e-08 2512.48 5.66189e-09 -0.000968495 0.000247704 -4.27732e-07 -2.18828e-07
3444.09 -4.54832e-09 3795.84 -2.06342e-09 -0.00254138 0.000504247 -7.37895e-07 -3.68135e-07
4684.86 -2.02121e-08 5159.75 -9.17592e-09 -0.00248651 0.000705477 -5.30754e-07 -2.64223e-07
1850.81 4.29151e-08 2063.11 1.92495e-08 -0.000614755 0.000493531 -3.32154e-07 -1.73767e-07
3871.24 -4.82924e-08 4292.96 -2.17742e-08 -0.00173237 0.000390262 -4.47497e-07 -2.2739e-07
3210.28 4.99413e-08 3578.49 2.24012e-08 -0.00361166 0.000420331 -1.12503e-06 -5.80705e-07
4014.2 2.42528e-08 4403.13 1.10553e-08 -0.00392157 0.000645269 -9.76925e-07 -4.79417e-07
3599.44 1.68548e-10 3992.59 7.59755e-11 -0.00193859 0.000312361 -5.3858e-07 -2.73045e-07
4301.57 -1.17386e-08 4746.4 -5.31925e-09 -0.00147803 0.000566134 -3.43603e-07 -1.71596e-07
2928.42 -4.85601e-08 3218.04 -2.20949e-08 -0.00190185 0.000242666 -6.49445e-07 -3.25603e-07
2792.48 -1.32473e-07 3111.59 -5.94436e-08 -0.00166023 0.000240393 -5.94536e-07 -3.07973e-07
3858.47 -6.00978e-08 4295.48 -2.69918e-08 -0.00242456 0.000792318 -6.28373e-07 -3.25093e-07
4380.55 -1.57866e-08 4814.1 -7.18246e-09 -0.00511765 0.00147305 -1.16827e-06 -5.83104e-07
4291.76 1.48023e-08 4752.84 6.68317e-09 -0.0026952 0.00125628 -6.27993e-07 -3.18515e-07
4721.49 -5.45331e-08 5240.01 -2.45684e-08 -0.00481536 0.0010547 -1.01988e-06 -5.16788e-07
4160.76 1.95872e-08 4611.86 8.83567e-09 -0.00493139 0.00078622 -1.18521e-06 -6.04289e-07
4323.22 4.70034e-08 4804.72 2.11465e-08 -0.00311277 0.000415454 -7.20013e-07 -3.67175e-07
4795.53 1.21549e-08 5329.79 5.46825e-09 -0.00492071 0.00101453 -1.0261e-06 -5.21391e-07
5183.62 1.58384e-08 5676.59 7.23148e-09 -0.00618397 0.00153864 -1.19298e-06 -5.82006e-07
3921.55 5.77916e-10 4395.15 2.57821e-10 -0.00198584 0.00104673 -5.06391e-07 -2.67702e-07
4985.04 2.91831e-08 5512.39 1.31956e-08 -0.00172851 0.000309488 -3.4674e-07 -1.7385e-07
4079.02 5.77049e-09 4564.74 2.57824e-09 -0.00302726 0.00108003 -7.42153e-07 -3.91903e-07
4540.15 6.47716e-09 4978.55 2.9534e-09 -0.00370328 0.0010647 -8.15673e-07 -4.03649e-07
5110.7 -9.38929e-09 5645.37 -4.25002e-09 -0.00495308 0.00106408 -9.69159e-07 -4.89334e-07
5201.33 1.26915e-09 5698.64 5.79197e-10 -0.00307234 0.00112911 -5.90683e-07 -2.92679e-07
4584.92 2.69561e-08 5074.23 1.21784e-08 -0.00153101 0.000276751 -3.33923e-07 -1.68646e-07
4287.37 -1.44084e-08 4804.4 -6.4289e-09 -0.00139141 0.00109186 -3.24537e-07 -1.70718e-07
5268.34 -1.93975e-08 5756.49 -8.87627e-09 -0.00543774 0.00117364 -1.03215e-06 -4.99744e-07
5302.05 1.07608e-09 5858.06 4.86971e-10 -0.00257354 0.000539235 -4.85386e-07 -2.44248e-07
3901.06 -4.54112e-08 4323.96 -2.04849e-08 -0.00300535 0.000844102 -7.70394e-07 -3.96043e-07
4442.35 -1.36254e-08 4938.94 -6.12771e-09 -0.00308754 0.00121749 -6.95022e-07 -3.56777e-07
4148.94 -2.30731e-08 4621.57 -1.03568e-08 -0.00311109 0.000371659 -7.49851e-07 -3.83895e-07
5008.26 -1.63675e-08 5484.93 -7.47254e-09 -0.00483275 0.00105288 -9.64955e-07 -4.7227e-07
4402 5.825e-09 4880.93 2.62671e-09 -0.00270164 0.000559048 -6.1373e-07 -3.11405e-07
3973.62 2.1289e-08 4420.42 9.56858e-09 -0.0023004 0.000407283 -5.78919e-07 -2.94994e-07
4149.49 7.02363e-10 4644.71 3.13738e-10 -0.002162 0.000345358 -5.21028e-07 -2.70804e-07
4628.64 -1.32648e-08 5093.66 -6.02692e-09 -0.00286492 0.00149362 -6.18956e-07 -3.12305e-07
4336.85 3.87863e-09 4789.76 1.75594e-09 -0.00387728 0.0006698 -8.9403e-07 -4.50723e-07
4393.26 1.25132e-08 4912.82 5.59494e-09 -0.00416674 0.000660687 -9.48439e-07 -4.93143e-07
4703.41 -2.66381e-08 5190.08 -1.20701e-08 -0.00375489 0.00125369 -7.98335e-07 -3.9984e-07
4273.8 -3.64157e-08 4743.79 -1.64039e-08 -0.00597704 0.00152713 -1.39853e-06 -7.13979e-07
4504.45 7.85766e-09 5001.21 3.53859e-09 -0.00379053 0.000601812 -8.41507e-07 -4.25908e-07
4494.5 2.79156e-09 4986.81 1.25799e-09 -0.00394389 0.000833636 -8.77492e-07 -4.47162e-07
3906.1 3.41183e-08 4329.94 1.53893e-08 -0.00167607 0.00102573 -4.29089e-07 -2.1974e-07
4730.12 3.08619e-08 5236.43 1.39389e-08 -0.00201289 0.000327989 -4.25549e-07 -2.13348e-07
4732.19 -4.17731e-09 5216.3 -1.89481e-09 -0.00660984 0.00124199 -1.39678e-06 -6.93798e-07
4238.29 -1.29183e-08 4697.16 -5.82816e-09 -0.00427153 0.00196884 -1.00784e-06 -5.17963e-07
4469.94 3.80677e-08 4954.49 1.71723e-08 -0.000488721 0.000873945 -1.09335e-07 -5.60924e-08
4700.66 -3.76293e-08 5153.66 -1.71609e-08 -0.00648074 0.00138022 -1.37869e-06 -6.73314e-07
4618.02 -1.63136e-08 5103.13 -7.38139e-09 -0.00482364 0.00127825 -1.04453e-06 -5.23947e-07
4762.05 1.78376e-08 5271.41 8.05702e-09 -0.00283028 0.000938597 -5.9434e-07 -3.01566e-07
5164.12 -3.49179e-09 5669.17 -1.59036e-09 -0.00445358 0.000745426 -8.62407e-07 -4.26266e-07
4156.24 -1.70312e-08 4618.1 -7.66394e-09 -0.00145984 0.000328526 -3.51241e-07 -1.78775e-07
4479.57 1.4981e-08 4956.85 6.76927e-09 -0.00254064 0.0005461 -5.67161e-07 -2.86109e-07
3620.64 -1.62213e-07 4054.33 -7.24307e-08 -0.004117 0.000727253 -1.13709e-06 -5.92182e-07
5567.71 -3.70164e-08 6132.65 -1.68032e-08 -0.00403337 0.000763174 -7.24421e-07 -3.61942e-07
4091.28 2.85618e-08 4520.55 1.29248e-08 -0.00312568 0.00108155 -7.63986e-07 -3.87609e-07
3666.83 -2.38341e-08 4100.41 -1.0657e-08 -0.00224142 0.00105261 -6.11269e-07 -3.21245e-07
4223.8 1.87778e-08 4673.62 8.48526e-09 -0.00343702 0.000608461 -8.13727e-07 -4.09938e-07
3838.19 -6.48053e-08 4325.9 -2.87496e-08 -0.00241107 0.000341108 -6.28179e-07 -3.33847e-07
4846.8 -9.24407e-09 5332.28 -4.20122e-09 -0.00458053 0.000882824 -9.45063e-07 -4.66166e-07
4499.83 -2.00054e-08 4962.26 -9.07055e-09 -0.00396956 0.00106411 -8.82158e-07 -4.3982e-07
4031.96 -9.52498e-09 4495.66 -4.27128e-09 -0.00329781 0.000543822 -8.17917e-07 -4.18875e-07
4189.21 5.79476e-08 4656.12 2.60684e-08 -0.00369931 0.000439422 -8.83056e-07 -4.49359e-07
4148.3 -2.30822e-09 4650.65 -1.02945e-09 -0.00220874 0.000941843 -5.32444e-07 -2.79468e-07
4607.16 3.88433e-09 5084.99 1.75966e-09 -0.00533452 0.00131449 -1.15788e-06 -5.8094e-07
4059.69 -5.33473e-08 4494.81 -2.40915e-08 -0.00355746 0.000946051 -8.7629e-07 -4.45072e-07
4273.65 -3.79121e-10 4749.8 -1.70558e-10 -0.00335572 0.000638335 -7.85211e-07 -4.00846e-07
4381.24 -4.13038e-08 4857.34 -1.86277e-08 -0.00383442 0.00084868 -8.75191e-07 -4.42164e-07
4288.35 5.47738e-08 4751.55 2.47171e-08 -0.00180039 0.00104351 -4.19832e-07 -2.15335e-07
4284.88 1.22579e-08 4779.66 5.4945e-09 -0.00507236 0.00093129 -1.18378e-06 -6.08276e-07
4030.01 -3.05569e-09 4473.53 -1.37637e-09 -0.00270544 0.000668137 -6.71322e-07 -3.44298e-07
4424.54 6.57801e-09 4870.26 2.988e-09 -0.00610569 0.00136401 -1.37996e-06 -6.89677e-07
5378.47 -2.0931e-09 5908.83 -9.52616e-10 -0.00378836 0.000866584 -7.04357e-07 -3.48881e-07
4507.08 3.10548e-08 4989.1 1.40272e-08 -0.0014534 0.000277407 -3.22469e-07 -1.62792e-07
4326 3.83605e-08 4781 1.73549e-08 -0.0020032 0.000883072 -4.6306e-07 -2.32458e-07
3546.78 6.05349e-08 3960.66 2.71046e-08 -0.00164168 0.000228912 -4.62865e-07 -2.4053e-07
4180.23 1.30467e-08 4634.31 5.88416e-09 -0.00525628 0.00115944 -1.25741e-06 -6.40438e-07
3805.46 -5.89224e-09 4270.98 -2.625e-09 -0.00321556 0.000428763 -8.44986e-07 -4.42178e-07
4503.64 -1.2869e-08 4964.32 -5.83738e-09 -0.00325263 0.000660545 -7.22223e-07 -3.58468e-07
4669 2.30746e-08 5176.33 1.04065e-08 -0.00185066 0.000461857 -3.96372e-07 -2.03052e-07
4210.35 -2.99092e-09 4641.09 -1.35667e-09 -0.00425173 0.000984262 -1.00983e-06 -5.03103e-07
3636.63 7.2492e-10 4051.2 3.25368e-10 -0.0037643 0.000458819 -1.03511e-06 -5.3534e-07
4022.36 4.51043e-09 4452.75 2.03723e-09 -0.00281132 0.000628305 -6.98923e-07 -3.56343e-07
4296.93 8.08072e-09 4811.28 3.60843e-09 -0.00275009 0.000673167 -6.40014e-07 -3.33497e-07
4676.21 -9.87599e-09 5178.19 -4.4593e-09 -0.00166001 0.000296493 -3.54989e-07 -1.78049e-07
4183.45 1.68202e-08 4640.13 7.58239e-09 -0.00151868 0.000607484 -3.6302e-07 -1.85778e-07
3736.2 -2.1716e-08 4162.59 -9.74577e-09 -0.00383202 0.000566133 -1.02565e-06 -5.29902e-07
3990.66 -1.83306e-08 4419.01 -8.27688e-09 -0.00358373 0.000766403 -8.98029e-07 -4.5391e-07
4144.99 1.72785e-08 4634.62 7.72656e-09 -0.00287605 0.000573144 -6.93862e-07 -3.57654e-07
4195.66 7.91736e-09 4659 3.56499e-09 -0.0025605 0.000534809 -6.10274e-07 -3.10306e-07
4316.28 2.72137e-08 4776.18 1.22966e-08 -0.00187025 0.00100615 -4.33302e-07 -2.19884e-07
4439.77 -5.88956e-10 4903.06 -2.66653e-10 -0.00367576 0.000799984 -8.27917e-07 -4.15833e-07
4576.64 3.02251e-08 5047.66 1.37023e-08 -0.00415116 0.000819414 -9.07034e-07 -4.51526e-07
3828.74 8.5615e-09 4263.49 3.84424e-09 -0.00146431 0.000440058 -3.82451e-07 -1.97903e-07
3793.5 5.64092e-08 4283.66 2.49773e-08 -0.00284319 0.000449674 -7.49488e-07 -3.98093e-07
4474.33 -2.16886e-08 4950.03 -9.80217e-09 -0.00464611 0.00106508 -1.03839e-06 -5.25181e-07
4080.24 6.07392e-09 4558.47 2.71835e-09 -0.000701133 0.000420001 -1.71836e-07 -8.9158e-08
4413.53 -3.82396e-08 4877.91 -1.72996e-08 -0.00197094 0.000627124 -4.46567e-07 -2.24717e-07
4142.51 -3.50617e-08 4592.04 -1.58147e-08 -0.00275694 0.000823413 -6.65524e-07 -3.37564e-07
4942.58 2.45022e-08 5469.52 1.10708e-08 -0.0043362 0.000854647 -8.77314e-07 -4.43125e-07
3925.25 1.6662e-08 4372.85 7.47825e-09 -0.00292188 0.0006702 -7.44379e-07 -3.82081e-07
4193.28 5.2071e-09 4669.4 2.33808e-09 -0.00312857 0.000656321 -7.46091e-07 -3.86258e-07
4404.81 -1.85701e-09 4922.62 -8.30836e-10 -0.00110781 0.000459116 -2.51499e-07 -1.30717e-07
5296.07 1.70325e-09 5833.13 7.73217e-10 -0.00358804 0.000934575 -6.77491e-07 -3.40123e-07
4817.04 1.33889e-08 5310.86 6.07198e-09 -0.00370149 0.000702518 -7.68416e-07 -3.83923e-07
4650.82 3.34886e-08 5160.41 1.50908e-08 -0.00450477 0.00117686 -9.68597e-07 -4.95429e-07
4083.5 -2.07391e-08 4502.61 -9.40435e-09 -0.00512439 0.000883582 -1.2549e-06 -6.25646e-07
3837.14 5.16326e-08 4263.16 2.32365e-08 -0.00347015 0.000701353 -9.04357e-07 -4.63433e-07
4606.71 -1.39323e-08 5071.7 -6.32749e-09 -0.00493264 0.00102342 -1.07075e-06 -5.31262e-07
4160.55 6.11521e-09 4616.2 2.75579e-09 -0.00303438 0.000599909 -7.29322e-07 -3.71439e-07
4074.71 -5.86633e-08 4550.05 -2.62674e-08 -0.00399942 0.00114343 -9.81521e-07 -5.08523e-07
5028.53 -2.79127e-08 5516.41 -1.2722e-08 -0.00543254 0.001127 -1.08034e-06 -5.26295e-07
4299.67 -2.06069e-08 4762.38 -9.30235e-09 -0.00551482 0.00123574 -1.28262e-06 -6.47175e-07
4722.67 -9.09397e-09 5230.93 -4.10518e-09 -0.00577179 0.00127474 -1.22215e-06 -6.17313e-07
4011.1 -1.05653e-08 4494.53 -4.71443e-09 -0.00270321 0.000441717 -6.73932e-07 -3.50852e-07
4429.59 2.44517e-09 4934.86 1.09741e-09 -0.00442687 0.000704876 -9.99387e-07 -5.11963e-07
4024.51 -4.49573e-08 4519.44 -2.0017e-08 -0.00349581 0.000882005 -8.68629e-07 -4.54915e-07
3409.47 6.58649e-08 3834.66 2.92809e-08 -0.000663525 0.000445086 -1.94612e-07 -1.03612e-07
4107.06 2.11772e-09 4548.59 9.56076e-10 -0.00217142 0.000488575 -5.28705e-07 -2.69544e-07
4568.86 1.10174e-08 5062.68 4.97136e-09 -0.00363865 0.000894784 -7.96402e-07 -4.0648e-07
3674.45 -3.64672e-08 4089.56 -1.63828e-08 -0.00279436 0.0006456 -7.60484e-07 -3.90492e-07
3993.74 2.24635e-08 4450.01 1.00801e-08 -0.000572821 0.00055141 -1.4343e-07 -7.37884e-08
4188.15 3.90606e-08 4619.7 1.77059e-08 -0.0045175 0.000700168 -1.07864e-06 -5.37505e-07
5460.65 -1.63946e-08 5989.2 -7.47388e-09 -0.00481483 0.00116066 -8.81733e-07 -4.32497e-07
5354.99 6.63024e-09 5917.61 2.99994e-09 -0.00465327 0.000808741 -8.68959e-07 -4.34637e-07
3670.07 -5.55269e-09 4117.79 -2.47448e-09 -0.000235465 0.000314355 -6.41583e-08 -3.34367e-08
3507.85 -2.73098e-08 3908.88 -1.2254e-08 -0.00232597 0.000396991 -6.63075e-07 -3.427e-07
3699.38 4.80155e-08 4159.97 2.13496e-08 -0.00246186 0.000451712 -6.6548e-07 -3.51473e-07
4861.18 2.71431e-08 5369.62 1.22865e-08 -0.00259631 0.000601728 -5.34091e-07 -2.69527e-07
4326.04 -1.00031e-08 4806.42 -4.50169e-09 -0.00518083 0.000922723 -1.19759e-06 -6.08408e-07
4206.9 -2.5032e-09 4653.89 -1.13139e-09 -0.00456133 0.00125248 -1.08425e-06 -5.47707e-07
3723.68 -3.06157e-08 4146.99 -1.37453e-08 -0.0030265 0.000629524 -8.12773e-07 -4.17804e-07
3913.7 -4.73131e-08 4343.8 -2.13142e-08 -0.00556744 0.000895439 -1.42255e-06 -7.23258e-07
4536.53 4.89155e-08 5012.89 2.21336e-08 -0.00212356 0.000268452 -4.68102e-07 -2.34425e-07
3754.97 -2.35609e-08 4166.62 -1.06166e-08 -0.00353732 0.000897584 -9.42038e-07 -4.83144e-07
4216.74 9.30881e-09 4664.4 4.20771e-09 -0.0029656 0.000746696 -7.03291e-07 -3.56398e-07
4567.31 2.3398e-08 5055.83 1.05686e-08 -0.00556737 0.000891576 -1.21896e-06 -6.1226e-07
3719.99 -3.72703e-08 4159.01 -1.66681e-08 -0.0039556 0.000437339 -1.06333e-06 -5.53091e-07
4154.71 7.68293e-10 4661.33 3.42396e-10 -0.00150493 0.00059478 -3.62223e-07 -1.89673e-07
4199.95 -5.09569e-08 4680.31 -2.28635e-08 -0.00244859 0.000898565 -5.83005e-07 -3.01525e-07
3915.6 -4.88578e-08 4333.87 -2.20712e-08 -0.00340052 0.000783344 -8.68456e-07 -4.38496e-07
3732.94 1.96461e-08 4190.79 8.74988e-09 -0.00182324 0.000281061 -4.88421e-07 -2.56398e-07
3588.41 -6.51078e-08 4064.43 -2.87413e-08 -0.00174427 0.00070168 -4.86085e-07 -2.62076e-07
4076.64 4.04155e-08 4551.46 1.80996e-08 -0.00214123 0.00049721 -5.25244e-07 -2.70964e-07
4263.05 4.73583e-08 4731.98 2.13326e-08 -0.00484867 0.000838259 -1.13737e-06 -5.77441e-07
3795.96 -2.79971e-08 4219.79 -1.25926e-08 -0.00106678 0.000497059 -2.81031e-07 -1.45486e-07
4178.77 4.63715e-09 4613 2.10033e-09 -0.00268888 0.000741955 -6.43462e-07 -3.22705e-07
5070.88 1.76681e-09 5608.2 7.98766e-10 -0.00484823 0.00063169 -9.56091e-07 -4.77338e-07
5378.63 -7.44352e-09 5962.16 -3.3575e-09 -0.00291961 0.000989678 -5.42818e-07 -2.78182e-07
5778.9 1.3558e-08 6387.87 6.13275e-09 -0.00240085 0.000860097 -4.15452e-07 -2.1101e-07
4234.43 -3.41621e-08 4712.91 -1.53469e-08 -0.00191684 0.000505035 -4.5268e-07 -2.31094e-07
3489.16 -4.21236e-08 3911.82 -1.87862e-08 -0.00248357 0.000605063 -7.11796e-07 -3.75194e-07
4080.65 -2.07058e-08 4513.48 -9.3601e-09 -0.00378578 0.000654573 -9.27741e-07 -4.68086e-07
5043.36 1.56532e-08 5580.53 7.07324e-09 -0.00301669 0.00087882 -5.9815e-07 -3.03762e-07
3644.32 -1.82131e-08 4093.38 -8.10755e-09 -0.00286469 0.000326221 -7.8607e-07 -4.10766e-07
4797.94 7.59348e-09 5285.33 3.44663e-09 -0.00310888 0.000632457 -6.47962e-07 -3.23325e-07
3702.79 5.8167e-08 4135.36 2.60413e-08 -0.0048275 0.000637488 -1.30375e-06 -6.71092e-07
4945.92 2.48499e-08 5477.85 1.12184e-08 -0.00105528 0.000358977 -2.13364e-07 -1.07472e-07
4270.2 3.8541e-08 4719.25 1.74368e-08 -0.00132311 0.000494928 -3.09849e-07 -1.56171e-07
3529.13 -9.47937e-09 3971.18 -4.21209e-09 -0.00228396 0.000738954 -6.47173e-07 -3.42025e-07
3793.32 1.8475e-09 4184.88 8.37321e-10 -0.00371047 0.000798546 -9.78159e-07 -4.85739e-07
3876.61 -7.3304e-09 4324.79 -3.28538e-09 -0.00544015 0.0011758 -1.40333e-06 -7.23017e-07
4209.58 -3.3877e-09 4688.28 -1.5209e-09 -0.00269198 0.000362861 -6.39489e-07 -3.27388e-07
3762.01 -2.24956e-08 4197.43 -1.0081e-08 -0.00525214 0.00109277 -1.3961e-06 -7.30575e-07
4548.48 5.14897e-09 5049.57 2.319e-09 -0.00258705 0.0010547 -5.68772e-07 -2.89428e-07
4398.94 4.20564e-09 4906.11 1.88544e-09 -0.0024709 0.000330387 -5.61703e-07 -2.89433e-07
4745.42 -1.84295e-08 5244.55 -8.33776e-09 -0.00407228 0.000969706 -8.58149e-07 -4.30873e-07
4535.28 1.14559e-08 5010.88 5.18432e-09 -0.00228329 0.00088826 -5.03451e-07 -2.5333e-07
4040.75 1.90343e-08 4532.12 8.4853e-09 -0.00462697 0.000704939 -1.14508e-06 -5.99348e-07
4131.31 -1.58046e-08 4584.89 -7.12054e-09 -0.00392304 0.0010473 -9.49589e-07 -4.82466e-07
3758.32 8.74259e-09 4182.74 3.92774e-09 -0.00257568 0.000436412 -6.85326e-07 -3.49729e-07
3807.46 -2.1029e-08 4248.18 -9.4237e-09 -0.000725644 0.000532029 -1.90585e-07 -9.89499e-08
3690.62 -8.6157e-10 4115.44 -3.86317e-10 -0.00503383 0.000558684 -1.36395e-06 -6.9977e-07
3652 -4.66682e-08 4104.66 -2.07609e-08 -0.00301301 0.000447919 -8.25029e-07 -4.33641e-07
5970.67 -1.56487e-08 6564.74 -7.11628e-09 -0.00612174 0.00141097 -1.0253e-06 -5.02674e-07
5441.32 -1.02155e-08 6024.46 -4.61335e-09 -0.0042724 0.000820721 -7.85177e-07 -3.9823e-07
5081.22 -1.61026e-08 5615.41 -7.2854e-09 -0.0039958 0.000939365 -7.86385e-07 -3.92576e-07
3791.05 -2.37066e-08 4244.17 -1.05878e-08 -0.00260185 0.00101995 -6.86313e-07 -3.5394e-07
3043.85 4.38643e-08 3452.15 1.93381e-08 -0.000115222 0.000423337 -3.78541e-08 -2.04324e-08
3958.87 3.67388e-09 4376.2 1.66176e-09 -0.00261711 0.000639992 -6.61075e-07 -3.33542e-07
3887.47 2.98771e-08 4313.35 1.34636e-08 -0.00336817 0.00059395 -8.66418e-07 -4.37564e-07
4536.56 7.25831e-10 5046.08 3.2627e-10 -0.00239514 0.000280717 -5.27964e-07 -2.68589e-07
4668.11 1.37412e-08 5186.15 6.1843e-09 -0.00639563 0.00132672 -1.37007e-06 -6.97634e-07
3755.84 -5.88911e-08 4207.22 -2.62864e-08 -0.00521786 0.000644958 -1.38927e-06 -7.18613e-07
4444.48 -1.05807e-08 4931.96 -4.76745e-09 -0.0045318 0.00098384 -1.01965e-06 -5.16385e-07
3737.09 -3.68742e-08 4177.52 -1.64933e-08 -0.00309878 0.000847154 -8.29195e-07 -4.29327e-07
3550.66 2.83284e-08 3958.9 1.27036e-08 -0.00248006 0.000815182 -6.98479e-07 -3.64269e-07
4122.92 5.0169e-08 4563.99 2.26603e-08 -0.00309047 0.00085586 -7.49582e-07 -3.77744e-07
3692.6 1.48777e-08 4110.66 6.68229e-09 -0.00151569 0.000585666 -4.10468e-07 -2.11671e-07
4672.77 8.23547e-09 5173.88 3.71891e-09 -0.00114515 0.000309934 -2.45069e-07 -1.23553e-07
4220.36 7.64515e-09 4716.44 3.42052e-09 -0.00288134 0.000373275 -6.82723e-07 -3.51296e-07
4919.35 2.90923e-08 5424.54 1.31914e-08 -0.00635621 0.00141762 -1.29208e-06 -6.45377e-07
4075.68 4.41779e-08 4509.95 1.9962e-08 -0.00209957 0.000351056 -5.15145e-07 -2.6101e-07
4094.36 -3.68055e-08 4514.96 -1.66884e-08 -0.00196275 0.000529192 -4.7938e-07 -2.40944e-07
4076.37 1.04176e-08 4546.45 4.67024e-09 -0.00456216 0.000733914 -1.11917e-06 -5.7459e-07
4166.94 4.68358e-08 4644.57 2.10097e-08 -0.00156644 0.000473782 -3.75921e-07 -1.93712e-07
3947.22 1.14292e-08 4397.27 5.12975e-09 -0.00373456 0.000552752 -9.46124e-07 -4.8731e-07
3707.96 6.84055e-09 4152.35 3.05423e-09 -0.00239802 0.000598547 -6.46723e-07 -3.39717e-07
3892.98 7.15291e-09 4364.02 3.19042e-09 -0.00225937 0.000455049 -5.8037e-07 -3.03772e-07
3676.26 1.86565e-08 4098.32 8.3676e-09 -0.00219605 0.000237328 -5.97359e-07 -3.0832e-07
6226.37 -2.63844e-08 6832.65 -1.20216e-08 -0.00621658 0.00187206 -9.98428e-07 -4.89785e-07
5802.51 -1.82598e-08 6402.15 -8.27479e-09 -0.00223405 0.000973804 -3.85015e-07 -1.93864e-07
3588.54 2.79815e-08 4058.02 1.23721e-08 -0.000911116 0.000607333 -2.53896e-07 -1.36173e-07
3963.32 -1.2749e-08 4385.43 -5.76095e-09 -0.00207894 0.00126208 -5.24545e-07 -2.65938e-07
5140.07 -1.95631e-08 5693.31 -8.83105e-09 -0.00663663 0.00167215 -1.29115e-06 -6.48816e-07
4046.12 2.37295e-08 4522.52 1.06149e-08 -0.00265253 0.000806835 -6.55574e-07 -3.41227e-07
4630.56 -2.1984e-08 5149.81 -9.88371e-09 -0.0037563 0.00119909 -8.11199e-07 -4.157e-07
4159.39 -2.30129e-08 4636.09 -1.03233e-08 -0.00458391 0.0005772 -1.10206e-06 -5.74798e-07
4158.02 6.33747e-09 4589.91 2.87057e-09 -0.00499934 0.00107771 -1.20234e-06 -5.98509e-07
4110.14 -2.77159e-08 4653.61 -1.22396e-08 -0.00169741 0.000236554 -4.12981e-07 -2.21426e-07
4273.61 2.69473e-09 4812.8 1.19642e-09 -0.002774 0.000331427 -6.49101e-07 -3.39404e-07
3628.84 3.39117e-08 4035.65 1.52466e-08 -0.00443739 0.000565021 -1.22281e-06 -6.26061e-07
3695.91 -1.24641e-08 4144.43 -5.55763e-09 -0.00225958 0.000746407 -6.11372e-07 -3.19745e-07
4460.67 1.82923e-09 5009.89 8.14351e-10 -0.00375478 0.000632154 -8.41752e-07 -4.41218e-07
4333.42 -9.40483e-09 4808.64 -4.23769e-09 -0.0058944 0.00143587 -1.36022e-06 -6.92447e-07
4574.46 1.2184e-08 5074.43 5.49179e-09 -0.00378325 0.00043796 -8.27038e-07 -4.17441e-07
4514.05 -1.33303e-08 4980.91 -6.04043e-09 -0.00360125 0.000993343 -7.97787e-07 -3.99665e-07
3975.04 3.65261e-08 4436.15 1.63647e-08 -0.00394445 0.000732126 -9.92305e-07 -5.11933e-07
4367.93 -2.32947e-08 4850.06 -1.04895e-08 -0.00507471 0.000982127 -1.16181e-06 -5.87051e-07
3402.88 -2.18986e-08 3862.82 -9.64559e-09 -0.00273784 0.000328772 -8.04565e-07 -4.33343e-07
4231.06 4.68455e-08 4709.01 2.10454e-08 -0.00410376 0.00121645 -9.69913e-07 -4.98483e-07
4750.96 -1.47472e-08 5273.96 -6.6424e-09 -0.00357021 0.00107032 -7.51471e-07 -3.84517e-07
4766.36 3.43531e-08 5260.65 1.55626e-08 -0.00432258 0.00119514 -9.06894e-07 -4.56148e-07
3979.87 -6.46224e-09 4415.88 -2.91209e-09 -0.00266046 0.000652709 -6.6848e-07 -3.39219e-07
4163.84 8.3194e-09 4620.57 3.74852e-09 -0.00290331 0.00076875 -6.97269e-07 -3.55063e-07
4876.99 2.02611e-09 5338.34 9.25503e-10 -0.000401655 0.000430419 -8.2357e-08 -4.24876e-08
5913.14 -3.05024e-08 6445.77 -1.3991e-08 -0.0106452 0.00246123 -1.80025e-06 -8.63586e-07
5295.87 1.11025e-08 5858.44 5.01819e-09 -0.00218482 0.000536676 -4.12551e-07 -2.09569e-07
3809.04 -3.46318e-08 4266.18 -1.54604e-08 -0.00275651 0.00038802 -7.23676e-07 -3.74189e-07
4851.93 2.86464e-09 5410.8 1.28437e-09 -0.0050144 0.000686846 -1.03349e-06 -5.26909e-07
3798.07 6.21902e-08 4252.6 2.77716e-08 -0.00266242 0.000474959 -7.00993e-07 -3.65057e-07
3886.33 2.1328e-09 4333.37 9.56389e-10 -0.00228956 0.00053975 -5.89132e-07 -3.03284e-07
4770.29 -3.38073e-08 5231.04 -1.54148e-08 -0.000563277 0.000439215 -1.1808e-07 -6.10286e-08
4915.52 6.41523e-09 5416.65 2.91085e-09 -0.00319843 0.000654058 -6.50681e-07 -3.24246e-07
4050.94 -3.57054e-08 4471.97 -1.61719e-08 -0.00787846 0.00180223 -1.94485e-06 -9.70842e-07
4063.24 -1.56829e-09 4538.37 -7.0205e-10 -0.00396952 0.000882073 -9.76933e-07 -5.1137e-07
5067.72 2.43531e-09 5660.8 1.09008e-09 -0.00685446 0.00167842 -1.35257e-06 -7.00448e-07
4761.07 6.70877e-09 5229.49 3.05393e-09 -0.00352995 0.000912477 -7.41419e-07 -3.66051e-07
4387.33 -1.73493e-08 4881.18 -7.79701e-09 -0.00158056 0.000331685 -3.60256e-07 -1.83522e-07
4257.83 1.42902e-08 4748.25 6.40712e-09 -0.00404256 0.00089246 -9.49441e-07 -4.87112e-07
4702.93 -8.78919e-09 5149.06 -4.01384e-09 -0.075539 0.0100498 -1.60621e-05 -7.53651e-06
4186.75 1.06159e-08 4695.52 4.73281e-09 -0.0058536 0.00111766 -1.39812e-06 -7.35996e-07
4437.35 -2.4836e-08 4883.63 -1.12832e-08 -0.00251702 0.000843982 -5.67235e-07 -2.81514e-07
4532.64 -4.16028e-08 5009.78 -1.88203e-08 -0.00447195 0.00130697 -9.86611e-07 -4.9756e-07
4182.33 -5.89327e-09 4633.31 -2.65983e-09 -0.00435825 0.00054602 -1.04206e-06 -5.20284e-07
4788.34 2.62605e-08 5289.92 1.18853e-08 -0.00519516 0.00150924 -1.08496e-06 -5.45438e-07
4168.31 2.08941e-08 4631.71 9.40182e-09 -0.00391784 0.000922102 -9.3991e-07 -4.79376e-07
5324.21 -6.87038e-09 5845.81 -3.12868e-09 -0.00446763 0.000886177 -8.39116e-07 -4.15362e-07
5334.65 -3.81998e-09 5727.04 -1.77913e-09 0.000100959 0.000481205 1.89251e-08 9.70235e-09
5822.41 -1.95055e-08 6411.6 -8.85652e-09 -0.00572965 0.00135839 -9.84069e-07 -4.87123e-07
5136.25 -8.53303e-09 5734.23 -3.82159e-09 -0.00447549 0.000876155 -8.71354e-07 -4.51933e-07
4099.44 1.14572e-08 4598.96 5.10637e-09 -0.00236611 0.000958426 -5.77179e-07 -3.08307e-07
4028.03 9.8591e-09 4513.03 4.39978e-09 -0.00439366 0.000944563 -1.09077e-06 -5.6579e-07
3989.88 1.55532e-08 4437.25 6.99257e-09 -0.00358674 0.000421815 -8.98959e-07 -4.54074e-07
3906.23 -1.24495e-08 4409.52 -5.51428e-09 -0.00328744 0.000465475 -8.41589e-07 -4.43184e-07
3729.94 -9.12852e-09 4166.55 -4.08598e-09 -0.00254367 0.000350435 -6.81959e-07 -3.52802e-07
3942.26 4.42151e-08 4356.22 2.00067e-08 -0.00466157 0.000967612 -1.18246e-06 -5.97264e-07
4547.72 1.79923e-09 5058.46 8.08782e-10 -0.00363356 0.000919669 -7.98985e-07 -4.10302e-07
4719.82 -1.39128e-08 5229.97 -6.27782e-09 -0.00544558 0.000983763 -1.15377e-06 -5.80699e-07
5081.88 -5.75875e-09 5618.41 -2.60441e-09 -0.0066964 0.00182276 -1.3177e-06 -6.59156e-07
4452.26 -3.16669e-08 4923.1 -1.43192e-08 -0.00314105 0.000998864 -7.05495e-07 -3.56912e-07
3989.19 1.7682e-09 4480.96 7.87073e-10 -0.0043664 0.000627105 -1.09456e-06 -5.75208e-07
4175.71 -7.10915e-09 4671.79 -3.17713e-09 -0.000672258 0.000129637 -1.60992e-07 -8.40992e-08
4327.75 2.85477e-08 4877.05 1.26662e-08 -0.00107502 0.00043937 -2.48403e-07 -1.31415e-07
4305.75 -2.22634e-08 4789.39 -1.00076e-08 -0.00384021 0.0011198 -8.91879e-07 -4.56575e-07
4253.85 1.85511e-08 4744.61 8.31613e-09 -0.00148168 0.000420913 -3.48314e-07 -1.78211e-07
4164.75 1.63429e-07 4670.73 7.28625e-08 -0.078792 0.0100729 -1.89188e-05 -9.15927e-06
4374.69 -1.98982e-08 4863.22 -8.94967e-09 -0.00401812 0.00110805 -9.18492e-07 -4.7309e-07
4770.6 -1.67594e-08 5313.73 -7.52317e-09 -0.00414974 0.000910603 -8.69857e-07 -4.45717e-07
3910.85 -1.5587e-08 4384.07 -6.95226e-09 -0.00288144 0.000980495 -7.36781e-07 -3.81559e-07
4131.88 -8.99381e-09 4598.18 -4.04087e-09 -0.00373296 0.000919339 -9.03453e-07 -4.62615e-07
4692.19 -1.76002e-08 5237.48 -7.88388e-09 -0.00681324 0.00177246 -1.45204e-06 -7.52801e-07
4353.7 1.78325e-09 4853.46 7.99814e-10 -0.00206048 0.000561499 -4.73271e-07 -2.45148e-07
3714.75 -1.63812e-08 4186.38 -7.26785e-09 -0.00217003 0.000694784 -5.84166e-07 -3.09231e-07
4215.76 -1.20823e-08 4703.38 -5.41484e-09 -0.00326533 0.000783304 -7.74554e-07 -3.98091e-07
5255.02 -2.54067e-08 5751.87 -1.1606e-08 -0.00242022 0.000629468 -4.60554e-07 -2.36726e-07
5446.15 -1.38345e-09 6010.65 -6.26763e-10 -0.0023293 0.000768634 -4.27697e-07 -2.17627e-07
3535.01 7.49775e-08 3958.71 3.34763e-08 -0.00168242 0.000398381 -4.7593e-07 -2.47529e-07
3884.54 6.55412e-07 4488.77 2.83594e-07 -0.0888569 0.0106614 -2.28745e-05 -1.17049e-05
5567.53 3.67378e-08 6157.02 1.66102e-08 -0.00468507 0.000760035 -8.41499e-07 -4.20404e-07
4164.6 5.26188e-09 4654.73 2.35391e-09 -0.00281969 0.000410375 -6.77062e-07 -3.4629e-07
4122 -8.31028e-08 4625.75 -3.70264e-08 -0.00216157 0.000348271 -5.24398e-07 -2.75119e-07
4220.94 -5.0354e-08 4736.13 -2.24383e-08 -0.00369018 0.000623512 -8.74254e-07 -4.59388e-07
5453.73 -1.33107e-08 5993.75 -6.05572e-09 -0.010164 0.00175808 -1.86367e-06 -9.08941e-07
4190.6 1.20533e-08 4636.48 5.4471e-09 -0.00546277 0.00108514 -1.30357e-06 -6.56537e-07
3827.92 -4.15895e-08 4299.54 -1.85137e-08 -0.00712762 0.000996288 -1.86201e-06 -9.71136e-07
4698.86 -3.27394e-08 5207.97 -1.47694e-08 -0.00586602 0.00119081 -1.24839e-06 -6.31659e-07
4807.41 -3.34704e-08 5341.13 -1.50629e-08 -0.0022612 0.000942826 -4.70357e-07 -2.39626e-07
4547.56 5.02116e-09 5063.33 2.25484e-09 -0.00492152 0.000925797 -1.08223e-06 -5.5168e-07
4422.9 3.40829e-08 4908.31 1.53561e-08 -0.00594602 0.00105596 -1.34437e-06 -6.80727e-07
4175.27 -6.92437e-08 4674.05 -3.09273e-08 -0.00404583 0.000595767 -9.68997e-07 -5.03527e-07
3973.39 5.73728e-09 4485.61 2.54106e-09 -0.0689217 0.00884252 -1.73458e-05 -8.7898e-06
4903.1 4.61226e-09 5422.73 2.08515e-09 -0.00727949 0.00162851 -1.48467e-06 -7.51337e-07
4760.38 -4.90888e-09 5276.37 -2.21441e-09 -0.00720621 0.00199606 -1.51379e-06 -7.69348e-07
3997.56 6.54072e-09 4483.38 2.91598e-09 -0.00263289 0.000790995 -6.58625e-07 -3.45143e-07
3725.09 2.75283e-08 4169.27 1.22977e-08 -0.00283361 0.000446212 -7.60684e-07 -3.96117e-07
4327.94 -1.97243e-08 4810.88 -8.87213e-09 -0.00451001 0.000804985 -1.04207e-06 -5.27611e-07
4380.95 9.74144e-09 4861.8 4.38899e-09 -0.0050519 0.000968983 -1.15315e-06 -5.89045e-07
4515.56 -3.10724e-08 5035.9 -1.39309e-08 -0.00439483 0.00102346 -9.73263e-07 -5.01513e-07
4761.14 2.38368e-08 5265.99 1.07758e-08 -0.00387083 0.000868107 -8.13004e-07 -4.07248e-07
5904.94 -9.00224e-09 6567.3 -4.04715e-09 -0.00355566 0.000758797 -6.0215e-07 -3.06936e-07
5959.18 -1.04865e-08 6598.82 -4.73501e-09 -0.00450494 0.00139411 -7.55966e-07 -3.84264e-07
6167.2 1.68407e-08 6765.9 7.67523e-09 -0.00719861 0.00160515 -1.16724e-06 -5.72517e-07
4321.23 4.73109e-08 4813.18 2.12376e-08 -0.00469625 0.000746327 -1.08679e-06 -5.54977e-07
4123.64 -4.00875e-08 4643.86 -1.77984e-08 -0.00541821 0.000808075 -1.31394e-06 -6.97157e-07
4168.54 -6.91524e-09 4664.6 -3.08992e-09 -0.00347757 0.00115559 -8.34241e-07 -4.3316e-07
4819.95 -9.85785e-11 5338.62 -4.45006e-11 -0.00770564 0.00144398 -1.5987e-06 -8.01086e-07
4919.57 2.77469e-08 5421.79 1.25883e-08 -0.00479328 0.0010425 -9.74329e-07 -4.85745e-07
4402.12 -2.78785e-08 4940.06 -1.24214e-08 -0.0032231 0.000587502 -7.32171e-07 -3.79909e-07
4358.83 6.62181e-08 4863.2 2.96752e-08 -0.00594158 0.00126237 -1.36312e-06 -7.0152e-07
4540.36 -2.99918e-08 5045.54 -1.34944e-08 -0.00434979 0.000644493 -9.58028e-07 -4.83953e-07
5460.59 9.69499e-09 6043.16 4.38019e-09 -0.00410148 0.001256 -7.51106e-07 -3.77364e-07
4853.72 6.08309e-09 5403.94 2.73186e-09 -0.00284538 0.000526923 -5.86227e-07 -3.00845e-07
4662.34 4.52328e-08 5195.75 2.02946e-08 -0.00445538 0.000704333 -9.5561e-07 -4.88316e-07
4103.51 -1.19469e-08 4590.66 -5.33954e-09 -0.00166909 0.000517627 -4.06746e-07 -2.10434e-07
4857.68 2.04458e-08 5336.62 9.30545e-09 -0.00277921 0.00108137 -5.72128e-07 -2.83857e-07
4142.3 -1.01752e-08 4655.25 -4.52701e-09 -0.0040494 0.00123595 -9.77573e-07 -5.14438e-07
4612.03 -3.77209e-08 5128.78 -1.69602e-08 -0.00561129 0.00120512 -1.21666e-06 -6.22048e-07
4675.31 -2.15183e-08 5154.36 -9.75916e-09 -0.00436918 0.000641987 -9.34521e-07 -4.64288e-07
5013.62 -4.35491e-09 5571.91 -1.95928e-09 -0.00660403 0.00130915 -1.31722e-06 -6.72011e-07
4089.92 6.86166e-09 4541.44 3.08972e-09 -0.00383703 0.000724508 -9.3817e-07 -4.78538e-07
5926.8 1.29443e-08 6537.64 5.86742e-09 -0.0043692 0.00135413 -7.37194e-07 -3.69148e-07
4651 1.6498e-08 5171.54 7.41871e-09 -0.00319395 0.000961004 -6.86724e-07 -3.51481e-07
4523.14 -1.71406e-08 5069.49 -7.64666e-09 -0.00308932 0.000684853 -6.83002e-07 -3.55664e-07
4515.46 5.24545e-08 4967.02 2.38428e-08 -0.0716636 0.00940874 -1.58707e-05 -7.65648e-06
4699.56 -4.59146e-09 5218.68 -2.06737e-09 -0.00441976 0.000783127 -9.40462e-07 -4.76248e-07
4556.34 1.30398e-08 5113.66 5.80931e-09 -0.00561007 0.00133924 -1.23127e-06 -6.49626e-07
4806.41 -2.48008e-08 5322.12 -1.11988e-08 -0.010714 0.00237016 -2.22911e-06 -1.12e-06
4019.31 -1.88292e-08 4526.93 -8.35892e-09 -0.0019537 0.000429263 -4.86078e-07 -2.57097e-07
5220.73 -7.66736e-09 5741.33 -3.48606e-09 -0.0125395 0.00219514 -2.40186e-06 -1.17891e-06
5606.58 7.3238e-09 6142.53 3.34239e-09 -0.00292184 0.00133498 -5.21145e-07 -2.5747e-07
4577.6 3.1465e-09 5128.54 1.40424e-09 -0.000601347 9.85384e-05 -1.31367e-07 -6.85455e-08
4601.45 -4.05011e-08 5150.69 -1.80912e-08 -0.00326116 0.000589795 -7.08723e-07 -3.64301e-07
4937.15 -9.78593e-09 5460.37 -4.42411e-09 -0.00597926 0.0014591 -1.21107e-06 -6.12027e-07
5457.24 -1.23961e-08 6028.8 -5.61046e-09 -0.0029153 0.000760399 -5.34207e-07 -2.69549e-07
5112 6.24087e-09 5678.08 2.80934e-09 -0.00264858 0.000530279 -5.18111e-07 -2.65421e-07
4299.35 -2.16179e-08 4802.72 -9.67608e-09 -0.00337315 0.000823534 -7.84572e-07 -4.04651e-07
4314.46 -1.94084e-08 4803.16 -8.71683e-09 -0.00444543 0.00119853 -1.03035e-06 -5.28634e-07
4458.39 1.04684e-09 4970.85 4.69459e-10 -0.00208045 0.000704203 -4.66636e-07 -2.38599e-07
3902.95 3.24906e-09 4403.52 1.43986e-09 -0.00361771 0.000477089 -9.26918e-07 -4.87262e-07
5314.51 -2.00125e-08 5877.24 -9.04818e-09 -0.00906007 0.00246625 -1.70478e-06 -8.56861e-07
5040.77 4.96888e-10 5616.97 2.22958e-10 -0.00808079 0.00151469 -1.60309e-06 -8.23325e-07
4188.58 -2.54654e-08 4683.55 -1.13871e-08 -0.00602754 0.00128675 -1.43904e-06 -7.50815e-07
4318.33 -2.72657e-08 4814.22 -1.22286e-08 -0.00683779 0.00105293 -1.58343e-06 -8.13535e-07
4921.17 -4.34649e-09 5484.46 -1.95004e-09 -0.00355662 0.00135432 -7.22719e-07 -3.73957e-07
4698.94 -1.45723e-08 5190.24 -6.59644e-09 -0.00284261 0.00117727 -6.04947e-07 -3.06841e-07
4456.56 -2.21701e-08 5000.62 -9.87902e-09 -0.00438064 0.00151729 -9.82964e-07 -5.18554e-07
5134.08 -9.50024e-09 5722.86 -4.26141e-09 -0.00360237 0.000798371 -7.01659e-07 -3.59728e-07
5700.4 2.15119e-08 6302.23 9.7288e-09 -0.00272296 0.000596707 -4.77678e-07 -2.41075e-07
5858.7 -6.52488e-09 6482.74 -2.94839e-09 -0.00135442 0.000522777 -2.31182e-07 -1.17291e-07
5178.72 -1.7005e-08 5730 -7.68445e-09 -0.00247904 0.000739915 -4.78697e-07 -2.41306e-07
4279.97 3.57246e-08 4793.26 1.59495e-08 -0.00268291 0.0003853 -6.26852e-07 -3.26445e-07
4703.36 -2.96486e-08 5260.53 -1.32542e-08 -0.00499174 0.00130849 -1.06131e-06 -5.53612e-07
4767.1 -1.00438e-08 5333.73 -4.48838e-09 -0.00487209 0.00137463 -1.02202e-06 -5.32393e-07
4351.56 -3.76577e-08 4852.69 -1.68844e-08 -0.00364905 0.000773854 -8.38561e-07 -4.34717e-07
4658.79 2.34184e-08 5189.22 1.05123e-08 0.000536484 0.000472545 1.15155e-07 5.97332e-08
5183.89 -1.39518e-08 5743.91 -6.29579e-09 -0.00868727 0.00180352 -1.67582e-06 -8.40586e-07
4467.51 -3.85481e-09 4970.76 -1.73227e-09 -0.00321208 0.000384137 -7.18987e-07 -3.67061e-07
4866.77 -2.5618e-08 5371.52 -1.16054e-08 -0.0123795 0.00266491 -2.54369e-06 -1.27362e-06
5450.97 8.53765e-12 6065.63 3.83625e-12 -0.00804017 0.00144853 -1.475e-06 -7.50055e-07
5272.01 1.29651e-08 5881.08 5.81118e-09 -0.00202609 0.000693013 -3.8431e-07 -1.99446e-07
5487.04 6.02975e-09 6076.7 2.72232e-09 -0.00342505 0.00122377 -6.24207e-07 -3.17467e-07
4826.95 -1.41989e-08 5279.25 -6.49121e-09 -0.000632569 0.00100215 -1.31049e-07 -6.55481e-08
4547.38 -1.53279e-08 5069.09 -6.87515e-09 -0.00315156 0.00057001 -6.9305e-07 -3.55327e-07
4272.14 4.55586e-08 4773.82 2.03854e-08 -0.00393881 0.000729516 -9.21977e-07 -4.79637e-07
3780.87 1.11482e-08 4254.31 4.9538e-09 -0.00183834 0.000428244 -4.86223e-07 -2.5632e-07
4879.99 2.782e-08 5439.98 1.24781e-08 -0.00486741 0.00133626 -9.97423e-07 -5.17605e-07
5193.96 -2.38494e-08 5767.75 -1.07384e-08 -0.00311197 0.000792922 -5.99152e-07 -3.05463e-07
4711.05 3.38412e-08 5271.95 1.51204e-08 -0.0019839 0.000878175 -4.21116e-07 -2.20591e-07
4627.41 -1.79444e-08 5139.35 -8.07845e-09 -0.00641726 0.00120138 -1.38679e-06 -7.01623e-07
4527.84 1.66034e-08 5020.12 7.48762e-09 -0.00312597 0.000782209 -6.90389e-07 -3.52558e-07
5066.17 -6.84155e-09 5657.25 -3.06337e-09 -0.000434944 0.000718571 -8.58527e-08 -4.48101e-08
4908.05 1.45374e-08 5468.92 6.52327e-09 -0.00153589 0.000499471 -3.12934e-07 -1.60786e-07
5671.62 -5.06047e-09 6282.09 -2.28436e-09 -0.00174111 0.000380186 -3.06987e-07 -1.56158e-07
4366.51 3.76925e-09 4868.69 1.69024e-09 -0.00360529 0.000756377 -8.25667e-07 -4.25478e-07
5265.06 -2.51789e-08 5817.8 -1.13934e-08 -0.00106157 0.000535629 -2.01626e-07 -1.01174e-07
4834.56 -2.22017e-08 5392.11 -9.95302e-09 -0.00592119 0.00131688 -1.22476e-06 -6.35591e-07
5612.03 -3.1103e-08 6207.55 -1.40596e-08 -0.00870122 0.00218751 -1.55046e-06 -7.75966e-07
4196.23 -2.7614e-08 4694.52 -1.23415e-08 -0.00301293 0.000495167 -7.18009e-07 -3.71627e-07
4613.61 3.54014e-08 5171.29 1.57918e-08 -0.00168004 0.000285543 -3.64148e-07 -1.88757e-07
3822.19 -1.26579e-08 4303.71 -5.62082e-09 -0.00232068 0.000654709 -6.07161e-07 -3.23033e-07
4967.11 -6.1247e-08 5462.18 -2.78478e-08 -0.00743302 0.0019805 -1.49645e-06 -7.3817e-07
4971.81 -8.00052e-09 5447.92 -3.65066e-09 -0.00599054 0.00140276 -1.2049e-06 -5.90212e-07
5217.54 -9.53645e-09 5792.6 -4.29486e-09 -0.00389424 0.00114473 -7.46375e-07 -3.83288e-07
4118.1 6.96336e-09 4601.47 3.11594e-09 -0.00249382 0.000290876 -6.05574e-07 -3.16607e-07
4178.67 2.21013e-08 4647.33 9.93627e-09 -0.0025505 0.000751076 -6.10361e-07 -3.15751e-07
5255.44 -3.92209e-08 5819.35 -1.77101e-08 -0.00594165 0.00148581 -1.13057e-06 -5.73878e-07
3839.79 -1.49573e-08 4302.63 -6.67419e-09 -0.00339221 0.000807666 -8.83436e-07 -4.60351e-07
3876.12 -4.90935e-08 4322.36 -2.20126e-08 -0.00411125 0.000651016 -1.06066e-06 -5.47334e-07
5437.83 -1.18627e-09 6101.57 -5.28611e-10 -0.00516365 0.00160476 -9.49581e-07 -4.96325e-07
5399.91 -3.64969e-08 5989.44 -1.64523e-08 -0.00635134 0.00155951 -1.17619e-06 -5.99301e-07
5325.21 1.051e-09 5950.11 4.7031e-10 -0.00603355 0.00152805 -1.13302e-06 -5.89982e-07
5069.61 -3.24172e-08 5588.41 -1.47039e-08 -0.00536844 0.00120044 -1.05895e-06 -5.29827e-07
4677.27 2.93356e-09 5177.72 1.32501e-09 -0.00776158 0.00124394 -1.65943e-06 -8.29485e-07
5149.95 -1.39591e-08 5745.08 -6.25654e-09 -0.00306378 0.000609447 -5.94915e-07 -3.06617e-07
5737.02 -5.52102e-08 6343.05 -2.49676e-08 -0.0107966 0.0025681 -1.88191e-06 -9.49861e-07
5445.98 1.39813e-09 6056.16 6.28633e-10 -0.0011047 0.00036127 -2.02847e-07 -1.03327e-07
5252.28 3.7875e-09 5877.49 1.6923e-09 -0.00289406 0.00112368 -5.51012e-07 -2.84899e-07
4422.32 1.50074e-09 4969.31 6.67772e-10 -0.00249889 0.000441055 -5.65062e-07 -2.99955e-07
5468.75 -8.82777e-09 6077.79 -3.97158e-09 -0.00282943 0.000468116 -5.17381e-07 -2.64344e-07
5002.94 -3.41915e-09 5568.85 -1.53585e-09 -0.0014522 0.000528737 -2.9027e-07 -1.50358e-07
4971.15 1.7008e-09 5539.13 7.632e-10 -0.00454973 0.00111328 -9.15227e-07 -4.70643e-07
3.84626 -0.00604722 46.1073 -0.000252229 -0.00502644 0.00417744 -0.00130684 -0.00379775
5215.19 1.61533e-08 5779.88 7.28758e-09 -0.00464202 0.00103285 -8.90097e-07 -4.47324e-07
4593.44 -1.65673e-09 5095.16 -7.46795e-10 -0.00439989 0.000670988 -9.57862e-07 -4.83905e-07
5383.95 -3.24814e-08 6027.55 -1.45066e-08 -0.00260741 0.000837076 -4.84293e-07 -2.52929e-07
5185.93 -5.90228e-09 5790.09 -2.64321e-09 -0.00244615 0.000900209 -4.7169e-07 -2.43136e-07
4241.35 -2.39393e-09 4769.59 -1.0644e-09 -0.00336742 0.000472603 -7.9395e-07 -4.17878e-07
4890.15 -9.45669e-09 5378.18 -4.29928e-09 -0.00739148 0.00148368 -1.5115e-06 -7.50189e-07
5327.33 -3.37436e-09 5940.97 -1.51291e-09 -0.00330015 0.00102471 -6.19476e-07 -3.18444e-07
5606.61 2.96752e-09 6209.68 1.33966e-09 -0.00451901 0.00178547 -8.06015e-07 -4.09252e-07
4863.51 6.36635e-09 5375.76 2.87986e-09 -0.00158577 0.000700298 -3.26055e-07 -1.6351e-07
4179.31 6.63034e-10 4667.92 2.96816e-10 -0.00270465 0.00034374 -6.47151e-07 -3.33167e-07
5066.35 -1.43719e-08 5645.17 -6.44917e-09 -0.00285731 0.000825142 -5.63978e-07 -2.91729e-07
5306.92 -7.43986e-09 5902.54 -3.34456e-09 -0.00559073 0.0011721 -1.05348e-06 -5.40241e-07
5428.58 -1.95891e-08 6046.94 -8.79296e-09 -0.0071906 0.00209992 -1.32458e-06 -6.83574e-07
4654.97 -6.71053e-09 5153.92 -3.03044e-09 -0.00655015 0.00125377 -1.40713e-06 -7.087e-07
5028.23 -1.15407e-08 5582.03 -5.19787e-09 -0.00415133 0.000787875 -8.25605e-07 -4.18872e-07
4696.1 -2.49984e-08 5222.94 -1.12384e-08 -0.0043001 0.0012199 -9.15675e-07 -4.67021e-07
5446.7 -1.82083e-08 6055.31 -8.18911e-09 -0.0086413 0.00199858 -1.58652e-06 -8.10474e-07
5319.64 7.77814e-09 5912.53 3.49908e-09 -0.000766155 0.00107302 -1.44024e-07 -7.39384e-08
5611.7 -2.32011e-09 6193.79 -1.05103e-09 -0.00272206 0.00124097 -4.85068e-07 -2.46781e-07
5552.7 2.04296e-09 6160.19 9.20745e-10 -0.00319376 0.000822998 -5.75172e-07 -2.92249e-07
5293.46 -9.04152e-10 5920.56 -4.04193e-10 -0.00426955 0.00141806 -8.06571e-07 -4.17179e-07
5372.22 -2.9092e-08 5939.81 -1.3156e-08 -0.0029064 0.000856684 -5.41006e-07 -2.74259e-07
5372.23 2.29036e-08 5946.91 1.03452e-08 -0.00148156 0.000356813 -2.75781e-07 -1.39833e-07
5500.55 -3.66585e-08 6090.34 -1.65542e-08 -0.00718299 0.0017075 -1.30587e-06 -6.60181e-07
5681.21 -1.04175e-08 6305.66 -4.69292e-09 -0.0067863 0.0019719 -1.19452e-06 -6.0452e-07
4846.54 3.58016e-08 5347.63 1.62234e-08 -0.00564575 0.00124933 -1.1649e-06 -5.83834e-07
4485.86 -1.92635e-08 4970.01 -8.69347e-09 -0.0072466 0.00116147 -1.61543e-06 -8.10289e-07
4047.62 -3.51394e-08 4532.67 -1.56895e-08 -0.00466328 0.000833213 -1.1521e-06 -5.97506e-07
5276.22 2.26965e-08 5888.26 1.01687e-08 -0.00220059 0.000270603 -4.17076e-07 -2.1694e-07
4439.02 -3.40229e-08 4936.62 -1.52967e-08 -0.00915529 0.00160531 -2.06246e-06 -1.04844e-06
5296.46 -5.07086e-09 5931.47 -2.26399e-09 -0.00337763 0.0010655 -6.37715e-07 -3.31877e-07
5316.52 -3.69522e-08 5935.61 -1.6549e-08 -0.00306796 0.00115475 -5.77061e-07 -3.00339e-07
5576.23 -6.36337e-09 6177.11 -2.87219e-09 -0.00553965 0.00163072 -9.9344e-07 -5.03949e-07
4256.84 -1.5598e-09 4810.81 -6.90094e-10 -0.00258351 0.000599602 -6.06907e-07 -3.21457e-07
4542.81 2.08187e-08 5008.38 9.44175e-09 -0.00318645 0.000491824 -7.01427e-07 -3.48859e-07
4560.43 -4.0057e-08 5068.06 -1.80224e-08 -0.00202593 0.000690376 -4.44241e-07 -2.27373e-07
5243 -4.36135e-09 5811.99 -1.96719e-09 -0.00504544 0.00162663 -9.6232e-07 -4.90238e-07
5162.01 1.81591e-08 5754.57 8.1446e-09 -0.00905419 0.00180431 -1.754e-06 -9.04464e-07
5224.83 4.03392e-09 5832.57 1.8068e-09 -0.00518361 0.00112452 -9.9211e-07 -5.08518e-07
4541.2 1.735e-08 5062.07 7.78236e-09 -0.00766133 0.00127318 -1.68707e-06 -8.66632e-07
4482.33 -3.17712e-09 4995.56 -1.42535e-09 -0.00369781 0.000604757 -8.24975e-07 -4.25135e-07
5088.86 -7.5169e-09 5669.34 -3.37362e-09 -0.00720183 0.00126861 -1.41521e-06 -7.29768e-07
5248.59 -2.22881e-08 5831.65 -1.00298e-08 -0.00301443 0.00124352 -5.74332e-07 -2.94562e-07
5329.11 6.41715e-09 5916.16 2.8902e-09 -0.00348523 0.000922625 -6.53998e-07 -3.35135e-07
5292.41 -2.29811e-08 5883.75 -1.03357e-08 -0.00502847 0.00122914 -9.50129e-07 -4.85935e-07
5308.61 1.20346e-08 5937.18 5.38026e-09 -0.00173331 0.000631779 -3.26508e-07 -1.69875e-07
5014.58 -1.3993e-08 5600.96 -6.26402e-09 -0.000188336 0.000314944 -3.75577e-08 -1.94805e-08
5498.43 8.34557e-09 6102.01 3.76004e-09 -0.00609341 0.00143227 -1.10821e-06 -5.69348e-07
5503.67 -1.50362e-08 6080.59 -6.8048e-09 -0.00555651 0.00133226 -1.0096e-06 -5.08919e-07
4782.67 -9.94205e-09 5250.17 -4.52838e-09 -0.00550611 0.000762263 -1.15126e-06 -5.65236e-07
5256.26 2.35971e-09 5772.63 1.07432e-09 -0.00137462 0.000553557 -2.6152e-07 -1.36965e-07
4382.13 -2.49876e-08 4852.02 -1.12839e-08 -0.00585888 0.00139765 -1.33699e-06 -6.7722e-07
4375.75 -2.22008e-08 4828.99 -1.00586e-08 -0.00381447 0.000602924 -8.71729e-07 -4.37707e-07
5393.82 -2.57937e-08 5950.24 -1.16909e-08 -0.00279459 0.00105071 -5.18109e-07 -2.59615e-07
5289.57 -3.30699e-08 5904.88 -1.4812e-08 -0.00453746 0.0015681 -8.57812e-07 -4.4324e-07
5143.98 -3.06943e-08 5653.91 -1.3963e-08 -0.00466869 0.00127714 -9.07602e-07 -4.47285e-07
5009.58 4.70104e-08 5562.61 2.11683e-08 -0.00565623 0.000729144 -1.12908e-06 -5.71303e-07
5173.17 -1.8572e-08 5774.38 -8.31917e-09 -0.00555142 0.00153747 -1.07312e-06 -5.53818e-07
4501.68 -2.36371e-08 5057.8 -1.05191e-08 -0.00195631 0.000432194 -4.34574e-07 -2.29254e-07
5383.91 -6.0863e-08 6008.9 -2.72663e-08 -0.00485592 0.00153603 -9.01932e-07 -4.66463e-07
4801.59 8.1874e-09 5336.94 3.68306e-09 -0.00231798 0.000647517 -4.82752e-07 -2.45452e-07
5315.8 -3.6763e-08 5910.15 -1.6533e-08 -0.00927758 0.00214878 -1.74528e-06 -8.92888e-07
5269.5 -2.11866e-09 5841.89 -9.55538e-10 -0.00884595 0.00208061 -1.67871e-06 -8.50739e-07
5025.95 2.37327e-08 5570.9 1.07056e-08 -0.0056131 0.00124643 -1.11682e-06 -5.6767e-07
4493.44 -5.01985e-08 5002 -2.25474e-08 -0.00390266 0.000713217 -8.68524e-07 -4.52029e-07
5366.87 -1.34104e-08 5980.56 -6.01714e-09 -0.00869544 0.00171162 -1.62021e-06 -8.42891e-07
4614.51 -2.91304e-08 5168.2 -1.30048e-08 -0.00353172 0.00151193 -7.65352e-07 -4.02061e-07
5329.15 -1.7759e-08 5894.48 -8.02788e-09 -0.00520471 0.00133169 -9.7665e-07 -4.94201e-07
5108.08 4.86728e-09 5715.79 2.17489e-09 -0.00203448 0.000220912 -3.98286e-07 -2.07669e-07
5236.48 -1.29687e-08 5841.03 -5.81323e-09 -0.00224177 0.000733448 -4.28107e-07 -2.21156e-07
5847.49 7.43363e-09 6452.8 3.36816e-09 -0.00181267 0.00109455 -3.09991e-07 -1.55829e-07
6025.12 -1.01902e-08 6657.32 -4.61127e-09 -0.00656337 0.00148292 -1.08933e-06 -5.45726e-07
5132.57 2.06106e-08 5709.54 9.26391e-09 -0.00108022 0.000523326 -2.10465e-07 -1.07373e-07
5632.06 -1.61711e-08 6217.62 -7.32407e-09 -0.00477261 0.00147047 -8.47402e-07 -4.28976e-07
4585.52 5.35232e-09 5060.28 2.42508e-09 -0.00536915 0.00121854 -1.17089e-06 -5.86416e-07
5035.2 -3.58077e-08 5554.67 -1.62295e-08 -0.0059556 0.00123013 -1.18279e-06 -5.90031e-07
4879.94 -4.48144e-08 5403.76 -2.02351e-08 -0.00314701 0.00107792 -6.44887e-07 -3.26772e-07
5225.39 3.41694e-08 5844.36 1.52753e-08 -0.000621564 0.000227093 -1.18951e-07 -6.20793e-08
5475.15 -3.11181e-08 6115.57 -1.39297e-08 -0.00663538 0.00139504 -1.21191e-06 -6.22976e-07
4304.44 2.3374e-08 4749.7 1.05914e-08 -0.00440043 0.00057483 -1.0223e-06 -5.13919e-07
5485.28 -1.71779e-08 6087.66 -7.73904e-09 -0.0056422 0.00152804 -1.02861e-06 -5.23331e-07
5437.32 -3.74452e-08 6074.95 -1.67575e-08 -0.00591218 0.00201467 -1.08733e-06 -5.67701e-07
4629.35 6.70841e-09 5148.87 3.01577e-09 -0.00193439 0.00060612 -4.17854e-07 -2.13773e-07
5387.59 -2.81559e-08 5984.27 -1.26743e-08 -0.00502861 0.0010133 -9.33369e-07 -4.75569e-07
5464.38 -3.19197e-08 6084.24 -1.43339e-08 -0.0030057 0.00116545 -5.50053e-07 -2.83839e-07
4949.98 -3.67863e-08 5455.14 -1.66899e-08 -0.0027031 0.000589114 -5.46082e-07 -2.74473e-07
5141.1 -5.22701e-08 5696.93 -2.35851e-08 -0.00220926 0.000432266 -4.29726e-07 -2.19533e-07
5358.27 -3.83981e-09 5938.15 -1.73242e-09 -0.00673459 0.00149975 -1.25686e-06 -6.33961e-07
5135.62 6.99513e-09 5705.82 3.14804e-09 -0.00631536 0.00134695 -1.22972e-06 -6.29636e-07
4836.79 -1.20799e-08 5391.78 -5.41823e-09 -0.00673034 0.00111059 -1.39149e-06 -7.08704e-07
5736.16 -2.36439e-08 6359.61 -1.0663e-08 -0.00609619 0.00157511 -1.06276e-06 -5.42497e-07
5156.4 2.14252e-08 5746.83 9.61195e-09 -0.00666617 0.00133593 -1.2928e-06 -6.67228e-07
4508.11 -2.83186e-08 5082.54 -1.2559e-08 -7.95219e-05 0.000621414 -1.76397e-08 -9.39455e-09
4178.15 1.35256e-08 4713.71 5.99444e-09 0.000845498 0.000518931 2.02362e-07 1.08541e-07
4313.08 -2.18731e-08 4804.4 -9.81814e-09 -0.00136298 0.000272573 -3.1601e-07 -1.62681e-07
4119.53 6.64506e-08 4589.01 2.98262e-08 -0.00113814 0.000214324 -2.76279e-07 -1.422e-07
4027.02 -7.1985e-09 4544.98 -3.18906e-09 -0.00150831 0.00048582 -3.74547e-07 -1.99192e-07
3847.31 4.46462e-09 4302.46 1.99616e-09 -0.00199257 0.000335095 -5.17913e-07 -2.69249e-07
4073.97 -2.9017e-08 4614.51 -1.2809e-08 -0.00172239 0.000324022 -4.22779e-07 -2.25125e-07
4511.43 -4.05028e-09 5042.36 -1.8119e-09 -0.00200697 0.000390896 -4.44863e-07 -2.30786e-07
4651.7 -1.41917e-08 5206.73 -6.33946e-09 -0.00160928 0.000251944 -3.45954e-07 -1.80128e-07
4339.89 1.88968e-08 4819.21 8.50865e-09 -0.0026917 0.000352837 -6.20223e-07 -3.16651e-07
4165.34 -3.45622e-08 4615.85 -1.55944e-08 -0.000139321 0.000295953 -3.34477e-08 -1.7087e-08
4722.55 1.73247e-09 5287.81 7.73635e-10 -0.00124231 0.000426784 -2.63058e-07 -1.37028e-07
4537.03 -3.4152e-08 5116.44 -1.51422e-08 -0.000765686 0.000923888 -1.68764e-07 -8.96109e-08
4427.71 4.36048e-09 4925.38 1.95994e-09 -0.000973682 0.000727339 -2.19906e-07 -1.13787e-07
4846.8 2.54209e-09 5437.53 1.13296e-09 -0.00275235 0.000836193 -5.67871e-07 -2.9712e-07
4506.08 2.79461e-08 4995.65 1.26037e-08 -0.000952291 0.000460029 -2.11335e-07 -1.08658e-07
5034.95 1.20513e-08 5596.61 5.42093e-09 -0.000690721 0.000941818 -1.37185e-07 -7.07166e-08
4814.19 -3.37764e-08 5404.44 -1.50437e-08 -0.00308545 0.000699464 -6.40907e-07 -3.3694e-07
4879.57 -1.14247e-08 5458.57 -5.10641e-09 -0.00140904 0.000346493 -2.88764e-07 -1.48893e-07
4586.85 1.15252e-08 5126.83 5.15568e-09 -0.00125911 0.000680444 -2.74505e-07 -1.43095e-07
4408.99 -9.09158e-09 4936.74 -4.05983e-09 -0.00309868 0.000491991 -7.02809e-07 -3.68493e-07
4486.28 5.5888e-10 5045.38 2.48474e-10 -0.00315196 0.000474619 -7.02578e-07 -3.67865e-07
5210.63 -1.11752e-08 5676.86 -5.12868e-09 -0.00040782 0.000789846 -7.82669e-08 -4.08047e-08
4711.95 6.14283e-10 5241.55 2.76108e-10 -0.00609954 0.00149329 -1.29448e-06 -6.62668e-07
4102.15 -1.07147e-08 4546.02 -4.83428e-09 -0.0010354 0.00035457 -2.52403e-07 -1.28584e-07
4045.27 7.92988e-08 4529.87 3.54078e-08 0.000291895 0.000179303 7.21571e-08 3.77951e-08
4596.43 -7.53129e-09 5168.51 -3.34884e-09 -0.00249599 0.000527683 -5.43026e-07 -2.83936e-07
4561.26 -2.90827e-09 5114.8 -1.29676e-09 -0.00222614 0.000668506 -4.88054e-07 -2.55874e-07
4960.29 4.44229e-09 5508.74 2.00001e-09 -0.00479401 0.00129099 -9.66477e-07 -4.91941e-07
5061.68 -2.45567e-08 5664.85 -1.0971e-08 -0.00672728 0.00189022 -1.32906e-06 -6.88222e-07
3233.03 -1.70893e-08 3652.18 -7.564e-09 -0.000118805 0.000688763 -3.67473e-08 -1.97622e-08
4569.19 -2.32947e-08 5063.16 -1.0511e-08 -0.00258285 0.000647397 -5.65275e-07 -2.8862e-07
4581.21 5.61385e-08 5089.55 2.52657e-08 -0.00226078 0.000288713 -4.9349e-07 -2.53163e-07
4608.3 1.77229e-09 5130.43 7.95963e-10 -0.00576842 0.000914492 -1.25175e-06 -6.40917e-07
5483.18 -4.01011e-08 6116.34 -1.79749e-08 -0.00419759 0.00127778 -7.6554e-07 -3.94536e-07
5159.04 -2.67082e-09 5772.77 -1.19344e-09 -0.00432733 0.000704556 -8.38785e-07 -4.35876e-07
4804.66 -2.36102e-08 5323.11 -1.06553e-08 -0.0034952 0.000831315 -7.27459e-07 -3.70827e-07
5426.31 -1.5669e-08 6021.62 -7.05995e-09 -0.00346733 0.000869589 -6.38985e-07 -3.25198e-07
5619.29 1.23315e-08 6272.09 5.524e-09 -0.000539219 0.000466458 -9.59584e-08 -4.98288e-08
4839.93 -2.40419e-09 5392.4 -1.07894e-09 -0.00320427 0.000841929 -6.62049e-07 -3.40049e-07
5122.64 -8.2306e-09 5729.11 -3.67966e-09 -0.00115935 0.000371597 -2.26318e-07 -1.1883e-07
5389.83 5.32771e-09 5978.28 2.40165e-09 -0.00400869 0.000450028 -7.43751e-07 -3.77516e-07
5170.19 3.92667e-09 5735.71 1.76976e-09 -0.00666743 0.00134106 -1.28959e-06 -6.58244e-07
6026.66 8.03035e-09 6669.31 3.62827e-09 -0.00381715 0.000841669 -6.33377e-07 -3.20559e-07
5461.81 -1.55338e-08 6068.06 -6.99092e-09 -0.00472775 0.000975945 -8.65602e-07 -4.41761e-07
5340.54 -2.88323e-08 5911.88 -1.30229e-08 -0.00238892 0.000840181 -4.47319e-07 -2.27037e-07
5265.96 -1.71188e-08 5773.61 -7.80678e-09 -0.00762286 0.00165478 -1.44757e-06 -7.08166e-07
4721.3 -6.33386e-09 5217.9 -2.86553e-09 -0.00818883 0.00169387 -1.73444e-06 -8.64777e-07
5959.22 -2.26275e-08 6619.73 -1.01849e-08 -0.00426251 0.0011604 -7.1528e-07 -3.63024e-07
5044.47 -1.9527e-08 5598.66 -8.79707e-09 -0.00521628 0.000900344 -1.03406e-06 -5.24588e-07
5074.29 -2.55253e-08 5602.28 -1.15598e-08 -0.00380372 0.000740142 -7.49606e-07 -3.76984e-07
4843.43 2.31313e-08 5433.61 1.03094e-08 -0.00255969 0.000385487 -5.28488e-07 -2.77391e-07
4779.05 1.55318e-08 5303.18 6.99837e-09 -0.00088752 0.000478527 -1.85711e-07 -9.49812e-08
5838.35 -2.38982e-08 6450.87 -1.08145e-08 -0.0058054 0.00148295 -9.94357e-07 -5.05041e-07
5193.12 -5.97391e-09 5760.42 -2.69279e-09 -0.00577173 0.00152516 -1.11142e-06 -5.69454e-07
4741.34 -3.1417e-09 5295.3 -1.40652e-09 -0.00549142 0.00115788 -1.1582e-06 -6.0399e-07
5295.74 -1.9904e-08 5830.65 -9.039e-09 -0.0104301 0.00243701 -1.96953e-06 -9.7841e-07
5232.71 -1.40463e-08 5829.08 -6.3046e-09 -0.00934692 0.00250731 -1.78625e-06 -9.14515e-07
5232.96 2.30191e-10 5809.17 1.03679e-10 -0.00360441 0.000927725 -6.8879e-07 -3.57272e-07
5642.03 -2.87164e-08 6268.35 -1.29236e-08 -0.00568431 0.00172715 -1.00749e-06 -5.16047e-07
5375.75 -1.98587e-08 6010.84 -8.88023e-09 -0.00356615 0.00125428 -6.63377e-07 -3.48711e-07
4911.52 6.55595e-09 5418.06 2.97151e-09 -0.00222227 0.000510416 -4.52461e-07 -2.27488e-07
5055.28 -6.33867e-09 5591.61 -2.86534e-09 -0.00546322 0.00128431 -1.0807e-06 -5.42898e-07
4459.7 6.49514e-09 4959.01 2.92058e-09 -0.00427661 0.000717024 -9.58947e-07 -4.93859e-07
5450.46 -3.14074e-08 6069.9 -1.41011e-08 -0.00625116 0.0018643 -1.14691e-06 -5.90327e-07
5396.77 1.512e-08 5996.24 6.80421e-09 -0.00281305 0.00131713 -5.21246e-07 -2.69478e-07
5808.04 -2.96476e-08 6419.19 -1.34125e-08 -0.00653155 0.00184025 -1.12457e-06 -5.65933e-07
5201.93 -1.17566e-08 5759.96 -5.30882e-09 0.000797993 0.000434948 1.53403e-07 7.78604e-08
5385.73 -1.33753e-08 5958.25 -6.04506e-09 -0.00652648 0.00168652 -1.21181e-06 -6.13866e-07
4227.3 -6.01987e-08 4688.63 -2.71378e-08 -0.00247556 0.000751365 -5.85612e-07 -3.01793e-07
5247.14 -4.41308e-08 5742.01 -2.01637e-08 -0.0106678 0.00229512 -2.03307e-06 -9.85234e-07
4567.29 -3.86678e-08 5100.44 -1.73129e-08 -0.00647787 0.00166558 -1.41832e-06 -7.3185e-07
5291.85 -3.0938e-08 5885.49 -1.39087e-08 -0.00245871 0.000626487 -4.64622e-07 -2.38007e-07
5350.53 -5.82957e-09 5957.77 -2.6177e-09 -0.00178947 0.000355762 -3.34447e-07 -1.72427e-07
5872.46 -6.8575e-09 6528.27 -3.08431e-09 -0.00645722 0.00171071 -1.09958e-06 -5.66368e-07
5124.55 1.31893e-08 5683.67 5.94592e-09 -0.00168529 0.000975309 -3.28866e-07 -1.66593e-07
6084.09 -1.52176e-08 6745.51 -6.86271e-09 -0.00628079 0.00184524 -1.03233e-06 -5.26463e-07
5064.49 -3.45701e-09 5617.17 -1.55844e-09 -0.00321604 0.000545545 -6.35019e-07 -3.23143e-07
6016.06 -2.40894e-08 6625.52 -1.09368e-08 -0.00464984 0.001352 -7.72905e-07 -3.85297e-07
4907.41 -3.53882e-08 5454.79 -1.59185e-08 -0.00312167 0.000747621 -6.36114e-07 -3.25798e-07
5587.31 -1.10225e-08 6203.65 -4.9637e-09 -0.00803291 0.00173299 -1.43771e-06 -7.25883e-07
5407.61 -4.27818e-08 5956.31 -1.94204e-08 -0.00477665 0.00114468 -8.8332e-07 -4.41611e-07
4837.07 3.9147e-08 5430.98 1.74331e-08 -0.00739103 0.00150128 -1.528e-06 -7.95056e-07
5195.22 -1.06628e-09 5774.78 -4.79636e-10 -0.00449603 0.00110396 -8.65416e-07 -4.41092e-07
5668.15 1.40332e-08 6304.61 6.30826e-09 -0.00180314 0.000924285 -3.18119e-07 -1.63898e-07
5183.99 -6.34769e-09 5750.49 -2.86118e-09 -0.00602193 0.00113714 -1.16164e-06 -5.89636e-07
4396.37 -1.27137e-08 4863.19 -5.74664e-09 -0.00256165 0.000331565 -5.82673e-07 -2.95161e-07
5745.58 -9.93244e-10 6339.39 -4.50104e-10 -0.00488779 0.00120277 -8.50705e-07 -4.26518e-07
4687.19 2.05727e-08 5219.64 9.23707e-09 -0.00422582 0.00108116 -9.01568e-07 -4.64826e-07
5351 -1.21428e-08 5923.88 -5.48427e-09 -0.00587337 0.0013578 -1.09762e-06 -5.54172e-07
5544.71 1.58506e-08 6141.87 7.15476e-09 -0.00855701 0.00200851 -1.54328e-06 -7.85993e-07
4517.68 -1.44341e-08 5018.79 -6.49644e-09 0.000149982 0.000229036 3.31989e-08 1.70072e-08
4799.67 -2.611e-08 5353.37 -1.17047e-08 -0.00356085 0.0012344 -7.41894e-07 -3.84264e-07
5020.94 -7.36924e-09 5560.23 -3.32725e-09 -0.00590771 0.00114068 -1.17661e-06 -5.94355e-07
6007.48 -1.68615e-08 6669.1 -7.59434e-09 -0.0100259 0.00274572 -1.6689e-06 -8.56016e-07
4594.24 -2.17654e-08 5101.29 -9.80101e-09 -0.0010531 0.000508378 -2.29221e-07 -1.17653e-07
5211.56 -2.17339e-08 5781.05 -9.79646e-09 -0.00463407 0.00105801 -8.89192e-07 -4.53267e-07
4977.32 7.37978e-09 5530.67 3.32072e-09 -0.00359245 0.00146863 -7.21762e-07 -3.71022e-07
5230.06 -1.53741e-09 5786.76 -6.94755e-10 -0.00337013 0.000874957 -6.44377e-07 -3.26958e-07
5998.96 -5.0499e-09 6633.17 -2.28354e-09 -0.00847323 0.00190841 -1.41245e-06 -7.13768e-07
5976.08 2.21076e-09 6628.53 9.96577e-10 -0.00631999 0.00139905 -1.05755e-06 -5.39647e-07
6111.5 -1.11312e-08 6798.58 -5.00314e-09 -0.00395607 0.00133349 -6.47317e-07 -3.35091e-07
5149.92 -2.17962e-08 5723.18 -9.80651e-09 -0.0063509 0.00150802 -1.2332e-06 -6.27823e-07
4866.39 -1.65844e-08 5432.12 -7.42859e-09 -0.0059408 0.00120303 -1.22078e-06 -6.31215e-07
6050.74 6.12329e-10 6674.67 2.77545e-10 -0.0110984 0.00215265 -1.83422e-06 -9.13382e-07
5839.65 2.3712e-09 6494.59 1.06604e-09 -0.0095355 0.00238408 -1.63289e-06 -8.37049e-07
5853.17 -1.64983e-08 6528.13 -7.39627e-09 -0.00614612 0.00148885 -1.05005e-06 -5.42251e-07
4975.54 8.7973e-09 5545.16 3.94681e-09 -0.00476641 0.00119208 -9.57967e-07 -4.94194e-07
5348.32 -3.49894e-08 5947.37 -1.57326e-08 -0.00550472 0.00171237 -1.02924e-06 -5.28114e-07
5639.58 -2.28437e-08 6193.02 -1.04011e-08 -0.00976025 0.00192484 -1.73067e-06 -8.56587e-07
4701.41 1.16942e-08 5235.33 5.25079e-09 -0.0017746 0.000560599 -3.77461e-07 -1.9429e-07
6116.76 -1.87664e-08 6770.66 -8.47699e-09 -0.00415164 0.00162266 -6.78732e-07 -3.47138e-07
4274.31 1.04155e-07 4888.31 4.55362e-08 -0.0646747 0.00816114 -1.5131e-05 -7.64282e-06
5052.06 6.63381e-09 5653.05 2.96428e-09 -0.00348464 0.00140101 -6.89746e-07 -3.6132e-07
4180.65 2.14354e-08 4680.39 9.57333e-09 -4.69318e-05 0.00016576 -1.1226e-08 -5.88419e-09
5762.89 -2.38177e-08 6334.75 -1.08338e-08 -0.0104983 0.00236633 -1.8217e-06 -8.99985e-07
5517.45 -9.83589e-09 6120.36 -4.43348e-09 -0.0108763 0.00276221 -1.97126e-06 -1.00339e-06
5021.82 -3.5503e-09 5571.37 -1.60005e-09 -0.00272283 0.000994755 -5.422e-07 -2.77071e-07
5177.68 -3.12295e-08 5736.87 -1.40927e-08 -0.00446284 0.000865623 -8.61939e-07 -4.37286e-07
5243.28 -3.78873e-08 5784 -1.71727e-08 -0.00752017 0.00135611 -1.43425e-06 -7.15728e-07
5669.42 1.49439e-08 6290.03 6.73475e-09 -0.0073796 0.00139061 -1.30165e-06 -6.66596e-07
5957.69 -2.90263e-08 6593.55 -1.31136e-08 -0.00789756 0.00191664 -1.32561e-06 -6.74107e-07
5155.34 -2.16783e-08 5707.51 -9.79054e-09 -0.00613127 0.00184065 -1.1893e-06 -6.05905e-07
5340.6 -6.12852e-09 5867.57 -2.78905e-09 -0.00291651 0.00105548 -5.46102e-07 -2.7461e-07
5812.54 -2.62919e-08 6439.19 -1.18666e-08 -0.00700752 0.00149892 -1.20559e-06 -6.1444e-07
5142.12 -3.8754e-08 5717.56 -1.74268e-08 -0.00499795 0.000991015 -9.71963e-07 -4.97818e-07
5949.39 -1.18162e-08 6587.9 -5.33547e-09 -0.00748312 0.00197395 -1.2578e-06 -6.39636e-07
6231.56 -3.20663e-08 6859.63 -1.45652e-08 -0.00877817 0.00250327 -1.40866e-06 -7.05298e-07
5982.29 -2.13933e-09 6623.07 -9.66177e-10 -0.00556043 0.00135211 -9.29481e-07 -4.71083e-07
5744.1 -8.4973e-09 6390.04 -3.81917e-09 -0.00292447 0.00086804 -5.09126e-07 -2.63725e-07
5464.59 -1.05839e-08 6067.68 -4.76595e-09 -0.00639595 0.00128949 -1.17043e-06 -5.93499e-07
4564.67 6.79852e-09 5140.79 3.01831e-09 0.000181343 0.00016765 3.97275e-08 2.10768e-08
5351.87 1.3393e-08 5912.39 6.06162e-09 -0.00661783 0.00136833 -1.23655e-06 -6.21821e-07
5491.36 -2.4964e-09 6067.38 -1.1297e-09 -0.00644317 0.00171758 -1.17333e-06 -5.90087e-07
5893.69 2.08452e-09 6572.01 9.34683e-10 -0.0200326 0.00342947 -3.39899e-06 -1.72212e-06
4714.9 -1.18725e-09 5282.47 -5.29842e-10 0.000157774 0.000746821 3.34629e-08 1.75043e-08
4844.39 1.97961e-08 5350.52 8.96173e-09 0.00023393 0.000207462 4.82889e-08 2.44418e-08
5018.84 1.75059e-08 5591.2 7.85696e-09 -0.00114412 0.000633334 -2.27966e-07 -1.17455e-07
5101.02 2.28971e-11 5648.14 1.03395e-11 -0.00433833 0.00100874 -8.50484e-07 -4.29901e-07
5171.26 -3.24244e-08 5752.62 -1.45738e-08 -0.00731343 0.0018431 -1.41425e-06 -7.22928e-07
5395.65 -2.61572e-08 5962.26 -1.18357e-08 -0.0117225 0.00217514 -2.17258e-06 -1.09515e-06
5656.39 -7.64323e-09 6269.55 -3.44787e-09 -0.00440555 0.00126644 -7.78862e-07 -3.99367e-07
5787.95 -9.67141e-09 6421.69 -4.35848e-09 -0.00693356 0.00157901 -1.19793e-06 -6.12579e-07
6164.65 -3.5998e-08 6797.74 -1.63227e-08 -0.0110749 0.00227385 -1.79653e-06 -9.04629e-07
5470.28 -3.75013e-09 6033.94 -1.69991e-09 -0.00932713 0.00244109 -1.70506e-06 -8.58653e-07
5395.41 -1.46066e-08 5959.9 -6.61157e-09 -0.00555008 0.0014002 -1.02867e-06 -5.18991e-07
5118.01 4.47339e-10 5678.29 2.016e-10 -0.00205981 0.000411045 -4.02462e-07 -2.05711e-07
6100.89 -5.72896e-08 6791.65 -2.57314e-08 -0.0100283 0.00277995 -1.64374e-06 -8.40542e-07
6226.23 -1.07166e-08 6873.18 -4.85395e-09 -0.0114933 0.00233928 -1.84595e-06 -9.24508e-07
6165.97 -7.699e-09 6783.6 -3.49901e-09 -0.00893781 0.00219405 -1.44954e-06 -7.23082e-07
5791.45 -3.48219e-08 6377.52 -1.58109e-08 -0.00376832 0.00111607 -6.5067e-07 -3.29581e-07
5239.75 -2.70033e-08 5810.52 -1.21754e-08 -0.00573455 0.00134786 -1.09443e-06 -5.59292e-07
5447.48 1.27379e-08 6015.82 5.76726e-09 -0.00332964 0.00103019 -6.11225e-07 -3.07905e-07
5394.44 -8.4281e-09 5968.9 -3.80848e-09 -0.00606123 0.00182528 -1.12361e-06 -5.66227e-07
5428.39 6.43413e-10 6044.55 2.88913e-10 -0.00700137 0.00134882 -1.28977e-06 -6.60962e-07
4448.21 -3.39379e-09 4915.41 -1.53561e-09 -0.0015096 0.000636486 -3.39373e-07 -1.70936e-07
4762.58 1.83805e-09 5332.34 8.20829e-10 0.000298716 0.000534451 6.27214e-08 3.26861e-08
5231.63 -3.92483e-08 5772.71 -1.77848e-08 -0.00679067 0.00126687 -1.298e-06 -6.50952e-07
4933.19 1.24274e-08 5436.74 5.63818e-09 -0.00154835 0.000366641 -3.13864e-07 -1.57949e-07
5569.29 -9.94386e-09 6147.38 -4.50438e-09 -0.00923865 0.00231096 -1.65886e-06 -8.32719e-07
5529.57 -2.89194e-08 6145.13 -1.30113e-08 -0.00724486 0.00194045 -1.3102e-06 -6.6942e-07
5449.57 -2.47067e-08 6006.7 -1.12076e-08 -0.00401677 0.0010607 -7.37079e-07 -3.69986e-07
5997.05 -2.61404e-08 6643.89 -1.17977e-08 -0.00725559 0.00237409 -1.20986e-06 -6.17798e-07
5142.8 8.08854e-09 5729.02 3.63044e-09 -0.00389858 0.00134343 -7.58066e-07 -3.91109e-07
5880.56 -2.42237e-08 6528.65 -1.09095e-08 -0.00450511 0.00155818 -7.66103e-07 -3.9447e-07
5985.25 -3.0543e-08 6648.07 -1.37489e-08 -0.00436704 0.000932361 -7.29634e-07 -3.75166e-07
6354.55 -3.17074e-08 7010.15 -1.43711e-08 -0.00923813 0.00263589 -1.45378e-06 -7.29429e-07
5376.14 -2.38564e-09 5945.08 -1.07867e-09 -0.00551375 0.00136656 -1.0256e-06 -5.16985e-07
5423.58 -1.28281e-08 6015.48 -5.78293e-09 -0.00326177 0.000851821 -6.01406e-07 -3.05729e-07
6165.19 1.29284e-09 6817.64 5.84558e-10 -0.00666273 0.00183559 -1.0807e-06 -5.49356e-07
5383.16 -4.59728e-09 6028.21 -2.05267e-09 -0.00897945 0.00174201 -1.66806e-06 -8.69674e-07
4788.01 3.20932e-08 5364.94 1.4321e-08 -0.00375056 0.000909679 -7.83324e-07 -4.1432e-07
5598.08 1.35731e-09 6188.44 6.13912e-10 -0.00480961 0.00138433 -8.59153e-07 -4.31703e-07
5350.36 -2.968e-09 5929.62 -1.33903e-09 -0.00306015 0.000668898 -5.71952e-07 -2.90549e-07
5383.39 -2.5632e-08 5954.39 -1.1587e-08 -0.00618518 0.00183787 -1.14894e-06 -5.78639e-07
4518.98 -1.43185e-08 4971.96 -6.50699e-09 -0.00279973 0.000461213 -6.19549e-07 -3.07957e-07
4665.79 -3.72509e-09 5179.63 -1.67777e-09 -0.00171988 0.000309625 -3.68616e-07 -1.89224e-07
5532.34 -9.73534e-10 6161 -4.37098e-10 -0.00465926 0.00102302 -8.42186e-07 -4.35552e-07
5526.66 -2.14034e-08 6108.9 -9.68173e-09 -0.00695019 0.00198439 -1.25758e-06 -6.35612e-07
5412.74 -1.951e-08 6022.24 -8.76774e-09 -0.0109224 0.00243806 -2.01791e-06 -1.03173e-06
5141.68 -3.30523e-09 5712.51 -1.48747e-09 -0.00476674 0.00127611 -9.27079e-07 -4.77482e-07
6028.96 5.60875e-09 6671.29 2.53436e-09 -0.00395823 0.000912773 -6.56536e-07 -3.32995e-07
5871.79 -1.22128e-08 6515.21 -5.50336e-09 -0.00596268 0.00161634 -1.01548e-06 -5.20124e-07
5963.91 -7.85715e-09 6604.61 -3.54747e-09 -0.00646363 0.00202013 -1.08379e-06 -5.52148e-07
5143.29 -1.07966e-09 5689.43 -4.8801e-10 -0.00362977 0.00111613 -7.05728e-07 -3.58034e-07
5054.92 -2.65116e-08 5601.35 -1.19627e-08 -0.0025882 0.00049443 -5.12017e-07 -2.59479e-07
6114.13 -2.579e-08 6741.75 -1.16946e-08 -0.00954183 0.00227009 -1.56062e-06 -7.84678e-07
5454.74 -1.37882e-08 6028.41 -6.23804e-09 -0.00576182 0.00121241 -1.0563e-06 -5.30398e-07
5098.49 7.16091e-09 5715.55 3.1939e-09 -0.00345822 0.000904184 -6.78283e-07 -3.54935e-07
5349.56 6.109e-10 5908.84 2.76539e-10 -0.00369691 0.000551008 -6.91069e-07 -3.47924e-07
5284.89 7.10157e-09 5865.16 3.19949e-09 -0.00467013 0.00143736 -8.83676e-07 -4.54814e-07
6360.42 -1.79879e-08 6993.29 -8.18003e-09 -0.0120087 0.0029096 -1.88803e-06 -9.33129e-07
5507.81 -1.03765e-08 6102.02 -4.68304e-09 -0.00293695 0.000563487 -5.33234e-07 -2.69367e-07
5295.47 -3.15191e-09 5884.49 -1.41821e-09 -0.00417062 0.00131604 -7.87581e-07 -4.05426e-07
5081.7 -2.63578e-08 5646.26 -1.18612e-08 -0.00589624 0.00148955 -1.16029e-06 -5.92569e-07
5323.93 -4.52106e-09 5884.44 -2.04521e-09 -0.00252699 0.000801593 -4.74647e-07 -2.38269e-07
4834.94 -6.83147e-09 5421.54 -3.04616e-09 -0.00143298 0.000307853 -2.96379e-07 -1.54275e-07
5420 -1.21935e-08 6038.08 -5.47269e-09 -0.00929102 0.00165382 -1.71421e-06 -8.78594e-07
4433.29 -3.0101e-08 4916.75 -1.35706e-08 -0.00459002 0.000659152 -1.03535e-06 -5.1938e-07
5471.44 -3.3844e-08 6077.1 -1.52355e-08 -0.00604968 0.00144065 -1.10568e-06 -5.65665e-07
5949.93 -1.761e-08 6618.46 -7.91561e-09 -0.0075473 0.00254653 -1.26847e-06 -6.53213e-07
5749.79 -3.41082e-08 6381.74 -1.53653e-08 -0.00451839 0.00109904 -7.85835e-07 -4.04196e-07
5048.22 -2.0826e-08 5557.41 -9.45891e-09 -0.00281751 0.000704092 -5.5812e-07 -2.7932e-07
5068.27 -1.68202e-08 5657.74 -7.53388e-09 -0.0021535 0.000501292 -4.249e-07 -2.18938e-07
5398.23 -3.32934e-08 6001.12 -1.49743e-08 -0.00648136 0.00180066 -1.20065e-06 -6.17554e-07
6034.57 -1.12416e-08 6615.23 -5.12745e-09 -0.00886983 0.00234936 -1.46984e-06 -7.24047e-07
6290.65 -1.754e-08 6935.65 -7.9544e-09 -0.00968663 0.00209428 -1.53985e-06 -7.67192e-07
5048.98 2.77153e-08 5600.55 1.24929e-08 -0.00989026 0.0017693 -1.95886e-06 -9.92236e-07
5663.51 1.59451e-08 6205.61 7.2761e-09 -0.00305292 0.000920789 -5.39051e-07 -2.66332e-07
3973.41 3.13103e-08 4437.97 1.40164e-08 -0.00283493 0.000741724 -7.13477e-07 -3.72753e-07
6003.13 2.11215e-09 6671.87 9.50222e-10 -0.00730576 0.00169408 -1.21699e-06 -6.19505e-07
4474 -4.22191e-08 4980.5 -1.89628e-08 -0.00546046 0.000823549 -1.22049e-06 -6.25193e-07
5119.68 -6.70215e-09 5663.03 -3.02955e-09 -0.00941936 0.00185819 -1.83983e-06 -9.26268e-07
5196.47 -2.54599e-08 5772.86 -1.14589e-08 -0.00361574 0.000785136 -6.95808e-07 -3.56369e-07
5437.82 -4.14132e-08 6027.12 -1.8682e-08 -0.00482695 0.0012128 -8.87663e-07 -4.49827e-07
5248.6 2.5721e-08 5826.75 1.15844e-08 -0.00124338 0.00045514 -2.36898e-07 -1.2027e-07
