3.959405702988080117e-02 -4.853376260403922948e-02 -4.692420224850166362e-03 3.364119847741583319e-02 -1.353173549683373000e-02
6.618871364529001211e-02 -7.511953304083565652e-02 -5.319491546024642144e-03 4.732587104536090106e-02 -1.892805145489963661e-02
4.893635718274661622e-02 -5.946861338021079690e-02 -6.311307934738249852e-04 3.461946140623067131e-02 -1.427660001226194707e-02
7.070928744528302834e-02 -8.411886370845075844e-02 -4.756094753764217482e-03 5.299901916583490274e-02 -2.143804013634535016e-02
3.127019547920106141e-02 -3.018894271646876612e-02 -1.526150652397240126e-02 3.290394272431474559e-02 -1.193685235860944376e-02
5.539091474514724195e-02 -5.708495790979278839e-02 -2.190294330127271968e-02 5.539969920997477038e-02 -2.054661287214680845e-02
5.454472306571861440e-02 -6.113805180873029682e-02 -4.679346786316391366e-03 3.868987793644047823e-02 -1.542556692508300839e-02
6.544792171799786173e-02 -6.981939590677832541e-02 -1.111810437933298014e-02 4.988700623468649703e-02 -1.932320010423324921e-02
7.382641945194028110e-02 -8.742279978500382132e-02 7.426215783750393477e-03 4.023366959291962280e-02 -1.734960333233579940e-02
5.062119299854127286e-02 -7.133104017225004589e-02 2.322979081337281371e-02 1.589722346832866257e-02 -9.079205001097049449e-03
5.723444265102375916e-02 -7.159163280233525606e-02 1.094247465826306276e-02 2.823777462449912623e-02 -1.279475330701174141e-02
7.498809745273816996e-02 -9.706419827134341038e-02 3.316143968258293551e-02 1.756916649444804565e-02 -1.064285324617173477e-02
5.966977424209272962e-02 -6.539189978152758209e-02 -4.607446719842866155e-03 4.040117399620511696e-02 -1.608772944480879596e-02
6.244243252519720427e-02 -8.828567888117233586e-02 3.209862525439852871e-02 1.566363571659045578e-02 -9.885832219198217516e-03
1.449841792706117183e-01 -1.428265477024504848e-01 -2.502956498501740512e-02 1.013240729049766781e-01 -3.878659886115856659e-02
9.649944486321694603e-02 -1.155917658036737239e-01 2.372357310900216620e-02 3.702591039619642505e-02 -1.759207677938486036e-02
7.311804611605232651e-02 -7.580205553274328711e-02 -1.938743469072933684e-02 6.200496130093663405e-02 -2.342668291119577931e-02
1.245591986606850166e-01 -1.347740964567726574e-01 8.537981694936899735e-03 6.167877709057268537e-02 -2.596998661246299397e-02
5.439972896804135677e-02 -4.770403065333041898e-02 -2.471450309911655055e-02 5.085326320703092984e-02 -1.817895324849723784e-02
1.081520356682706130e-01 -1.343096967826598875e-01 2.244081627193469236e-02 5.044830274347267968e-02 -2.313047620815898708e-02
1.881068416561008927e-02 -1.342490118107309872e-02 -1.672730647993442982e-02 2.462589403626617643e-02 -8.330598944645974113e-03
7.504400977710047604e-02 -8.293064184276401074e-02 -6.932578682240445565e-03 5.271337371633371544e-02 -2.091382829035687979e-02
6.314411965873602262e-02 -7.345827990485249981e-02 1.379969816554969635e-02 2.444898586755454156e-02 -1.138743225877913122e-02
5.267546352373331936e-02 -5.696036395009104747e-02 -4.608127306150487830e-03 3.561147590325747930e-02 -1.409971669428817555e-02
2.841432830603184134e-02 -2.049318091873352995e-02 -1.734446810018136498e-02 2.814306378934396807e-02 -9.628039364858781771e-03
7.540143033501735259e-02 -6.664290493856159237e-02 -2.570824308226184879e-02 6.119406831246383682e-02 -2.226886752150686669e-02
3.582223016377465707e-02 -2.559913017784111802e-02 -2.527157463966412179e-02 3.913652970959813349e-02 -1.328535631017284217e-02
4.224887602435929701e-02 -4.281204144003425416e-02 -8.420119743769044832e-03 3.168331608532323762e-02 -1.207087851749086629e-02
5.560928500777835570e-02 -4.966674643097227643e-02 -1.325669335792455106e-02 3.891499956488472800e-02 -1.441667189140135447e-02
8.678019431612364609e-02 -9.742973949150457447e-02 7.825319186829757245e-03 4.353088401737437857e-02 -1.854652183338762958e-02
9.038102738705549102e-03 -2.270024826624434874e-02 2.702634777921275946e-02 -1.566778783995868493e-02 3.569003827821411526e-03
4.514627794992084192e-02 -4.506658360653906931e-02 -7.747759422136134971e-03 3.187262292529497582e-02 -1.219925428314941676e-02
5.842976580433261596e-02 -5.449589992388775145e-02 -2.324528451896846343e-02 5.361485562419154860e-02 -1.953788449482074183e-02
3.909746046635140596e-03 -1.949101616115014000e-03 -5.104586392366084434e-03 6.319126577516817785e-03 -2.049072970724516267e-03
5.914700556667304432e-02 -7.226607455076113073e-02 1.889755163648243821e-02 1.871755287621391234e-02 -9.581417266272157160e-03
4.396199766483092214e-02 -3.954533851203942407e-02 -1.401940707602906608e-02 3.499655473814403811e-02 -1.278234791026964037e-02
3.834606538959283578e-02 -5.280448249148299300e-02 1.624844562903673961e-02 1.260606713983440479e-02 -6.961745172857098513e-03
2.010736077335025657e-02 -2.351591533970285794e-02 8.565899847474443894e-05 1.295276967667347012e-02 -5.341467641181638949e-03
5.000559951224414074e-02 -5.837129684763046195e-02 2.212136833810926951e-03 2.971928366749760145e-02 -1.243990194170300871e-02
5.660239209257545562e-02 -6.195644807618567312e-02 4.616851346037433024e-03 2.771010398735587049e-02 -1.174708032664490039e-02
7.511142027749177774e-02 -7.957520340887418164e-02 -1.947111885491773983e-02 6.474823009511379568e-02 -2.460606702840193241e-02
2.079772644320824690e-02 -2.162285176783734081e-02 -5.280166004332428713e-03 1.739784454741900854e-02 -6.585370581433621848e-03
5.225798543123743450e-02 -5.273348934998423054e-02 -1.553470787926322823e-02 4.525915401383073799e-02 -1.699041268028808269e-02
9.958398912413703175e-02 -1.203640145830718877e-01 9.478277583829641112e-03 5.692932248984135940e-02 -2.448069817075646318e-02
8.633728384972423620e-02 -8.851139988271115866e-02 -1.873438293363772697e-02 6.746598326218539166e-02 -2.567843233351416524e-02
8.148326998313223934e-02 -9.145864870568960747e-02 -2.691475015425036713e-03 5.282157155374815616e-02 -2.141257529407417787e-02
8.864341716574818120e-02 -1.069050583000924620e-01 1.674873790931431447e-02 4.042773484678092999e-02 -1.830731303807663773e-02
1.396322603097678305e-01 -1.326487843903608743e-01 -3.140329721501819438e-02 1.019517234879500078e-01 -3.831084239654070772e-02
8.529478687862923625e-02 -9.720502160466958086e-02 1.131147553936449543e-02 3.985503518983929405e-02 -1.742998303588237999e-02
4.503227197129543863e-02 -5.759034056359062237e-02 1.528745095174333275e-02 1.534585580848198128e-02 -7.892971101417352309e-03
3.319293861442521032e-02 -3.949601795471299748e-02 2.592057855620034067e-03 1.907086246305578214e-02 -8.120014245763286509e-03
1.297650358764914358e-01 -1.384243786383966834e-01 1.326892237614905358e-02 5.791660902668310101e-02 -2.490072913417061204e-02
4.586241607360740796e-02 -4.214172144570861589e-02 -1.737996896863497689e-02 4.037719700655647420e-02 -1.466172943517009275e-02
9.351469181120863894e-02 -1.064777384481957745e-01 1.722644674640417270e-03 5.615218239780746939e-02 -2.321050598292894937e-02
8.278113766014744178e-04 5.328893650335240866e-03 -1.349490693915993654e-02 1.109382370456977324e-02 -3.124455870033497444e-03
6.582289135472976782e-02 -7.621359171979401326e-02 2.025627399240111787e-03 3.965005919467840673e-02 -1.649755951497771170e-02
5.533699886210725893e-02 -6.876496465138637326e-02 1.206110537956434255e-02 2.516051047577830269e-02 -1.162187005724304653e-02
5.354952110358675299e-02 -5.029138472082179262e-02 -1.602305828486928416e-02 4.318024579998854667e-02 -1.595577871900804093e-02
4.100427333259141355e-02 -4.115617147754301042e-02 -1.718157155643900910e-02 4.125639500286472361e-02 -1.521115824882876208e-02
8.211748404204252672e-02 -8.662953136617386474e-02 -2.656988545547656413e-02 7.699359906113141527e-02 -2.900040840270969381e-02
6.786761459252986517e-02 -9.175637035013656240e-02 3.176909401505689790e-02 1.716255280320513540e-02 -1.042178589768495527e-02
7.396470500223226163e-02 -7.816962448391523433e-02 -1.291366879437886792e-02 5.614738005144290223e-02 -2.168847399326872052e-02
1.081097249040547104e-01 -1.114826916114936284e-01 -5.207585442740589668e-03 6.366676202288690245e-02 -2.535932552089242842e-02
3.515961671008922818e-02 -4.080768935526356972e-02 -3.267081706842590774e-03 2.648901961020914964e-02 -1.059584894921419829e-02
2.928381461988109960e-02 -2.636186008077488069e-02 -1.648756650532797255e-02 3.174031296556956150e-02 -1.130052150973022765e-02
7.028134928353335642e-02 -8.810491175518905815e-02 2.869145714418806781e-02 1.687897017544211578e-02 -9.845479762852289013e-03
1.049672092045660504e-01 -1.083050454551638536e-01 -1.491999427770973087e-02 7.344699602332652177e-02 -2.847917844239595750e-02
1.521189358868367883e-02 -1.727195771272872424e-02 -3.087336504058354070e-03 1.314469048979523269e-02 -5.113108131902817551e-03
1.543230633756978269e-02 -2.270848609830221354e-02 1.204972318283308204e-02 -2.411367122776373467e-04 -1.163745470615770196e-03
3.265689769311871937e-02 -2.153604928347628220e-02 -2.555802359771174037e-02 3.717417001684743955e-02 -1.245254696802128823e-02
5.537097109915618126e-02 -6.832177720116106023e-02 1.367755352473080770e-02 2.287814295806830239e-02 -1.082945903888497298e-02
2.061939426321772115e-02 -3.325325446179324025e-03 -4.290045747332978110e-02 4.626305239027407590e-02 -1.443819285086708065e-02
9.682179228198765919e-02 -1.038709842884804335e-01 -7.371656899550780954e-03 6.369525771054695973e-02 -2.533717025927940611e-02
4.363452198198814608e-02 -3.673010148856665352e-02 -1.848077716298535123e-02 3.796517200897138455e-02 -1.351415224596460088e-02
1.139783813648755501e-01 -1.133389080102595869e-01 1.343239406494247008e-02 4.269205934151953236e-02 -1.856122514880018462e-02
7.691289748611125632e-02 -7.949465812984980728e-02 -1.962282335431556751e-02 6.414677528703124909e-02 -2.428035602897080786e-02
8.596239050703918805e-02 -9.279992098885950225e-02 -1.041284821554117231e-02 6.148659257972863279e-02 -2.413984866432900347e-02
9.710289576090383457e-02 -1.203988931500987319e-01 3.684684427831673437e-02 2.568058897796021006e-02 -1.432487072846542336e-02
7.122736832547749142e-02 -5.820566427275507965e-02 -2.774444426788347934e-02 5.791084165111897580e-02 -2.061833325686563897e-02
5.374210586860266037e-02 -5.682875129300571371e-02 -1.304416973702191528e-02 4.519275225791509476e-02 -1.722544319056120571e-02
6.634757688048636970e-02 -7.354089501039183518e-02 1.521470665032905508e-03 3.776205845119259830e-02 -1.558593780138477734e-02
7.141010230411774795e-02 -8.556842125403230082e-02 1.720311002992412283e-02 2.781364737158211961e-02 -1.314991561555052535e-02
1.866572455850843554e-02 -2.884233714475885335e-02 1.637865229012744339e-02 -1.234191682299621250e-03 -1.229491289596027154e-03
7.153407201571659879e-02 -7.527364635210261057e-02 -1.614871472570416147e-02 5.831217363901367717e-02 -2.225653494660702336e-02
5.242080157566512966e-02 -7.688861505688161790e-02 2.833029825735500218e-02 1.407249986856274823e-02 -8.909621854373371910e-03
1.145820340334397780e-01 -1.278752129903082124e-01 -7.495906388397963194e-03 7.795784833853883211e-02 -3.123117335864565233e-02
-1.066516976941660026e-02 1.445143381031127952e-02 -4.629311334266892480e-03 -3.132365560417724615e-03 1.777200624657644017e-03
4.967949174619026853e-02 -5.644513843388510033e-02 -5.589756013386712290e-03 3.744139968597836460e-02 -1.483508362388776328e-02
3.472217432231861772e-02 -3.353998410563605731e-02 -1.520858195592813752e-02 3.449469886869681312e-02 -1.258498482353902909e-02
5.227493039257385260e-02 -7.817412099338534592e-02 3.142708265644365839e-02 1.155042619771083807e-02 -8.198502252534919932e-03
7.787939310241134838e-02 -8.571402600373935476e-02 2.933680058301105405e-03 4.253949344443531261e-02 -1.767241912286815139e-02
7.763039549530292849e-02 -7.767177919579125456e-02 -3.115645570193792749e-02 7.630898455055479257e-02 -2.819928561770768810e-02
8.808387741862123976e-02 -9.485871714892965545e-02 -9.482507381896871160e-03 6.135243008830909561e-02 -2.415051389585652630e-02
2.412048981702068218e-02 -2.837880515823925157e-02 -1.381496706688308852e-03 1.749475699387752214e-02 -7.084598294359784922e-03
3.471260904242063922e-03 2.668256282374916778e-03 -1.336527681086452021e-02 1.227530274144802286e-02 -3.609637167873499999e-03
8.719265350143443061e-02 -1.158394480804624260e-01 2.590903896212365040e-02 3.793685119000791278e-02 -1.844260562741810439e-02
5.590677004495429175e-02 -5.712564509845798749e-02 2.829136287883066234e-03 2.618273539309865644e-02 -1.087490020284808019e-02
6.514202306661008579e-02 -7.923921480682331875e-02 6.492461931836046411e-03 3.715870349149216767e-02 -1.597432621178024661e-02
9.548329249632341031e-02 -1.055451669099834039e-01 -1.935910976636171996e-02 7.999046686377546400e-02 -3.101308550560610486e-02
7.105511829507497878e-02 -7.413201880806345734e-02 -1.817284567132002385e-02 6.009468275851936880e-02 -2.283453929403179636e-02
5.924246154608333453e-02 -6.528265660165294415e-02 -3.774946649568795831e-03 3.962633579491558339e-02 -1.589776816896159781e-02
6.044474453966938721e-02 -6.370635477050920481e-02 4.578187173665380742e-03 2.813681523581407218e-02 -1.188596594968872877e-02
3.155717748007052376e-02 -4.312853301060813604e-02 1.495625905576518887e-02 8.125163920530469042e-03 -4.925198759676322272e-03
2.914589888633987991e-02 -1.173330134370474502e-02 -4.386263319038604530e-02 5.159373022478926096e-02 -1.650321958527065092e-02
1.320369540383861950e-01 -1.350139228479760312e-01 -5.967495100573570917e-03 7.672839268195695561e-02 -3.064927714019251639e-02
6.098014296026583320e-02 -5.863827036392905978e-02 -1.290416468527787359e-02 4.399016724237339582e-02 -1.656223835333793526e-02
7.039892381723511505e-02 -8.241359333875272752e-02 1.187471705652885139e-03 4.445017503809907400e-02 -1.844070038185888563e-02
2.428806631948545597e-02 -2.320427522998573175e-02 -1.004650964859761693e-02 2.320991870517515043e-02 -8.477260089581635863e-03
7.563890681023092977e-02 -9.837319960595974910e-02 2.796340652491174222e-02 2.460529274724717469e-02 -1.306727650079033375e-02
7.796952830690376257e-02 -6.970967098586627886e-02 -3.748484365541644020e-02 7.652464477617824945e-02 -2.740917869439428445e-02
6.277369778081243190e-02 -6.759653334679921466e-02 5.495888665879203328e-03 2.938836155670548206e-02 -1.248527123275189853e-02
1.999200307702472411e-04 5.959237129388644588e-04 -1.869212013837393124e-03 1.631387655883809054e-03 -4.731304634191542792e-04
3.212071333455601002e-02 -1.889286165872092194e-02 -3.679411594073295211e-02 4.825672208406132924e-02 -1.587765001229398190e-02
2.013234830953706395e-02 4.065396930399731851e-03 -5.725093538725792297e-02 5.698735914467769476e-02 -1.729585943579402263e-02
7.057341861447796738e-02 -8.263834557344462706e-02 5.616839810401064170e-03 3.917857654820768726e-02 -1.665446286034525519e-02
3.705068551477442435e-02 -1.949218215383122926e-02 -4.197611802894947453e-02 5.329273254619861649e-02 -1.735730531215221029e-02
9.232047259924079652e-02 -1.106786792341238057e-01 8.301173160724146030e-03 5.239703963323592145e-02 -2.242545033654134642e-02
1.125355979636452619e-01 -1.425098152927371520e-01 3.399918170368932541e-02 4.219333711926042535e-02 -2.089308348441383523e-02
3.188715530278765642e-02 -3.995557988549020695e-02 8.598571220556230563e-03 1.283026641565019645e-02 -6.174977975220859693e-03
6.281150906561083769e-02 -7.177024277265109387e-02 9.603480338496118898e-04 3.823005392410794984e-02 -1.580608471622784936e-02
2.455932541987222717e-02 -2.513584875239882957e-02 -2.598127565271875737e-03 1.593758077135524337e-02 -6.222778664304629524e-03
5.964966968053704577e-02 -6.490729281948645624e-02 -3.745575459079107314e-03 3.887047566186464798e-02 -1.550121269652537243e-02
5.410323701841025790e-02 -3.985762463778150244e-02 -2.825369988511770500e-02 4.885394986142176099e-02 -1.688742171559756353e-02
7.137172081301480786e-02 -8.633858771310422286e-02 2.325575651769284241e-02 2.144452221427671154e-02 -1.113839663191339320e-02
7.864414863580736215e-02 -8.174102733332096193e-02 -4.325623460544453062e-03 4.738859739933019150e-02 -1.883338790316333583e-02
8.404668591165244049e-03 -1.670608357833624352e-02 1.541718193332221841e-02 -6.874112398052097291e-03 1.188542585348141816e-03
8.182896231457147118e-02 -1.137725233958259280e-01 3.635361251630750412e-02 2.580763688780254514e-02 -1.457996984798070293e-02
3.038691042529998235e-02 -2.615154510370394647e-02 -2.046656312956239218e-02 3.583883138064738322e-02 -1.255986536309483710e-02
-6.851258384283566601e-03 2.008955559390050022e-02 -2.584394287013543762e-02 1.574515520248384245e-02 -3.716354666644626492e-03
1.108250611451794959e-01 -1.238546031581660295e-01 1.546969668211864088e-02 4.912032077228611210e-02 -2.162894600423503205e-02
5.571367828458307497e-02 -4.500064640139823241e-02 -2.987980911711285437e-02 5.420428035979861503e-02 -1.895870527864228910e-02
7.809670047770519985e-02 -1.084107237289184955e-01 4.024391400614134306e-02 1.767749924397726130e-02 -1.152453800466375806e-02
6.128237466985593518e-02 -5.808746547406877514e-02 -6.688978709434010607e-03 3.630638204337511415e-02 -1.398892863211518775e-02
-1.882175153032698139e-02 4.325750855327355204e-02 -4.626802310447511446e-02 2.426417860766498166e-02 -5.048574234350680472e-03
3.456370855902664296e-02 -4.919199253159894925e-02 1.823139524181808732e-02 8.403287096611413917e-03 -5.414900568435037156e-03
5.509322065470965979e-02 -6.250875825974955280e-02 -2.042756866553266382e-03 3.655814652597757369e-02 -1.482031297726683731e-02
6.424672307721527708e-04 3.335282045412764872e-03 -8.787144646856814845e-03 7.303864853953452412e-03 -2.068090373898695718e-03
5.143602009388036772e-02 -6.189004254376146569e-02 3.960772832684803478e-03 3.022416891042161574e-02 -1.287276465878113389e-02
5.757460990656138727e-02 -6.472156751756559523e-02 -5.020376992514306858e-03 4.114471095710137138e-02 -1.641733333166831704e-02
4.137040020789962275e-02 -3.565322030909600509e-02 -1.635759682611218763e-02 3.526061873668843993e-02 -1.262721414750563043e-02
1.244460468636086892e-02 -2.327515775097957484e-02 1.932626879809916376e-02 -7.295084605355605344e-03 9.437241409975371653e-04
9.415950623262328567e-02 -1.053578081763844460e-01 5.256769804241935177e-05 5.700416496825211343e-02 -2.337213149974476378e-02
6.507997229935026662e-02 -7.034122358237716865e-02 -1.289675802004459915e-02 5.263395202671458661e-02 -2.031874013208173277e-02
6.500363090094864182e-02 -7.421991003374531215e-02 4.898953808243306646e-03 3.480430062432812721e-02 -1.474207046888781868e-02
5.905311980928060200e-02 -6.693068946059199664e-02 -5.798353390845098487e-03 4.336747719463743961e-02 -1.724709025898123194e-02
2.533003244929645653e-02 -3.064521395369436060e-02 4.359224887421010892e-03 1.215205127767645006e-02 -5.443362111700293313e-03
1.061812811127511857e-01 -8.800290581512024146e-02 -3.261860794950356690e-02 7.756113652320265062e-02 -2.807120117378225990e-02
6.613432407908101385e-02 -4.989210006784154661e-02 -3.374566250635074177e-02 5.972185941433800355e-02 -2.074383366928060288e-02
3.897543160034665222e-02 -3.836818383126051890e-02 -1.792928027694867463e-02 4.036939128273547839e-02 -1.473823559542629738e-02
4.024704403112834561e-02 -5.219002604746625362e-02 1.291728977481190234e-02 1.528745925613846438e-02 -7.667410232350696346e-03
4.584446104603780159e-02 -5.077476250398477858e-02 -7.002201904529699837e-03 3.567206178860034271e-02 -1.396424414743445766e-02
1.037567792852196052e-01 -1.059718246502464739e-01 -2.791775637326412984e-02 8.719588230790457917e-02 -3.286901733744915233e-02
8.765603526913343102e-02 -1.081750821027670367e-01 2.934089562136850057e-02 2.705646778974521785e-02 -1.406830481414636166e-02
1.724203388708763773e-01 -1.790602718417967920e-01 -3.527143596447396626e-03 9.744960880744149567e-02 -3.935857341719609798e-02
8.471331204562064510e-02 -9.369350391114386611e-02 -2.627879864845002970e-03 5.343507427345342564e-02 -2.161103928033935792e-02
1.521256497151747822e-01 -1.691256426239837463e-01 3.306707802851848680e-03 8.732685630587254388e-02 -3.606410715346807655e-02
7.160378597714615878e-02 -8.835161613345725307e-02 1.245607798344059575e-02 3.563929917795349150e-02 -1.596213211103357857e-02
3.240828967236102781e-02 -4.258640936042967784e-02 1.379885515589158312e-02 8.732550582984058979e-03 -5.027865146195604519e-03
3.096093080856542404e-02 -3.150671630107152593e-02 -1.781425550900415673e-03 1.824463532828366971e-02 -7.233871946531260713e-03
8.065773797575377657e-02 -8.957256339890419528e-02 1.356096279515610174e-02 3.240955812973640021e-02 -1.452224477665295041e-02
3.912282113715068177e-02 -6.042514714666386705e-02 2.989723049026372231e-02 2.627511654051416234e-03 -4.291887060339430807e-03
1.887731613124521424e-02 -1.470490282853186871e-02 -1.801081723719812760e-02 2.732432979831174447e-02 -9.366429432662774432e-03
5.163102445983748512e-02 -6.931305704562153169e-02 2.071980570756028206e-02 1.668059927579666410e-02 -9.069272411196602560e-03
6.908304113133595381e-02 -8.944317411369910598e-02 1.589649939979051810e-02 3.357052249346447609e-02 -1.557133846192794956e-02
5.081367699938898336e-02 -5.189047184602626345e-02 -1.243736487486860574e-02 4.113019412633212024e-02 -1.554046374296379034e-02
5.920080815367632227e-02 -6.171116444948324120e-02 -8.444318641782180487e-03 4.188254655418344186e-02 -1.623615876444419945e-02
8.584260886870764828e-02 -1.051018837866811856e-01 7.794026085738738063e-03 5.062849766651851546e-02 -2.171948082384804468e-02
6.904486355394140462e-02 -8.019937530384317614e-02 -3.591393899681389300e-03 4.886189181942338783e-02 -1.982537168982132642e-02
8.384367062850185681e-02 -8.308782498399343297e-02 -5.369868202400213640e-03 4.822079013035814737e-02 -1.899384199317165692e-02
9.981829470633488133e-02 -1.083645542486928182e-01 2.335645776778710707e-03 5.486547230802388264e-02 -2.259903343368014489e-02
9.252364472738383583e-02 -1.070049015964594646e-01 8.659373664965212825e-03 4.898064905248891709e-02 -2.101853447622731991e-02
1.325695681375077539e-01 -1.405389432593849297e-01 1.576668929637500827e-02 5.577837815972863655e-02 -2.420062853208821904e-02
4.600386050216983408e-02 -5.735134121465621654e-02 5.274950186199224046e-03 2.674412279369065004e-02 -1.161411816966689999e-02
9.053170873705938815e-02 -9.742901654345799412e-02 -8.319735042572886166e-03 6.138222782954386864e-02 -2.428345250071450509e-02
5.243190877876673789e-02 -5.782899467173926999e-02 1.066324204858721137e-03 2.981420058444353080e-02 -1.229943300992221433e-02
6.257229264843644501e-02 -5.237967268010023519e-02 -2.530846223072630297e-02 5.285112628698197812e-02 -1.883972461886233157e-02
3.836744679811225547e-03 -9.657168424484163793e-03 1.111769907916617707e-02 -6.219156407326276864e-03 1.371491623570888357e-03
1.373234248379514265e-02 -1.266102101599980712e-02 -7.882834964581090370e-03 1.534716790041568309e-02 -5.487984827959573736e-03
1.000576708838030460e-01 -9.707971217772048966e-02 -2.387503152888410113e-02 7.638042707030961997e-02 -2.875031281670782993e-02
8.504091955537308734e-02 -1.058491315961981039e-01 2.686203903001458532e-02 2.888293047463831240e-02 -1.460232477456055791e-02
2.143866297162812240e-02 -2.575391279620080007e-02 1.562682035086134218e-03 1.266278811061034848e-02 -5.382042433845256671e-03
1.037028714815612235e-01 -1.114724918707155205e-01 -1.320247411767341492e-02 7.431487561120266039e-02 -2.905187929227560223e-02
4.360950635579900064e-02 -5.702145673237223045e-02 1.925263665830988236e-02 1.066217481277121314e-02 -6.364675961301862958e-03
6.554335479949638388e-02 -6.329318358499815000e-02 -2.290744582318989669e-02 5.801622254436587106e-02 -2.133586150188428524e-02
4.333028438230028534e-02 -3.464709048827462057e-02 -3.288793819721764350e-02 5.324629855995441363e-02 -1.838527938299580264e-02
2.778242847415148681e-02 -1.153591161564482097e-02 -4.185152426371165080e-02 4.954067615201190877e-02 -1.588747761629970626e-02
4.128457693319526056e-02 -3.351863778347231176e-02 -3.411630606300624508e-02 5.446969475565092283e-02 -1.879564702780775476e-02
3.895506347479469472e-02 -3.488784597906129104e-02 -2.021855140073468282e-02 3.999042717407826075e-02 -1.426207802824244579e-02
3.777977991047828249e-02 -2.619866754576139281e-02 -2.560455652612220884e-02 3.950523145134137576e-02 -1.338865749771527697e-02
4.089024492689562196e-02 -4.067453411379417377e-02 -1.468048888807084278e-02 3.774867870572531231e-02 -1.395928682650517810e-02
5.844329761135075990e-02 -5.816091191291077739e-02 -1.937748159092202160e-02 5.214729463947482407e-02 -1.938289300326800565e-02
5.255439997343717279e-02 -5.426436712821050556e-02 -9.889876306980896134e-03 3.959762147134691934e-02 -1.517656186680117411e-02
6.384610789591985136e-02 -6.918142784014653934e-02 -9.960886771996468880e-03 4.850172360622323486e-02 -1.888212255410414916e-02
2.007411616245266886e-02 -2.208092381301549403e-02 -1.288081817976500934e-03 1.330994446033057811e-02 -5.312247349197243146e-03
9.350702837498382769e-02 -1.192274342978758422e-01 1.897525678890998532e-02 4.681769063998211799e-02 -2.134732650554958810e-02
3.960955503916117199e-02 -5.087017220833150305e-02 8.135621541858886752e-03 2.008145841128112022e-02 -9.175406496099930767e-03
1.996154187223805540e-02 -2.049639706884133147e-02 -6.750671470277425264e-03 1.850879151676511694e-02 -6.907085214842565921e-03
6.539656979913090196e-02 -7.511564552037658382e-02 2.711850946977589251e-03 3.808051699499350601e-02 -1.591122823850434076e-02
9.990321375150124084e-02 -1.057163129820391789e-01 -7.879445304773151706e-03 6.482304127821862660e-02 -2.571415391596594546e-02
1.357847525496860275e-01 -1.062206560199172034e-01 -5.740673252835389734e-02 1.124272281593979989e-01 -3.974240917866218858e-02
1.013627146728456885e-01 -1.092826348631325689e-01 1.377655108170624024e-04 5.787618979522080043e-02 -2.365228449790150733e-02
3.045696360515712242e-02 -1.590016801402965863e-02 -3.209983480349995477e-02 4.092556805823430871e-02 -1.331393943078260783e-02
6.604252505860677691e-02 -6.984644064431469457e-02 2.221211167900966413e-03 3.399519038164943580e-02 -1.402444794041017746e-02
6.374371178615925726e-02 -6.160600621598656679e-02 -1.806923925449539434e-02 5.173845464483602108e-02 -1.928537869330809729e-02
7.350749916783314020e-02 -8.335014941209509254e-02 4.430143302191351905e-03 4.009810310274048578e-02 -1.683618490313561200e-02
3.662916371501991064e-02 -4.616630960781230308e-02 1.051982251217132083e-02 1.416678284432335705e-02 -6.914854505348098229e-03
7.350840228999173942e-02 -6.366507229482741559e-02 -2.353973517572678295e-02 5.657440089886737328e-02 -2.049154528874312653e-02
3.838775534487978008e-02 -4.798866065783244372e-02 8.968081641357178446e-03 1.697381047299943366e-02 -7.925046277233610895e-03
6.131559876063278486e-02 -6.538892845445352930e-02 -5.660323280867770972e-03 4.095470890080141896e-02 -1.613889812229936035e-02
8.987119004899214725e-02 -7.596903238430492700e-02 -4.271836525098365867e-02 8.368858919227339932e-02 -2.960870514146589361e-02
7.400437973482229537e-02 -8.934203581554206464e-02 1.480200466429949444e-02 3.284780962619905653e-02 -1.498834502898415549e-02
5.624602266051705046e-02 -8.727670176142041103e-02 3.943256349225628815e-02 8.543148647142961155e-03 -7.841094693846809710e-03
6.523717937873071970e-02 -8.328549175807026250e-02 1.977719388595848213e-02 2.492007734219047616e-02 -1.231526763557319604e-02
7.591404758470794711e-02 -1.008596401319421521e-01 2.776010249265287513e-02 2.684856856750602802e-02 -1.401364086946046972e-02
7.087385710014963702e-02 -4.422370537207242353e-02 -5.733973464224950689e-02 8.088138882289686027e-02 -2.688758772294170402e-02
8.064456146163695438e-02 -9.726826304970428994e-02 1.698016660473174524e-02 3.475148249981117876e-02 -1.599109041697798633e-02
7.796276601700101450e-02 -9.908434947009008009e-02 2.372618639571654961e-02 2.936446557884797581e-02 -1.456314182214144860e-02
1.221572410050566077e-01 -1.435531247863837678e-01 3.067930205250045655e-03 7.637484642617611841e-02 -3.178760836519173294e-02
3.015534720337803218e-02 -2.627650173874638423e-02 -2.059465378730411522e-02 3.622252218559249975e-02 -1.272370040302614989e-02
4.311051757594818595e-02 -5.369981017779505705e-02 7.673778447475350199e-03 2.175123766164484274e-02 -9.776461212698197775e-03
1.816581689489633888e-02 -2.645721923139609383e-02 1.164196709451188229e-02 2.524986843429653273e-03 -2.287443070794342725e-03
7.963702586895382574e-02 -9.332128541061779359e-02 1.099855978473883271e-02 3.899339541923009522e-02 -1.714973120459173384e-02
2.699416008320522711e-02 -2.313537215489325227e-02 -2.263663444532241706e-02 3.720038160636467139e-02 -1.296503363680841410e-02
5.911543998851995219e-02 -7.627162999347721073e-02 1.680983857137739734e-02 2.460697313608239956e-02 -1.191097793371189741e-02
1.016651325932408090e-01 -1.103452631320956945e-01 1.539110518554027680e-04 5.859195912364181802e-02 -2.395257563844147355e-02
1.118959319439595812e-01 -1.202952202786901625e-01 2.242771220196271634e-02 3.816641300077525806e-02 -1.773202499058333659e-02
8.878018480733484985e-02 -9.968461739641448771e-02 2.868342995991441519e-03 5.081067032657302779e-02 -2.112881331539147658e-02
4.724668234914562726e-02 -6.171984608577885112e-02 1.491993359717899009e-02 1.858710837080618933e-02 -9.241614510547051242e-03
7.428772754957266300e-02 -8.262208003781318366e-02 3.443937356693107122e-03 4.056295442002164769e-02 -1.693971708252210370e-02
6.883671901198692988e-02 -7.441427406131784217e-02 3.511821554774154606e-03 3.534103852733815748e-02 -1.472794713198645987e-02
4.952725067264197173e-02 -4.695226029021914299e-02 -2.236519269966785739e-02 4.912936188577171626e-02 -1.780935432757389109e-02
9.699866238286277559e-03 -1.453425277281184284e-03 -2.068468547101162333e-02 2.224988621038179182e-02 -6.937846569456504638e-03
8.591782133522739284e-02 -1.011153332376198005e-01 4.097626832583647037e-03 5.154330503386547746e-02 -2.165166898790477079e-02
6.752684504724705550e-02 -8.112967299315509973e-02 1.737874644331673449e-02 2.507143696670935396e-02 -1.201276951761697138e-02
1.222387214020410548e-02 -1.533169991376571659e-02 2.782119889276902982e-03 5.529080199426618034e-03 -2.567090985493807823e-03
8.491098015768523688e-02 -8.761564886574445266e-02 -2.503793812645299394e-03 4.807146595933494554e-02 -1.924196217522851360e-02
3.237589429906084088e-02 -3.287448701286291991e-02 -3.090983899110294301e-03 2.035912786316300405e-02 -7.949892496478721052e-03
8.322461562287686299e-02 -1.319100321600992498e-01 7.607613890067176088e-02 -6.296685188824001356e-03 -5.517486254720625934e-03
5.575115443487332206e-02 -8.962303668879798013e-02 4.731396666279181346e-02 1.346453385853936318e-03 -5.694047582280982803e-03
9.267386077612912998e-02 -1.161179117089360946e-01 3.055634334190299173e-02 3.056909455145308263e-02 -1.566976551582720950e-02
-4.764275416551268238e-02 5.688727324243146588e-02 -8.907169570459207153e-03 -2.133844631018882304e-02 9.651360809351285097e-03
3.168689796488192295e-02 -3.507093613069864335e-02 -4.905692722843154815e-03 2.468914037121683336e-02 -9.652061940792626069e-03
2.403002923460761941e-02 -2.731130408824563802e-02 -3.383762218062105493e-03 1.898336025795756971e-02 -7.484208648730591822e-03
1.025113496490565185e-01 -1.132857810181392283e-01 3.061085165442884934e-03 5.748851248779417167e-02 -2.385578807774845628e-02
5.648982012558070170e-02 -5.315523504106469538e-02 -2.195180851164765801e-02 5.142224557945234559e-02 -1.872945869748506020e-02
4.213827280474848058e-02 -3.568332027837724935e-02 -2.187019086346929722e-02 4.151004139197433246e-02 -1.465832426033210865e-02
1.530558736192618417e-02 -7.761280804037475230e-03 -2.337819637021934169e-02 2.893561990629377537e-02 -9.439949456143181816e-03
8.225099775276667469e-02 -9.241154756316601049e-02 5.806948114353061886e-03 4.350541380934746377e-02 -1.842910363608255692e-02
-6.293135707650612636e-03 2.925779576928775813e-02 -4.670230953027593168e-02 3.234463412053485004e-02 -8.317386711541930808e-03
6.478297375724736962e-02 -9.917126256117737848e-02 4.399564386513435399e-02 1.031569918155739694e-02 -9.054567030639518177e-03
1.035782467677446583e-01 -1.145664457939919584e-01 -1.858124829266725444e-03 6.396066653041056205e-02 -2.604398511105489311e-02
1.085624858850896129e-01 -1.018015553394564093e-01 -1.726577031944972682e-02 7.009007297172543949e-02 -2.671129932301851903e-02
3.646199208650213741e-02 -3.923688757570156088e-02 -4.781802260021853802e-03 2.630905483392382074e-02 -1.027052953049512052e-02
5.537049966782097571e-02 -5.216648763327699778e-02 -1.895057902687479617e-02 4.767319258039917629e-02 -1.754322962196866800e-02
1.134803354649637219e-01 -1.272355954453540661e-01 1.638493015799611600e-03 6.719164057814801250e-02 -2.773638523048113647e-02
1.038135151172177653e-02 -1.106283239354037724e-02 -2.087732956339579705e-03 8.278456957786185441e-03 -3.181794747938618100e-03
6.773825404886743562e-02 -7.511211145640046827e-02 -8.450827270453702350e-04 4.136976192950346520e-02 -1.683567914050302511e-02
6.802829563576956451e-02 -6.613763825672000496e-02 -2.663087798879562595e-02 6.428253270523352769e-02 -2.363609046131379468e-02
5.946860520637518854e-02 -6.779621711730160483e-02 9.055871718437705220e-03 2.637226387933605878e-02 -1.166501556078226691e-02
1.563952434225573118e-01 -1.490081544466212438e-01 -1.024461763720668772e-02 8.612171430328578736e-02 -3.385741762963597606e-02
5.315073993756296022e-02 -6.162107544987720231e-02 4.969234989519147501e-04 3.347745269727415984e-02 -1.382681417825528010e-02
-9.546703186666246829e-03 1.193398180392990157e-02 -2.613348046004823795e-03 -3.741218636212159925e-03 1.802866459234399614e-03
4.805064377435257217e-02 -3.837981393631677285e-02 -3.630281007119945391e-02 5.878987456669096390e-02 -2.029171913538899141e-02
-3.841151866325988058e-03 7.048839237347392060e-03 -5.842468052479609167e-03 2.222656305494731879e-03 -2.945005019534660995e-04
8.209447292422036857e-02 -9.647663534408017216e-02 -9.434444515897833297e-03 6.522192430272005792e-02 -2.602008755616373042e-02
3.710521743342225232e-02 -3.054201139091861084e-02 -2.529989769340721534e-02 4.292585552558090406e-02 -1.493148229468653672e-02
3.084279813556265598e-02 -1.882300367328009968e-02 -3.505197934318153574e-02 4.663802355556576767e-02 -1.542451407931643564e-02
7.454510898091354365e-02 -8.281305252502174641e-02 -1.082441243115672691e-02 5.770341493927352156e-02 -2.268235111743534954e-02
7.994383233098666108e-02 -8.758306622736863889e-02 -3.707169921364015207e-03 5.110799425225683729e-02 -2.052298869849646448e-02
5.179743664673668729e-02 -5.789174933628227909e-02 -9.943457312852994542e-03 4.314659663807167422e-02 -1.675188082823557412e-02
6.266173473755046186e-02 -6.569110128575417207e-02 -2.004227016692321228e-02 5.804984669941009451e-02 -2.183761854497199423e-02
2.101749501466789946e-02 -2.184994825711622166e-02 -3.781831730483605717e-03 1.575638016275349509e-02 -6.056434108771109603e-03
1.146051854715424423e-01 -1.369374747998486630e-01 1.921800298102844390e-02 5.429351633542219696e-02 -2.430134852020579203e-02
3.119586440789299045e-02 -5.508690969704579249e-02 4.163746706804447029e-02 -1.304387946634412432e-02 9.404176898225972969e-04
1.761145813636564791e-02 -9.950256220136342519e-03 -2.500311276534544769e-02 3.189225754774110966e-02 -1.047991609720824897e-02
5.218960677667013742e-02 -4.787619691534923672e-02 -6.494345963837705286e-03 3.074239021878000591e-02 -1.176670077464377941e-02
5.859809389130491569e-02 -6.576553997004726260e-02 -6.937932762492672253e-03 4.400341885509122253e-02 -1.741925527829385478e-02
8.492049981361388111e-02 -8.921949589759370358e-02 -7.669293699410707939e-04 4.774083548210243666e-02 -1.940565162443387906e-02
8.245911882973255835e-02 -8.672321823494519299e-02 -1.887415991778365609e-02 6.754968176470392549e-02 -2.578344783957241260e-02
4.236982701011755836e-02 -5.236652572010567358e-02 4.979340485007370705e-03 2.414813635377299761e-02 -1.051527562032465724e-02
8.529138285794456154e-02 -8.692025803198864808e-02 -2.624441420958769505e-02 7.536740443334447037e-02 -2.820372044244497459e-02
5.764040368106487788e-02 -6.866873680623979126e-02 8.704820889279809779e-03 2.818379387792401686e-02 -1.246513908291052228e-02
1.011177604265923180e-01 -9.987681454772563694e-02 -4.157162668730198332e-04 5.124096656984307441e-02 -2.071710642837678445e-02
6.397802841913277638e-02 -7.463396296715971157e-02 1.880660676109185058e-03 3.910703890393413956e-02 -1.626959223934336743e-02
3.516139333942288475e-02 -5.723747256905222652e-02 3.118774284021553697e-02 -1.263841868820073750e-04 -3.336218526055172683e-03
5.604884575201536656e-02 -7.176590005002826678e-02 1.290329827876758942e-02 2.647192620671879118e-02 -1.228592158844462635e-02
5.158307042351257393e-02 -6.224963775823631751e-02 1.033721047416943234e-02 2.287318915475243519e-02 -1.044473205315457620e-02
5.363872174419855726e-03 7.351451716728844843e-03 -2.969279384406537867e-02 2.690961329237269092e-02 -7.908590379239044746e-03
4.670130801724007436e-02 -4.483862411605075288e-02 -1.446268676269513859e-02 3.891678407946864288e-02 -1.437531808341385720e-02
8.192625129603384182e-02 -9.583704142775621715e-02 -4.122976609757706551e-03 5.819704454793443726e-02 -2.358615825257617468e-02
3.662615199483658379e-02 -1.723983132767787849e-02 -3.072845118464125752e-02 3.893237178316293762e-02 -1.254067702234588216e-02
6.163598663591679516e-02 -4.576991410610331545e-02 -4.667843234592709140e-02 7.272660221408544512e-02 -2.486649987919238580e-02
7.361331811727669927e-02 -8.483522261940849851e-02 -1.032682459277835772e-02 5.914579221528369624e-02 -2.336522468743975137e-02
9.057974329669378488e-02 -1.087400678028892509e-01 1.157369922282640816e-02 4.773776737074338777e-02 -2.089306613949593397e-02
3.722510760415966014e-02 -5.301626691168926514e-02 2.103906471659654567e-02 7.380980993462165490e-03 -5.271705485549114598e-03
7.734357572168620854e-02 -7.358505039546345272e-02 -2.754683848773080770e-02 6.849961054237230229e-02 -2.521403676704250807e-02
5.092759162408871249e-02 -6.195891426839381794e-02 1.702565459726376046e-02 1.500012360740354822e-02 -7.851493921957820171e-03
1.164154193962265021e-01 -1.191587118949595792e-01 1.562917368168084686e-02 4.397113669700315058e-02 -1.935281217274100601e-02
1.172119259557359572e-01 -1.127898294900100129e-01 -1.619065090273286503e-02 7.526104401508620922e-02 -2.899967653987240920e-02
8.026212154345466199e-02 -8.740485104245906967e-02 -6.609111052012784683e-03 5.458149558746784591e-02 -2.174407767986813456e-02
9.217418990390879863e-02 -1.010525641084593917e-01 -1.000683496464662738e-02 6.624011400574247865e-02 -2.625349860427791948e-02
9.745448784558508049e-02 -9.118495174289535654e-02 -2.984915364802021367e-02 7.943664146034049023e-02 -2.939995988144398012e-02
2.148942990562964506e-02 -1.422165233768313969e-02 -2.053178663350301025e-02 2.882330252197946516e-02 -9.628731024288421717e-03
4.827204090803165204e-02 -6.498133879531291235e-02 1.808310667117415602e-02 1.725658859940320741e-02 -9.037380489649885981e-03
8.967255558192144260e-02 -9.053817823653372010e-02 -9.146253244437475491e-03 5.691087294490104059e-02 -2.223140946692501313e-02
5.885960071546027933e-02 -7.377307306552619015e-02 8.979371246173550175e-03 3.197895508441313955e-02 -1.418160191898108942e-02
1.550268579497774725e-02 -7.817133426077652741e-03 -2.390336774580264362e-02 2.949271048722593505e-02 -9.602637940574249367e-03
5.757556159503397775e-02 -6.687754726512604164e-02 2.667266191241398320e-03 3.379667622746838906e-02 -1.415446286739008991e-02
2.711602980812541364e-02 -1.909548896992954367e-02 -3.007336302861466845e-02 4.243253023013598968e-02 -1.430164212126842048e-02
4.351894124941917130e-02 -4.146228531103316600e-02 -2.427653796806912567e-02 4.897846768202828577e-02 -1.763094528926176588e-02
1.075688798996868034e-01 -1.477624470423812286e-01 4.726615438265329566e-02 3.297006232733511871e-02 -1.867911814843771154e-02
3.371997576690522434e-03 -4.356370879881775113e-03 7.698522651829112348e-04 1.636786311481126365e-03 -7.582929097792305041e-04
6.163259762092270638e-02 -4.464953680393405483e-02 -4.788285275851277001e-02 7.312009812427039401e-02 -2.486575223338593696e-02
4.132254577077786040e-02 -5.361686221192078078e-02 1.353565979300683057e-02 1.535285990375819844e-02 -7.745440852624439071e-03
7.505286739823524567e-02 -9.287787845707815015e-02 7.901987430323303974e-03 4.413638904795850332e-02 -1.914597388195629982e-02
4.222354274431862342e-02 -5.500983885825645736e-02 2.513465060826330921e-02 2.689753717864722549e-03 -3.659275527891175678e-03
2.448623556105222233e-03 -1.512259473025227667e-02 2.546051943281760904e-02 -1.799859375448143589e-02 4.675502195019861154e-03
8.709312313119310645e-02 -1.004270320899706137e-01 -5.522568197591844197e-03 6.219678975300260704e-02 -2.513391799664232290e-02
1.581039770359843888e-01 -1.772957617139489794e-01 -1.246141148674364922e-02 1.116705510294388054e-01 -4.482925301842136112e-02
4.060025302647951584e-02 -4.059404347997459112e-02 -1.308439590317647325e-02 3.585090808493413689e-02 -1.332676194556460005e-02
2.866537073984045531e-02 -1.288750150473525445e-02 -4.629589730237260864e-02 5.562533278336252024e-02 -1.796077600387774309e-02
8.673565860461407429e-02 -8.758787857568395285e-02 -1.997791233062087488e-02 6.810425792842267345e-02 -2.581399889279020407e-02
5.077474280541383750e-02 -5.630117341636283607e-02 -2.916300316003544221e-03 3.370039615598342808e-02 -1.350805231082016777e-02
7.226623457497821645e-02 -8.147254243604369617e-02 1.060758103774878114e-02 3.181037536297444401e-02 -1.403082160251032350e-02
3.284294699728296935e-02 -3.601698243463687804e-02 -7.386556580016058471e-03 2.806250110878183782e-02 -1.079831712651154602e-02
1.535859780645561778e-01 -1.375273081131186403e-01 -2.044756915137507444e-02 9.001734639090107348e-02 -3.439201371244421379e-02
8.957376327325010379e-02 -9.123879417037326911e-02 -1.054921091929252389e-02 5.936195580426100599e-02 -2.317801153591479008e-02
5.759939838306606108e-02 -7.011522093913567788e-02 1.582354935271348961e-02 2.100836439358444441e-02 -1.021727926008448271e-02
1.318484536943075602e-01 -1.093135126859943046e-01 -2.807200089561337139e-02 8.253547071629400989e-02 -3.047902527668139988e-02
2.664125994006414158e-02 -2.676261232394989628e-02 -9.026882307759468912e-03 2.423970608142545641e-02 -9.021692573762793779e-03
5.024791435215436586e-02 -5.748276793266435952e-02 -4.146904478923452847e-03 3.646010251103135730e-02 -1.458988517711148555e-02
7.129011956546317530e-02 -5.803987781949613428e-02 -4.729656198370067732e-02 8.076596347044645574e-02 -2.819891173652121913e-02
8.485467513802512352e-02 -1.163832826574047324e-01 3.761449063558736788e-02 2.534029022046699331e-02 -1.445460393218610425e-02
8.772863713428563637e-02 -1.227275805794775104e-01 4.918356478798943665e-02 1.606795609657970733e-02 -1.181562381611331661e-02
5.798786276127861766e-02 -7.052969951810160454e-02 8.660801880887808099e-03 2.964502001647314686e-02 -1.308125250390169102e-02
5.221730865794815997e-03 -3.100803604884690579e-03 -6.572272890724665563e-03 8.576997608597406245e-03 -2.828011339815281883e-03
1.020913926628028712e-01 -1.062493270532651191e-01 -2.402971216261962084e-02 8.374393498805633718e-02 -3.195741013250084223e-02
7.026333360718109433e-02 -5.507717899805462253e-02 -3.246818415765331811e-02 6.110384071653583021e-02 -2.142220407256205730e-02
9.844035382746312013e-02 -1.098030555282345361e-01 1.003530697277263579e-03 5.827023958334622694e-02 -2.399318708226095415e-02
8.493421010295890139e-02 -1.312237177760417206e-01 6.645651523738271838e-02 3.917229940214324302e-03 -8.738402073761029551e-03
2.739094385385006450e-02 -2.382517132604410753e-02 -2.127750183016215504e-02 3.600080453738656316e-02 -1.260039101950652211e-02
7.676913924689347801e-02 -8.397624437057461810e-02 2.176350405474500663e-02 1.987520871853712401e-02 -1.018082165201953868e-02
9.222594238456664761e-02 -9.417532642919582142e-02 -2.313200379875066451e-02 7.575128212925845428e-02 -2.872236926992314046e-02
1.295322529220792329e-01 -1.542433893551961310e-01 1.486520882642463140e-02 6.930363023997355987e-02 -3.014604469374938811e-02
3.447775084628285081e-02 -4.258927690578521996e-02 3.741446233974835001e-03 1.993498583575533875e-02 -8.626024502490734283e-03
4.305173866813429007e-02 -4.839160595853383984e-02 -5.912968227188788832e-03 3.326552565626571256e-02 -1.307956870195633309e-02
3.681614152350905222e-02 -6.283707912405558926e-02 4.317716739348689825e-02 -1.018308831668874627e-02 -4.188668266197686715e-04
1.196729287308536810e-01 -1.425053948611406940e-01 1.272381965932444653e-02 6.465687850140620918e-02 -2.786345637897619590e-02
1.173030422156078889e-01 -1.351166031553766023e-01 8.571502811963431110e-04 7.395548455799277887e-02 -3.064781429832888135e-02
9.834715429679827259e-02 -1.291666814730909052e-01 3.006987219887607976e-02 4.051915479818039151e-02 -1.992595892062922619e-02
1.142983178016753337e-01 -1.286050068625748111e-01 1.587888547678097811e-02 5.168421610995493215e-02 -2.279969880241716415e-02
1.968143301818930380e-01 -2.132228856287469720e-01 1.317477387373264773e-02 9.903548414355244078e-02 -4.191243811312977963e-02
4.432050601250054483e-02 -5.662773837633310742e-02 8.322090309349118240e-03 2.322688209846801230e-02 -1.051904756521387756e-02
3.157341537420644412e-02 -3.811156322055241075e-02 4.155037388163216293e-03 1.660796546782894109e-02 -7.268046887420291993e-03
7.872472715568244739e-02 -9.922232812317072215e-02 1.776690467410012991e-02 3.647012131270894325e-02 -1.695538128640793063e-02
4.449989416645234314e-02 -4.028971070956023637e-02 -2.126108130943411140e-02 4.391554214727268202e-02 -1.575845084246338054e-02
5.796472125858558727e-02 -6.794096556679794785e-02 -1.154240713699339598e-03 3.934309373913161961e-02 -1.614705827071122313e-02
3.899239371311047364e-02 -3.877885235224404203e-02 -1.758103956199704582e-02 4.042080403789395648e-02 -1.483199480539404772e-02
8.737906671843996553e-02 -9.010311646335920910e-02 -8.263821260436331542e-03 5.623956594795383873e-02 -2.208980719254014652e-02
5.445285780396964814e-02 -5.188716077571461222e-02 -2.199681296633965860e-02 5.126558981921906094e-02 -1.872827851951238548e-02
9.247100599280527397e-03 -8.405812452153100037e-03 -5.740579003934483809e-03 1.073930967859102956e-02 -3.816265447919924784e-03
1.513750759216543063e-01 -1.629146451782727822e-01 -1.810788550740691227e-02 1.084954371915604759e-01 -4.285477766617404316e-02
8.368303827793011074e-02 -9.710824179534778555e-02 -2.026259433000483757e-04 5.415678573954304381e-02 -2.232761364346779256e-02
8.976771682606656672e-03 2.878815562729889442e-03 -2.961663547924317519e-02 2.939468829068034653e-02 -8.948080337731489226e-03
4.442824488670506222e-02 -4.409697065995209220e-02 -1.778664006827367083e-02 4.309099601867861368e-02 -1.583703040460958736e-02
1.515419588364185118e-02 -1.598258793500333813e-02 -1.795544384404362337e-03 1.043939591981753352e-02 -4.077571933968815801e-03
1.504231475118401884e-01 -1.555884082186163864e-01 -1.069388451577735037e-02 9.381317083679223401e-02 -3.732803674062513954e-02
5.499168390210414786e-02 -5.290856521324360795e-02 -2.096462829338819125e-02 5.095928718341029284e-02 -1.877140948840652288e-02
5.913440217510824992e-02 -6.653673724423937730e-02 1.990804750733039634e-03 3.366366327301226202e-02 -1.395784938532387137e-02
8.063623746986615937e-02 -9.174795627915567631e-02 2.415208969084543366e-03 4.763847960827698180e-02 -1.987840994081433582e-02
5.104854683076487376e-02 -5.490090155099036640e-02 -5.856551112295206758e-03 3.591566930763795407e-02 -1.410682763325663870e-02
1.071837518009594592e-01 -1.112016973147292725e-01 -2.916538126664809313e-02 9.271413866724075026e-02 -3.525436770586009433e-02
1.304708827714478603e-01 -1.469720209106690489e-01 5.069733663214810422e-04 8.013006131451280711e-02 -3.313824905677980465e-02
6.612693335545569151e-02 -6.653841231664142652e-02 -8.094765506218359191e-03 4.338260323105555538e-02 -1.684890912345935951e-02
2.616710558307729917e-01 -2.306296015015902034e-01 -2.013332056961109062e-02 1.345963471661827671e-01 -5.238908233384428209e-02
9.699635237260556542e-02 -1.128479584304741823e-01 9.923394493380267509e-03 5.071073271211724159e-02 -2.181436527472914791e-02
5.090629240184389032e-02 -6.862360545848250615e-02 2.170145419434732145e-02 1.533178703601905876e-02 -8.651339907612470501e-03
9.550700980524068351e-02 -1.048991589787863776e-01 -7.958565981204517720e-03 6.568884254414626700e-02 -2.615571005546474953e-02
3.634620440717011708e-02 -4.705354785064196771e-02 7.258314145712443932e-03 1.897091262817997975e-02 -8.622779584432355496e-03
4.463623439665009851e-02 -5.829118609029571713e-02 9.408512873531347034e-03 2.311610861212127013e-02 -1.056328539889206386e-02
4.652138735832521410e-02 -4.499560622611663285e-02 -1.713793530685610994e-02 4.243094974326055285e-02 -1.561660726330819059e-02
1.901382136600716644e-01 -1.949876271006357742e-01 5.413115724263817784e-03 9.548956944905150068e-02 -3.950650693545537662e-02
1.598653146500687849e-02 -1.105642200325587104e-02 -1.666174818582710770e-02 2.354763965091713138e-02 -7.921263203436531078e-03
7.022125989890930231e-02 -7.982431180389407133e-02 1.976516380154058183e-03 4.141358702775850553e-02 -1.722529159783902503e-02
1.528591563576373324e-01 -1.587117287979688818e-01 -2.051227682171544858e-02 1.072298907785002031e-01 -4.195191028655523985e-02
9.151627950135775291e-02 -9.991750701591484152e-02 -6.113443902296259065e-03 6.087222746318257660e-02 -2.439984752725771547e-02
1.139887889650400832e-01 -1.348705396502926090e-01 1.677638064210122334e-02 5.533636273333088912e-02 -2.438904983916218711e-02
4.665180156369078818e-02 -6.382406899154624558e-02 1.872156958146997674e-02 1.611078594492712859e-02 -8.649649463423302043e-03
3.551549711524361330e-02 -1.932021968637272560e-02 -3.487323331691648959e-02 4.538567503819328219e-02 -1.482601612120828215e-02
4.902545394008647056e-02 -5.698943602182913321e-02 -7.842963199447640366e-03 4.103069389217597895e-02 -1.616514828778828350e-02
1.511076399452880026e-01 -1.603320935705136729e-01 -1.782322113451477799e-02 1.061245421963064040e-01 -4.186915624371391476e-02
1.075432540121662034e-01 -1.324832072770399938e-01 2.260667483246269274e-02 4.949242176920181507e-02 -2.288418644248267630e-02
3.406251190757064728e-02 -3.924968266210534379e-02 -1.305366850596979215e-03 2.316866527849424651e-02 -9.404040168132080102e-03
6.053065242861755541e-02 -7.249914462645887236e-02 -1.712101064150612067e-04 4.113173740306533960e-02 -1.699333946859098859e-02
7.536904395084920161e-02 -7.987496932860282950e-02 -1.966904315520911703e-02 6.548078817464286772e-02 -2.497832754739816655e-02
1.279658523140728699e-01 -1.187186192646107891e-01 -4.186121542989976185e-02 1.069879572790750077e-01 -3.953485464333512944e-02
1.291094881912160652e-01 -1.450013537471727953e-01 -1.540681694323076806e-03 8.118444346027121894e-02 -3.332554534672731855e-02
8.446867028729822258e-02 -9.116408024399547116e-02 -1.024933517006213109e-02 6.060262692942147006e-02 -2.384265076271419037e-02
1.143012112476376324e-01 -1.338819913080616375e-01 1.609977895371783249e-02 5.570971742490862799e-02 -2.458007202288179163e-02
8.388937170151521128e-02 -5.833750364375810821e-02 -5.520536690961362625e-02 8.630927125850894333e-02 -2.940071686210195614e-02
1.352918089389297251e-01 -1.375630087762845788e-01 -9.821183963934561334e-03 8.238568473036537998e-02 -3.260534694113649545e-02
8.671347149681640776e-02 -8.347623533731916845e-02 -3.004798440507850874e-02 7.655985348573429716e-02 -2.825206090617709068e-02
1.590784757763865909e-01 -1.601879614827446396e-01 -2.113676646074240384e-02 1.068515371278926235e-01 -4.151533194435670648e-02
8.634535424413811167e-02 -8.323413662854749206e-02 -3.085252506303432993e-02 7.754367809892100116e-02 -2.861418235493171786e-02
2.275406904824752580e-02 -9.784197102324939874e-03 -3.512860081705394127e-02 4.187666248071492126e-02 -1.347584844695646870e-02
2.125627249702491672e-01 -2.126822859091811735e-01 -1.126632361940797279e-02 1.224355217754827807e-01 -4.881906911036472396e-02
1.018509872331311017e-01 -1.145261108248018384e-01 -1.627251818628717636e-02 8.195097951342578124e-02 -3.219624469341261785e-02
4.077272636484772367e-02 -3.211386729708620713e-02 -3.447402239446160227e-02 5.388026225338648362e-02 -1.850703314279111139e-02
4.763636458722184802e-02 -5.364174200285449362e-02 -1.059737501510715253e-02 4.206551058232233659e-02 -1.633570665725470397e-02
1.407456763575522796e-01 -1.660312711842331090e-01 2.244258828020267993e-02 6.666805691358061725e-02 -2.979203431888497941e-02
1.030735405006166922e-01 -1.072679412406776223e-01 -2.005792082557029607e-02 7.960351520719931295e-02 -3.063864410931743318e-02
1.076839644935444901e-01 -1.069829798711501856e-01 -2.973214834515711114e-02 8.942353882969351908e-02 -3.368695859909071749e-02
1.527238585753133981e-01 -1.793565081357529900e-01 1.594922433932491335e-02 8.139816128131363571e-02 -3.519260072763662206e-02
5.283611518200356794e-02 -5.854031551107723164e-02 -6.574758080623192358e-04 3.227902752982618473e-02 -1.314882762572686103e-02
1.117868631073154484e-01 -1.140634909287143034e-01 -1.615594825540456539e-02 7.742372645692116584e-02 -2.993654756661525210e-02
7.387330193706874437e-02 -8.788595901597044679e-02 8.944969026806301633e-04 4.821453735765778709e-02 -1.997628797003432599e-02
1.834940021077939021e-01 -1.990191860243788191e-01 -7.951535011293359503e-03 1.164519151639428068e-01 -4.715275939464821930e-02
1.413971487567472485e-01 -1.551665670852825085e-01 1.004133440925410702e-02 7.214597741907850803e-02 -3.063573977236839704e-02
1.272513117460783438e-01 -1.296750086113475364e-01 -6.630428225126741744e-03 7.440286737315675303e-02 -2.958000707156138720e-02
1.990721081518346050e-02 -1.207952526473150649e-02 -2.386949661758080640e-02 3.154418737707329057e-02 -1.043465445788755927e-02
1.356991244361298310e-01 -1.511908874616686438e-01 -5.653970451854686829e-03 8.923464220312800343e-02 -3.626773523851864467e-02
1.626100281584989538e-01 -1.520906713975701263e-01 -1.601647847525518309e-02 9.378212000350837074e-02 -3.644341147049124513e-02
7.026405825274908978e-02 -7.309934757339356382e-02 -2.192779496660829820e-03 4.072599144733926591e-02 -1.639478810223718788e-02
1.738102505751577820e-01 -1.876110087076479915e-01 2.132535046703029624e-02 7.562341378873482789e-02 -3.303929659559976667e-02
1.540389556992377007e-01 -1.571628232908981182e-01 -2.913559756752874194e-02 1.157729298986900079e-01 -4.460380824158171470e-02
1.273674039124048363e-01 -1.390394357811102766e-01 7.139229618935257621e-03 6.617130114450041345e-02 -2.777089351149219371e-02
1.219720926395830574e-01 -1.452517259156637652e-01 7.063469665755778802e-03 7.383326956438962529e-02 -3.134832305576085859e-02
1.319435239719333464e-01 -1.524184281491075821e-01 3.299427290183448627e-03 8.077257471947094092e-02 -3.370643399901808446e-02
5.696872074484578274e-02 -5.691953973640930670e-02 -2.277176668871228049e-02 5.570646278729113332e-02 -2.054990706698724481e-02
1.624976200544412941e-01 -1.681728580358440861e-01 8.571718119262517269e-03 7.809764409221400805e-02 -3.268685259167752877e-02
8.595681018966191966e-02 -1.050442471282337642e-01 1.994207050598481579e-02 3.601661494127073038e-02 -1.682906185731862514e-02
6.620893681128277308e-02 -8.368221365137248902e-02 1.023936059043512731e-02 3.639504375412102449e-02 -1.614925529084239308e-02
1.020047409654139918e-02 -2.023445334555685094e-04 -2.461193634585957107e-02 2.566586849142062782e-02 -7.930154725348354319e-03
1.625449423490193945e-01 -1.815847761096320567e-01 -1.414442503089270459e-03 1.008475481594782869e-01 -4.144395009280488901e-02
5.615735216911131589e-02 -5.651251720571269510e-02 -1.614300077419163204e-02 4.764606582531844686e-02 -1.784554876456732886e-02
2.830822911256206803e-02 -1.071537418298328971e-02 -4.409607460947588542e-02 5.129953747810405557e-02 -1.636050339294218767e-02
1.230837941183617057e-01 -1.330341103227723198e-01 -1.369052193762671649e-02 8.725711270727838642e-02 -3.450149003414572368e-02
4.082395543127253362e-02 -4.838255534894405491e-02 3.737365524144948235e-03 2.254519597821215415e-02 -9.636006158419356538e-03
3.989442366758592234e-02 -4.210775104899045634e-02 -8.760737415894405064e-03 3.226609556316081123e-02 -1.231466965913325870e-02
1.595601413045983352e-01 -1.745587203282159272e-01 -8.322654082922030863e-03 1.040466476630992898e-01 -4.201373900770171560e-02
1.854281798685305516e-01 -2.087913372936430478e-01 4.048444363570697854e-03 1.097568920440544354e-01 -4.567897101147876116e-02
1.671443392420735030e-01 -2.042399773251533102e-01 3.324250787594511258e-02 7.764759892233483174e-02 -3.562081794804022872e-02
1.043945454356052099e-01 -1.335770338422854198e-01 3.022154383206731437e-02 4.194270980344122490e-02 -2.045931273127035016e-02
6.259254841895960098e-02 -7.121913805686554133e-02 -4.599006343342158624e-03 4.450014605856721789e-02 -1.786761423018965941e-02
8.310987252553092564e-02 -8.405995032996120553e-02 -1.420035697404457668e-02 5.960094657137131324e-02 -2.289307754345907067e-02
1.375633562236809881e-01 -1.391420850253878849e-01 -3.310563662050164391e-02 1.106026522791390687e-01 -4.206754429907010040e-02
1.234592096343691686e-01 -1.380093909267605667e-01 1.442226573854823697e-03 7.353262055571056777e-02 -3.041170977276663398e-02
5.406141455278637431e-02 -6.058264274395080279e-02 -9.273587984997706465e-03 4.407451648556379165e-02 -1.726001772443605531e-02
7.782889287838451464e-02 -8.079971044299824601e-02 -6.195715598883709194e-03 4.923621619844377462e-02 -1.946102196366322756e-02
1.703239667012248770e-01 -1.863471147116066706e-01 1.153497944915989754e-02 8.705135144914059875e-02 -3.688429227734336263e-02
1.152672266265321183e-01 -1.264105306740371248e-01 6.089533139760608740e-03 6.090152432627793377e-02 -2.555643083046673161e-02
1.181167239942751968e-01 -1.106676608465729933e-01 -3.541794938698387268e-02 9.561290388265390738e-02 -3.546107888718321582e-02
9.517030730078156198e-02 -8.787070473580117780e-02 -2.554810717413297239e-02 7.215186158248983184e-02 -2.673101706268967218e-02
4.736811630334442774e-02 -4.868762225066088772e-02 -7.146691052696119324e-03 3.340835007665668432e-02 -1.289975120582925044e-02
7.154000075319535967e-02 -7.750714119863057194e-02 -1.016283510648412214e-02 5.319402914201362687e-02 -2.078942168706565674e-02
1.682068569512435163e-01 -1.591882109698481151e-01 -1.303942730898142652e-02 9.438606181327600930e-02 -3.699015704899699664e-02
1.363378636997430449e-01 -1.377584735560510587e-01 -2.976667867012644953e-03 7.471004925898577786e-02 -3.018248171078189573e-02
1.279602296877828567e-02 -2.618374069702584378e-02 2.469689451794566948e-02 -1.127571967104489155e-02 2.008694833595832223e-03
3.332184523387619890e-02 -4.432016230184378930e-02 1.085529325422364237e-02 1.341900058813753037e-02 -6.700359277048634384e-03
1.711930404411013407e-01 -1.797079637192614820e-01 -3.331029386910205892e-02 1.343974019366691031e-01 -5.205829738260583928e-02
8.476732090796826324e-02 -6.934269247056938645e-02 -4.882903818340602470e-02 8.778513917926272780e-02 -3.089902610414875170e-02
5.766186113664879820e-02 -7.438260541886830557e-02 1.655460451198427149e-02 2.379709883910380644e-02 -1.154716936226829471e-02
1.179921699786069290e-02 -3.230993054387889304e-03 -2.226971038161338484e-02 2.490985434881433022e-02 -7.865915640556808350e-03
2.032081710377584283e-01 -2.155585811452235823e-01 -1.503805658643738580e-02 1.322089148353136345e-01 -5.284005291082954914e-02
-1.173072442724155257e-01 2.216392334791428553e-01 -1.814748408377193922e-01 6.563943898758557716e-02 -7.524753749735835391e-03
1.227538349105741083e-01 -1.419602386905867986e-01 -2.191186789128881729e-04 7.942289503065506906e-02 -3.287492473564473938e-02
6.550760342928284297e-02 -7.349243098641668193e-02 1.719479491543971427e-03 3.794569510098885767e-02 -1.574801363428505671e-02
8.308411109087110447e-02 -9.573921798828717578e-02 9.609318619948988352e-03 4.144314613820215820e-02 -1.797127993872607576e-02
5.682057599856432661e-02 -7.754974242950064822e-02 2.229352776638998321e-02 2.014637952317128305e-02 -1.071925771660035658e-02
1.228891936889449921e-01 -1.308121773287735934e-01 -1.748950456385462565e-02 9.016961898017471222e-02 -3.535808446563133700e-02
1.176680044095003430e-01 -1.365540396559957736e-01 1.235342573312788773e-02 6.155224343636486045e-02 -2.668247822809277983e-02
1.247542277287020940e-01 -1.454867521191350876e-01 1.025883991279984316e-02 6.914341223605791065e-02 -2.961846991098088938e-02
7.532129473304384482e-02 -7.299707046607920025e-02 -3.212895970935056300e-02 7.417922948341469647e-02 -2.716644782728378990e-02
1.245608602530858394e-01 -1.320354598119291012e-01 -8.696777093465250449e-03 8.010352842567625142e-02 -3.198613688514174297e-02
1.311798518726980944e-01 -1.389056476712066113e-01 1.596655363791962823e-02 5.475453864707505863e-02 -2.382403271491655844e-02
8.902621938676261171e-02 -1.017729785123498987e-01 1.372023289538180403e-02 3.979242942517174919e-02 -1.768244267325102051e-02
9.713976498624034284e-02 -9.581033572634108098e-02 -2.469333403248042888e-02 7.763562533383408515e-02 -2.934331021433338529e-02
1.073182350382466399e-01 -9.858667265176203343e-02 -3.343842184370623971e-02 8.684378908472550895e-02 -3.207286297909409806e-02
2.372729913343101307e-02 -3.228412212223002314e-02 7.861590320418249123e-03 1.008289735947213127e-02 -5.030024469071470161e-03
6.133437429864052604e-02 -6.921326957368814647e-02 -7.732314127917582457e-03 4.695453656860155284e-02 -1.856664764119363847e-02
8.686494918514599262e-02 -1.240307798647621029e-01 3.423726237920043242e-02 3.575330940133777252e-02 -1.863537048285738434e-02
1.594000987463985719e-01 -1.673389985366494914e-01 9.916828491329070239e-03 7.679817761102268603e-02 -3.235135066458073860e-02
7.593147170401866319e-02 -8.888201540867618489e-02 2.599274435539766955e-03 4.635026294656605095e-02 -1.935460647878148657e-02
1.413973827172268771e-01 -1.472106643097005618e-01 -2.317715712126683369e-02 1.045073815029894521e-01 -4.061404642416437116e-02
1.417966603249944668e-01 -1.648716443140089694e-01 1.887673973392543780e-02 6.958656788617549604e-02 -3.060998647695601163e-02
1.514750677627066111e-01 -1.735990371380235209e-01 4.724913989444774233e-03 9.052339830297616297e-02 -3.786697259624419165e-02
8.632559311837230409e-02 -9.781720896511457430e-02 7.550031460249841293e-03 4.441430230850586247e-02 -1.892834379301866141e-02
4.576939145849089757e-02 -5.493810332878720781e-02 3.144050605447398176e-03 2.721485869589965884e-02 -1.154278716769396168e-02
2.525082137281916758e-02 -3.019707558212333248e-02 3.386431503039466495e-03 1.293343632692341150e-02 -5.660212487527772895e-03
1.342260078644274546e-01 -1.274982024716758700e-01 -4.394844370322364968e-02 1.147852791241534692e-01 -4.260118761368679452e-02
1.036174817792779590e-01 -1.110459096701734427e-01 -4.067346922436085310e-03 6.398365429125846271e-02 -2.586135456879897626e-02
8.627950549056301321e-02 -9.038794609836489635e-02 -9.427243038082963947e-03 5.818009330441537702e-02 -2.280932027732308909e-02
1.287866152842207790e-01 -1.389532930916589915e-01 -1.095590464988517978e-03 7.516095153013095664e-02 -3.061554706496223688e-02
6.367212648946272979e-02 -5.649153338473190955e-02 -2.857797197935636746e-02 5.992190286851411390e-02 -2.155878957034655652e-02
6.826058017187949800e-02 -9.537014488373216081e-02 3.311959522710677950e-02 1.871977449461020501e-02 -1.131574060337200288e-02
1.483780151896577082e-01 -1.874199443846465141e-01 3.632604945391437745e-02 6.610797673170248911e-02 -3.125939362822906936e-02
1.284228043110924034e-01 -1.357266221574073006e-01 -4.705819080046190137e-03 7.733152639503548809e-02 -3.122838126311827667e-02
1.496914093980391547e-01 -1.600045161026149299e-01 -2.594990166251090816e-02 1.160305383085633996e-01 -4.522808508115599979e-02
1.241930985835450058e-01 -1.325363030336662584e-01 -1.710652129401644614e-02 9.027963633197023940e-02 -3.532321150445734415e-02
1.752274734196087591e-01 -1.799253818011284367e-01 -1.491428219455042401e-03 9.559250697109768213e-02 -3.889788542578410946e-02
1.116641837652821989e-01 -9.610052424919889036e-02 -4.459028663006581877e-02 9.650766256503401364e-02 -3.482266073359516906e-02
1.641137057278839184e-01 -1.762890386774147722e-01 -4.113379000755301544e-03 9.894994645833950220e-02 -4.020750633047120298e-02
6.328641874292964542e-02 -7.620872144548992977e-02 -1.196868299660543578e-03 4.466192602653994842e-02 -1.838163480746311113e-02
1.517609730249180611e-01 -1.683317403535663781e-01 6.001369742323432212e-03 8.434786152222790989e-02 -3.527535932314366379e-02
2.230705938638340852e-02 -3.772962593022045202e-02 2.366880182689558645e-02 -3.490050522626004723e-03 -1.113097159009767984e-03
5.484977236098370623e-02 -7.598695064024608981e-02 2.136421055849443973e-02 2.064187972155432510e-02 -1.085361447177492396e-02
7.489489748483647846e-02 -6.754611733004695084e-02 -1.745927620157120691e-02 5.251226117783115016e-02 -1.951965255400590904e-02
1.588603988065443728e-01 -1.748935690064115367e-01 -1.138682029709905258e-02 1.084330145780407484e-01 -4.362109655563630589e-02
2.549003468215600698e-02 -7.201822527060026784e-03 -5.258967338278050518e-02 5.945989653272955311e-02 -1.891830969440460447e-02
1.051769631225615009e-01 -1.121120335944500723e-01 -1.325123002627494502e-02 7.519638682169532684e-02 -2.959382860125823328e-02
1.715109929291052937e-01 -1.796347840753123593e-01 -1.189640045442647183e-02 1.085673498947837268e-01 -4.332977253599967771e-02
8.135472169844999712e-02 -8.487629445666847183e-02 -2.414467636659704472e-02 7.263853786406035407e-02 -2.736536637616845610e-02
1.388439828926001374e-01 -1.592888984713685396e-01 6.916081223932499418e-03 7.997259907512863086e-02 -3.369923488209414925e-02
7.929276234726793937e-02 -7.166486707466153405e-02 -4.887291290748457806e-02 9.143712088753690181e-02 -3.251672910290173690e-02
1.264144926388904300e-01 -1.363793462128282952e-01 -2.243970151005443558e-02 9.977543495856544542e-02 -3.893292399801848852e-02
1.305219891749499483e-01 -1.422601836268138353e-01 -4.043951851197041293e-03 8.143394369081524697e-02 -3.311067857904106959e-02
1.103325955963323918e-01 -1.427045798032915147e-01 3.185324929913974784e-02 4.609006496026259170e-02 -2.246683990438065603e-02
7.487979527121170487e-02 -8.014629354070910983e-02 -1.683982294629824544e-03 4.447642181066995687e-02 -1.802689795409930656e-02
1.037504346979725156e-01 -1.022829876698453516e-01 -3.321267825091796938e-02 9.067361123690163838e-02 -3.380696924877810150e-02
5.493692942255812284e-02 -6.142031308140415841e-02 -3.317784779595901127e-03 3.709521941205131540e-02 -1.487383409020478185e-02
1.327878012156099297e-01 -1.626581150612811666e-01 1.543495716101611105e-02 7.515833481063714794e-02 -3.283996831328491600e-02
1.553277881569917751e-01 -1.714495308222817871e-01 4.184310029551796886e-03 8.808227854756549291e-02 -3.665990203096368416e-02
1.670130180755312888e-01 -1.600285562325915178e-01 -3.823689987320052358e-02 1.245993171596601612e-01 -4.707616511195496928e-02
1.393597742551957730e-01 -1.420577501573473955e-01 -2.323119742201260399e-02 1.009893775258376425e-01 -3.911286024235274134e-02
1.173767199496491137e-01 -1.355037744312751202e-01 5.804212345235034570e-03 6.830162443459629473e-02 -2.877090857655325087e-02
2.183853424902471307e-01 -2.294475132954887919e-01 1.114688983760238859e-02 1.082614823473736360e-01 -4.536621713753516416e-02
1.448146051828252956e-01 -1.497880799244724337e-01 -2.441910938040036880e-02 1.069980589745559568e-01 -4.149011384298122856e-02
2.907812993934760781e-02 -2.790415799089188131e-02 -1.459492194389933571e-02 3.098074426063148271e-02 -1.122895381493435422e-02
2.225471853318657448e-02 -1.583184877375941324e-02 -2.000387171166913280e-02 2.938266788084477679e-02 -9.946451047865392456e-03
9.121132152855468411e-02 -8.902267367354704808e-02 -3.570403269763844367e-02 8.655304062969479406e-02 -3.186705397600525513e-02
1.534096257652603768e-01 -1.625510589930397043e-01 -1.342982966738960962e-03 8.759393485514889444e-02 -3.571875966634455862e-02
1.353775613365830466e-01 -1.439810282381155659e-01 -2.089913505997182883e-02 1.010775355131255937e-01 -3.948973283499717518e-02
3.818316882985830357e-02 -4.965058693877272972e-02 1.214783585541394893e-02 1.470581304538553548e-02 -7.339253334641934398e-03
1.378266467321546951e-01 -1.472876302922926373e-01 -3.442421900965564330e-02 1.196296088424186194e-01 -4.598875373368175451e-02
1.223442797886753614e-01 -1.452006342872365630e-01 1.689482013707787472e-02 6.180864199308823415e-02 -2.726733541296541552e-02
8.762281694606323390e-02 -9.973665459051650473e-02 3.046582007060233302e-04 5.422686212657625709e-02 -2.231026893115987259e-02
9.307056651958342530e-02 -9.647755159433134275e-02 -2.888293430282545121e-02 8.414397705466560018e-02 -3.162430435286416736e-02
1.757168579314785373e-01 -2.027187028737940933e-01 1.176084005243100729e-02 9.877295607293293256e-02 -4.200003293012966044e-02
3.147848692295712042e-02 -1.525377167244519779e-02 -4.756095712461819863e-02 5.839865815103710556e-02 -1.902813129767401759e-02
1.682582336970639136e-01 -1.923031291425953693e-01 5.868644436190702598e-03 9.958617886991005808e-02 -4.176940252048473579e-02
1.180545289168003914e-01 -1.354305513847138265e-01 1.454568520882227635e-02 5.784872777085639517e-02 -2.531278438209734125e-02
1.138833531910507790e-01 -1.307400643084784542e-01 -7.064717969825901750e-03 8.078471372317473642e-02 -3.268353986950133655e-02
8.019724839100485225e-02 -7.625427817790537965e-02 -3.708117234060741979e-02 8.116616564621881302e-02 -2.952781701095007552e-02
1.373346495397831935e-01 -1.654860192438809552e-01 1.533797880902088538e-02 7.610454691520407433e-02 -3.317113917073534479e-02
7.575498192713277235e-02 -7.603019740131793103e-02 -2.675862762666377653e-02 7.050259472724083876e-02 -2.628868270993306444e-02
1.211461089251003459e-01 -1.324146993420506346e-01 4.044902293298765009e-03 6.639365092371746213e-02 -2.760667188105991182e-02
1.643578392716836811e-01 -1.530500688012416677e-01 -4.522294828814285572e-02 1.272959871502103157e-01 -4.728411660492168322e-02
9.385542001851586436e-02 -9.459419909758398637e-02 -1.471403120934804305e-02 6.568441290369834984e-02 -2.535652378224712705e-02
1.138823199381457929e-01 -1.017706543043988138e-01 -3.652579196119100369e-02 9.080917535743462943e-02 -3.325407348418635278e-02
1.173305536199775317e-01 -1.068913687666329659e-01 -3.628051449788638472e-02 9.346772260601299287e-02 -3.435367773386532181e-02
1.052541099934161256e-01 -1.046949984180960136e-01 -1.345471398843999487e-02 6.905201041463063238e-02 -2.681969511886385035e-02
1.364279239868863292e-01 -1.468398323490429092e-01 2.060981152552244199e-03 7.570290544062269200e-02 -3.115587890103527213e-02
1.234139393721542521e-01 -1.377441061716954962e-01 7.007973408556383843e-03 6.645705798065977554e-02 -2.793826427909927579e-02
1.348070207963424638e-01 -1.283228722763386787e-01 -4.242142555846225432e-02 1.131295368802165274e-01 -4.197327961680295816e-02
1.338956890959796253e-01 -1.480406788288922693e-01 1.747609638246201344e-02 5.973031896865804019e-02 -2.620517866603176010e-02
1.263334071290438121e-01 -1.231301639653151897e-01 -2.597490752156434574e-02 9.234358328340269706e-02 -3.510929375939961933e-02
1.687114487710938138e-01 -1.589823523452538745e-01 -2.620013574899970887e-02 1.087702125883612952e-01 -4.151504713467573521e-02
1.586586424511201576e-01 -1.630770428487906265e-01 4.340616500959969953e-03 7.976956204000787420e-02 -3.289091911977694294e-02
1.456198152703893911e-01 -1.629122972740280617e-01 8.147176205251681000e-04 8.782649701243776252e-02 -3.622418911475075443e-02
1.227776609579942502e-01 -1.471937519630056035e-01 2.077671130810043731e-02 5.865565857735469124e-02 -2.634393124317701770e-02
1.385948340710759230e-01 -1.523713257115237585e-01 -1.159335624696502393e-02 9.613287286980680413e-02 -3.845651234573575772e-02
1.379977356130692168e-01 -1.302080825076405157e-01 -1.356065633954618189e-02 8.039409624195555104e-02 -3.127603538347016598e-02
1.237490813158709790e-01 -1.391054451840426365e-01 9.500564414686255357e-03 6.476153654928330783e-02 -2.755346018100093136e-02
1.425673195765472523e-01 -1.487771232307346092e-01 -1.192139407842750937e-02 9.187940350651023491e-02 -3.640604710629385954e-02
1.528746577762048024e-02 -2.421816128861353258e-03 -3.054242412643004903e-02 3.286311082181216786e-02 -1.025744854116442811e-02
1.324609723266395589e-01 -1.416626259463552862e-01 -1.343393623829913092e-02 9.107396184790071680e-02 -3.604820808000439719e-02
7.440826174787779079e-02 -7.724735476597691108e-02 -2.414222822953331765e-02 6.885117956997366395e-02 -2.589647107506215171e-02
1.987561475330752170e-01 -1.890996813306876356e-01 -3.659595288108564645e-03 9.884622070189068299e-02 -3.963649884566804171e-02
1.185492783579385895e-01 -1.195930666269386239e-01 -3.505668980256214373e-02 1.026412719700596360e-01 -3.860602445708795349e-02
1.612340723641229601e-01 -1.753246206753233949e-01 7.163662293371708331e-03 8.565038248191535197e-02 -3.580271184231349074e-02
1.680256715202494977e-01 -1.648859212737053548e-01 -1.055700674512302260e-03 8.503949702374025144e-02 -3.440060806796593762e-02
1.072356383845383260e-01 -1.087112944858587005e-01 -1.826043069278401182e-02 7.733723114652246711e-02 -2.980728073952983864e-02
1.261172658458178941e-01 -1.362631800945142413e-01 -1.872302057730974856e-02 9.491557356070758067e-02 -3.716804171932566736e-02
7.000389842695978193e-02 -7.898606651915676680e-02 -7.269104333037481463e-03 5.199285389106605287e-02 -2.075428694099591687e-02
1.582259950312230046e-01 -1.893530671171950452e-01 1.490292313878237990e-02 9.002860254627639836e-02 -3.894052362642986403e-02
1.443575357051782582e-01 -1.371117250032167501e-01 -4.007240313591502179e-02 1.148465937896508970e-01 -4.291917832454698878e-02
1.492282503972867935e-01 -1.653006941218360115e-01 8.858785860964871542e-03 7.936703703028223644e-02 -3.351182778801845702e-02
1.400098347440932312e-01 -1.578485771007806515e-01 5.129745377339104198e-03 8.042942974876868267e-02 -3.364115463688747282e-02
1.401013115772359874e-01 -1.710105236357401803e-01 1.452745356860248548e-02 8.081044808840587290e-02 -3.507514567163007302e-02
1.253028037144648110e-01 -1.417465686040759731e-01 4.235090591880598734e-03 7.283896876433514078e-02 -3.044758298018912512e-02
1.430812276739512334e-01 -1.596927336276860732e-01 -4.385878898751438895e-04 8.746986088559756400e-02 -3.595838082862085755e-02
1.079090103432061160e-01 -1.073026488839282505e-01 -3.631442712545557283e-02 9.745196109280696017e-02 -3.637849929423250805e-02
1.411235648623026528e-01 -1.690718486997240810e-01 2.655889392423897710e-02 6.428797699885460681e-02 -2.927492986133755498e-02
1.108589360927547673e-01 -1.034142461985943923e-01 -3.159983519176234879e-02 8.765033960209291097e-02 -3.262232930044819956e-02
9.421239556864734188e-02 -1.097611253723498881e-01 8.406898927197270673e-04 6.033361736484628424e-02 -2.505636865406974528e-02
1.106772381087770402e-01 -1.300347398519813569e-01 1.096214970342172107e-02 5.990292505030017645e-02 -2.586805932471701944e-02
1.310055373851319593e-01 -1.486758421803577312e-01 2.086039416835430704e-02 5.725927403172943742e-02 -2.562173731795132012e-02
1.086715957273239191e-01 -1.193874161185516924e-01 -1.536322524213128322e-02 8.284525840439796451e-02 -3.265558558849846610e-02
1.345420839706455152e-01 -1.373721012126305485e-01 -1.767623541773540724e-02 9.200124834998167633e-02 -3.592584531304499756e-02
1.634856035979074529e-01 -1.824734960300749276e-01 2.354976830554266366e-03 9.683520239997142620e-02 -4.014518303362962087e-02
1.334431102603566843e-01 -1.401918579009065469e-01 8.321486397836162785e-04 7.286475189007829423e-02 -2.985772020158057941e-02
1.857154173045070383e-02 -1.673865230816534364e-02 -8.889750722915468889e-03 1.824961132037771633e-02 -6.532516946703851961e-03
3.200778302835500383e-02 -4.018054487668622221e-02 3.567716541424844484e-03 1.904011080443785559e-02 -8.272830250745008204e-03
9.045368894683157579e-02 -1.035605363190138933e-01 1.185410037026467071e-02 4.326457093444117941e-02 -1.900627756404032337e-02
7.689963060216647994e-02 -8.707944282164377381e-02 6.437919881863945863e-04 4.711103399181847118e-02 -1.950103693833971780e-02
1.347637056041768588e-01 -1.523951228220864207e-01 -2.534149520837739554e-03 8.678490820040796194e-02 -3.557967598923814090e-02
1.861784736374236249e-01 -1.866928377585234666e-01 -2.672210232427442433e-02 1.270881543663562596e-01 -4.931122015607413561e-02
1.663941760343887744e-01 -1.706661262293683035e-01 -9.563241180877483233e-03 9.999921456162637334e-02 -3.993174556368229294e-02
1.601754982863592136e-01 -1.830193920896341364e-01 -1.727718868810530946e-03 1.035448991227632815e-01 -4.269994704866307556e-02
8.751196431407673448e-02 -1.034488783635684056e-01 2.773887126587301893e-03 5.502825428317768136e-02 -2.309826657424886298e-02
1.341667407140515467e-01 -1.527718716935709264e-01 -1.010461194853404417e-02 9.657874004799560375e-02 -3.898802973067522215e-02
1.216459535655369101e-01 -1.390363933931880736e-01 4.329676231535388377e-04 7.642031938842494543e-02 -3.163232248313543882e-02
1.580642764800852806e-01 -1.700678183817111166e-01 -1.449628689372316724e-02 1.078909723043208063e-01 -4.290430251961756258e-02
1.328465880938944077e-01 -1.411757267358049739e-01 -2.203552707436498559e-02 1.010634899779911944e-01 -3.942040802102626113e-02
1.061268854595057709e-01 -1.133789448680377343e-01 -1.257837773896865012e-02 7.514401065037244754e-02 -2.963826934036210142e-02
1.057371731903615358e-01 -1.098631206577894148e-01 -3.070389918185514877e-02 9.381021328748645471e-02 -3.553876323436006707e-02
5.450018330961785284e-02 -7.087098222068009823e-02 2.159091722456682461e-02 1.594449030934905892e-02 -8.798681591240664970e-03
9.306761408513236633e-02 -1.052185546734214355e-01 -2.879811978843894744e-03 6.095539809797454606e-02 -2.480444103330414762e-02
1.056885843477364251e-01 -1.143691401331631552e-01 -1.675443244517862626e-02 8.094149960544601285e-02 -3.162240904121974006e-02
1.188096278326586791e-01 -1.424042601460309421e-01 1.261983211488061467e-02 6.583050420301832240e-02 -2.857939580143559199e-02
1.744809419467485412e-01 -1.755434241875811763e-01 -2.789405779151414924e-02 1.230060996195262019e-01 -4.758534972084923348e-02
1.164708540508930662e-01 -1.212259898140519293e-01 -2.652537343520648336e-02 9.488696659792671129e-02 -3.638111401063329198e-02
1.147170875340225299e-01 -1.135819541512893271e-01 -1.124327524331826186e-02 7.071022470734264487e-02 -2.763551244998242729e-02
1.623404523997820370e-01 -1.723236057150284439e-01 -1.325300182744674343e-02 1.071212203946621533e-01 -4.270239626527762289e-02
5.837703432781449209e-02 -8.751108034879699626e-02 3.586167485923045378e-02 1.214991007787335174e-02 -8.920593357281019972e-03
7.111545326578266879e-02 -7.917083010052518299e-02 -7.479459729224485418e-03 5.144545818456276731e-02 -2.033539043297620183e-02
6.195840076835587573e-02 -6.325447238060125099e-02 -1.639568960970630429e-02 5.177771414307903719e-02 -1.954886089653129835e-02
1.043544022098528978e-01 -1.169848331799356461e-01 1.366157505632459128e-02 4.784812095678742799e-02 -2.100824323783519881e-02
1.230394604295387828e-01 -1.281377405730943775e-01 -1.818531102549806461e-02 8.840274331183309298e-02 -3.442438282685617024e-02
2.279250006592814237e-01 -2.525139963837578216e-01 -1.104464069240707058e-02 1.510445191930537279e-01 -6.136460106463285241e-02
1.855096263000382273e-01 -1.736878261767465514e-01 -3.353404705240937284e-02 1.246120147405488238e-01 -4.734611016516039605e-02
1.261623525381918298e-01 -1.209360206244878555e-01 -3.491191784106983942e-02 1.009117890821137481e-01 -3.770328271186999813e-02
1.856034682295004123e-01 -1.979769549858770294e-01 1.461417602095757030e-02 8.837529090143238231e-02 -3.760272461939472011e-02
1.066976421733504682e-01 -1.253152073047351378e-01 1.448734875781768072e-02 5.307233013649909070e-02 -2.337997232754489979e-02
7.085639668555571147e-02 -6.676259458147712489e-02 -2.985905063802921436e-02 6.794444968970304866e-02 -2.485513776710969805e-02
1.162103983417820813e-01 -1.242066686086011063e-01 -2.459070237300491762e-02 9.534058122950052339e-02 -3.685212944787495670e-02
1.361339490347696912e-01 -1.568075308380372235e-01 5.818115633325462825e-03 8.011579892701665984e-02 -3.367515703523984993e-02
1.291334923162897608e-01 -1.360696963745286203e-01 -1.517298640740820728e-02 8.962262273310381278e-02 -3.526929206621753216e-02
1.299648711321775563e-01 -1.614593851699341331e-01 1.727355832207787961e-02 7.304858116024738612e-02 -3.221800505308045071e-02
1.259767372695129450e-01 -1.155854626318826850e-01 -3.982311106655538752e-02 1.025138587341117430e-01 -3.783196369116612057e-02
1.339516381330943529e-01 -1.470689449552222972e-01 -6.021853824133657123e-04 8.014748078023942179e-02 -3.289265041609527873e-02
9.600565808065479600e-02 -9.236408010292376791e-02 -2.074247100568585994e-02 7.030291712243259827e-02 -2.659616652822235916e-02
1.371925683099403936e-01 -1.530297825747135576e-01 -8.343505034007249466e-03 9.336595990579245330e-02 -3.768758842310698104e-02
1.268570469345250973e-01 -1.453584215304782601e-01 -1.456196553750257496e-04 8.059879755472149077e-02 -3.328006277738645297e-02
8.955963948374999484e-02 -8.368338550205821347e-02 -3.845775558330773169e-02 8.597866205173845811e-02 -3.133188315584492512e-02
1.798787693941071575e-01 -1.813428617697059042e-01 -1.162623300960974673e-02 1.069312904888207322e-01 -4.246054470974974099e-02
1.152039225384468984e-01 -1.139433032951001762e-01 -2.004420986050570522e-02 8.112796073800532248e-02 -3.108466344745133836e-02
1.318008975776570058e-01 -1.427692979018087838e-01 -1.821639578507889060e-02 9.827429704858982318e-02 -3.870217690262819921e-02
1.064081326792567089e-01 -1.285896386892343701e-01 1.580224380083782021e-02 5.449109525335257137e-02 -2.420004958904711442e-02
1.299687401493684058e-01 -1.499713690120208220e-01 -3.242040052714962890e-03 8.756733946989263273e-02 -3.599533107762543233e-02
1.125603345079162904e-01 -1.150567002181586002e-01 -1.782135008191864517e-02 8.059893744887385025e-02 -3.125522531677733112e-02
1.138696770493645566e-01 -1.303289268885002294e-01 1.211844459337695762e-04 7.195619903751118707e-02 -2.974176261584115383e-02
1.649695183134073651e-01 -1.654060960440133787e-01 -1.908702126647874794e-02 1.072606695793564130e-01 -4.193427403938615461e-02
1.667697676708125021e-01 -1.675567381600602257e-01 -2.028306024122473322e-02 1.098025999427916372e-01 -4.285412335071726864e-02
1.189342287918846580e-01 -1.260708068442418506e-01 -2.290005825011765320e-02 9.387751789445680783e-02 -3.635778247041215189e-02
1.625659535003859402e-01 -1.735786093571203004e-01 -2.346882012598703118e-02 1.202017699145365714e-01 -4.715328273762801892e-02
1.354076436745068612e-01 -1.640876073536332302e-01 1.967690644514295470e-02 7.048680326297609988e-02 -3.130328548046300285e-02
1.562314412553937326e-01 -1.751865893779665784e-01 -2.641117717514671927e-03 9.917788944570597731e-02 -4.070136127485032146e-02
1.398437378536632469e-01 -1.565570844891037983e-01 -2.811006404182254947e-03 8.883327074750958785e-02 -3.633900336392233837e-02
1.354687465506715927e-01 -1.551230472868275201e-01 2.754414767348833080e-03 8.270175479837342525e-02 -3.447196378508277093e-02
1.470759766446305961e-01 -1.739827887079578861e-01 1.578366644062157570e-02 7.941816596365867953e-02 -3.450910326321843247e-02
1.345635650762067315e-01 -1.515554998594907943e-01 9.945465289019059241e-03 7.131494892147824394e-02 -3.035144420487642658e-02
1.092267628732109808e-01 -1.154361963929602386e-01 -2.349048219099574009e-02 8.894619244474442910e-02 -3.430193894852964775e-02
1.150244930116239017e-01 -1.207908882269521644e-01 -1.705836635502580231e-02 8.383827882308678148e-02 -3.276704859397883141e-02
1.177902907056986026e-01 -1.370072098306500952e-01 -5.201511546207013888e-04 7.710065765876525368e-02 -3.185669540981618530e-02
2.019244956503215283e-01 -1.953580339753663020e-01 -2.471098232209308077e-02 1.270727671190568231e-01 -4.928971528179790229e-02
1.688385112236479024e-01 -1.912379575967047829e-01 1.462619344168379415e-03 1.037173422205750484e-01 -4.301828450731144671e-02
9.820974739644137974e-02 -1.120470854018469492e-01 1.940301277114676176e-02 3.898497033331355111e-02 -1.794833280535015896e-02
1.097429511925555462e-01 -1.105940395292899087e-01 -2.198681765129474608e-02 8.276518893639960017e-02 -3.174263601225341125e-02
9.953888095615159859e-02 -1.184410564229001206e-01 1.876127133984733381e-02 4.444123444630102698e-02 -2.021040068263329700e-02
1.452569177920458032e-01 -1.589998311690614397e-01 -4.080354843835931264e-03 9.069091924151866102e-02 -3.692761218823763236e-02
1.426547651310977605e-01 -1.618920056724765799e-01 3.481915530281272375e-03 8.498253805845645825e-02 -3.540621206895502859e-02
1.200395847587049925e-01 -1.233865051020218845e-01 -2.049529904283929269e-02 8.819334921076582567e-02 -3.410516193393867829e-02
1.401265453284023799e-01 -1.572324494445968557e-01 1.580701562179148830e-03 8.423020963435014219e-02 -3.489806555848085079e-02
1.497419657764063883e-01 -1.692529802723694021e-01 2.072665446501896231e-03 9.044549495415121765e-02 -3.749640054720194265e-02
1.153360441467167624e-01 -1.410496776742680702e-01 1.924741843101627353e-02 5.815937051343391534e-02 -2.614746638202353202e-02
1.973466483564925988e-01 -2.121712543591346145e-01 -1.581350712174044507e-02 1.323862268770391870e-01 -5.296391426811591224e-02
1.357936191682092009e-01 -1.352513139274686971e-01 -3.110341058320296656e-02 1.055432346284884693e-01 -4.012780371637350574e-02
1.391991980166613074e-01 -1.358114367378301934e-01 -2.943183511650380307e-02 1.029196571902330493e-01 -3.912086256256713801e-02
1.502412438493087032e-01 -1.617746353787379854e-01 -2.122297814216667772e-02 1.118327971382578612e-01 -4.399861285204311606e-02
1.235522235801345819e-01 -1.431326545200514166e-01 -7.221393221513281889e-04 8.074486336439472278e-02 -3.337678414000483373e-02
1.503817697536275477e-01 -1.665063356863625554e-01 -1.235952207537490029e-02 1.052123893228894408e-01 -4.219040780022773052e-02
1.411750762189807884e-01 -1.661998025625915643e-01 6.984567346299358666e-03 8.531863964774720477e-02 -3.609702449781884703e-02
1.251920089143856163e-01 -1.387075922000256811e-01 -3.991222627950189242e-03 8.016900370951079990e-02 -3.265666282795515879e-02
1.670079332558736807e-01 -1.787275302333282689e-01 -2.323360962008353889e-02 1.226792114344984475e-01 -4.817090040571298665e-02
1.137699594006854747e-01 -1.214200906970024918e-01 -2.517295065900786166e-02 9.449141961484541774e-02 -3.644407789511668744e-02
1.145404691195860830e-01 -1.100878054477844731e-01 -1.777675418820711187e-02 7.573585899599530324e-02 -2.905788557907146644e-02
1.415263985698200500e-01 -1.542910062043631181e-01 -1.535382856246722896e-02 1.013012994945408224e-01 -4.021905444185940731e-02
1.281971979960830343e-01 -1.448098846140008500e-01 -5.820219915102268875e-03 8.635588571384517076e-02 -3.505359188804080955e-02
9.161931515540469029e-01 -1.151176481845114674e+00 1.035312076144626892e-01 5.385952701446432567e-01 -2.327952439746061863e-01
1.532278459158292194e-01 -1.223744405924558909e-01 -7.619935065948435504e-02 1.421788288229209329e-01 -5.014483462688429372e-02
1.015116844719773370e-01 -1.079091888220135714e-01 4.500414820432662236e-03 5.199636631786196117e-02 -2.170804890569793741e-02
9.072331989526612184e-02 -7.141812893240644111e-02 -6.187057323827641758e-02 1.028929249032026899e-01 -3.576549887130933691e-02
1.189622216747431710e-01 -1.313934812364332683e-01 -8.593399983291959837e-03 8.151536244555640520e-02 -3.276502297650310536e-02
1.453824237211313042e-01 -1.728781510343860572e-01 2.468871065727231209e-02 6.838457134540229521e-02 -3.078827182524006278e-02
1.487108849695604196e-01 -1.634585652111977816e-01 -3.573044907566230548e-03 9.260514307329179018e-02 -3.775257915686397459e-02
1.233216468563864826e-01 -1.352655830495489153e-01 -9.559514349419716978e-03 8.457864762184151564e-02 -3.394273447073423156e-02
1.724084426777169610e-01 -2.035564554564721074e-01 2.039862249992686546e-02 9.068498929608445613e-02 -3.967490342924422791e-02
1.479233594241541050e-01 -1.653433797121561244e-01 -3.567566913359061006e-03 9.465827326830622557e-02 -3.871784126068443521e-02
1.426186982536474801e-01 -1.470418759967002109e-01 -2.418634700355766845e-02 1.051304177684160013e-01 -4.073382362688176411e-02
1.873217913365821108e-01 -2.037163128868809403e-01 -8.378540218377110091e-03 1.195571829579797352e-01 -4.837894412646580322e-02
1.473585717175554533e-01 -1.632672741634792757e-01 1.533681152698253454e-02 7.075878866123842814e-02 -3.059871697675090735e-02
1.492854785722568800e-01 -1.672319542316288710e-01 4.360966969007565135e-03 8.617860515842984404e-02 -3.591718277824592492e-02
1.586041475587429417e-01 -1.693967623800817501e-01 -1.758565105571839246e-02 1.110333649119157884e-01 -4.394035621398615504e-02
1.416986614369749875e-01 -1.573543537985488683e-01 -1.435234277422501627e-02 1.026631243893347534e-01 -4.093616393149998589e-02
1.946066002470770440e-01 -2.012657162420793677e-01 -2.068401619848245568e-02 1.294272177576681060e-01 -5.097458280594183155e-02
1.263810953967871020e-01 -1.332753153252233813e-01 -1.882458385620808250e-02 9.248657009215882630e-02 -3.610676771195232143e-02
8.023563396194027808e-02 -7.603435273537453853e-02 -2.855373297044304370e-02 7.106877153335484920e-02 -2.623226721231795844e-02
1.009658450159409415e-01 -9.481750526974307147e-02 -4.320632167109799554e-02 9.739086853808301414e-02 -3.560040591153933870e-02
1.645205468505729629e-01 -1.783743080026055916e-01 -8.978549676396139351e-03 1.063071903335400387e-01 -4.282057082885305094e-02
1.145761043537469603e-01 -1.237662316586720379e-01 6.128987465500403652e-03 5.875074882045466795e-02 -2.459283633356032506e-02
1.220206257598959732e-01 -1.279798679402105732e-01 -2.178253943450482455e-03 7.000931102391326488e-02 -2.844312177504318070e-02
1.164799546634422839e-01 -1.234751848150864723e-01 -1.440983374848886674e-02 8.237068176851868040e-02 -3.240635607566526299e-02
1.209998949222884645e-01 -1.114239310606494754e-01 -2.564820592954068779e-02 8.386775798677065241e-02 -3.147136460405786096e-02
1.724252896002623769e-01 -1.918051404510935087e-01 -2.601640426706128013e-03 1.076233036957434941e-01 -4.411509721124932948e-02
1.195484312292477147e-01 -1.313667069645916563e-01 -1.319847821452736075e-02 8.672206253160445744e-02 -3.444800935283057197e-02
1.701694875726008638e-01 -1.854042887948023910e-01 -8.845650390473346406e-03 1.104625324732428637e-01 -4.463260549902543090e-02
1.705710064091317812e-01 -1.877481549178686149e-01 -9.601547704404116840e-03 1.135919218046600593e-01 -4.600034743117978331e-02
1.425637562508167422e-01 -1.528895690493794757e-01 1.314771362662824853e-03 7.998212953890446175e-02 -3.291467961706411038e-02
1.457166974689767525e-01 -1.700757188562556643e-01 3.739305181525429730e-03 9.090192465524654652e-02 -3.805835421109297206e-02
1.310408604582260494e-01 -1.530143492538724448e-01 1.300811573483272657e-02 7.011320949077154419e-02 -3.028065200124859316e-02
1.490715100139435034e-01 -1.632992570053961590e-01 -9.001577902793317723e-03 9.892425206855370856e-02 -3.987119897548942887e-02
9.629823836419482141e-02 -1.005823554178919277e-01 -1.303094230894963693e-02 6.803509534257551339e-02 -2.659237880231586984e-02
1.001139467715018994e-01 -1.161172415635697286e-01 -5.115135989261072186e-03 7.090431523586515627e-02 -2.886076064464262320e-02
9.670435352466920376e-02 -1.069632426232677153e-01 -1.083905763693378092e-02 7.112051671286122312e-02 -2.831352459653230583e-02
1.755238324202505196e-01 -2.052909300799699854e-01 1.623581140561897868e-02 9.581796549966978271e-02 -4.129722998491496683e-02
1.124329816296351092e-01 -1.179746851288045462e-01 -2.473791903335434070e-02 9.121993162438273017e-02 -3.502425291965566984e-02
1.681472075058352000e-01 -1.860982437019156333e-01 -1.632937370416071357e-02 1.204205084726847480e-01 -4.804227548558226424e-02
1.502655484944490361e-01 -1.510991781529610889e-01 -1.030151390771975178e-02 8.965825706645229320e-02 -3.553140596000715218e-02
1.092581050357178257e-01 -1.132028976964683659e-01 -1.794293984647089488e-02 8.036756994434668400e-02 -3.121741077969698852e-02
1.221859457958036077e-01 -1.189196144828505164e-01 -1.717613401983803662e-02 7.942810807603388479e-02 -3.051841782472848943e-02
1.654360729235810346e-01 -1.643237045144632924e-01 3.481445918160008205e-03 7.997353993500569413e-02 -3.277449680952589095e-02
1.922337316501367688e-01 -2.280493539901838618e-01 3.776292970710926067e-02 8.392277788350552270e-02 -3.849977514446586979e-02
1.345299671966982968e-01 -1.481925136399488141e-01 -1.797936749296967507e-02 1.017684321436517908e-01 -4.023733811250095743e-02
1.541063185478001030e-01 -1.781320329694939253e-01 -1.261296268021711887e-03 1.007191775300690928e-01 -4.156806274283764840e-02
1.119691912207758516e-01 -1.150907426728658423e-01 -3.055413388835623995e-02 9.603401280910800475e-02 -3.645964464783427172e-02
1.312023544393410290e-01 -1.368554001325092140e-01 -1.176126137318256153e-02 8.562674196981559516e-02 -3.391991496957860730e-02
1.519640763419669027e-01 -1.684259580574521131e-01 4.288468578260776209e-03 8.648515193043074256e-02 -3.601929329185071804e-02
2.028089772066890561e-01 -2.194826728669176663e-01 -4.797648330689944672e-04 1.187071203820734555e-01 -4.881745793468150046e-02
1.233901766723990573e-01 -1.307701239964090822e-01 -9.133594846051491106e-03 7.995884431726596464e-02 -3.189118719171669947e-02
1.631579141235927344e-01 -1.781140614667230393e-01 -7.935522946567057404e-05 9.615086629268938812e-02 -3.953598282801799868e-02
1.032569731683998515e-01 -1.194152061882386706e-01 -2.042857751086092112e-03 6.902697032589502624e-02 -2.839196081689467771e-02
1.240666998733958165e-01 -1.363981122344962160e-01 -1.169087140400199010e-02 8.771363611084904977e-02 -3.501109659926773116e-02
1.385398913596976866e-01 -1.607397424295675392e-01 1.353310416879665960e-02 7.355746032758338215e-02 -3.174613638552398892e-02
1.396179703169910524e-01 -1.689525874618493517e-01 1.596554857855315632e-02 7.722847613306213499e-02 -3.363052108142510627e-02
1.130698234827046955e-01 -1.390025930505611185e-01 1.731565215044120545e-02 5.926004883304576004e-02 -2.636555134243035586e-02
1.384268829593956474e-01 -1.767502884444895339e-01 3.682497710469692653e-02 5.980387714327965037e-02 -2.871085014978774427e-02
1.881938554640996408e-01 -1.999322707825008372e-01 2.112739064808822134e-02 8.169041544060233473e-02 -3.545668990114148739e-02
9.346085383324916063e-02 -8.578416862377004348e-02 -2.780683855397168142e-02 7.410366022927275531e-02 -2.744377711875656961e-02
1.551777142800836451e-01 -1.686951988222079590e-01 -2.067826636201391087e-03 9.320153632373492925e-02 -3.811910805877758573e-02
9.750673853399563495e-02 -9.776074035090709380e-02 -1.034795602419979164e-02 6.215755218654485381e-02 -2.432566667393423060e-02
1.440712496852482039e-01 -1.611470254182948147e-01 -8.505991700064326894e-03 9.825665324337892748e-02 -3.973398103971321343e-02
1.301740407878848593e-01 -1.439853172764679334e-01 -1.095868078235587122e-02 9.111811359804002086e-02 -3.647311207719107495e-02
4.607986107822185234e-02 -5.349571050643409792e-02 3.431603685628161100e-03 2.553882880161777863e-02 -1.084252455721314290e-02
1.580788966891721048e-01 -1.842658233379914079e-01 7.214471750153607713e-03 9.448608778468071956e-02 -3.983443939827691072e-02
1.913398130428663191e-01 -2.093220858903274695e-01 -2.090482004226542137e-02 1.384326685423351022e-01 -5.517284912268576730e-02
1.770588236167283669e-01 -1.896713832158669344e-01 -1.791021619416330313e-02 1.223113112570535649e-01 -4.853075015191900266e-02
1.754267491905814880e-01 -1.963520861121841876e-01 1.608373928748382115e-02 8.830004407470200267e-02 -3.791228074159778971e-02
1.825546314152067806e-01 -1.866044660639562258e-01 7.661367973250603029e-03 8.832397101800575079e-02 -3.676154571546668554e-02
1.064468040560308665e-01 -1.211933464648252828e-01 -8.693350307291602616e-03 7.729536567741010500e-02 -3.111005224262339969e-02
1.042382710519908356e-01 -9.886985772793874250e-02 -3.464791272245675707e-02 8.950677860481102976e-02 -3.314875267310798262e-02
9.296357951676190168e-02 -1.158821570409155899e-01 1.872649054484529577e-02 4.465062697017856824e-02 -2.043412115586713124e-02
1.216627098147528147e-01 -1.328131141969408346e-01 -2.075052925390872410e-03 7.392036200365499632e-02 -3.016675867847483372e-02
8.533795959839345080e-02 -8.672186791843758402e-02 -3.216352105916974596e-02 8.262197647789099042e-02 -3.072344756899439769e-02
3.342839906257109167e-02 -4.593177274627983919e-02 1.375130967532726088e-02 1.132154497545231550e-02 -6.144228420861038570e-03
5.509934790082602479e-02 -5.492708680449028685e-02 -1.437653541921334391e-02 4.470282626286989358e-02 -1.682802906287348549e-02
5.662676101720485328e-02 -6.604576142669009442e-02 4.994776382365520573e-04 3.621263051656797849e-02 -1.500728836460206959e-02
1.694356666956377544e-01 -1.956619309864173761e-01 7.162834408347037475e-03 1.003122841265289139e-01 -4.218589065873699223e-02
1.080124056586230785e-01 -1.275085172537838984e-01 -4.116375889370320687e-03 7.707678942851718673e-02 -3.164319147627722706e-02
1.413125401468962039e-01 -1.573309894910845663e-01 5.371532839281179320e-03 7.931266531196708158e-02 -3.316504786293002216e-02
1.205502610823430826e-01 -1.230304661048072651e-01 -5.514914069723965201e-04 6.434861025180214911e-02 -2.613885950452746187e-02
