3.418046700642900226e-02 -3.328081833169733300e-02 -2.435512604851961319e-02 4.581056229254436979e-02 -1.646152332780667638e-02
3.980471745679223239e-02 -4.506334429204650327e-02 -6.956615174422135783e-03 3.293044862038443238e-02 -1.288128948254997110e-02
4.949567865019102036e-02 -5.433508454577397340e-02 -1.169573225539941898e-02 4.308821451626886762e-02 -1.656834410460872667e-02
1.169201000249922920e-02 -1.779724762121297557e-02 7.598698098271736319e-03 2.181513368575418391e-03 -1.730683532053740262e-03
2.069684142277273403e-02 -1.809235844927164008e-02 -1.478568299287609349e-02 2.573029799484112534e-02 -9.040387489186207590e-03
3.897319139566936264e-02 -4.614436413412997817e-02 -3.104303006430218868e-03 2.965719404386414973e-02 -1.196534296478895740e-02
3.515496924463032413e-02 -4.117959391340539343e-02 -2.246789473284457536e-03 2.561433938208405175e-02 -1.034639168144572095e-02
6.405325428715935576e-02 -7.249442142861568794e-02 -2.127490746350888754e-03 4.209922572001521812e-02 -1.709528224006466590e-02
8.244015252324873866e-02 -1.046091267359450239e-01 1.612011534791076353e-02 4.167131364879211874e-02 -1.894347603492224641e-02
2.221056257921110930e-02 -1.595865507665469862e-02 -2.029069961230549682e-02 2.979969110523604178e-02 -1.008242785075863859e-02
5.990798061138377650e-02 -6.739635448546429930e-02 -8.756219360196503682e-03 4.717688386417197288e-02 -1.857193395872213174e-02
3.829511903627572100e-02 -3.617835229394410906e-02 -1.180641070145744057e-02 3.138467646891719698e-02 -1.156969186542767224e-02
1.150354522768623627e-01 -1.256001639430585348e-01 -1.133549202535736461e-02 8.049207398952711034e-02 -3.186844648508044275e-02
6.155188403359063837e-02 -6.283884039611441208e-02 -9.093565941647323986e-03 4.282689762822518287e-02 -1.652985062697755192e-02
6.439611786548396499e-02 -6.759676084846809319e-02 -1.065211683403190224e-02 4.790908438846624984e-02 -1.855794668721386792e-02
7.351902000256653469e-02 -8.425354123493494773e-02 8.815954331743132075e-03 3.586116056621310721e-02 -1.557297736121375856e-02
-3.673432724896732830e-03 2.162112407596876798e-02 -3.672915193995533734e-02 2.616896901633887496e-02 -6.837847422218010750e-03
6.766585127299401536e-02 -7.743564558788536278e-02 1.009843232000636609e-02 3.059798769058590454e-02 -1.353031395680414500e-02
6.104982338514644558e-02 -4.599262161018344286e-02 -4.444186464254925445e-02 7.044427576535992885e-02 -2.415254373715736494e-02
9.141376625315673909e-02 -9.757583766630313626e-02 -1.123833027342816329e-02 6.450382987746951235e-02 -2.523173930693976483e-02
7.270970560754996814e-02 -8.625352504995388581e-02 1.369124235333101999e-02 3.209990384362058219e-02 -1.456523427521469634e-02
-6.381090539188281549e-03 1.568832771966333084e-02 -1.807005756208325889e-02 1.016688173360857581e-02 -2.257878650865715545e-03
5.610815445860985184e-02 -6.282904923637200323e-02 8.779058351136690211e-03 2.382059185928267139e-02 -1.060028497465084936e-02
4.462395100324386549e-02 -3.916180378760542036e-02 -3.214246503194070209e-02 5.594417479735475096e-02 -1.966680720268035309e-02
8.011722446143054732e-02 -8.528682054684992575e-02 3.258405578829408258e-03 4.119730886312199247e-02 -1.710271501168473401e-02
2.465952543796055829e-02 -2.136815546600780505e-02 -1.404217552839734200e-02 2.620692096837514209e-02 -9.268910671676641386e-03
6.618479296195974027e-02 -7.980043687939467056e-02 1.424178082529973383e-02 2.821862321689837597e-02 -1.304914010578343483e-02
9.854838985286348829e-02 -1.104103216214304128e-01 -8.900190376638294001e-03 7.034678779115562108e-02 -2.799789485576270956e-02
7.143436078184919880e-02 -5.992512085248619808e-02 -2.464147258883927355e-02 5.564977336275069714e-02 -2.002142658151738822e-02
7.046167650093979051e-02 -7.884267743388236049e-02 -8.906782139591160486e-04 4.363459718987280911e-02 -1.777186812595923232e-02
8.089205482711281023e-03 -3.355376244056510436e-03 -1.253837586382632215e-02 1.483805606499722166e-02 -4.762114775204361224e-03
6.319341320779343907e-02 -6.982550471182835672e-02 -1.102143861146919054e-03 3.885981509442651416e-02 -1.580687079998553679e-02
9.894750571548302509e-02 -1.334146764696936271e-01 4.276355800817258773e-02 2.894437934356274000e-02 -1.646821442447641073e-02
5.570340725638853185e-02 -5.041206576416744356e-02 -2.209908943027931449e-02 4.967760215338412610e-02 -1.798804638089958677e-02
8.252874880201073460e-02 -8.714645225150269292e-02 1.405632021603022558e-02 2.956665254269798954e-02 -1.333901741422410282e-02
8.363141382544911351e-02 -8.125991046525225803e-02 -2.020277920347841177e-02 6.405173898812797917e-02 -2.405073595997248362e-02
3.998288101448400217e-02 -4.389908663943724310e-02 -6.152737217303789682e-03 3.082362250101061685e-02 -1.204530489239466484e-02
1.376154895112887550e-03 -3.565107427943373531e-03 4.236977554102192359e-03 -2.438462994646661223e-03 5.511390215240924819e-04
1.101330442331420606e-01 -1.233728259961629492e-01 -6.185522022041105208e-04 6.765756820239138269e-02 -2.769598349403394263e-02
-2.287567578639163339e-04 -9.630003484976610781e-03 2.068051053170581396e-02 -1.610895788623843000e-02 4.414000682813137150e-03
1.027185166646629594e-01 -1.231480479529685063e-01 1.069217978749270256e-02 5.669900258665232923e-02 -2.446518881082257457e-02
-1.376311854121047527e-02 1.108606315052765648e-02 9.608739333656838091e-03 -1.597871307596207199e-02 5.534309791328647851e-03
9.273210730258688028e-02 -9.898947715938943848e-02 -2.000287829486250765e-02 7.611483628305938665e-02 -2.929797136309494204e-02
6.203294755232298396e-02 -6.667439623441182017e-02 -1.830134565392032078e-02 5.716225431417096964e-02 -2.170042501283465583e-02
6.134445859992667532e-02 -6.414132774484537780e-02 -7.262463323592590475e-03 4.180150994777434570e-02 -1.631004742355298895e-02
1.104038083570548917e-01 -1.273197968424049087e-01 4.749393654107703956e-03 6.455981495300522344e-02 -2.701233407331567887e-02
4.342459962961072589e-02 -5.026939884258238567e-02 2.489159161260947641e-03 2.474876208450270745e-02 -1.040407056522885294e-02
1.129490846380788449e-01 -1.100082540178690949e-01 -1.392793123070439282e-03 5.693461404843577767e-02 -2.285671762797330739e-02
6.309876722813517747e-02 -7.255746636517018677e-02 1.092233482939288479e-02 2.722720671274363874e-02 -1.227385238329703476e-02
-3.492475591645448872e-03 5.781379697962816568e-03 -3.712446760080806343e-03 6.671300509492371703e-04 1.216110705497197645e-04
8.669106346232186011e-02 -1.166791439151783627e-01 2.726730616263723858e-02 3.746978231048983532e-02 -1.847371407458128084e-02
8.565931115358250969e-02 -7.992677316619931083e-02 -2.134543555756900773e-02 6.376632728324582722e-02 -2.376872052478264108e-02
2.065958123334364974e-02 -2.621959183570584523e-02 5.673499043368488738e-03 8.457432501956053950e-03 -4.073245588479940636e-03
1.060698288580561865e-01 -1.210117194179399780e-01 4.021615273068722125e-04 6.588784631352559429e-02 -2.712995068100148427e-02
1.052918572401014968e-01 -1.151572926261704571e-01 -2.018545781384770751e-03 6.387322204860082508e-02 -2.590848190126920220e-02
1.274998922979550704e-02 -3.347151621666630099e-03 -1.939824730381342968e-02 2.134048949918068011e-02 -6.650410054048383653e-03
4.931494816891830030e-02 -6.604243561280259689e-02 1.796583739114385875e-02 1.798185750760096513e-02 -9.333574192989942467e-03
7.555713236777131248e-02 -8.190365786969429351e-02 -1.819540946260472889e-03 4.565306541258689482e-02 -1.846326464028962347e-02
3.837988175205782337e-02 -4.255505418380108040e-02 -4.571787371013390049e-03 2.834588474562262789e-02 -1.118400433578080160e-02
4.204656404311327145e-02 -6.132815623514862452e-02 2.410413382250896699e-02 9.324790340410345213e-03 -6.461928248018447389e-03
7.597220831527516649e-02 -8.563780214226404675e-02 3.715183315783235005e-03 4.222610316079211668e-02 -1.767881546784343463e-02
3.795954751299492058e-02 -2.891691406954843141e-02 -3.267090061805349999e-02 5.006909574236039634e-02 -1.713456677936497918e-02
8.255660664967319484e-02 -9.422154506601591872e-02 -2.621763906925698648e-03 5.471112701811615270e-02 -2.222662689900711461e-02
8.372183638748599555e-02 -9.782993256391547821e-02 5.033631421554941344e-03 4.841027703373133179e-02 -2.043945045047092582e-02
6.140185816727807694e-02 -6.636829284380224570e-02 -9.503547690720690055e-03 4.643332201096869727e-02 -1.808112709296601575e-02
6.387522977156762094e-02 -5.952812025904724580e-02 -2.512777791678038122e-02 5.828393972971860487e-02 -2.126211158429393983e-02
6.459605295780125600e-02 -7.479011849700559211e-02 1.654707814065745205e-03 3.934763066276794619e-02 -1.634959285373607449e-02
3.787127286527775666e-02 -2.731299933448124925e-02 -3.822411706454226232e-02 5.525593365019777770e-02 -1.868686220052977187e-02
5.114056555776510388e-02 -5.283721005509081636e-02 -1.243768656182153536e-02 4.181695897575107151e-02 -1.583354519369121333e-02
3.410931515278133042e-02 -3.180079368288817043e-02 -8.680191651942824674e-03 2.553146749731076762e-02 -9.491963270297861313e-03
5.848024911987011187e-02 -7.005282568880180638e-02 9.467911829688761133e-03 2.823409854531543778e-02 -1.258509115980517741e-02
1.225832465579059817e-02 -1.118232247069727084e-02 -7.278020230943241589e-03 1.388352362125998794e-02 -4.948889040329266555e-03
7.675454577824407376e-02 -9.698573012577432761e-02 2.218461646160539008e-02 2.983543416840786153e-02 -1.459830457899991343e-02
8.308876553829465383e-02 -1.128386420933455286e-01 5.343397981751138448e-02 4.328222754735681563e-03 -7.276399192227248243e-03
1.210048393554105234e-01 -1.414178986788656167e-01 3.469711369510303234e-02 3.801669325375046232e-02 -1.904595848629631397e-02
1.022081065223090501e-01 -1.242841956903936312e-01 7.246247441063041923e-03 6.212764990962215544e-02 -2.645225698877535364e-02
8.319290155086042637e-02 -1.027721812054410155e-01 1.755116602436019788e-02 3.811163904452252726e-02 -1.755124319292144033e-02
5.354018974241244594e-02 -5.954751287947449706e-02 1.060111470685191036e-02 1.984431245109150380e-02 -9.135027108805600371e-03
9.320709384355194138e-02 -1.277883542023781349e-01 4.547406520667617719e-02 2.274509871309171941e-02 -1.414861851858952545e-02
2.520180345230788391e-02 -7.605636621691119412e-03 -4.210313900012607746e-02 4.735568225402966847e-02 -1.493316248911480057e-02
5.396811571172013822e-02 -3.875616701620385185e-02 -5.348744334546037815e-02 7.747287905246037776e-02 -2.621114484278977072e-02
6.889815148256372979e-02 -8.476740532081686319e-02 2.844516346067707535e-02 1.489380188985981422e-02 -8.969044113691685208e-03
9.785301535069491907e-02 -1.120069472059614241e-01 1.748656031239092731e-02 4.087948389703146418e-02 -1.844944774092308060e-02
9.410806253716624825e-03 -9.636829394692970549e-03 -2.809004845022853268e-03 8.255129721555039615e-03 -3.096892870146397605e-03
3.907347666943535719e-02 -6.004932186149032625e-02 3.272433619066024424e-02 -1.035556714759840917e-03 -3.049126742380915949e-03
7.225823444955983832e-02 -6.952776484638924226e-02 -2.579242892640340457e-02 6.459742595794504272e-02 -2.378282630707899414e-02
6.624777856992240810e-02 -5.450007807744823574e-02 -4.643227237597625373e-02 7.815037943743492754e-02 -2.716963748966665440e-02
1.841445718804341977e-02 -1.348202839367741539e-02 -1.849483172722929392e-02 2.694080071478188385e-02 -9.130978356842109345e-03
4.580868453739510987e-02 -3.745734208387754144e-02 -3.073700317621988476e-02 5.223361462845310665e-02 -1.817302494768037457e-02
3.133632418766438971e-02 -3.801264542838862781e-02 1.242583678057521601e-03 2.007076387939069756e-02 -8.417549395221754494e-03
5.510015570735390250e-02 -6.206923599527797847e-02 3.316113402606744257e-03 2.987028044625358175e-02 -1.257202956711057917e-02
1.043350288949227433e-01 -1.134170311300749523e-01 -1.030497895520550260e-02 7.260474643881748014e-02 -2.872518190740335972e-02
6.539240963172950061e-02 -8.851586746932628424e-02 2.753303756677302414e-02 2.024409882141181907e-02 -1.126897095674348100e-02
6.968227924639530668e-02 -7.140083057826741852e-02 -1.713403303120811239e-02 5.672987868989916999e-02 -2.145077916872975207e-02
3.807735325214315486e-02 -3.764165401364082814e-02 -1.270637227928192101e-02 3.381351939659668626e-02 -1.253720607083120241e-02
9.468510870133386645e-03 -1.165124532130045430e-02 1.235026849091453143e-03 5.175175605283270294e-03 -2.261037642106090550e-03
7.912180925471418158e-02 -8.045158485586323405e-02 -4.227283080638964338e-03 4.623668540200743388e-02 -1.836690133242303152e-02
2.745590713605267075e-02 -2.774636564133508079e-02 -8.248610870297819891e-03 2.382040266916010327e-02 -8.910789331083477163e-03
7.626243704764283649e-02 -1.010871183450918476e-01 2.899897853895885835e-02 2.553352606018564203e-02 -1.360868240389533773e-02
2.764650682558157657e-02 -2.737980933137321160e-02 -9.439646498198636312e-03 2.488315697660408235e-02 -9.229844296006669765e-03
4.307231014852088563e-02 -5.494877709843605518e-02 1.501608125950026039e-02 1.415608326038901056e-02 -7.383648006422402141e-03
5.017454396408156658e-02 -4.500300943269126830e-02 -1.465549062109155858e-02 3.834408427535068026e-02 -1.407466595478782008e-02
6.846573207215196633e-02 -7.668588188327969679e-02 5.854667891135208191e-03 3.465470891857314051e-02 -1.474781891792110479e-02
6.180605119766303945e-02 -5.988023886969620624e-02 -2.181392529304041969e-02 5.514361049770776652e-02 -2.028704826940329331e-02
9.284796783625982874e-02 -8.103845119720998191e-02 -2.858606304152413666e-02 7.106310764317527728e-02 -2.595061322253494271e-02
2.367390797653955506e-02 -3.125810827530544483e-02 8.098972989091190317e-03 8.847724345443888291e-03 -4.502768452736223385e-03
9.924808414711400184e-02 -1.167829202979549785e-01 -1.314527706897543986e-03 6.675894054385156373e-02 -2.741428068988307001e-02
3.092623315627720734e-02 -3.785667485888832839e-02 5.180890981064837503e-03 1.541137775005605413e-02 -6.887175162285767878e-03
6.362758593498533954e-02 -6.963411390279189428e-02 -8.381232832393139404e-03 4.712747610845712670e-02 -1.849204577845118061e-02
3.616083083080397914e-02 -4.580738469654824230e-02 9.592510776030613306e-03 1.509262608123689529e-02 -7.204517777917321397e-03
7.565414699615076455e-02 -9.826649961390650223e-02 2.952082330381095368e-02 2.255607587340207124e-02 -1.233898407862393798e-02
2.115838889605655901e-02 -1.615254017924728017e-02 -2.124453175518121323e-02 3.155996811928668544e-02 -1.076227473737279526e-02
5.594891826791285883e-02 -4.747631217480850069e-02 -3.606766418780672778e-02 6.349069371432812525e-02 -2.223963897013446142e-02
4.577027315717541872e-02 -5.181921789501355013e-02 -1.951733178355058353e-03 3.055283843517457576e-02 -1.235348860838069232e-02
7.249518585857753217e-02 -7.602978253457556845e-02 -2.893323393213917058e-02 7.424066969719442244e-02 -2.767330419437792968e-02
9.320886913247732053e-02 -1.063378214927600679e-01 8.091018817730499801e-03 4.866035326228038138e-02 -2.074642626529012851e-02
4.079574948366794518e-02 -4.555167239173725513e-02 -8.603606144689362675e-03 3.493839779320476180e-02 -1.353121788679533324e-02
7.684212620738617439e-02 -1.107345394519491932e-01 4.426320058813806163e-02 1.550518049303970143e-02 -1.113818560932976730e-02
9.012764784801823026e-02 -1.011370415790867894e-01 -3.593624293443705656e-03 5.916293515572169232e-02 -2.393591568245763412e-02
3.567671839502280229e-02 -2.427860512752427410e-02 -3.785511647521502127e-02 5.303713926410847518e-02 -1.781320710499340043e-02
5.850712030774563033e-02 -6.897983059757818725e-02 1.033682581879845006e-02 2.619855098079628894e-02 -1.177819539402867946e-02
9.148770271416509225e-02 -1.128511905013454414e-01 2.853047150351764247e-02 3.061285016881879970e-02 -1.545108055590116436e-02
4.599126290124998240e-02 -5.538960155208868391e-02 9.025750979337660365e-03 2.063508888135087357e-02 -9.419864538023792200e-03
9.719279062205310460e-02 -9.604688051419327244e-02 -1.288420555416208181e-02 6.350130196117709236e-02 -2.452689967258563086e-02
7.674125565191972087e-02 -8.403544888342567853e-02 1.366410300611335931e-03 4.332824374636130155e-02 -1.783373574947303211e-02
1.153173262302056856e-01 -1.295428505032035216e-01 -1.552979639139195900e-02 8.870311031551664227e-02 -3.490683785710051168e-02
7.563297769646744328e-02 -7.610931527012734787e-02 -3.063573730429925909e-02 7.504168391006157957e-02 -2.773704280933609115e-02
4.482594449966076366e-02 -4.259296177001953287e-02 -1.770806877906931989e-02 4.156824902268131672e-02 -1.517670399646166464e-02
4.123395637303407107e-02 -3.879565628221720575e-02 -1.676722231939752755e-02 3.844024352188453453e-02 -1.398056222947159991e-02
1.609086171715321811e-01 -1.719502631956914274e-01 9.593076307228562763e-03 7.976581188598969030e-02 -3.343936243225862498e-02
5.710372051862572240e-02 -6.471673844160935607e-02 6.649991761994143193e-04 3.448792262314420709e-02 -1.421120485202594791e-02
4.468783548511563036e-02 -3.614389897569748183e-02 -3.301431280932945467e-02 5.415125623096228580e-02 -1.873106092989202526e-02
4.635040783423221428e-02 -5.817821982408067499e-02 9.728901308727250230e-03 2.193167489073524767e-02 -1.004268888269787413e-02
2.948359279647447262e-02 -1.888082843149005777e-02 -2.919702340998308471e-02 4.021436119652467556e-02 -1.337095959711095093e-02
5.928862126345989247e-03 -4.778597141470542625e-03 -3.542467232394400263e-03 6.180705085397327110e-03 -2.151454112096155401e-03
7.640296970967694334e-02 -7.370244084831904796e-02 -9.963130348655450594e-03 4.823446424587701092e-02 -1.855327865604934276e-02
2.595707322729354574e-02 -2.545190843049520077e-02 -9.113125316552407248e-03 2.342110209836463508e-02 -8.655037866995993201e-03
4.417855369332967380e-02 -5.891004082068727193e-02 1.656790585131814181e-02 1.528106957693217867e-02 -8.048043754588554352e-03
3.860066310286178193e-02 -4.102785513706877496e-02 -9.603399367438345685e-03 3.294834423968655973e-02 -1.256263344890802373e-02
4.637370933181298588e-02 -4.030647273473701719e-02 -2.478311042977266593e-02 4.740950615330064705e-02 -1.680168174354744817e-02
2.564178013061628458e-02 -2.195433885095887661e-02 -1.560741270776104875e-02 2.820403340496626179e-02 -9.925470047497070986e-03
2.464206826761275101e-02 -3.106137343062817437e-03 -4.900190817469724652e-02 5.191211616117402672e-02 -1.606885130158881153e-02
4.076317475029910681e-02 -5.383426251090284859e-02 1.713174811052410942e-02 1.147995547082391460e-02 -6.514224447121648616e-03
5.893828854171308945e-02 -8.423872983452812546e-02 4.586262629285725589e-02 -2.746584373872392945e-03 -3.631695110412681924e-03
9.464809067535451259e-02 -1.264908180122283898e-01 3.289833779090165639e-02 3.611468449390375923e-02 -1.840160025659182824e-02
7.644748156025160668e-02 -8.812787569758778750e-02 2.475725852637267882e-03 4.550309484968677320e-02 -1.891999089319775645e-02
1.697381347727559830e-01 -1.729363787776183325e-01 5.131330556706658989e-03 8.311759470106080960e-02 -3.417505442662537724e-02
6.117093908136767011e-02 -6.481726747571027458e-02 -4.804272210259985694e-03 3.968513455155342484e-02 -1.573203744254742312e-02
5.299074023822188811e-02 -5.947135204715387619e-02 -8.619676071121342917e-03 4.245916431368024907e-02 -1.658931938326449126e-02
6.595958855905191542e-02 -6.844687778660105137e-02 -9.109383120052683483e-03 4.616167854430072021e-02 -1.793257967261484287e-02
2.421332031938434187e-02 -2.977540236023029294e-02 4.711629203293737911e-03 1.136671302638995323e-02 -5.159567125541895775e-03
1.452876919948962453e-01 -1.565349851957953120e-01 7.651874043917691881e-03 7.398739438113174915e-02 -3.087319407312518263e-02
6.610407435049495128e-02 -6.570621544640915801e-02 -4.148740301907473567e-03 3.804052704340066954e-02 -1.498754238893877135e-02
1.405271317693563560e-01 -1.358549516896836451e-01 -1.956362085443174095e-02 9.050446000272410751e-02 -3.477709628331814018e-02
7.612224868973871406e-02 -8.360593046516995308e-02 -4.576526963699384214e-03 5.014653081729187473e-02 -2.007467590830440060e-02
9.177551734128115701e-02 -1.056373892971240180e-01 1.821328045183573385e-02 3.675498096159737077e-02 -1.684947914795212678e-02
5.499670881307173326e-02 -5.322986033034000919e-02 -1.089052227766086622e-02 3.909341278536515585e-02 -1.477977063261640134e-02
3.440030643331584009e-02 -3.458605238439445284e-02 -7.248538435874567892e-03 2.601077314824015371e-02 -9.867494850789682720e-03
3.255329336575117638e-02 -3.104317169011939007e-02 -1.000049522884054708e-02 2.691842944521797079e-02 -9.953739416839789758e-03
4.285285079293652682e-02 -4.111377561426892563e-02 -1.858359264223913634e-02 4.207988705042955968e-02 -1.533341302790678339e-02
8.183965588530904556e-02 -1.128078969089052891e-01 3.142461397863281769e-02 3.074770771633910521e-02 -1.609308817263914448e-02
4.760165267224829300e-02 -4.586846601770469545e-02 -2.318206454316915424e-02 4.996942955551105653e-02 -1.812953249654054161e-02
7.351056739368483361e-02 -8.589163487443944589e-02 -4.220730290854519083e-03 5.279903548474227520e-02 -2.136232188508400964e-02
3.444753611776205093e-02 -2.080632841542194231e-02 -3.858120953883868026e-02 5.123549023245605599e-02 -1.692628245586856595e-02
5.256210027696693599e-02 -6.343538431981152192e-02 7.872258226863337177e-03 2.641859644534465257e-02 -1.166096329097163556e-02
4.037807414721020921e-02 -3.140883693390936898e-02 -3.587552145650579893e-02 5.515397342710579021e-02 -1.891059277018049961e-02
2.886831036800081504e-02 -3.201785606005426443e-02 -2.967781984441842779e-03 2.074972752682436791e-02 -8.217214001355487366e-03
3.077649166153737306e-02 -2.069755441460514531e-02 -2.514483692435377435e-02 3.659204041709118033e-02 -1.228425784106210866e-02
6.426466085428762798e-02 -6.426592635392494590e-02 -6.669875729717122254e-03 4.043134835407328348e-02 -1.576546376520088222e-02
2.814796099946693247e-02 -1.625850558917679364e-02 -3.238712508315795546e-02 4.225192039465736765e-02 -1.389055260435985428e-02
1.446668825593816210e-01 -1.601695955422645090e-01 -1.051128808093387042e-03 8.734522495501798045e-02 -3.562987438569072823e-02
4.467010714370753949e-02 -2.934773021142095262e-02 -3.875208148980278239e-02 5.514447922659272694e-02 -1.842732404780816902e-02
1.765926703243134166e-02 -2.014984717881631096e-02 -1.033845537449447826e-03 1.222419068124200488e-02 -4.913761846577768821e-03
9.568990198675585146e-02 -1.135463985140736237e-01 3.389656020287589756e-03 5.974721283493288765e-02 -2.502491716341342237e-02
8.703316960981061223e-02 -1.029270296792054729e-01 1.705321998235969846e-02 3.734968891776165728e-02 -1.704128591325660552e-02
5.375035766036904278e-02 -6.405676433624148125e-02 1.810206249887239688e-02 1.473533033656933104e-02 -7.852339100903963851e-03
9.305043941992377499e-02 -1.002241342277362668e-01 -1.060044100324261489e-02 6.559899382836348325e-02 -2.580288648371110993e-02
4.420312559012396642e-02 -4.571414036120833441e-02 -1.250733482423216358e-02 3.833477403901081743e-02 -1.443755317105462413e-02
1.105145361337216553e-01 -1.244091651847774593e-01 1.258618940588977601e-02 5.295301988586992303e-02 -2.293235601654014175e-02
5.058804842557056841e-02 -6.012748899335407932e-02 1.553923502493119620e-03 3.188062293717252443e-02 -1.331012284067791505e-02
1.403858235455149317e-02 -1.059766294901209882e-02 -9.016222871032417152e-03 1.477253280966699112e-02 -5.073478818604387590e-03
1.259496261219121560e-03 -1.672633865192800148e-02 3.249818710658398946e-02 -2.450168568827974444e-02 6.603922493193191065e-03
5.957107233223932208e-02 -5.778068400219853185e-02 -4.094580275838585921e-03 3.358229769251379337e-02 -1.316034390104045548e-02
9.863986969133727023e-02 -9.256483267753790045e-02 -2.455104253279885573e-02 7.350140416882733341e-02 -2.733374309589282902e-02
5.036671234464599328e-02 -5.161491019599894620e-02 -9.720766215425290929e-03 3.789370514599240541e-02 -1.448686813722994612e-02
4.569191209998842845e-02 -3.103252375634410129e-02 -4.555633579734968269e-02 6.429869113292216443e-02 -2.157327723126548774e-02
9.504876038485052248e-02 -1.133287915328510809e-01 -2.907345652200890498e-03 6.722448342634090857e-02 -2.748660041792587785e-02
-1.028342534593613099e-02 1.848595075707440069e-02 -1.457590104359093516e-02 5.025777452277242936e-03 -5.199208456266019409e-04
5.509844274812161075e-02 -7.125334398975427530e-02 1.686593415944019278e-02 2.166868749384305223e-02 -1.070238857399767943e-02
3.344049367845641080e-02 -3.448713148300620174e-02 -8.686484727277034995e-03 2.799962162865451964e-02 -1.058301364579343484e-02
6.505788712944211849e-02 -7.931346274404182939e-02 5.230554457293552957e-03 3.882582436828913020e-02 -1.656161338977411857e-02
5.557393851885361613e-02 -5.960187649687256201e-02 -9.615830923722507029e-03 4.285320447958305273e-02 -1.660467280806604204e-02
5.479961064058543052e-02 -6.113747262002920679e-02 -8.918423740748885817e-03 4.365766570301511662e-02 -1.706115556172752012e-02
5.726356304740738701e-02 -5.319581684577173730e-02 -2.356213466845624716e-02 5.308883420548093229e-02 -1.924110556341568010e-02
6.133681113408768343e-02 -8.012683509710666341e-02 1.780144881655643108e-02 2.598571949062881623e-02 -1.260902392419969119e-02
1.217325014012337336e-01 -1.565804979347213410e-01 3.020001168155977966e-02 5.549998442194139375e-02 -2.608068187021166454e-02
2.886035946558239418e-02 -2.565018950381339410e-02 -2.028163652784994997e-02 3.584091763341552828e-02 -1.262937058645374928e-02
6.778432597845795993e-02 -7.286406870177537798e-02 -1.193573447494501727e-02 5.273888731814226072e-02 -2.045199004835055595e-02
3.507439224610316153e-02 -4.600834724575368628e-02 1.599798952198559429e-02 8.195854118008900208e-03 -5.040949851915024066e-03
1.645363560342118781e-01 -1.596525908590515352e-01 -9.824192411980983003e-03 9.189407988134486172e-02 -3.633531554395091900e-02
9.921489451451281916e-02 -9.414812217012726026e-02 -2.823637120394260555e-02 7.920913698194342878e-02 -2.942234251248368460e-02
8.277935141411710274e-02 -8.661364311295587093e-02 -4.713725949854699442e-03 5.065750879218718777e-02 -2.017080768682377040e-02
9.561097865866603762e-02 -1.216202430120852940e-01 3.637817037267127018e-02 2.742377564147146368e-02 -1.499404713249870465e-02
1.370180351152645859e-01 -1.399303778263276954e-01 -4.400229603690924800e-03 7.751392750152577560e-02 -3.113373065770571810e-02
2.795914445334846815e-02 -2.131452255369938389e-02 -1.597958386622722049e-02 2.727313720856644821e-02 -9.410531775726281578e-03
5.881229844672899998e-02 -5.289163866918335927e-02 -1.920027783144507422e-02 4.729040892968121995e-02 -1.724248834227835522e-02
4.505052899696745938e-02 -4.301426981259508925e-02 -1.560802299461360072e-02 3.935124513649208844e-02 -1.446401013467405253e-02
8.948197993392995042e-02 -9.235416346371802532e-02 -1.333582102158168727e-02 6.332816338138200218e-02 -2.450642688008766376e-02
-1.338318227298280864e-02 2.597494089847548690e-02 -2.299051690058890804e-02 9.647854969374709821e-03 -1.524096257988293663e-03
5.380584938663120903e-02 -5.379632947408177074e-02 -1.032036993246943592e-05 2.737648657074766290e-02 -1.106521652992940863e-02
4.941251851088901414e-02 -4.648721611535728410e-02 -1.674715392109730333e-02 4.203202643054345516e-02 -1.539157709062500407e-02
5.216106145579218339e-02 -4.192745930806641985e-02 -3.461474156873096952e-02 5.831506500867195131e-02 -2.021105121899044801e-02
7.573803855258541551e-02 -9.384000487580097805e-02 2.846380695382506876e-02 2.009087517520665236e-02 -1.111841286945266724e-02
9.760605659878296425e-02 -1.236874787370751683e-01 2.797939850445681567e-02 3.836983674227763264e-02 -1.868867125543406671e-02
6.642257460993827856e-02 -8.369644126299660702e-02 2.141806319980663065e-02 2.289084652958239124e-02 -1.160454151637394654e-02
8.402256972314585404e-02 -8.320954789688290998e-02 -9.287113542008191419e-03 5.275087540919779633e-02 -2.046707975524583722e-02
3.019034223956700014e-02 -3.361481055449228733e-02 1.417647839541703479e-03 1.648156154310670418e-02 -6.882200264919555686e-03
9.198874800887654746e-02 -9.865431879199795806e-02 -1.682373381195016032e-02 7.231541938065945418e-02 -2.804967031023391372e-02
2.316201633334291285e-02 -3.243993568430312419e-02 1.214221273991826500e-02 5.263407391319196126e-03 -3.457622470292512872e-03
5.789794154088394838e-03 -5.822433410298616385e-03 -1.836429929200236386e-03 5.103573931872427451e-03 -1.899611431462172465e-03
6.494041693467071663e-02 -7.562962829841096690e-02 5.940258150247648000e-03 3.489825711278052300e-02 -1.494304597327993436e-02
9.452893272848880701e-02 -1.149280435571495979e-01 2.480711637248143170e-02 3.599827294066768740e-02 -1.735053504478998795e-02
2.406490108451962706e-02 -2.525921360525228490e-02 -1.196532489647620517e-02 2.752087123446317340e-02 -1.014469324035602305e-02
6.897598656397507799e-02 -9.471977070674324206e-02 2.591638727036585377e-02 2.631439990056447936e-02 -1.367480176792792296e-02
4.695632293060167384e-02 -5.155470889653675920e-02 -6.262076332316869652e-04 2.830185430508875069e-02 -1.150239491991760649e-02
5.397824583668602710e-02 -4.838145570666001899e-02 -6.227540947625586666e-03 3.046793209686581710e-02 -1.167240695201597275e-02
9.095243862312160643e-02 -1.007098308058888558e-01 -2.286313053279424596e-03 5.697791620071863267e-02 -2.313141398529271198e-02
3.228227512673468441e-02 -2.851267378549698570e-02 -1.810138246468708662e-02 3.440507669598594220e-02 -1.220509534305044483e-02
7.000052119338882883e-02 -6.831478047005344612e-02 -2.263445285953454358e-02 6.061881858375216953e-02 -2.248020862549509821e-02
1.179234590960723250e-02 -1.192969442577937120e-02 -1.543425069802486019e-03 7.869310713005952043e-03 -3.042099439703973684e-03
-3.949503054165879289e-03 3.730634030735322740e-03 1.527526495841756080e-03 -3.598676696357046550e-03 1.311899489915753416e-03
3.529718993641369623e-02 -3.855557530234364483e-02 -6.024355244200542067e-03 2.769003398318107059e-02 -1.075513869607299007e-02
6.858836328849687858e-02 -1.086776548391273772e-01 5.755474108318343884e-02 1.077903146254833178e-03 -6.680109286944521142e-03
7.024080915635282085e-02 -6.556235761068236745e-02 -1.577860354314445171e-02 5.004675802685116387e-02 -1.866988034603173779e-02
3.650475371512002659e-02 -2.885879401851603951e-02 -2.202491452951648582e-02 3.789902636322466795e-02 -1.316481073857759740e-02
8.900032474295384299e-02 -7.597752451614477043e-02 -2.173264739713191493e-02 6.008932831199671754e-02 -2.203822605683840655e-02
1.044097024955704944e-01 -1.229992735564214290e-01 2.435625601791176556e-02 3.971370207835508981e-02 -1.867380188478026323e-02
7.934999026546217527e-02 -9.345872709569846837e-02 1.592801880200383352e-02 3.321334096531676494e-02 -1.519951274605455503e-02
1.595870005032887229e-02 -6.361445844140771466e-03 -2.558988498997654196e-02 3.003065543668807791e-02 -9.610571459067662400e-03
1.375188389042842907e-01 -1.419118633664034901e-01 -9.599818852912179665e-03 8.438716015390172742e-02 -3.333744317336297114e-02
6.510741535753576670e-02 -7.401037441610129608e-02 1.507647433856781211e-03 3.853654512416643946e-02 -1.593329346659605808e-02
9.041038679174742687e-02 -1.200450974818954158e-01 2.476734233135745311e-02 4.193926915069765005e-02 -2.003388455514095237e-02
9.364373349408601499e-02 -9.672925474325873296e-02 -2.130337189828412567e-02 7.508385731686834097e-02 -2.859273077761636389e-02
8.218126121085092550e-02 -8.858523743396914951e-02 -2.575747604160716873e-03 4.993596614048063931e-02 -2.012800496618689233e-02
8.452499742910238312e-02 -1.226385333897082597e-01 6.027829143532521805e-02 3.961267915571895296e-03 -7.965866849904277430e-03
4.811040271000033980e-02 -5.434403959091340525e-02 3.586310313173833326e-03 2.530373028751172620e-02 -1.070344105779006023e-02
7.945935326898585782e-02 -9.463830523879795953e-02 8.477488688804041619e-03 4.301190663822049287e-02 -1.856356866192926044e-02
1.034116291612556526e-01 -1.217101811531631217e-01 1.043801632965699229e-02 5.575067244528598281e-02 -2.405789971368277672e-02
-2.188577554307082410e-02 3.035272971431684716e-02 -1.122331959193493232e-02 -4.978230035143265189e-03 3.229539822328252388e-03
1.401583254957326947e-02 -1.133085804993964538e-02 -1.064023536409363160e-02 1.733081287703198622e-02 -5.993300212104769528e-03
7.918955269838721944e-02 -7.972246743956699910e-02 -1.484676964317656507e-02 5.795822145530499930e-02 -2.214311484715286368e-02
1.138144202349919837e-01 -1.039866909086108876e-01 -1.698869680183033928e-02 7.014114458920218953e-02 -2.670042092944367382e-02
4.990135908981625096e-02 -7.507907679936384748e-02 3.702022974294170987e-02 2.950022913687678529e-03 -5.159497472855590489e-03
8.607150702371467454e-02 -9.777327640641407525e-02 -7.118896025130963708e-03 6.215165368512432648e-02 -2.492642210771033734e-02
7.943593199097755131e-02 -9.621628005966711972e-02 8.828012338519340696e-03 4.418682106927492026e-02 -1.917756375153466253e-02
5.885106242148531452e-02 -6.683088286407395939e-02 1.319744563203876630e-03 3.481348292356773594e-02 -1.438488071923058921e-02
8.159001440022171925e-02 -9.202994078218751373e-02 2.672244359191713534e-03 4.684423748974494289e-02 -1.945021387583549879e-02
6.345421310780008373e-02 -7.465132628629400635e-02 3.309328892680968043e-03 3.769480587665033355e-02 -1.586042369828982029e-02
3.161500574972023886e-02 -2.763117961548533508e-02 -1.394477016332518887e-02 2.898155625409729735e-02 -1.036594804947778455e-02
1.573155926490762968e-01 -1.434831477884331019e-01 -2.425767691991572925e-02 9.805947913905120605e-02 -3.738492302810199341e-02
6.730118264767406822e-02 -6.503983428094643748e-02 -2.725729877558270148e-02 6.420972647225864360e-02 -2.350563992758059745e-02
3.378003902989317603e-02 -2.461916707365203322e-02 -2.028173813462452041e-02 3.319798202113051488e-02 -1.135948219953600118e-02
3.540032228776037598e-02 -4.140477176964321021e-02 4.217709154118549561e-03 1.795665363145563728e-02 -7.787939365285573290e-03
5.340214867411917365e-02 -7.066886510265922572e-02 1.643588673782028428e-02 2.230847860174636765e-02 -1.096082232843914768e-02
3.283957161015124693e-02 -3.452570787379455330e-02 -1.126703904885956696e-02 3.141230844244162490e-02 -1.177788091119418012e-02
1.318098321294484121e-01 -1.314596521582757083e-01 -1.569745465519780531e-02 8.488990343398740424e-02 -3.291839905263819338e-02
5.831065868952212128e-02 -6.213020147141659622e-02 -1.062838639502890550e-02 4.513191560654666867e-02 -1.739898702371112799e-02
7.193635533915668234e-02 -8.045262031940043912e-02 -1.405598690266555376e-03 4.519470950328197123e-02 -1.838646374259558097e-02
2.490065896157370173e-02 -2.706500863350750491e-02 -1.484144735287438316e-03 1.614203015415702561e-02 -6.452116355631059251e-03
3.831088912372178357e-02 -2.938602843806870091e-02 -3.013920176141044252e-02 4.718685796211877226e-02 -1.615007665516478980e-02
4.036047552815207745e-02 -4.069725838846339344e-02 -1.533459263009686116e-02 3.886719521451838938e-02 -1.440482792857048985e-02
5.770568264759875360e-02 -6.459850028309269132e-02 -1.871309494772454814e-03 3.722706805110260336e-02 -1.509102063434998760e-02
9.473295459962172149e-02 -1.120405031697231935e-01 9.388029952776206014e-03 5.179278666636729506e-02 -2.234546672724731231e-02
7.063363920692108944e-02 -7.610841409929743062e-02 -9.685271875939205355e-03 5.162783351582383995e-02 -2.015069647638486824e-02
8.049532959247287373e-03 -8.471265260035238526e-03 -2.239433403923519941e-03 7.056180385265925503e-03 -2.665222939475492270e-03
7.654131479278004913e-02 -6.840774138725283504e-02 -1.848127029352982301e-02 5.397624054858334020e-02 -2.001806380544327371e-02
4.431413117982282296e-02 -5.708328274650434353e-02 1.244824265547976073e-02 1.858665965483094484e-02 -8.980141687619843521e-03
1.200972878235451041e-01 -1.264313000233744932e-01 5.264717557591153292e-03 6.043349791900033685e-02 -2.516296763370844819e-02
6.150159989833699214e-02 -6.478296126030982927e-02 -1.559568652322761498e-02 5.223116511459703626e-02 -1.983715650619615953e-02
4.018023853537336376e-02 -4.724364571230747073e-02 3.217236560648017649e-03 2.257300878498127994e-02 -9.630960604643084774e-03
3.941938787261638905e-02 -5.064456606533719596e-02 8.393799337301954128e-03 1.959956002329670682e-02 -8.988873722960453311e-03
2.140612717632907683e-02 -7.138221492379213939e-03 -3.905428061555395874e-02 4.478332548495125853e-02 -1.428295450367743878e-02
1.799301222372009512e-01 -1.746785972323217362e-01 -1.676438626768392628e-02 1.073648094311282775e-01 -4.195433235097798669e-02
6.103630930842784269e-02 -5.657858829627292890e-02 -2.383093508712871497e-02 5.507403169243371699e-02 -2.003297274111688620e-02
-9.121685179488209921e-03 2.111139588363910441e-02 -2.265327027249045000e-02 1.190371485300354033e-02 -2.480256077926397233e-03
2.730678312038967853e-02 -2.979332716372835865e-02 -4.347717374246825445e-03 2.102688116053925624e-02 -8.189016783264110172e-03
8.152433436527564692e-02 -8.217828971373299096e-02 -2.225391078349476040e-02 6.799418738478400781e-02 -2.556700753264227327e-02
5.475105294160443475e-02 -6.231639371175200920e-02 -1.175788290981725354e-03 3.540913045959392241e-02 -1.441447986234770801e-02
9.779755362210157399e-02 -1.142324409431492299e-01 1.963549262144475074e-02 4.027473002405713293e-02 -1.847353557427367649e-02
2.879256762566140271e-02 -2.743854208006362219e-02 -1.721696624220254643e-02 3.383834595030345282e-02 -1.215527329822855239e-02
1.686253221128002772e-02 -3.680724617135527812e-03 -2.814466193934463123e-02 3.051518485090967334e-02 -9.485066864469385295e-03
9.509784785803274132e-02 -1.118566179433806429e-01 9.370475212366904949e-03 5.141237415592070370e-02 -2.214161038000249035e-02
2.533817035691320052e-02 -1.945377182433552857e-02 -2.385776405350073168e-02 3.594788871331984492e-02 -1.227040931745111696e-02
8.077616706870027752e-02 -6.702750002544695385e-02 -5.697748130485816298e-02 9.643604281957367241e-02 -3.363719108233979155e-02
3.345036061239210073e-02 -4.197491046209832904e-02 1.063027641611798873e-03 2.306317065892868334e-02 -9.685860198691411543e-03
7.398051619632124709e-02 -8.931782057329641644e-02 1.723426882439781441e-02 3.017080953722135750e-02 -1.416901838216915940e-02
2.953611415563800816e-02 -3.527415385634403294e-02 4.211334560791282940e-03 1.474550329340204927e-02 -6.473933026712129328e-03
1.366376573319057486e-01 -1.500975917055902831e-01 1.728939784329203838e-02 6.039220255089295525e-02 -2.633406312628568460e-02
9.258989572515394229e-02 -6.710316829293698493e-02 -4.334242749165732878e-02 7.748034988293063530e-02 -2.695248332749836800e-02
7.830073546601604151e-02 -7.852055564833462786e-02 -1.986215616841259177e-02 6.329156489713602673e-02 -2.389333739077343505e-02
3.959593018074137466e-02 -3.271134873714815622e-02 -3.149653069330615035e-02 5.152749671079342314e-02 -1.793160740678639148e-02
1.086722180697298201e-01 -1.456472434192512544e-01 5.688086555098297026e-02 1.938938881927351060e-02 -1.391534788304453311e-02
3.025156220744960531e-02 -3.464318208677675398e-02 1.727955999976795798e-03 1.692389074874126736e-02 -7.106896401964559427e-03
1.279096075703324911e-02 9.932839166964694405e-03 -5.269177990738208722e-02 4.918929042658686662e-02 -1.459265578489606606e-02
4.146780588156812747e-02 -2.787116453917922940e-02 -3.747917021159581641e-02 5.346154356353717552e-02 -1.790685264385157710e-02
7.659136885008499540e-02 -9.792177912398961070e-02 1.052160324647458643e-02 4.481205108309472412e-02 -1.973259942652317786e-02
1.586879570583317467e-02 -7.742704909231841286e-03 -2.328413403912604762e-02 2.852688778505910183e-02 -9.247906248624322700e-03
-8.920527745423053505e-04 1.293153875326024695e-02 -2.527547598805971601e-02 1.909169451354664898e-02 -5.150335437651426193e-03
2.063972586820890520e-02 -2.772197254565961569e-02 6.901011310368906221e-03 8.335922117279903620e-03 -4.183028481398518364e-03
4.350825229553165197e-02 -5.988677053989657079e-02 1.259999291345248983e-02 2.139262132736123589e-02 -1.028857329261954889e-02
5.486748803793541074e-02 -4.295218690859144844e-02 -4.749302340302505310e-02 7.377737442352234887e-02 -2.536716232569550047e-02
5.759618867578381735e-02 -7.029096313740293422e-02 6.157269368141317714e-03 3.267605744543262969e-02 -1.412689362882111124e-02
9.277391707421983602e-02 -8.683211500071295885e-02 -2.807638805518549233e-02 7.524473404175256730e-02 -2.786538150318848203e-02
6.354860328404553227e-02 -6.998516349984522378e-02 -5.630832058441685196e-03 4.432975435842114592e-02 -1.764883567762733432e-02
8.275138911763998961e-02 -1.046120864602482076e-01 1.213752899946867435e-02 4.646665277553357204e-02 -2.057060915175694740e-02
1.180360146313409048e-01 -1.430053514816519433e-01 3.377197187608880352e-02 4.098989966637247434e-02 -2.022103224171296898e-02
3.263435716675579940e-02 -2.473509645215797234e-02 -2.814438670843888435e-02 4.291772334740436706e-02 -1.464708552109733261e-02
1.025272414470834587e-01 -1.130620495509322559e-01 3.447091277197869043e-03 5.685189748799353987e-02 -2.362674238855618988e-02
7.486823781102894260e-02 -9.787795846958785573e-02 1.974784633432848449e-02 3.443088720258739854e-02 -1.639710917074520616e-02
3.856919149523421741e-02 -5.339846145925120774e-02 1.326089869240170901e-02 1.664232956076372796e-02 -8.349710563940213742e-03
2.329359359998496234e-02 -1.379062243119617837e-02 -2.920245212680660021e-02 3.810155119830935938e-02 -1.256394159312054608e-02
9.777198320040714208e-02 -1.179657544248663842e-01 6.645170557666483895e-03 5.915517789446433916e-02 -2.519366018801246290e-02
5.938034713086956518e-02 -5.716644084306662238e-02 -3.036404190314342250e-02 6.423312043212810185e-02 -2.331665545414629559e-02
1.167307530835280834e-02 -5.347451384561384934e-03 -1.643753492875669325e-02 1.984860526520178248e-02 -6.388844417672962482e-03
6.732603884493121305e-02 -8.213822447111875091e-02 -2.971972838143979376e-03 5.058307797189429827e-02 -2.069941789075698327e-02
1.973260852214127614e-01 -1.737543737586960402e-01 -2.812405960117186215e-02 1.151150188871132851e-01 -4.362708902082691742e-02
1.451918873907059593e-01 -1.448531263744596009e-01 -1.546843816452832081e-02 9.199569652951618270e-02 -3.595747772191705549e-02
4.591722971757181138e-02 -6.097306505449578973e-02 1.406502732728655107e-02 1.943529313742924092e-02 -9.524603340416382125e-03
1.038095604264358679e-01 -1.067756786745401448e-01 -2.731469414255328215e-02 8.773358266783784498e-02 -3.332063720020294467e-02
3.079492978339970835e-02 -3.686581694831139733e-02 1.419268884985012361e-03 1.910674102420923878e-02 -8.039121610761815889e-03
3.515861478364715881e-02 -3.964723901916655108e-02 4.470332346925993613e-03 1.631416338493099985e-02 -7.111585519016873878e-03
1.024843232369338775e-01 -9.716615790695738719e-02 -3.445150410192909796e-02 8.800841378628272704e-02 -3.244745743740395927e-02
2.175089416411149154e-02 -2.354491128867908234e-02 -7.839462839061492327e-03 2.194066537675255432e-02 -8.267406572143514570e-03
6.875661603151342338e-02 -7.144788617739820935e-02 -1.476926792465721450e-02 5.451211880295570716e-02 -2.084651285202838988e-02
2.177708238634000135e-02 -9.522875857221462306e-03 -3.008825877036356775e-02 3.598761428995291001e-02 -1.154035249286537203e-02
7.167336481544754612e-02 -6.546548189032735943e-02 -3.094691066936598733e-02 6.731566934846547334e-02 -2.430023886201211972e-02
1.076190817679551631e-01 -1.082136103738658428e-01 -1.746975078053867800e-02 7.560485953504472723e-02 -2.907825996409655472e-02
1.006702739705567368e-01 -1.007783178214116115e-01 -2.343205541150781071e-02 7.864282624712143344e-02 -2.976537622148089576e-02
8.419983073793643746e-02 -1.005943563184752698e-01 7.480229801056084878e-03 4.779732650883949246e-02 -2.049377802778134042e-02
4.964874778846772169e-02 -8.042649750422230237e-02 4.363084974863671445e-02 -5.156298025780651156e-05 -4.712519140505891727e-03
6.850079739883344065e-02 -9.570550095572559479e-02 2.965829494507954411e-02 2.290028439879401509e-02 -1.266524037800138315e-02
2.937773082686548007e-02 -2.366510315763425618e-02 -2.101447006074561030e-02 3.470494761087437180e-02 -1.201097681772474342e-02
6.801289405153984613e-02 -7.325037058329375572e-02 -7.403514726690230488e-03 4.767622258804119634e-02 -1.881791616138066281e-02
9.045253525106053405e-02 -1.043331934677513145e-01 -1.889552472545678874e-03 6.007470733640934285e-02 -2.461873600714404448e-02
4.064471524825561538e-02 -4.245330731905524319e-02 -1.058787664975532027e-02 3.451362464761480175e-02 -1.306595707533983464e-02
3.350158304433956125e-02 -3.352642273251516675e-02 -1.402822837620492855e-02 3.351091583924806216e-02 -1.231913886195209508e-02
3.477120214002588083e-02 -3.107652313336501174e-02 -2.447917596604818127e-02 4.345833530211328649e-02 -1.534886000449193176e-02
4.428705228354776202e-02 -5.088614631116161052e-02 -4.140027281672406002e-03 3.295063459665736882e-02 -1.316458928155893153e-02
1.232122086506033110e-01 -1.339153713859709827e-01 -1.699574728738105847e-02 9.212225372581481220e-02 -3.627180485474560540e-02
7.051217225729608518e-02 -7.341631406072282595e-02 -1.297407666376286690e-02 5.340015805809936178e-02 -2.054348571119728184e-02
1.465328630444721336e-01 -1.493494915821068358e-01 -1.055266122652951007e-02 8.954430200695977227e-02 -3.549078425856144747e-02
1.495461187251301560e-01 -1.566705758533038506e-01 9.797428945526468272e-03 7.135154098809701195e-02 -3.013624984432814249e-02
5.485278502126818279e-02 -5.774096331823369566e-02 -1.689831043546797043e-02 5.049098852891452383e-02 -1.911570849605767966e-02
4.523537770905940864e-02 -3.278275219245233713e-02 -3.928242917575936605e-02 5.857912547706441153e-02 -1.988391735719274508e-02
8.511624700980334468e-02 -9.493585126731973745e-02 -1.336061541645992660e-02 6.740827066056517824e-02 -2.643705301692061971e-02
7.040340260778657488e-02 -1.011423688883752448e-01 3.619389903062138203e-02 1.926565696576015840e-02 -1.189853650874062724e-02
4.275684181619131968e-02 -4.323097342443237012e-02 -1.419812587097686422e-02 3.878728373250837913e-02 -1.446197166283686233e-02
9.098403368776766809e-02 -1.080257502789283147e-01 1.202747004212346722e-03 5.927972794661657413e-02 -2.462192955401905012e-02
7.805388089216408476e-02 -9.939852243519335662e-02 2.861859584156936295e-02 2.373624970683727714e-02 -1.269224723574790409e-02
4.921063176824785890e-02 -5.125065992733396358e-02 -1.467648473685246799e-02 4.407006535309808404e-02 -1.663221595905122613e-02
5.135457881400750518e-02 -4.869827465116080556e-02 -2.536472385577394004e-02 5.370733015491779838e-02 -1.944131672532371444e-02
6.088398153176489969e-02 -4.576388204220355888e-02 -4.570154864266720574e-02 7.183306103168990431e-02 -2.461455783504928885e-02
4.702007917210248439e-02 -4.303903265083872109e-02 -1.862177682890286609e-02 4.244971448637642475e-02 -1.544919185189083492e-02
6.598513068870846821e-02 -9.351273522154726625e-02 3.550849027749184567e-02 1.496591095760060885e-02 -9.981262250305282871e-03
4.653897614409737565e-02 -3.224604140016566062e-02 -3.480896562842390046e-02 5.237244305257685029e-02 -1.768905816823231752e-02
5.190818232287499473e-02 -4.801690660917167647e-02 -2.545831048991447493e-02 5.291150250308503805e-02 -1.904429323786600500e-02
1.148714516109544531e-01 -1.274648105611407567e-01 4.613934140148431146e-03 6.384778941857031931e-02 -2.672166647446426804e-02
1.348382572242624033e-01 -1.670387721431410288e-01 2.560795200306993993e-02 6.588992230575259346e-02 -2.997852389367330894e-02
1.404994800053915339e-02 -1.357158993075561863e-02 -6.483092557329841327e-03 1.433985224343676569e-02 -5.215370139115165990e-03
4.956233506972301112e-02 -3.154585614497228824e-02 -4.618786078211824242e-02 6.430368413857891208e-02 -2.145884946298800416e-02
4.492487761646492966e-02 -6.783159947753486518e-02 3.309548416252237196e-02 3.135802408191256871e-03 -4.824635270732642763e-03
1.424746642200891700e-01 -1.410148226545791528e-01 -3.377541108003100784e-02 1.113662685666922392e-01 -4.224105176845422555e-02
1.099049695245365721e-01 -1.198860949849950425e-01 -2.088037474794092810e-02 8.959730596454987261e-02 -3.494337181848219953e-02
4.587768115497763838e-02 -4.669116628280053916e-02 -1.191589263945148566e-02 3.794253589639559610e-02 -1.432838544675545285e-02
1.809252342978762695e-01 -2.017495625823753913e-01 1.771576256077238981e-02 8.911813774776708441e-02 -3.838530787845879227e-02
9.290886660439542921e-02 -1.051277974515265889e-01 1.067154260785914627e-03 5.618850108925175363e-02 -2.320056293810240575e-02
9.122054666556281277e-02 -1.105283329510957924e-01 1.659755128010501762e-02 4.305135697872525952e-02 -1.945443986073991036e-02
1.142107983168718227e-01 -1.116487577460144737e-01 -3.452425362962240063e-02 9.641959795667158495e-02 -3.594070382232374128e-02
3.715318024103084898e-02 -6.018787122113628679e-02 3.646497045839267037e-02 -4.608155790702794970e-03 -2.006151543674807285e-03
6.719977079035495404e-02 -7.211677259658511030e-02 -2.024478456481457536e-02 6.239974778802092475e-02 -2.368136257077657972e-02
1.063225898524612772e-01 -1.366795660885490038e-01 2.209708775866731784e-02 5.378631439954647403e-02 -2.462943689207880427e-02
1.564172091299512735e-01 -1.423250077572909278e-01 -3.447452308726710324e-02 1.090471497914597410e-01 -4.089732575859735680e-02
-2.721913340745327637e-03 6.271192499079708202e-03 -6.464607999221696523e-03 3.222396253389160983e-03 -6.324781493144396218e-04
7.901856529763423564e-02 -8.610900422636069695e-02 -1.194270891727196825e-02 6.012400631739549250e-02 -2.349224481121427871e-02
1.882260559951202672e-01 -2.008063531620702946e-01 -2.228724292743902713e-02 1.330565141805045704e-01 -5.248411155432701480e-02
1.362388188798605015e-01 -1.499664219000076681e-01 2.439765682155893827e-03 7.815145829920529252e-02 -3.234166350839871862e-02
5.725326813184079128e-02 -5.104448320236906061e-02 -3.156766739287827916e-02 6.083984630684668299e-02 -2.164704633446843524e-02
9.542712204748511617e-02 -1.236634399037911530e-01 3.435470422796164242e-02 3.161000322857775158e-02 -1.658299958300880894e-02
6.759179834329435976e-02 -7.382170560641958257e-02 2.981429423454165679e-03 3.593677020266237976e-02 -1.496069624062930890e-02
3.197002637140939491e-02 -2.741384587001450407e-02 -2.031924688308894833e-02 3.618577209449359150e-02 -1.270503329320366546e-02
1.568872514675304641e-01 -1.712404391581888174e-01 -1.632730566448632736e-02 1.118437514571062885e-01 -4.452170549320540183e-02
8.205016340045251377e-02 -7.715387240086125920e-02 -2.380080254619433913e-02 6.568825053949918502e-02 -2.441044616301378534e-02
5.473482399205709115e-02 -5.617130130101494201e-02 -1.358241157093823849e-02 4.487794355677082042e-02 -1.699539406120540580e-02
5.730795275864856986e-02 -5.808168576364311497e-02 -1.970525341056181962e-02 5.287477763941596937e-02 -1.967771475225312330e-02
7.774136121440118619e-02 -1.032724907962816602e-01 2.562709472433663191e-02 3.098608258470964688e-02 -1.556642310551406387e-02
1.254801534401270569e-01 -1.292515709288600267e-01 -1.858469734301168921e-02 8.926781500821560911e-02 -3.477430938409763195e-02
1.403561020904478540e-01 -1.624340053320461885e-01 4.561004080676534476e-03 8.517434070384241607e-02 -3.572030586070348845e-02
9.396868119409336473e-02 -8.827814715330679907e-02 -3.040807213227200365e-02 7.869357428081066863e-02 -2.903833552303826046e-02
1.276415804992625802e-01 -1.361738676035428308e-01 -6.094195849199971361e-04 7.299346167177629685e-02 -2.982140841109814228e-02
1.341541906983717281e-01 -1.405681207044362502e-01 6.217814746060191383e-03 6.655751966648691675e-02 -2.772734316741093732e-02
1.365584945618632806e-01 -1.258517900381447285e-01 -2.988600890731244603e-02 9.555051437645545320e-02 -3.573288591537238101e-02
8.373032175578289105e-02 -8.131602849502625463e-02 -1.133019677449466876e-02 5.379142790859286344e-02 -2.069247945299051983e-02
9.708558011007203947e-02 -1.073164927989357920e-01 -5.868086376118951744e-03 6.497216196256466736e-02 -2.613834764275626762e-02
1.015248991958983826e-01 -1.168646786435424273e-01 -5.241719799615158311e-04 6.528591136341269086e-02 -2.688662804398549849e-02
6.120937517228332292e-02 -8.529005021281856058e-02 2.838873878342205309e-02 1.810829144340895397e-02 -1.055028341906999283e-02
1.857976266708201707e-01 -1.924108492444991658e-01 1.113479568344229696e-02 8.799431686713053702e-02 -3.700328809849474931e-02
8.837532816844513583e-02 -8.201878071727169983e-02 -3.683678138777154304e-02 8.302741537402752448e-02 -3.025702711904154282e-02
1.319120182911308684e-02 -2.274336032381753941e-02 1.460533783339425414e-02 -2.401882703557324961e-03 -5.893323560333209093e-04
7.024202463938701568e-02 -7.131703421580476432e-02 -3.095965003199533869e-02 7.318909460258669897e-02 -2.695406956784662800e-02
5.970700307934311696e-02 -4.908227941319324300e-02 -2.320483056236307892e-02 4.886785174317039016e-02 -1.746590078726259140e-02
9.175051576566105316e-02 -9.764087109106887874e-02 -2.061837036868621742e-02 7.617484312326709694e-02 -2.929716285146719001e-02
1.415037810457420442e-01 -1.553253725618308489e-01 -6.016859942282589031e-03 9.124062985742784071e-02 -3.701344510899998858e-02
9.130280609317197038e-02 -1.015068395876463497e-01 1.260621898647006599e-03 5.351219352289081355e-02 -2.209337548090797160e-02
6.609669094625053587e-02 -8.419786484164595852e-02 1.541404458180574942e-02 3.073964751491132727e-02 -1.433656449089781501e-02
4.660712092600367146e-02 -2.892178168543219074e-02 -4.616089511192507377e-02 6.290122340550194369e-02 -2.086477846049270696e-02
2.214709540685007305e-02 -1.527955113542124078e-02 -2.371067888606427296e-02 3.329780033131196637e-02 -1.118006173813681885e-02
1.724713399122683732e-01 -1.817137707185352558e-01 -2.349926046085152806e-02 1.238185264800925611e-01 -4.858029045750714842e-02
1.375229212089520703e-01 -1.660537851096255679e-01 3.420809771381886494e-02 5.404427570216033955e-02 -2.583423631095007125e-02
1.269385121558958829e-01 -1.679742039674861631e-01 3.470199401350670260e-02 5.859743069813435484e-02 -2.802674332755778278e-02
3.682778902496696566e-02 -2.144654290413299663e-02 -4.844687043437975738e-02 6.276436184559246179e-02 -2.070945221351933388e-02
1.849134159704861613e-01 -1.915249181469368678e-01 -7.882213287969095511e-03 1.096444321177568598e-01 -4.412047791933128987e-02
1.270291502898333869e-01 -1.231271850751280289e-01 -1.802799861732506601e-02 8.288222120722398001e-02 -3.195630162663289087e-02
1.343163510854628595e-01 -1.538691466356410242e-01 2.351129575835917557e-02 5.723257603634294283e-02 -2.585429622102265040e-02
1.398544030666424853e-01 -1.397655945273664213e-01 -1.019845681421347773e-02 8.353994050061742949e-02 -3.305092509930370598e-02
1.016572658624962655e-01 -1.064189089484065404e-01 -2.023251423865715659e-02 7.982827061307781746e-02 -3.080009059824359227e-02
7.938410549962111873e-02 -7.861444634547089250e-02 -5.765301046985604229e-03 4.656937992063348714e-02 -1.833477667079612752e-02
9.567233184320700357e-02 -1.042441726565303262e-01 -4.059489055896804872e-03 6.073463418685370874e-02 -2.453684813870423559e-02
9.103469185034848699e-02 -8.631460962001047399e-02 -2.956950752492719034e-02 7.723298154324627351e-02 -2.860326776121471445e-02
5.351813934552528823e-02 -7.806664343851139887e-02 3.401740839521676107e-02 7.774765277634842521e-03 -6.825996320347466409e-03
2.097313552385942359e-01 -2.073967419012062441e-01 -2.195141716563434389e-02 1.314503552903839301e-01 -5.147507210250042847e-02
3.158022578767962635e-02 -2.397512642976347072e-02 -2.584332351844925366e-02 3.992563675206140666e-02 -1.365028861415716263e-02
8.245357568109420998e-02 -9.243715571344693349e-02 -8.111646612369101741e-03 5.972689417756550656e-02 -2.372800643348511179e-02
6.648875269391367471e-02 -7.698588394840258364e-02 -5.271615058348499755e-04 4.317256051906916137e-02 -1.772121312860379383e-02
1.877915352353723699e-01 -2.104325447692233786e-01 1.141877843925617753e-02 1.016667716840347485e-01 -4.301896697451282336e-02
8.434037255708969061e-02 -1.022322035671557466e-01 5.936501457842602650e-03 5.082544096868416711e-02 -2.157877014774917113e-02
4.851505487841330233e-02 -7.028072703020990519e-02 3.270759511814722020e-02 4.399138467819644488e-03 -5.261289692880745557e-03
1.522111984265962226e-01 -1.536532989285991635e-01 -2.826088894284227437e-02 1.119502452009855376e-01 -4.295921969057808765e-02
4.677446785986810740e-02 -4.741337677690238284e-02 -1.769026406769283813e-02 4.503726493816697513e-02 -1.667016981407845252e-02
4.165128225084602231e-02 -3.723605949231052759e-02 -2.286316833587595868e-02 4.414869445556355437e-02 -1.569348931680381726e-02
1.005877273244780157e-01 -1.035729160043956654e-01 -1.399611012021758673e-02 7.042207026922617241e-02 -2.748045067448349338e-02
1.252214794959397581e-01 -1.248899718291206079e-01 -2.727594762995237676e-02 9.588383697973940079e-02 -3.656605706792519922e-02
1.679781878926090433e-01 -1.918703797292395097e-01 -4.044683263182346014e-03 1.108742475535038630e-01 -4.542256250314297833e-02
5.074862401834298598e-02 -5.309612962335928665e-02 -1.936707864270411500e-02 5.072762890631669908e-02 -1.892549422866767958e-02
7.511537865837822348e-02 -8.727609257982495150e-02 -1.054162905260144084e-02 6.118630667980944071e-02 -2.425399979184030344e-02
1.360809057281602563e-01 -1.767042021882832548e-01 4.677465664913224574e-02 4.841145334570164799e-02 -2.492577755604248602e-02
9.027297974421708004e-02 -7.969150534487351445e-02 -3.531447403792916523e-02 7.886517622948621686e-02 -2.863303319090477334e-02
6.971967479925600397e-02 -7.146769963736396281e-02 -4.775172144587445586e-03 4.254544923374162929e-02 -1.686778515324338298e-02
1.367065301533622046e-01 -1.346112016935534506e-01 -3.452776453573927484e-02 1.086285952975036967e-01 -4.100489446147124323e-02
9.165736621806204465e-02 -1.102015803518278381e-01 5.278835337379894806e-03 5.634495475086249983e-02 -2.391010322433674562e-02
1.904944582180325419e-01 -1.943829754787698150e-01 -9.730053386695166132e-03 1.123714839106978586e-01 -4.496982498389201499e-02
9.338171790189964128e-02 -9.367162068637101269e-02 -1.177935583339029778e-02 6.166314991664639117e-02 -2.397738034234205354e-02
1.186532961871402114e-01 -1.396738320123760979e-01 1.385097680915748156e-02 6.203255344397704679e-02 -2.705477801523951953e-02
6.447921710568828291e-02 -6.024056330158603784e-02 -1.416141567786468811e-02 4.587792635539282571e-02 -1.721064101412235481e-02
6.596298518195740923e-02 -8.788361498870528310e-02 2.080101592642887715e-02 2.759957454443458247e-02 -1.365072828682634305e-02
3.094511437547382837e-02 -2.457054127519133283e-02 -2.215386380167373714e-02 3.632129483094131972e-02 -1.255773852868438678e-02
1.543192752485925134e-01 -1.502416910685579199e-01 -2.213625249311820808e-02 1.015382145070747866e-01 -3.917494719162564060e-02
1.210421759713712492e-01 -1.279317161589627883e-01 1.168682640878349619e-03 6.610519669203053506e-02 -2.711175245837985082e-02
2.091082338323995218e-02 -4.190911376109216629e-02 3.719575185772312775e-02 -1.542287484734936216e-02 2.366391756874672552e-03
7.166519744765392774e-02 -9.542034410001731803e-02 1.381754079178090788e-02 4.061566270242782106e-02 -1.840334136064070494e-02
1.541622456880127612e-01 -1.717217523676401458e-01 -6.480395293452232471e-04 9.426884770408511249e-02 -3.875638855600400251e-02
1.535171984912518939e-01 -1.859196382952234272e-01 3.634888651088456074e-02 6.285275414369241587e-02 -2.969073287771888114e-02
1.151027553794403691e-01 -1.438312945140806931e-01 2.460705365629120567e-02 5.362686002614994174e-02 -2.468855359939187838e-02
5.483325603718999103e-02 -6.813157485442167260e-02 1.981875140255766332e-02 1.562892394061694487e-02 -8.425964229026758692e-03
1.400461946175451666e-01 -1.396030586009102681e-01 -3.515248945544100639e-02 1.127947011814096068e-01 -4.278038271691916861e-02
1.251345208297226508e-01 -1.335931713572831581e-01 -7.728979311105397057e-03 8.001119333156681002e-02 -3.204337304512896306e-02
1.410734986842245020e-01 -1.456193275953850952e-01 -2.501361109722077466e-02 1.055053015771662966e-01 -4.083944009890707466e-02
6.571665522420062910e-02 -7.800980256540659963e-02 4.098544426298225858e-03 3.886872308588837366e-02 -1.644286962740363484e-02
9.574647010627697352e-02 -1.239990183850413624e-01 2.450563084533599612e-02 4.367853635250482092e-02 -2.066538659754268634e-02
9.206172178132575323e-02 -1.032422510009381317e-01 -8.381481137387731054e-03 6.595833712074920807e-02 -2.627070372334726692e-02
1.103829618504936494e-01 -1.260095475339349236e-01 5.454286304804841987e-03 6.315920985161142809e-02 -2.661513066301071651e-02
1.480514727761636506e-01 -1.683537229205999686e-01 2.245273577039768112e-02 6.643690712108196728e-02 -2.960568999115607836e-02
1.973642204583440085e-01 -2.213330247051449318e-01 1.559113684484594343e-02 1.028758010622801977e-01 -4.394568714487893935e-02
1.332147005259633754e-01 -1.442374563192670711e-01 2.133236885382634501e-04 7.683138126802081802e-02 -3.149514205364448843e-02
1.490821814196896244e-01 -1.488419125395738229e-01 -2.307263476422776946e-02 1.031547051748900046e-01 -3.987465865637063178e-02
8.630103129083291358e-02 -9.300338264438014202e-02 5.616145153736731149e-03 4.300271060479880780e-02 -1.812327319098525069e-02
9.277638248740796567e-02 -1.042460412031252365e-01 7.080880836316070549e-03 4.844643182427163519e-02 -2.057752104839647919e-02
1.152240651078197398e-01 -1.087050976481874071e-01 -3.124913678932193448e-02 9.003661448878574891e-02 -3.359567431645284208e-02
1.357164729489201693e-01 -1.473514041788258622e-01 -8.588183140231329254e-03 8.914443120411823240e-02 -3.578164858286025235e-02
3.212757450108894020e-02 -3.694253486349980548e-02 -2.625006362731943481e-03 2.343620052906538603e-02 -9.383777421044554520e-03
8.414170046791372148e-02 -9.964625124040080162e-02 1.108212304408601537e-02 4.252226789742200030e-02 -1.858699832619222989e-02
2.823781757275539706e-02 -3.461850643474038286e-02 1.390897642279598743e-03 1.813943020058933833e-02 -7.656434672668807097e-03
2.195464557573735542e-01 -2.208719488194127722e-01 8.062624852145887713e-03 1.047734838786864298e-01 -4.342803702035227809e-02
3.660741814546066702e-02 -3.081962989662013347e-02 -2.633508018367572770e-02 4.465517059126374727e-02 -1.558457945146608618e-02
1.135116800000842696e-01 -1.204521466314329992e-01 -3.727265589192466956e-03 6.825750364596441799e-02 -2.761862106805746536e-02
1.110969506009681640e-01 -1.297835609580468841e-01 1.479998116764107141e-02 5.504726144391580700e-02 -2.422274754401641458e-02
1.149695733607316167e-01 -1.139710057916935027e-01 -2.459657253436321397e-02 8.679561364771862242e-02 -3.305314212901063614e-02
6.305663711358748535e-02 -7.769831016359143860e-02 2.233610961377898579e-02 1.797747755859054053e-02 -9.635114261534514710e-03
-1.896670775053908159e-02 3.905373442581824839e-02 -3.746969767229150344e-02 1.752376577259602206e-02 -3.222479353193892851e-03
3.790391928143353045e-02 -5.137821970189536402e-02 1.861457944773600715e-02 8.636338424061838076e-03 -5.507755745617896881e-03
1.673135324592883999e-01 -1.762883008251569517e-01 -1.530303888514977784e-02 1.112325775142442297e-01 -4.416371142387424953e-02
1.209540384311480615e-01 -1.312036158110208850e-01 -2.549078915412770693e-02 1.008383728316934180e-01 -3.908614936277693408e-02
7.124347043494609621e-02 -7.271255336070035769e-02 -1.845813074299561610e-02 5.921594408678237942e-02 -2.242723393694578266e-02
8.475984932446606335e-02 -8.090599243445906197e-02 -3.461325012468827872e-02 8.033631797059739843e-02 -2.933418252189408382e-02
1.039020874622334778e-01 -1.238991219891602685e-01 1.754451627182051013e-02 4.900839030855108636e-02 -2.198558060917516280e-02
6.936195385910726152e-02 -7.281748584185022966e-02 -1.123963846986284799e-02 5.128116109293912733e-02 -1.986485540906171576e-02
1.592655026215323011e-01 -1.576429105105895123e-01 -3.123672158964656970e-02 1.170104882112357886e-01 -4.480291260119736996e-02
1.347923565181004535e-01 -1.506093256299748384e-01 5.501156007882293010e-03 7.568790008136691561e-02 -3.170544529809291023e-02
9.334820886430186815e-02 -9.134605955474935091e-02 -4.002658771832715012e-02 9.341436322477501830e-02 -3.440677754152627471e-02
8.849771086554306110e-02 -9.424273869127833270e-02 -3.049078426559779132e-04 5.019594653272771434e-02 -2.047867770039214774e-02
1.942888265526414304e-01 -1.918484919078007056e-01 -9.700394828877717535e-03 1.091704717966066329e-01 -4.348927103074777534e-02
1.295684972410310887e-01 -1.315561635147588782e-01 -1.949825629796361065e-02 9.072866427668088707e-02 -3.517887159906864930e-02
1.705581101419957613e-01 -1.659897618381838691e-01 -3.130115347103144124e-02 1.202655677944669405e-01 -4.599023533571494626e-02
5.909508527543211320e-02 -6.275664586617364649e-02 -1.099316716328793860e-02 4.584322685827652705e-02 -1.765553402563320787e-02
1.499916077663413505e-01 -1.678738151894831609e-01 2.289301397047073180e-02 6.482395134204362031e-02 -2.888995295672200370e-02
1.903492087667077448e-02 -1.869654238644333222e-02 -6.258386791499282245e-03 1.665615312626816946e-02 -6.163077772420099548e-03
8.458968976500280679e-02 -9.791014438363446204e-02 1.030318151652620876e-02 4.189280752885125858e-02 -1.821831294153710909e-02
8.783228706986517809e-02 -7.747714632377328270e-02 -3.389615702389630475e-02 7.577107343888429825e-02 -2.740958504308615290e-02
1.493994935911220068e-01 -1.454631669847128994e-01 -3.699640257405617527e-02 1.167365672224094097e-01 -4.409899403813419272e-02
2.642527726510969163e-02 -1.921843125398570856e-02 -2.641234417176650459e-02 3.838877114077797470e-02 -1.299921330664542511e-02
1.254586310147819683e-01 -1.497219485447981724e-01 5.937383737968425154e-03 7.792859963286882796e-02 -3.297778396783722366e-02
1.068466997580252015e-01 -9.846244021417310810e-02 -3.605447662360514172e-02 9.001413597607869910e-02 -3.315556062868368209e-02
3.977907512063751094e-02 -3.791413836066271498e-02 -1.565491254031067814e-02 3.696850382440149130e-02 -1.352281145360574414e-02
9.819423434450666455e-02 -1.169663242774384854e-01 2.284611793259182233e-02 3.902931934970055305e-02 -1.841759251546429624e-02
6.026136704328006327e-02 -5.877198132743676612e-02 -2.459980312591634674e-02 5.823931616813059209e-02 -2.136168994772429802e-02
1.321528022697892046e-01 -1.424330707026955356e-01 -2.993344062042592110e-02 1.119169652394627346e-01 -4.321927816057672539e-02
1.590355455030420251e-01 -1.563321465481489203e-01 -3.679169984630428075e-02 1.223775252222988746e-01 -4.642462518396736626e-02
6.692562258689654930e-02 -6.665873382178059969e-02 -2.478193738754482997e-02 6.308065208639911103e-02 -2.339833943245897899e-02
8.092678339240019780e-02 -9.266845894813702245e-02 8.998468672767217721e-03 4.042823021512284565e-02 -1.751411168348447622e-02
1.335110688102989218e-01 -1.457328110531352916e-01 -2.931567579992001415e-03 8.173541547382562333e-02 -3.325851751656471594e-02
9.649346504936802404e-02 -1.091613863586382571e-01 3.949132245821753741e-03 5.480299153738068391e-02 -2.285526584547913770e-02
1.235250850089280872e-01 -1.343240961219941410e-01 -4.733337837579754473e-03 7.777919273842943959e-02 -3.150939280604837106e-02
1.233802855190822001e-01 -1.176457254581221856e-01 -2.520643727913614990e-02 8.795011364080944360e-02 -3.334563580254647913e-02
1.377182592809186867e-01 -1.264010431183299199e-01 -5.027889611872781578e-02 1.201588421667344059e-01 -4.408981798022802018e-02
1.519629350095346443e-01 -1.744799148188387605e-01 7.589323027800508673e-03 8.778836406221553201e-02 -3.703933148388736940e-02
8.705788548028753349e-02 -1.010160366164046530e-01 5.668549385265383121e-03 4.946042100568726063e-02 -2.098134931475650888e-02
1.659377175813780969e-01 -1.695846903412386308e-01 -1.436616761204473521e-02 1.048788354632814307e-01 -4.147636917690003533e-02
1.541807918116406273e-01 -1.677809452364233123e-01 -2.616934353626630336e-02 1.214846286698316596e-01 -4.753837566188336833e-02
3.628884702608783236e-02 -2.987100101755325865e-02 -3.203008797464863139e-02 5.084130055933085146e-02 -1.759495452218385464e-02
-3.059764588559916272e-04 -2.578177073420744817e-03 6.169172878012974502e-03 -4.967303262113685960e-03 1.382117210308419315e-03
6.852976952709780023e-02 -8.670372417301522305e-02 7.102139423503611888e-03 4.203078899864649831e-02 -1.820279376902186538e-02
1.546405089928723497e-01 -1.483883841767336398e-01 -3.239524905620842776e-02 1.119739103680222059e-01 -4.246709106973218378e-02
1.025336096759342092e-01 -1.149933837202801318e-01 -5.143957981168379399e-03 6.902662309076924851e-02 -2.797731201718288430e-02
1.802039009409938872e-02 -2.691414219479156336e-02 1.058192701479124774e-02 4.270669307567144003e-03 -2.924981343383507935e-03
1.674646824043133919e-01 -1.903576558467025004e-01 -6.076109516199690308e-03 1.125853244454476931e-01 -4.602711613048190292e-02
1.718561071334755164e-01 -1.932493367279894958e-01 2.736830791979044837e-03 1.026166256816357925e-01 -4.257801752773547610e-02
5.115436978376081134e-02 -5.302661479863995247e-02 -8.720702913031432024e-03 3.765436769067657258e-02 -1.449887820413160375e-02
7.402105314463902630e-02 -7.924626412898498617e-02 -1.417844227042001047e-02 5.874313361369522951e-02 -2.271005836696443278e-02
1.825663852782185570e-01 -1.982375025897075982e-01 5.958193276570131897e-03 9.943024829204624715e-02 -4.137864956739405187e-02
9.493379831298059957e-02 -1.143098460085109347e-01 2.109214094888598595e-02 3.957901863189544622e-02 -1.841098549760342151e-02
1.599710658996927604e-01 -1.709053623440496272e-01 -2.765660549593827733e-02 1.238722165900494748e-01 -4.829742658700270086e-02
1.206285800552922144e-01 -1.290247184158200833e-01 -1.428800789677533468e-02 8.557641863991302666e-02 -3.377251272549230271e-02
9.361014805033351927e-02 -1.180952189013661502e-01 2.819661515857010622e-02 3.511895654311080611e-02 -1.744878539850332547e-02
7.527969009285853663e-02 -8.208025059799138601e-02 -1.606456589863515180e-02 6.305143440787533415e-02 -2.434993710009238088e-02
6.375243280621606390e-02 -6.734525903301251393e-02 -1.521121798432509276e-02 5.349851634464978384e-02 -2.048161196024950517e-02
1.515208968207318041e-01 -1.649073635054023601e-01 -8.209171840141226903e-03 9.841378622337428050e-02 -3.967918565128617653e-02
1.108801538952064458e-01 -1.158425827676994591e-01 9.370807918615595795e-04 5.961067962927198843e-02 -2.440135819249981269e-02
9.607125592367950218e-02 -8.601408035228064186e-02 -3.689961282660663561e-02 8.376219643118340552e-02 -3.040165552890052719e-02
1.056590434603387335e-01 -1.082421869191390190e-01 -1.860205360752164010e-03 5.815161517329096169e-02 -2.346576363715557195e-02
7.939429352336177526e-02 -5.754608970257819173e-02 -4.720636902567653531e-02 7.758001098235892123e-02 -2.663604470683472031e-02
1.092654920353883091e-01 -1.439692364250017564e-01 6.064151337211219628e-02 1.349068549905606089e-02 -1.180591369687917190e-02
7.850222576740022162e-02 -6.788298875421351630e-02 -2.599154023265532951e-02 6.171953301713491852e-02 -2.243462490203923174e-02
1.129247652883554470e-01 -1.388270281174482368e-01 3.976519752956255566e-02 3.241785900716295105e-02 -1.736979010431610737e-02
9.992952348666006568e-02 -9.420775381651524949e-02 -2.611388529264748598e-02 7.667742530864135597e-02 -2.859809653277596564e-02
1.709889954995068573e-01 -1.802935099231991745e-01 7.655638600303299457e-03 8.626376294029367009e-02 -3.598346561430100510e-02
1.192893896841324824e-01 -1.204764204227864316e-01 -1.484486440078982943e-02 7.922791103653938072e-02 -3.086202013935301219e-02
1.772666422510863482e-01 -1.818589507871865296e-01 -1.369487124985332462e-02 1.104447384909427871e-01 -4.376385944903517233e-02
9.816977538608054332e-02 -1.191676349347978309e-01 2.699194352573089373e-02 3.590960613558089043e-02 -1.755560016303052764e-02
4.452763276569587231e-02 -4.774030483021157734e-02 2.990184472996342078e-03 2.185096580044130002e-02 -9.207788989377635111e-03
7.368259192022041937e-02 -7.405038348833191397e-02 -7.787107995009309030e-03 4.706152768688210558e-02 -1.842310971827862409e-02
8.890071452697927146e-02 -1.056559828319766775e-01 1.062397630718289396e-02 4.685485123031118970e-02 -2.042333635177269804e-02
9.702105996109341990e-02 -8.273908010903302523e-02 -5.117079410672884660e-02 9.776050123024947192e-02 -3.477868028220847813e-02
1.294101144209923449e-01 -1.067973888816920042e-01 -4.085576828517956810e-02 9.573018978348434016e-02 -3.466338591275416187e-02
1.080606415913694107e-01 -1.108588607791393399e-01 -5.228283279059795473e-03 6.360749123894532397e-02 -2.542341226389550554e-02
1.187884163632979134e-01 -1.299235978547191306e-01 3.182242932181424556e-03 6.613139376218003795e-02 -2.743143692007788195e-02
9.393032694693143059e-02 -9.756769527092651328e-02 -1.849458206351697193e-02 7.271690759224591627e-02 -2.798840354322670865e-02
1.001723099254417798e-01 -1.125940486896390008e-01 -1.891951879527696881e-04 6.176663375430895692e-02 -2.542128014307527828e-02
9.471895449773089226e-02 -1.182574293209328331e-01 2.583128670014008671e-02 3.756890393818893698e-02 -1.817923499395767903e-02
1.773951767447335404e-01 -1.431346573709118553e-01 -2.282326972141636781e-02 9.183642790356805197e-02 -3.460649709962870108e-02
9.102281308465340337e-02 -9.677411316240681904e-02 -1.495907197665802095e-02 6.887193163498622761e-02 -2.680318153945248152e-02
1.660866381760250365e-01 -1.924681420853948111e-01 3.406093270848102594e-02 6.685100747958477863e-02 -3.090775403964573717e-02
1.476651896597511726e-01 -1.401221614405355753e-01 -1.480227411431422890e-02 8.697511521022362191e-02 -3.384520751128401728e-02
1.144839161848751341e-01 -1.166676261833484579e-01 -1.514769454299022544e-02 7.781529499323598664e-02 -3.025423838755936234e-02
6.751373130508492304e-02 -6.715008428427296505e-02 -1.810637428406082841e-02 5.540359843681892660e-02 -2.087540049957867933e-02
1.028937778105341733e-01 -1.120980695546874017e-01 -1.317451348598703068e-02 7.580320321162477282e-02 -2.988917914497938103e-02
1.816150934068969103e-01 -2.098675023839763065e-01 -7.266380311809951358e-03 1.260638415772085130e-01 -5.161880822630887655e-02
1.352334681309242947e-01 -1.469028313804991714e-01 2.292640960289223009e-03 7.569491432586249180e-02 -3.116547968901884832e-02
1.656619698653586104e-01 -1.842789314334591089e-01 -5.577983083681254534e-03 1.069076461161742597e-01 -4.350127845893803774e-02
1.405151409997753287e-01 -1.337463513109803381e-01 -3.921458535892438646e-02 1.121961798182758013e-01 -4.191160263969401917e-02
1.339873161248358036e-01 -1.508807063919922198e-01 -5.839712353621305356e-03 8.963303069833768177e-02 -3.641116041560587407e-02
1.732896150430548177e-01 -1.810899443513237228e-01 -1.381498211124516928e-02 1.113484083635278843e-01 -4.425131461081691781e-02
9.040084055553299081e-02 -9.888798964652537049e-02 -3.983828730112922399e-03 5.801359463734220845e-02 -2.347049047080595335e-02
1.105204657088473680e-01 -1.200634092361109601e-01 -1.230466172857680972e-02 7.908640154122002774e-02 -3.135066480012033141e-02
1.174148659692448166e-01 -1.332698352634160421e-01 1.556130090977374909e-03 7.144697734220088747e-02 -2.961806079403357661e-02
1.845215859195854513e-01 -1.852777242222873322e-01 -4.429688028752151903e-03 1.005483082831126473e-01 -4.052641881942913027e-02
1.008804679754276290e-01 -1.082167031199265383e-01 -1.075450793933953840e-02 7.024860006287506065e-02 -2.777527011665344159e-02
1.549064693324428699e-01 -1.626526825483572414e-01 -1.212061661260391277e-02 9.980684730332323173e-02 -3.968145248316244655e-02
1.391270662820022208e-01 -1.592967538031364316e-01 1.347236899495268120e-02 7.219637282103467946e-02 -3.112286063027049424e-02
1.144988317997675947e-01 -1.331715530583275353e-01 8.550660327020434895e-03 6.415280530100063439e-02 -2.737134973410463440e-02
9.886503712683854250e-02 -1.075952262312815377e-01 -1.136128950147746383e-02 7.131285288076484596e-02 -2.824369021844541291e-02
1.637103189108529699e-01 -1.794154127000200105e-01 -6.181290125326986511e-03 1.042332287911291178e-01 -4.229894564502327536e-02
1.681955855007561118e-01 -1.891238832596580099e-01 1.499488653278411091e-02 8.587029721899869239e-02 -3.682661576700364120e-02
4.671547970008912282e-02 -5.893998675172115731e-02 1.766469923056348396e-02 1.319571418054316103e-02 -7.238317722004552687e-03
7.500193735478824508e-02 -9.858586316986057974e-02 2.623659258583580303e-02 2.711669256128837122e-02 -1.397526860237146597e-02
1.513488389829878988e-01 -1.588140398845319656e-01 -1.906993527375227052e-02 1.060478043259716480e-01 -4.162682481582019589e-02
1.040062768562932255e-01 -1.300940280033195673e-01 1.964545982872364233e-02 5.213787848885415022e-02 -2.371337501787676785e-02
1.370217784841742947e-01 -1.386790817366209960e-01 -2.293514071064072304e-02 9.823734343382710399e-02 -3.789954902389019997e-02
1.597357021657032083e-01 -1.689332561106835495e-01 -1.155503232827449073e-02 1.030256172988444213e-01 -4.113569360318215795e-02
1.844704599085633390e-01 -1.797185539472315186e-01 -1.578781770605111254e-02 1.093454046589572431e-01 -4.295857990427490170e-02
1.319899974617307070e-01 -1.446934111781470189e-01 -5.553141167508276500e-03 8.481910440748503810e-02 -3.439229060474218586e-02
9.825287683492550661e-02 -9.821898808221299348e-02 -3.914814602218194550e-02 9.625033447886696680e-02 -3.560326539661082257e-02
1.340564520482724897e-01 -1.553120778567673443e-01 7.666125534065184634e-03 7.729842724469944415e-02 -3.269159880206552737e-02
1.206901500749276990e-01 -1.137192647304799964e-01 -4.281976326894211538e-02 1.061745857714928853e-01 -3.914998137841338433e-02
1.806237746581621506e-01 -1.935142932724022713e-01 -1.888516844855008328e-02 1.253029641994369003e-01 -4.960991151213432759e-02
1.596448457449943792e-01 -2.044906221348835040e-01 3.964456641858225133e-02 7.290190033829047067e-02 -3.448035692182931794e-02
1.256504217908374355e-01 -1.383484703911078695e-01 -9.801200427412922259e-03 8.650589678734919852e-02 -3.467384921157371652e-02
1.063134706631882614e-01 -1.198936879192752381e-01 -7.009881582830344675e-03 7.415643321804685217e-02 -2.993618152229084867e-02
7.131167000440599701e-02 -9.149321958858151749e-02 2.500251643350501207e-02 2.378595698585994969e-02 -1.241412725644758935e-02
6.784424107420990169e-02 -8.062654680881216340e-02 1.408306830017527940e-02 2.856263822215448708e-02 -1.315324195996722158e-02
7.092308459276977506e-02 -8.624458791977485106e-02 5.063575279965039713e-03 4.313951155581146474e-02 -1.838925832934252755e-02
8.524703765381486109e-02 -7.665220031042239979e-02 -4.166226374461718535e-02 8.542114860597893600e-02 -3.078944742573951066e-02
1.273167444211984189e-01 -1.351318281897361528e-01 -2.417684890256331653e-02 1.002941217726774220e-01 -3.888762950485293718e-02
1.133964090927610385e-01 -1.155630476460531991e-01 -2.793098216675698672e-02 9.270024389172040746e-02 -3.527484727755049454e-02
1.062171100200526574e-01 -7.740043366785685774e-02 -6.239926709576643776e-02 1.035260112683880490e-01 -3.567795938770981778e-02
1.562153999034038010e-01 -1.842297888669838235e-01 1.315302938400346108e-02 8.823248753236567765e-02 -3.791766298687015285e-02
3.501991333106870691e-02 -3.946054520387459741e-02 -6.148615043798336989e-03 2.886885346319740392e-02 -1.129130802352420852e-02
4.264636023139901921e-02 -4.771740047785311828e-02 3.130217720076985694e-03 2.212940824672896684e-02 -9.354216394770889856e-03
5.323910549536171877e-02 -5.818600377978370985e-02 -6.302409188580119538e-03 3.863763118573183830e-02 -1.524225303795074225e-02
1.965732636162656477e-01 -1.928297359029434443e-01 -6.520117322109704114e-03 1.055285100216121763e-01 -4.222908613981574827e-02
1.415854669602617244e-01 -1.406990383599586170e-01 -2.197880511701671979e-02 9.749793114911044223e-02 -3.765293615036340025e-02
2.020966138220831043e-01 -2.280044206174959565e-01 -7.612099626932059861e-03 1.348060079145333434e-01 -5.506429597133566389e-02
1.390154216566580614e-01 -1.217856479105186851e-01 -4.983754138085694230e-02 1.153533661450430736e-01 -4.198706667529646108e-02
1.258306052268280684e-01 -1.314766348843710575e-01 -3.072908705432776319e-02 1.053927117600437363e-01 -4.030048476337434737e-02
1.811712239389444701e-01 -1.862538535980770849e-01 -8.426032417243769015e-03 1.069308948224173689e-01 -4.287820594873273383e-02
2.080700479699715277e-01 -2.282942331555886939e-01 -7.021563489925027393e-03 1.317372003807308345e-01 -5.354742108181543420e-02
1.335473948185006976e-01 -1.515174240993480692e-01 -7.236934931433859283e-03 9.208237033636006152e-02 -3.733654900704878182e-02
8.594114352429471637e-02 -9.577806596860476140e-02 -5.825973201297449978e-03 5.913839207165112050e-02 -2.382118457314576221e-02
1.418346415579718189e-01 -1.591028273439100138e-01 -7.814788522182241487e-03 9.638564805308680317e-02 -3.901826983865076814e-02
9.191778143097192877e-02 -9.502051303813575933e-02 -2.262621133363864126e-02 7.617897661594225101e-02 -2.902663736490787225e-02
1.155510725297766855e-01 -1.272029412278803118e-01 -1.761643695437094953e-02 8.996459432750462948e-02 -3.541366326460352459e-02
1.335820045497652653e-01 -1.480558832944231795e-01 -2.317291321273576982e-02 1.083516302313752427e-01 -4.251978049819328531e-02
1.097731451345290293e-01 -1.261680530182149318e-01 7.789864377236531802e-04 6.912868263774667177e-02 -2.867425381052957425e-02
1.455830088502367003e-01 -1.423797075953208424e-01 -1.503280264069484923e-02 8.953389290411691015e-02 -3.495830567493175833e-02
1.274683048516558614e-01 -1.483576004152036831e-01 7.091366677884148977e-03 7.439423488941460105e-02 -3.147245499052668538e-02
1.535590393433330647e-01 -1.533043747507339960e-01 -3.019871429305577212e-02 1.137450666483997563e-01 -4.353486509091541307e-02
8.622940868303897999e-02 -8.950326792491593297e-02 -1.452913938736730658e-02 6.389816746034385209e-02 -2.477325762441794782e-02
1.329368280581872397e-01 -1.478048234214361656e-01 -2.256640347217569228e-03 8.306395520920703546e-02 -3.398372938878183730e-02
1.139765936772780403e-01 -1.096747145957082670e-01 -3.220939070679316313e-02 9.205397418120668529e-02 -3.430930124773371587e-02
1.124869013622109282e-01 -1.125809645795729091e-01 -3.282379307180442740e-02 9.627762264362556277e-02 -3.624095159078809247e-02
1.270299675748025325e-01 -1.470347418387411287e-01 5.857459215733967772e-03 7.485526447811917394e-02 -3.151955810967560501e-02
1.649826121892256359e-01 -1.835323540196569514e-01 -6.865427805584549924e-03 1.081890337127908580e-01 -4.395056501677031130e-02
1.007781396908413868e-01 -1.216113251034694198e-01 1.246371080872896858e-02 5.439159487850790675e-02 -2.381468959488741363e-02
1.028873741372911543e-01 -1.180987007561336566e-01 -3.815891968808331810e-03 7.010916740364170341e-02 -2.864232575209579509e-02
1.045109101237069876e-01 -1.060164638559043943e-01 -2.505416940641573553e-02 8.431901933554430961e-02 -3.213551494544782811e-02
1.515511285343234815e-01 -1.695948992893192842e-01 1.924227592517222321e-02 6.995648590449088378e-02 -3.064226532742221273e-02
1.176593073308415949e-01 -1.380428973503191881e-01 2.071257396171621509e-03 7.509435509944706322e-02 -3.134119824742828686e-02
1.486704278019212733e-01 -1.837456375970027977e-01 2.341619562581078937e-02 7.839857278406425767e-02 -3.506060337783760417e-02
1.163298387257487437e-01 -1.305137309044565042e-01 -2.114739392136860338e-03 7.394974612211520359e-02 -3.029985679714839245e-02
1.538894428068719733e-01 -1.762164781209754338e-01 -5.419846901115318513e-03 1.043246635196224265e-01 -4.268377379599834487e-02
9.657224472898073842e-02 -1.156662226391127202e-01 1.613953760611444924e-02 4.647547152832590817e-02 -2.089060319667703988e-02
1.264683846187548699e-01 -1.289143909976738500e-01 -2.859036138374590127e-02 1.004479074009179546e-01 -3.839267482188448571e-02
1.447966279295490599e-01 -1.630198871109934944e-01 -6.784076493551545115e-03 9.772120952665325211e-02 -3.974420066940625995e-02
1.040740654922151787e-01 -1.121951602905534862e-01 -4.915929107128120049e-03 6.579955988630327435e-02 -2.654555230164996546e-02
1.360612866175995306e-01 -1.494285550683046304e-01 -1.062669026501487229e-02 9.334352026699668792e-02 -3.739555070902914752e-02
1.745820890452068619e-01 -2.082478279048724512e-01 3.142679790953046420e-02 8.073218329725777298e-02 -3.662898528493813838e-02
1.330872085784509662e-01 -1.384078976955306073e-01 -2.821275357521757857e-02 1.057056842549613379e-01 -4.061208867268230327e-02
1.799305334933392619e-01 -1.756096308015943075e-01 -2.555683636666871913e-02 1.185554768613980986e-01 -4.580694437574708844e-02
1.329188546067995025e-01 -1.369789660645981677e-01 -3.379843270721223647e-02 1.115254749595236405e-01 -4.254715351118219802e-02
1.677829828440599580e-01 -1.683764278098933698e-01 -3.519668501152983103e-02 1.277391891915169164e-01 -4.884069008253606042e-02
1.253746371690270534e-01 -1.404357666703344720e-01 -3.026406807412147272e-03 8.042557002781233755e-02 -3.288764239664960370e-02
1.245690680386312144e-01 -1.322933672892341594e-01 -6.719065420102429762e-05 7.006232054482351701e-02 -2.863995534053049782e-02
1.629215653885549286e-01 -1.861742074917457634e-01 5.211973135837915522e-03 9.681930815575473526e-02 -4.052286214841488432e-02
1.075854394230361250e-01 -1.134991211114233234e-01 -1.720503620434444408e-02 8.025112053830212033e-02 -3.127458183776650469e-02
1.108357792584608592e-01 -1.226156974149268525e-01 -4.939475466906943259e-03 7.234799538091848947e-02 -2.930358408100253512e-02
1.645077772953291995e-01 -1.776903720211079896e-01 -1.811249995778579924e-02 1.166063795758552346e-01 -4.620196033255025841e-02
1.191448841157612543e-01 -1.240596498259909364e-01 -6.643121518205426582e-03 7.284198631628535647e-02 -2.915502888621832392e-02
1.040680703800693357e-01 -1.127255901036259833e-01 -1.091486850764630638e-02 7.332638307631814123e-02 -2.908756568298363765e-02
1.545748470849040157e-01 -1.789995218437875624e-01 3.435028423769431998e-03 9.599516888652433189e-02 -4.015218336444836833e-02
1.171495114125223475e-01 -1.324669885880846720e-01 1.406603141583949619e-03 7.118490904114066486e-02 -2.952506396016567683e-02
1.583615409985143219e-01 -1.702446121755817332e-01 4.242076730059286468e-03 8.582817879652231141e-02 -3.556638086585378611e-02
1.886712141961106037e-01 -1.869157514619719795e-01 -3.510448081892171557e-02 1.364572551162158975e-01 -5.235277513415895201e-02
1.578937737650306927e-01 -1.908324501641574800e-01 2.151106561236917902e-02 8.352181289413937448e-02 -3.691811777592036992e-02
1.021910890481339540e-01 -1.078471552990813986e-01 -1.983957952687390169e-02 8.046485882062431871e-02 -3.113663650513584513e-02
1.790561204878474977e-01 -2.073799702915432308e-01 -3.822311982187922685e-03 1.206054215818417735e-01 -4.967374436180608394e-02
1.591635445586897235e-01 -1.880092134969364726e-01 1.951487584359129501e-02 8.287388603440407064e-02 -3.631539434541608546e-02
1.370486442433999918e-01 -1.413704154770247801e-01 -1.212321783934915652e-02 8.788347210345200111e-02 -3.475220302604067196e-02
1.091714849482488259e-01 -1.206370177812099986e-01 -8.820824605882366526e-03 7.588453607198028528e-02 -3.040346311941018176e-02
1.785116459192410410e-01 -2.060703548059484580e-01 2.583464418265267112e-02 8.395626063118286075e-02 -3.720155822123698275e-02
1.901373307628349552e-01 -2.238173589022349474e-01 4.431591331778997334e-02 7.343165262448649033e-02 -3.476346086127879431e-02
1.353767685336552395e-01 -1.414966657393848526e-01 -2.329029552555263866e-02 1.017502741400446442e-01 -3.946995215696701143e-02
2.135770259579923280e-01 -2.433134106138482022e-01 8.570064114548477108e-03 1.240301379833743667e-01 -5.202313491800805711e-02
1.775794007693792531e-01 -1.843001342341728799e-01 4.089516568097061868e-04 9.604522411750568422e-02 -3.926054932145923299e-02
1.614682510801261073e-01 -1.825838628242529293e-01 3.505677282487063007e-02 5.920684744239334413e-02 -2.778250177493521433e-02
1.167315693207429395e-01 -1.291165819454372921e-01 -8.521564845751686268e-03 8.010535555783745987e-02 -3.215552232838909952e-02
1.279889701532461732e-01 -1.368386447725682409e-01 -1.674603224683410274e-02 9.260839362718774337e-02 -3.642250864175265723e-02
1.129515484791975277e-01 -1.281646024925388871e-01 2.714512888333801138e-03 6.732198031637445790e-02 -2.804367500557601936e-02
1.484916503192595660e-01 -1.692284450386092320e-01 -6.193284290068586627e-03 1.008994606227624352e-01 -4.111359247402895933e-02
1.844196660949489197e-01 -2.188635099795648853e-01 3.644816247911741858e-02 8.039407259609682166e-02 -3.692821581861763930e-02
1.487059009340916393e-01 -1.614901037651929605e-01 -1.318342826124490989e-02 1.024389991210890583e-01 -4.088392633983061603e-02
1.471182729097320063e-01 -1.644127209139140677e-01 -5.418373368870987340e-03 9.638061155549791648e-02 -3.926400680782939773e-02
1.266286839239003925e-01 -1.497788578400884030e-01 1.251235182181138772e-02 6.957477003887053979e-02 -3.008479807952977106e-02
1.294071050744280971e-01 -1.519049976764403065e-01 2.164026912753867424e-02 5.958713859064120044e-02 -2.679204087761704808e-02
1.722022415152411612e-01 -1.770373920349879171e-01 7.880349856472209161e-03 8.326910194680738064e-02 -3.471941219890248287e-02
1.421432257507607155e-01 -1.635243492250258446e-01 -1.232409891199333883e-02 1.059029295426172496e-01 -4.271825672315803651e-02
1.237724793060048234e-01 -1.546703139302652297e-01 2.663363015679899234e-02 5.818172548889992413e-02 -2.697023468392940188e-02
1.668963706075739517e-01 -1.761405727873782967e-01 -3.533584510301451126e-02 1.351475000543179705e-01 -5.217748042486304583e-02
1.673815929110194500e-01 -1.897389089849783883e-01 -3.843758505058735356e-03 1.089388202989394205e-01 -4.459015187683330883e-02
1.094536875530905257e-01 -1.071086810580708371e-01 -2.429818421635043454e-02 8.251336844531884096e-02 -3.130389096724027487e-02
1.548889723684569453e-01 -1.824453326888118287e-01 1.081458014242213037e-02 8.968796360367799203e-02 -3.821974368084338908e-02
1.454156724946096824e-01 -1.702018981925852992e-01 1.529734848357077771e-02 7.730141737333895424e-02 -3.353344519782656963e-02
1.118803152136988027e-01 -1.224560230089009466e-01 -1.776033672524330101e-02 8.721062522354143531e-02 -3.421486444692958817e-02
7.696320762080280375e-02 -6.070923675389659768e-02 -2.866487977529583175e-02 5.946197299673269127e-02 -2.110354158101783797e-02
1.530731869897365705e-01 -1.323209378289734450e-01 -5.017999514857140325e-02 1.201003186058928335e-01 -4.378394297174010436e-02
1.433432273243115118e-01 -1.554202053809065620e-01 -1.401931157997823862e-02 9.993554103521706811e-02 -3.972888647442981286e-02
1.333700134934746317e-01 -1.328917282573409131e-01 -1.112289895173039674e-02 8.081706340696015456e-02 -3.181057748272370783e-02
1.196914386948675496e-01 -1.358247527760204076e-01 -1.853743940703792351e-03 7.713190914156133060e-02 -3.170327261600522362e-02
1.209270672996659718e-01 -1.323721587123952159e-01 -1.504084530514094610e-02 8.930635265676352408e-02 -3.532926423902287005e-02
1.899106586793114781e-01 -2.100408763957292146e-01 4.673334801838753723e-03 1.086470738043366219e-01 -4.520516884498299720e-02
2.200272828465175412e-01 -2.577938730562728264e-01 6.056399600592223161e-03 1.382379716416923532e-01 -5.810275928723017402e-02
1.436607185525837216e-01 -1.677851024488905551e-01 1.677510657000941957e-02 7.395978021223119370e-02 -3.224831545087158968e-02
1.564880820589723553e-01 -1.622496278979707884e-01 -2.517496242835451370e-02 1.147041441175939702e-01 -4.462997533027488611e-02
1.208176224107134350e-01 -1.420466938007673707e-01 1.691163816317189234e-02 5.976808056787250717e-02 -2.642949469618267877e-02
1.888322138439194608e-01 -2.101588286424250496e-01 -1.051031092368700202e-02 1.271860311932827836e-01 -5.147369600835904890e-02
1.637241419206579285e-01 -1.671516101221064976e-01 -7.975998371151546765e-03 9.602780733927882006e-02 -3.841755039503310515e-02
1.277837028333733416e-01 -1.475866696137703993e-01 6.854860049793996997e-03 7.386606745137605512e-02 -3.119461338280315674e-02
1.611033218130479838e-01 -1.626489531831656066e-01 -1.209574640837933653e-02 9.816553650260985420e-02 -3.892420672571242357e-02
1.836003332956737122e-01 -2.011840714339926672e-01 -1.183717372015396022e-02 1.229188007495863183e-01 -4.952043589706915661e-02
1.038115077270462538e-01 -1.356737862572802988e-01 2.246737580855763181e-02 5.384332328059402567e-02 -2.484956465551770716e-02
1.238719974888621983e-01 -1.333454854446660398e-01 -2.491319365964748608e-03 7.425963347130565273e-02 -3.025242473321981818e-02
1.304218893088472386e-01 -1.313257378170065159e-01 -2.021255905767534514e-02 9.107442559854712905e-02 -3.521782197177025786e-02
1.214102134934271771e-01 -1.379117640985104420e-01 4.409646108325507123e-03 7.078116243318514911e-02 -2.965158417704910274e-02
6.437367429837864696e-02 -7.729837715539823739e-02 1.865719756847268943e-02 2.159365065987583696e-02 -1.074353606401297866e-02
5.278055722994439564e-02 -5.422299244618460773e-02 -2.074845838035503480e-03 3.052971774557986656e-02 -1.223258806350471795e-02
1.246611266603564611e-01 -1.436416371509907919e-01 2.583885760397868110e-03 7.673688991840491025e-02 -3.198838591576291801e-02
1.456467610819577041e-01 -1.684609147846004851e-01 2.978541594829346283e-03 9.046864273658394850e-02 -3.777927362404549794e-02
9.563909335097023345e-02 -1.024755580876750560e-01 -1.769625653528705128e-02 7.563017064555108138e-02 -2.940116843563363516e-02
1.070135362801777623e-01 -1.362209099183923078e-01 1.642719105675002900e-02 6.028247814004369931e-02 -2.683828384579551793e-02
1.315461617078841905e-01 -1.320695949186945772e-01 -1.912575188818065042e-02 9.015769222134047134e-02 -3.495635130352015008e-02
1.789910422640978993e-01 -2.035290954849676703e-01 9.466575887356644403e-03 1.010979656769636914e-01 -4.267991289602216659e-02
2.087828458964937628e-01 -2.290395538950194265e-01 -2.847847678860808852e-03 1.277108974068786318e-01 -5.241832992142193837e-02
9.947093451214654436e-02 -1.139744220493903171e-01 4.395542788224165304e-03 5.784447090845580564e-02 -2.431601362530647764e-02
1.651804875144294027e-01 -1.770493656290715034e-01 -9.383947254969353044e-03 1.054924612068701834e-01 -4.240734701041593002e-02
1.123223291880676156e-01 -1.210203222536683915e-01 -1.918079751461104418e-02 8.762922118176766362e-02 -3.424293959150357530e-02
1.083722962407363544e-01 -1.129310026662342092e-01 -1.652000951708421095e-02 7.864524069973462261e-02 -3.063084963662724217e-02
1.487403525713668073e-01 -1.850872676149477591e-01 2.766700787934389325e-02 7.411763355632083883e-02 -3.363265986935350810e-02
7.345427909132733191e-02 -7.970849450689580784e-02 -1.509170820329225338e-02 6.066372921784220218e-02 -2.350007202169936138e-02
1.060581231058170398e-01 -1.156833306788077748e-01 -2.214087651224259240e-02 8.868504120973540183e-02 -3.440480146954449231e-02
1.077019920288077304e-01 -1.244433555990521606e-01 4.971138513404082133e-05 6.926353767847244491e-02 -2.868059265729011598e-02
1.391855509940479740e-01 -1.328418819988736455e-01 -2.982777084557228925e-02 1.008484961416224734e-01 -3.813544916547902119e-02
1.650520620218597356e-01 -1.762183377290227615e-01 -3.620033711560890436e-03 9.800056397442394318e-02 -3.983298053361709196e-02
1.471642881809503423e-01 -1.648083952882220260e-01 -2.576843591219716949e-03 9.321837780949453200e-02 -3.820687779285729391e-02
9.737888607489329773e-02 -9.384641393932117992e-02 -2.100401921874017405e-02 7.144645450823852717e-02 -2.705257613778390066e-02
1.526926255233950758e-01 -1.743509553455885597e-01 5.134327078479970947e-03 9.018852612486782938e-02 -3.773345278179730117e-02
1.037502174841846703e-01 -1.174286353272154110e-01 -3.811496661491230653e-04 6.503872470849278442e-02 -2.681149190992099252e-02
4.731889040975263000e-02 -6.182049782498211243e-02 1.808920178704654519e-02 1.492230185442903340e-02 -8.043217885367671613e-03
1.069246596864421722e-01 -1.165876485661095224e-01 -1.508633948523345654e-02 8.063146556221749417e-02 -3.172654801873970448e-02
1.837497150044607175e-01 -1.997541218696834986e-01 -7.061456480368758469e-03 1.161911266128949904e-01 -4.720893824323295351e-02
1.362663513886918920e-01 -1.610738368070078474e-01 1.086662895916655144e-02 7.793685546090904637e-02 -3.340915911572162750e-02
1.273372304125861554e-01 -1.428129212519544389e-01 5.947456072055572716e-03 7.107486917997704601e-02 -2.986253349066283688e-02
1.459321310091705459e-01 -1.445005232090229297e-01 -2.766681758089257342e-02 1.060353354159873362e-01 -4.063055253018421631e-02
1.188284696336964763e-01 -1.324647885318427365e-01 -1.255367845125545875e-02 8.724826828611959018e-02 -3.479466866833327149e-02
1.427131468672308834e-01 -1.730700662687025548e-01 1.258755063657185543e-02 8.387875551961293530e-02 -3.611049173303249038e-02
7.913888859847910406e-02 -6.766488157455853580e-02 -4.575132723526999928e-02 8.454641389714395716e-02 -2.994922325106675817e-02
1.389329765647990267e-01 -1.609074708442190804e-01 5.256878055757000564e-04 8.914233273105467981e-02 -3.696959360198117522e-02
1.038267158273035590e-01 -1.114798038955418513e-01 -2.928777425874778961e-02 9.410857650404710895e-02 -3.584290512300274123e-02
7.383114728473096078e-02 -7.958779496045267909e-02 -3.458728830916913289e-03 4.626520654229276247e-02 -1.856562284056052087e-02
1.054432167996196407e-01 -1.160908009254980888e-01 -8.554346397917125464e-03 7.306738685817019963e-02 -2.928554246558294494e-02
5.391364826619984146e-02 -5.757730734135306505e-02 -8.699946492942615614e-03 4.066530234609778277e-02 -1.580198856843547175e-02
1.130375743362797419e-01 -1.313143511685687659e-01 8.787599726070995099e-03 6.281103285392218571e-02 -2.684113801173425989e-02
1.537235961109575944e-01 -1.713824316165007966e-01 -1.675935799025447120e-02 1.135492549880594698e-01 -4.525601796779814973e-02
1.568701522122177838e-01 -1.812291764839719377e-01 4.294403430836059125e-03 9.576606097801652895e-02 -4.004399439703260066e-02
9.900572595626441763e-02 -8.277441067445069633e-02 -3.185188188914425678e-02 7.466175430276381086e-02 -2.704767609086090180e-02
