8.081908700345330487e-02 -9.652482485865437889e-02 -1.867096461807331298e-02 7.765708590473058281e-02 -3.047236027569432890e-02
7.496959760778466875e-02 -1.000936116515240837e-01 1.694559158009857278e-02 3.963097330291472792e-02 -1.829253520343142314e-02
4.273722923680065705e-02 -6.021165833985087090e-02 1.566821809114048517e-02 1.824829397658583527e-02 -9.300934328703705165e-03
8.562646272956260518e-02 -9.877070527112948028e-02 -8.440614916399634057e-03 6.466064909458833776e-02 -2.583677209018647725e-02
4.966363190548162693e-02 -5.977135827879381802e-02 8.482941680474954949e-04 3.282408697677807047e-02 -1.366511917302062201e-02
4.549794209788075861e-02 -5.080781022686442494e-02 -7.481977712289701946e-03 3.634306821527021059e-02 -1.418789473323825434e-02
9.220264601880093225e-02 -1.085873766794593631e-01 -2.692629518113173661e-03 6.400285534826040401e-02 -2.618464588260727838e-02
6.535344664226888645e-02 -8.062730410419263749e-02 1.217992531705248613e-02 3.169894490864261227e-02 -1.434233603615011308e-02
8.227010804041633152e-02 -7.652677200490275167e-02 -3.796807896499810459e-02 8.161553382070514673e-02 -2.955395554959864765e-02
4.061232446744365149e-02 -5.491954527441179207e-02 1.478101526364965917e-02 1.527133796086155987e-02 -7.882783014756250886e-03
3.171597967324425033e-02 -4.249877415145084797e-02 1.228487569269365136e-02 1.072362963020211807e-02 -5.728446635634981167e-03
6.912892647674917512e-02 -6.561435680351281052e-02 -2.326448645453090686e-02 5.936854141098759502e-02 -2.186495883096835693e-02
9.059774595469621827e-02 -1.121804266183136223e-01 2.314853586768229193e-02 3.679836985235037522e-02 -1.752483127553830858e-02
-3.463872022454995286e-02 4.232271860168042299e-02 -7.574088472504096267e-03 -1.503028496139772671e-02 6.944431148576797608e-03
6.437281278365378223e-02 -7.758271425130100485e-02 1.335821767458685375e-02 2.811412880099528958e-02 -1.294898985778645054e-02
7.618795808112700796e-02 -7.985437560422699310e-02 -4.831099859951919727e-03 4.721562074252385471e-02 -1.873952386743849355e-02
8.951276309120177743e-02 -9.549954808589405930e-02 -5.070098825568482813e-03 5.622450279654626210e-02 -2.243954613434709019e-02
6.126008906719570407e-02 -5.807184869254420484e-02 -1.707235479751124246e-02 4.836773838160043915e-02 -1.796084524598561341e-02
8.706363452834893490e-02 -9.800080753979896475e-02 1.120626343459583257e-02 4.004116414791559359e-02 -1.745895445923644623e-02
4.581444953422723204e-02 -6.036245481470908780e-02 2.309777744269547045e-02 8.239624502402488615e-03 -5.758074840151727880e-03
6.999803804156053133e-02 -8.635997414761750757e-02 9.873660268017621366e-03 3.774396779426476140e-02 -1.662606800789319036e-02
2.985795231484118795e-02 -1.625976007775831872e-02 -3.618919647516088273e-02 4.612012567903450710e-02 -1.506510355358572743e-02
5.016188434627384674e-02 -4.156478022220255752e-02 -2.556536881024430372e-02 4.818837441994490434e-02 -1.698963863354302495e-02
6.223801860877497399e-02 -6.634818015270560476e-02 -1.185185421737644518e-02 4.895489546493984878e-02 -1.888571228955977788e-02
9.602550023789982458e-02 -9.461159551258033207e-02 -9.085461184389007072e-03 5.837832844178075103e-02 -2.280476947499022328e-02
9.050286731628877368e-02 -1.064792409651281330e-01 1.341178847960502497e-02 4.345218484260218034e-02 -1.919433548297515280e-02
1.344311953482192623e-01 -1.417261169073313620e-01 -2.472448216456612103e-03 7.719311684204374635e-02 -3.121369998660212738e-02
7.157845360158138215e-02 -9.217718520168066698e-02 2.451914990562254620e-02 2.465646428701063694e-02 -1.268605651029955719e-02
6.589252438686823976e-02 -5.962221726769263708e-02 -1.959720849405376109e-02 5.107781916092878072e-02 -1.873213975393365691e-02
6.344689529099939440e-02 -8.024815885650687930e-02 1.873869168933266563e-02 2.422245462550725800e-02 -1.191737583790548199e-02
6.261009252713597983e-02 -4.974351231402509427e-02 -3.378616946464271104e-02 6.050046006509994523e-02 -2.110217628951073163e-02
3.962261903994813289e-02 -4.580154268749844770e-02 4.867237408122185305e-03 1.955989663631634012e-02 -8.519419348478995957e-03
4.670079595106706866e-02 -4.727841204651565821e-02 -1.507256164457940195e-02 4.193439880076335613e-02 -1.567104310200421666e-02
4.120236390060127291e-02 -4.692694211364251133e-02 -2.186922999505690451e-03 2.825537192307759488e-02 -1.139523862922092734e-02
4.725200483393921652e-02 -4.429992860125793463e-02 -1.081810978418128698e-02 3.415346137477091870e-02 -1.276716665825907045e-02
6.672017469501533016e-02 -5.838590641253252334e-02 -2.375172384505120152e-02 5.469448627322368722e-02 -1.978357436783549639e-02
4.194445849203406324e-02 -5.661753069434004304e-02 1.461831864422865994e-02 1.650631497867187034e-02 -8.393149832792531906e-03
3.643265918407914000e-02 -5.523758428266705572e-02 2.688452433453804649e-02 2.699136354616666744e-03 -3.989449177496683097e-03
6.090485520769617356e-02 -6.734274585060232021e-02 4.342048160022343077e-04 3.568355269940636648e-02 -1.463807563401888466e-02
8.823100881210836632e-02 -1.059024193528385199e-01 1.187776784419157863e-02 4.564033119863512150e-02 -2.002038310679651184e-02
1.784302528560965245e-02 -1.254858969293127548e-02 -1.615268166843640205e-02 2.351651918565086929e-02 -7.929481090074680730e-03
3.145886719235291978e-02 -3.339561637639321123e-02 -5.221624696520696385e-03 2.369266425066649320e-02 -9.177947759237447753e-03
7.099162473804458695e-02 -8.822233463674898635e-02 1.073903627480417115e-02 3.801313432319826380e-02 -1.684784534292408861e-02
3.602998477116012982e-02 -3.947496982349293915e-02 -8.022658962594077584e-03 3.070072047504007751e-02 -1.183019894892838215e-02
6.956020709801349899e-02 -5.853448343232368206e-02 -4.813877351198739274e-02 8.258617097657594552e-02 -2.886801694632383161e-02
4.977215035254743680e-02 -3.961098350370774457e-02 -3.545811445179238713e-02 5.837534209423458909e-02 -2.022065916502006899e-02
8.279411817867179946e-02 -8.226808406012571517e-02 -3.275426998586300487e-02 7.993422113185483235e-02 -2.940645794157938780e-02
1.461856637933804104e-01 -1.550023702953185756e-01 1.450563037848505432e-02 6.503316253842786332e-02 -2.790674111535782279e-02
1.231932173993874613e-01 -1.223122013784473938e-01 -2.030904583047251147e-02 8.566617586836544618e-02 -3.287021992124948555e-02
1.742155081489853152e-02 -1.753317494731559956e-02 -6.015453371346984011e-03 1.598187395261593466e-02 -5.935107025381781976e-03
6.682038890734277869e-02 -6.967697817915570468e-02 -1.667992587114374911e-02 5.590710145623031119e-02 -2.123917669103965802e-02
5.965042605029916706e-02 -6.236248684331819475e-02 5.667990559187971455e-03 2.605258285127389287e-02 -1.112644100322374152e-02
1.102679434229363736e-01 -1.188092168737785864e-01 2.318378343276931985e-02 3.631707278400370109e-02 -1.698877693689986035e-02
3.529663619565043264e-02 -3.925160634220201117e-02 -2.261537658909715351e-04 2.140204778892758342e-02 -8.732709340970753326e-03
5.711417804954601468e-02 -4.960243191350119374e-02 -3.567420254640923938e-02 6.446582027443782670e-02 -2.270316092140300945e-02
2.105590354730983715e-02 -7.081789779792308642e-03 -3.325094213922438063e-02 3.792059694336215314e-02 -1.200259772827150934e-02
4.521686493446697847e-02 -5.258337538709684927e-02 1.423292596247311120e-03 2.743362960393629785e-02 -1.143190037269984326e-02
7.857351672143861321e-02 -1.046744866644270522e-01 4.230536475373615490e-02 1.195100587686800421e-02 -9.265929606841952562e-03
1.048175814201803280e-01 -1.295110993764541085e-01 1.256794374406815587e-02 5.953540902229391418e-02 -2.598681228943895000e-02
5.506699385851823031e-02 -8.026277814434272517e-02 2.634784510136868596e-02 1.852276744765293109e-02 -1.058480541290080824e-02
7.570140107069200930e-02 -5.736375782569109322e-02 -5.824380984987821003e-02 9.134346912010986308e-02 -3.130590373393923875e-02
1.291385979660135963e-01 -1.382051670725286396e-01 -1.299097077918989242e-02 8.834482262408219211e-02 -3.486762137845471343e-02
5.116584407545819030e-02 -5.045137592827408229e-02 -1.555734299596558089e-02 4.356997571429260113e-02 -1.623043906007778925e-02
4.746233270293048062e-02 -6.107854252330171402e-02 9.188781637308587880e-03 2.479384666998795880e-02 -1.123204894824652092e-02
7.177175364656900036e-02 -8.579631425932722488e-02 7.361200378208692698e-03 3.952386448221591186e-02 -1.703770511995981313e-02
8.212357398729862312e-02 -7.391081992337110440e-02 -3.881319309387268324e-02 8.024834029975187744e-02 -2.880507229733198643e-02
1.405437075225628996e-01 -1.532304907073320788e-01 -8.977315271599037999e-03 9.252182769567157683e-02 -3.703239391236008010e-02
5.588700507827643049e-02 -5.654324026763736522e-02 -1.750450588338010177e-02 4.944848027934186513e-02 -1.848237052445638948e-02
7.436871195795197176e-02 -8.335379110263532731e-02 -4.839344941648250457e-03 5.085098648895081119e-02 -2.037893931410844628e-02
7.222492553409427807e-02 -7.992500923478974839e-02 1.627069927614532494e-02 2.414332398742964625e-02 -1.141344863000755099e-02
8.600599292684860120e-02 -1.010770451330065267e-01 7.765233602251312914e-03 4.715400123159009527e-02 -2.019683356292047149e-02
4.670296287141024322e-02 -4.966604953040367615e-02 -1.121515480388748758e-02 3.937174767413903487e-02 -1.502692236762325634e-02
9.379298256980080073e-02 -1.110169262854576455e-01 1.946802404186599028e-02 3.908188155498614619e-02 -1.799762433644861576e-02
2.850577785134120884e-02 -2.218116144549125632e-02 -1.959660261060978612e-02 3.209761273442741231e-02 -1.106927542910953431e-02
1.359020034306811231e-01 -1.260220550201553991e-01 -1.813787699469407433e-02 8.239401815169249133e-02 -3.148500431441554614e-02
1.058796344976772330e-01 -1.151447615136478031e-01 -1.246624617750030466e-02 7.610333664121497754e-02 -2.995878218760951450e-02
4.865722892967831031e-02 -6.660930405847335922e-02 1.966274286248481315e-02 1.674343507026963135e-02 -9.028641938939411041e-03
1.307712962317513494e-01 -1.328791693393618634e-01 1.171370620145378762e-03 6.713816782469947397e-02 -2.737468331109834535e-02
8.846655083450161161e-02 -9.557397416470006513e-02 5.252515592899354747e-03 4.454754413502357013e-02 -1.864811899050621002e-02
9.507889904257989244e-02 -1.053996803722336839e-01 -9.910253388140036548e-03 6.848849197053212545e-02 -2.711926578764569176e-02
5.385845739502773816e-02 -6.194963405789818273e-02 -3.061456730272471560e-03 3.779064317748351276e-02 -1.526532583973585003e-02
1.009334898345549091e-02 1.102906482847475916e-02 -4.622641848370535184e-02 4.166396446785353841e-02 -1.218947371728601112e-02
5.243805821001894241e-02 -6.240858571233100921e-02 4.048987589202666243e-03 3.013756138422165123e-02 -1.281293354677163696e-02
9.947022277773590396e-03 3.776474491631483070e-03 -3.175945016084675415e-02 3.078913829349186684e-02 -9.265837385074603139e-03
3.952410884318915268e-02 -4.658529265548838616e-02 -2.731136504915483015e-03 2.928372126986500401e-02 -1.181498978261636378e-02
6.964513305697364598e-02 -7.237257498617633011e-02 -1.865754378025892210e-02 5.964780352157914717e-02 -2.259841666925273274e-02
2.146833654183923426e-02 -2.842694287900276659e-02 6.862085825902928052e-03 8.674490514976871888e-03 -4.308800076121647830e-03
1.149772488804667314e-01 -1.445755616350118955e-01 2.921267747128313691e-02 4.883413502953668633e-02 -2.317075488422691218e-02
9.948206921150652693e-02 -1.252856625700119464e-01 2.093228443578561832e-02 4.767809553713579784e-02 -2.189981422234375807e-02
3.373814306778994548e-02 -3.856205036660938917e-02 -4.879319770135933342e-03 2.702297329622642408e-02 -1.065936234322600006e-02
1.031340436435042029e-01 -1.139885465333210918e-01 -5.343498710682332772e-03 6.751144945790076013e-02 -2.711308029906425374e-02
7.307492642909906022e-02 -7.114126441153206803e-02 -1.950512976168895796e-02 5.830441196295327311e-02 -2.181589247742157442e-02
4.995916733576501872e-02 -5.404580121465135667e-02 -9.921004880144621008e-03 4.047056867304152372e-02 -1.562382774185192350e-02
8.922580517851262660e-02 -1.312991406041321696e-01 7.730127761351879290e-02 -1.025326650950917663e-02 -3.826421044900467881e-03
8.544923890409424072e-02 -8.904561539506501699e-02 -1.357354491568622638e-02 6.215433632247460705e-02 -2.402654855677910373e-02
4.572834830548454937e-02 -2.979549843370057904e-02 -5.420922206240109953e-02 7.358449492868494868e-02 -2.455715221560367950e-02
1.056079389018203391e-01 -1.150726765982512945e-01 1.141035173411472474e-02 4.812875553580806681e-02 -2.072873175707712345e-02
3.135699424368915827e-02 -2.889164235187263730e-02 -1.672320357247133668e-02 3.342273267119108549e-02 -1.196367133194630589e-02
6.437262853617800595e-02 -6.435252060100891958e-02 -2.372675622669837697e-02 6.048170623741864343e-02 -2.237027013908851961e-02
7.087479342102928626e-02 -7.470884224820364961e-02 -1.925680145322929485e-02 6.200040517311005556e-02 -2.354603860240596716e-02
8.453968823259985776e-02 -8.302188139327772165e-02 -2.122518489235900377e-02 6.664198520689018634e-02 -2.509214211615682505e-02
8.694301677042007293e-02 -9.604431797733394005e-02 1.538935131128376342e-02 3.388121742544818876e-02 -1.534321066474819521e-02
8.179594573215198672e-02 -8.535014583528091614e-02 -1.023364790694999450e-02 5.641127051861614949e-02 -2.201306098712606935e-02
5.209170018987841627e-02 -5.052725925388081712e-02 -1.470311371556130148e-02 4.231421517933478538e-02 -1.577228801659436713e-02
1.555366088284830250e-01 -1.582410963337531618e-01 -6.533225716348637670e-03 8.919344218283276060e-02 -3.565169342371094646e-02
9.363634339178193711e-02 -8.944778240259655677e-02 -5.604560484962883837e-03 5.080541817606561150e-02 -1.993456922440463644e-02
6.370004017452540745e-02 -7.568435152296622281e-02 5.096393556004025216e-03 3.634799876198224755e-02 -1.548640731363049548e-02
9.298618551739464000e-02 -9.891070317341046914e-02 -1.213389487182074157e-02 6.607279357442341627e-02 -2.575969409167137153e-02
6.478324181761903333e-02 -6.734417779842681584e-02 -1.207042133823395952e-02 4.896628226171625964e-02 -1.877097249838931281e-02
6.863722503017008481e-02 -7.529141492692828508e-02 -4.523015265992179693e-03 4.559392672316082279e-02 -1.821370469983917342e-02
6.664357749769297956e-02 -6.415608254252826159e-02 -2.884379298617512771e-02 6.549948088748687447e-02 -2.386373901162643432e-02
3.069383673813702237e-02 -3.863066018317060785e-02 5.390261591807860020e-03 1.590930182000002691e-02 -7.134091295556107756e-03
8.061768346180499603e-03 4.498781649027505658e-03 -2.894883155499634875e-02 2.747976151588991944e-02 -8.198963523034355494e-03
4.368837043724724950e-02 -4.939826673045898120e-02 -4.539776727072294331e-04 2.744363023245923600e-02 -1.121808223453235089e-02
4.987769915823769828e-02 -5.031925642790732039e-02 -1.129396628232307367e-02 3.878503677117628445e-02 -1.467793176293012702e-02
8.616940682005197472e-02 -9.880177028322116584e-02 8.399733343296697866e-03 4.429952527652535055e-02 -1.899154552014513733e-02
7.310882255248070394e-02 -8.083964221098378922e-02 -1.557195416215579990e-02 6.203979482641139992e-02 -2.396649113209396373e-02
5.578668597836055482e-02 -4.016193582750488683e-02 -4.943969690405708439e-02 7.329132549756148252e-02 -2.487884920687200366e-02
8.499110942119296463e-02 -9.609955633552350052e-02 1.034073840876807530e-02 4.018170967548929939e-02 -1.745625068937888338e-02
5.383371300652181612e-03 -2.031484043214817903e-02 2.992879869584477368e-02 -1.985827998944995551e-02 4.971104455734032604e-03
1.602183853617597867e-02 -1.750006735700380608e-02 4.013482173282111390e-04 8.861646544747078108e-03 -3.654589396246455974e-03
4.565999728220479503e-02 -4.804921292771849317e-02 4.072197801827450738e-04 2.462042412916325487e-02 -1.004260330577469093e-02
3.971526253421075320e-02 -5.062837997138907448e-02 1.412024326094077874e-02 1.270081830177676764e-02 -6.689303430374137112e-03
9.985806775885196218e-02 -1.069656102534498610e-01 6.501272649243996019e-03 4.896758506086992119e-02 -2.056442006021123522e-02
6.068016553930070944e-02 -7.607308585055176653e-02 1.738547451793989382e-02 2.324703849094047689e-02 -1.136953748838075845e-02
6.957916347170198246e-02 -6.171002009999017324e-02 -4.142076675859776569e-02 7.733871850508244883e-02 -2.742080892135697473e-02
1.007680266927013374e-01 -1.294573817015379491e-01 2.115291901291356871e-02 5.058133160455238753e-02 -2.317875867861971320e-02
3.068519238380362779e-02 -2.998811526678960698e-02 -1.320712917338811784e-02 3.048384085863908161e-02 -1.114501076202139250e-02
3.538860994821849126e-02 -3.951587290653399420e-02 1.661701978128072264e-03 1.942116361787112749e-02 -8.113591819154922571e-03
1.373257817041038387e-01 -1.358877351356012897e-01 -6.847542801463266278e-03 7.712879305427373933e-02 -3.066859359402300186e-02
6.677261722550710543e-02 -6.727170126148737661e-02 -1.193982335544663612e-02 4.818247713890348033e-02 -1.843156434849745756e-02
1.037498805039849259e-02 -2.560798748939947453e-02 2.851360742066389939e-02 -1.540554359251472549e-02 3.285453304685852748e-03
2.285299416288694846e-02 -2.823671311738937609e-02 1.106430738765302318e-02 3.154665128617404994e-03 -2.399078004243782643e-03
3.878345539949776266e-02 -5.704666772911815703e-02 2.981928426972374133e-02 -1.005151802162389138e-04 -3.082904759563285125e-03
9.463341643587450114e-02 -9.961682152028737691e-02 -2.164015200408161022e-03 5.445193332384973273e-02 -2.191010419187874175e-02
4.260080421820344049e-02 -5.119592784787947021e-02 9.435914752335383335e-03 1.763927540715681808e-02 -8.188174434398625898e-03
6.308444907711230343e-02 -7.755779907377950699e-02 4.870943506001745686e-03 3.859514217016336152e-02 -1.648126214727351629e-02
2.882447174198440529e-02 -3.163567442125905793e-02 -6.366491254215978293e-03 2.446645655357292462e-02 -9.409532742698106106e-03
4.900580888502702875e-02 -4.731570525564632312e-02 -1.522568116148668993e-02 4.121534526537489612e-02 -1.526673580229488680e-02
2.831024497255086453e-02 -1.457955614744009878e-02 -3.392422467894012222e-02 4.255170157897827932e-02 -1.381310891834484737e-02
5.634135542499174587e-02 -5.475402872573406632e-02 -2.442261924787575769e-02 5.594698890409426084e-02 -2.043985332866887772e-02
7.300190959987888639e-02 -8.055580170463035039e-02 -7.353269120304246117e-04 4.419104048201618479e-02 -1.802696344025506159e-02
7.831534134970746797e-02 -9.802721721403079291e-02 1.221931489440056078e-02 4.189614818496808363e-02 -1.856571477409182588e-02
1.387152193220748397e-01 -1.474615846204909986e-01 7.942705028295467956e-03 6.820870787481220221e-02 -2.847253782700222974e-02
4.604091495349382085e-02 -4.897274969470930689e-02 -1.414591978603788394e-02 4.256195629693414889e-02 -1.607398862119140126e-02
4.374926355849983323e-02 -7.044022720752789180e-02 4.588913310921519106e-02 -9.333916279440338318e-03 -1.012452988060503481e-03
1.262296058982514402e-01 -1.028110798640514828e-01 -4.511185949505133047e-02 9.801758284402233012e-02 -3.510398032996961404e-02
1.018335238197938808e-01 -1.007148391229696072e-01 -1.835002232867450830e-02 7.196895757758198231e-02 -2.740017480139126868e-02
3.751269762788354833e-02 -4.821205593964847380e-02 9.195391512908660664e-03 1.720618502678438952e-02 -8.069534219679803597e-03
4.062187752482318732e-03 -8.726966135575362632e-03 8.668519498528481915e-03 -4.201266220322515815e-03 8.038731077235995509e-04
7.150827074586603438e-02 -7.742219448628810674e-02 -1.470014948366360139e-02 5.856629336737246422e-02 -2.257634748859555993e-02
4.297787562413218909e-02 -4.419222466338270511e-02 -7.933040910177593594e-03 3.204689676828514217e-02 -1.228437595342426678e-02
6.365292359417060175e-02 -5.148618451426130449e-02 -1.927713914019061822e-02 4.514067829027467588e-02 -1.625621549903675730e-02
1.076184360622015335e-01 -1.046626335821830567e-01 -4.433658012200150655e-03 5.759880575510744477e-02 -2.283205754793818723e-02
4.758047466694350497e-02 -4.017952888713281767e-02 -3.318883418216684450e-02 5.678076405258453141e-02 -1.980598296761174743e-02
5.021118292120997639e-02 -5.342475238084539585e-02 -4.608119996864484119e-03 3.352684963823349823e-02 -1.324329227472472240e-02
5.480488077328302121e-02 -5.622654895583135970e-02 -1.429527947745206501e-02 4.571169520208241688e-02 -1.726100076216522186e-02
-6.077389921309910188e-03 2.181174822509310274e-02 -3.141492620142041781e-02 2.056807016358424417e-02 -5.102177169838263519e-03
2.034531309693748090e-03 1.810586524633441496e-04 -5.323181319252041216e-03 5.414063315479652160e-03 -1.656886148050228753e-03
6.197733315582541758e-02 -7.854846534876797071e-02 1.231086225249508961e-02 3.088304598090802974e-02 -1.403878611300708908e-02
8.653272453114617402e-02 -1.051413609170239044e-01 1.873288027030319686e-02 3.734792533684843513e-02 -1.725339336484479208e-02
5.125374927347615267e-02 -6.703155461157750405e-02 1.247898105763526645e-02 2.470560998639413294e-02 -1.155783386454270825e-02
1.296448307638707886e-01 -1.494455684851174748e-01 1.478387224690098575e-02 6.485241331646023066e-02 -2.807171906935414935e-02
6.478790956122411349e-02 -8.148464691245874136e-02 1.616002571347502012e-02 2.789666669311837224e-02 -1.318620809035076120e-02
6.521184693317445824e-02 -6.153320449584573359e-02 -1.761576084889951779e-02 5.045225033941150988e-02 -1.870268489284505897e-02
7.207989184283716821e-02 -7.386191024565114116e-02 -1.740201310072487378e-02 5.838284443204580509e-02 -2.211702769768710691e-02
1.332436068121099423e-02 -2.044293623215868300e-02 1.102735329354798122e-02 -2.343819601107599159e-04 -1.073168208881707499e-03
3.229681386582600872e-02 -1.953456553172247881e-02 -3.790206090679614642e-02 5.015935792176146740e-02 -1.659172922889218249e-02
4.967370624891805780e-02 -4.248628821979999470e-02 -1.500322699054393305e-02 3.689613526223454315e-02 -1.340618387659411014e-02
5.759738567870780618e-02 -7.649293766395959260e-02 2.040055414768512584e-02 2.110158624921853673e-02 -1.086198827280183965e-02
4.615200772753221686e-02 -5.486312675876905270e-02 6.647939016259648420e-03 2.284564103130405643e-02 -1.006223166922469089e-02
9.808103539562509909e-02 -1.166016023151251468e-01 3.183329933115476573e-02 2.802624637486205925e-02 -1.467063741436118104e-02
2.309698984069256250e-02 -2.569263277983056468e-02 -5.180378187730064372e-03 2.005775194474027079e-02 -7.740884391913197167e-03
8.842084286020931994e-02 -9.656391562978006160e-02 -1.516532069444831259e-02 6.951825287613423721e-02 -2.701973295064195174e-02
3.863599535348593433e-02 -3.651154491522245332e-02 -1.117407738349885347e-02 3.089973453213530272e-02 -1.145197301897139634e-02
8.108161536088859256e-02 -6.774922111371259326e-02 -3.376282397661311413e-02 6.966006405002601876e-02 -2.483885837815966169e-02
3.545549898577689263e-02 -3.806844055692749224e-02 1.432185337946031934e-03 1.850852966103533684e-02 -7.689470386518072222e-03
6.193392524185830500e-02 -8.390428171586984674e-02 2.597168235817837179e-02 1.932746327537982270e-02 -1.071966706066557369e-02
8.704061451608499644e-02 -8.697721020056567443e-02 1.570141306031872094e-03 4.277145556988962843e-02 -1.751284193223646979e-02
3.985138990704062412e-02 -5.557113624719045575e-02 2.526040181706397381e-02 3.712679713442993464e-03 -4.165708289466861676e-03
5.752298416190623070e-02 -7.163137100559051340e-02 1.663488962581546535e-02 2.135039581436201650e-02 -1.047328042630692874e-02
4.269110506408919925e-02 -5.418985312965353407e-02 1.298143490894328178e-02 1.596535391295743692e-02 -7.906835022399872834e-03
8.937480661907168389e-02 -1.128235968618301888e-01 1.581600685455534366e-02 4.646185965384957983e-02 -2.084473656613858653e-02
6.168027027100669857e-02 -7.539556368108202289e-02 1.024652344285765897e-02 3.063820501179217656e-02 -1.365590138265428480e-02
5.666849549080157228e-02 -6.023263163200512360e-02 -1.561765725727294780e-02 5.006594919891529244e-02 -1.896341061873710668e-02
5.908222718158435971e-02 -6.991940564439175221e-02 6.988734779009029077e-03 3.087404905960994608e-02 -1.342466620016742260e-02
2.162056264915081932e-02 -1.968502271105591200e-02 -1.432181836005846053e-02 2.622002751372396606e-02 -9.295531572561887765e-03
4.096174324859219555e-03 -5.996272447838038762e-03 3.091107564677090733e-03 3.834789304639248927e-05 -3.406986972757027900e-04
7.706117670083757754e-02 -8.610217958560772988e-02 2.134621946931522171e-02 2.190501877053338889e-02 -1.101084925016678449e-02
8.570547156924616938e-02 -8.848129180935090932e-02 -1.783463805825824880e-02 6.661990770034978415e-02 -2.543860850643765020e-02
7.673726616420172009e-02 -9.713866006209866122e-02 2.106398103006818998e-02 3.122237268222177731e-02 -1.504692097164933746e-02
5.760429927383278748e-02 -5.243869378796147535e-02 -1.689024622908620946e-02 4.462986450227101470e-02 -1.639700516421440518e-02
1.678507440574781087e-02 -4.313989768565444638e-03 -3.007104066253153338e-02 3.330526778148434897e-02 -1.046370793352461269e-02
2.609696071948440499e-02 -3.565433466374008653e-02 1.194219302584542328e-02 7.226323339743286230e-03 -4.243880269182201924e-03
7.414118461943497440e-02 -9.818428589898464676e-02 3.691855354484873536e-02 1.428257533375957601e-02 -9.675069113683531022e-03
7.043798966221515023e-02 -5.791825863380394707e-02 -4.113819744360005387e-02 7.352875572746458976e-02 -2.578344917861285363e-02
5.935056510246981137e-02 -7.378411294600815962e-02 1.008415297231841923e-02 3.027825703823082762e-02 -1.351741410932534755e-02
5.768199912103225829e-02 -7.917373186833485954e-02 2.854760571761820812e-02 1.382872583621472078e-02 -8.735881995056621330e-03
6.246856231974338980e-02 -6.845479511150938390e-02 -1.141289789364830637e-03 3.805133757751177209e-02 -1.547250790213909079e-02
1.767285708613672568e-01 -1.481365623546466725e-01 -3.908785661318680410e-02 1.133988011749036545e-01 -4.185784398607698964e-02
1.253781577135151815e-01 -1.179954750508078742e-01 -1.698621881910531220e-02 7.786342551450993466e-02 -2.986934799622101289e-02
9.050435710252421884e-02 -8.909817683417331491e-02 -1.635401623301668134e-02 6.404248816716998083e-02 -2.446429593698541682e-02
2.251641144798177674e-02 -2.567862757054567222e-02 2.879485789941256708e-03 1.062981230231514231e-02 -4.628436249178713782e-03
1.488900818085780453e-01 -1.569989455716080951e-01 -5.739657605666951060e-03 8.937828499951046279e-02 -3.597395002034368267e-02
6.964540108339102586e-02 -6.693344330577846724e-02 -3.109986406318973606e-03 3.689248612113964904e-02 -1.456985442951808443e-02
6.565989917964175360e-02 -6.647769723599608604e-02 -7.195519430383646303e-03 4.232024780048467688e-02 -1.648105857461655208e-02
3.797215502668715992e-02 -2.958652870413203823e-02 -2.809603545020275886e-02 4.508036750383796060e-02 -1.549728974877591023e-02
2.718797771825953724e-02 -2.131443494406296338e-02 -1.836588521254049408e-02 3.035234009861794216e-02 -1.048135391860131882e-02
4.382458570967871087e-02 -5.414801306404611048e-02 1.409500136551646542e-02 1.424938737564491499e-02 -7.276724791407455234e-03
2.994334803137638223e-02 -3.306113314326769581e-02 1.085142044604592466e-03 1.644367263951894073e-02 -6.816645600039967882e-03
3.868794419011926944e-02 -4.876494000416635444e-02 1.282670036043264024e-02 1.290539531792399969e-02 -6.610187186802529181e-03
3.401828193508634607e-02 -3.269902944967175568e-02 -1.217948426437093570e-02 3.040034296095379257e-02 -1.118090512896173332e-02
1.240284242796326451e-02 -1.805996342156280729e-02 9.164180177032809488e-03 2.615870002158338353e-04 -1.069679854622924975e-03
5.007889478464929572e-02 -3.979281947477078529e-02 -2.865357375915555949e-02 5.031512892839350160e-02 -1.751923392822990130e-02
1.637799410938401423e-01 -1.681821845483794098e-01 5.345680537418847494e-03 8.069390371103625503e-02 -3.322254526380956363e-02
-1.845188703677514558e-02 3.221226018314871792e-02 -2.326589209898246441e-02 6.421957037650655002e-03 -1.630837711997875261e-04
6.305378831884096702e-02 -7.647741124991704054e-02 2.053234752315263867e-02 1.910559302151352765e-02 -9.904909688675125543e-03
8.407757351507082200e-02 -8.193552082903553246e-02 -2.542456130481145563e-02 7.063413954430866615e-02 -2.627199151796449222e-02
9.012229102392564639e-02 -1.127823630868982629e-01 1.325222671183922188e-02 4.935996334421680065e-02 -2.181359623190131519e-02
3.314661533371365820e-02 -4.955106678918897584e-02 2.004147787262397853e-02 7.198852828980925080e-03 -5.165238208158032425e-03
8.087617096909067993e-02 -8.371906592562780580e-02 -1.167013538135674815e-02 5.698560676768492372e-02 -2.208584215276049312e-02
4.043049639573513543e-02 -1.989228144217975586e-02 -5.195618645143590397e-02 6.430588819180341198e-02 -2.087599934194711571e-02
8.687826586567269638e-03 -5.955488621053308057e-04 -2.085110114267815090e-02 2.208109514718573432e-02 -6.861560536205892243e-03
5.905362252501258902e-02 -7.367142792644050531e-02 2.878878110556052673e-03 3.915883776195970556e-02 -1.655586063403239466e-02
8.565353208816470221e-02 -8.730668601503133175e-02 -1.320684851127782930e-02 6.031898425165517497e-02 -2.329233644431063718e-02
1.051425578557550894e-01 -1.015957877122248554e-01 -1.388021275509795927e-02 6.707997237791772649e-02 -2.590116606446098146e-02
6.589323106791215856e-02 -7.309721500569002495e-02 -6.186565620468639781e-03 4.676274128633785970e-02 -1.858849154932949027e-02
2.778321336088573554e-02 -2.551190308166203721e-02 -1.324205951468688906e-02 2.768754160674205544e-02 -9.961251397672864216e-03
6.913896495081083005e-02 -6.718226456676988645e-02 -1.737977477973419449e-02 5.375395145515737133e-02 -2.014926786774810796e-02
2.140625056981228496e-03 3.175325626970041532e-03 -1.159684556396743324e-02 1.022222949418260217e-02 -2.959835938108778663e-03
4.324034374336484243e-02 -6.076430699141641828e-02 2.105912714405135111e-02 1.194037259595170236e-02 -7.182501011343803490e-03
6.446510232167894372e-02 -6.471427714566847789e-02 -2.963063458004965012e-02 6.805132893668740246e-02 -2.498850340084029370e-02
6.390532385444375185e-02 -6.454081593122029670e-02 -1.805274573529331086e-02 5.405121187314355230e-02 -2.027638662583474902e-02
4.905526474660865111e-02 -3.571450224201545842e-02 -3.443852063504974220e-02 5.396513314206580897e-02 -1.838393512726057763e-02
5.236025249223025257e-02 -5.513177724586323936e-02 -1.308770032711727670e-02 4.431119820716859087e-02 -1.686561817505598249e-02
1.251125268776856481e-01 -1.508438224373360448e-01 1.372835051795584689e-02 6.887927840063101659e-02 -2.979157871197393032e-02
1.811007949705728190e-02 -1.130271764612747649e-02 -1.626109001106448154e-02 2.250112194827011067e-02 -7.461948285461587026e-03
4.683178408526171566e-02 -3.876453226094568605e-02 -2.681521439627818429e-02 4.828397842254886219e-02 -1.690324187480033921e-02
3.919649532516213813e-02 -5.053163659532272645e-02 1.325107328289024805e-02 1.380369848605533974e-02 -7.067968822851440625e-03
9.377372328816405145e-02 -1.044485987758213968e-01 1.438836559085452695e-02 3.953823193422614790e-02 -1.752624987157353278e-02
4.733779049450118764e-02 -4.635625830301619982e-02 -1.859834610450888936e-02 4.496127202618698665e-02 -1.650623643299375248e-02
4.268555518639396279e-02 -5.788529645779601218e-02 1.570030010924163000e-02 1.602827308600821010e-02 -8.303856740343455028e-03
7.827268307077210607e-02 -1.043575608517485626e-01 3.849747687095437382e-02 1.627850798829028750e-02 -1.069249711853095634e-02
3.903170727949288599e-02 -2.852608119528791952e-02 -3.425082566632432074e-02 5.127495075157242205e-02 -1.745636659592955317e-02
5.204090708875468152e-02 -6.430545583037125534e-02 5.741622947904101611e-03 3.000095177900906351e-02 -1.299439245863251609e-02
7.350056951800916505e-02 -7.612742291107162107e-02 -2.479262536110923842e-02 6.868256876994424664e-02 -2.568037229299777180e-02
4.449520408902089136e-02 -2.600971092484252387e-02 -5.292769417761399031e-02 6.914893873292758675e-02 -2.278270565789968990e-02
8.814573737147997357e-02 -9.733239134779185509e-02 5.538380119984859587e-03 4.592033082630438828e-02 -1.933114559431184029e-02
4.691541341755309236e-02 -6.362642170975463252e-02 2.364017883224360517e-02 9.998482168343016119e-03 -6.587752427928019947e-03
2.095797164531323226e-02 -2.689777572677178041e-02 5.592846389254173441e-03 9.014549899602221014e-03 -4.298407364970308064e-03
1.040391396502025612e-01 -1.002059169646578596e-01 -2.265726412741032175e-02 7.610406189213848871e-02 -2.867536525817771312e-02
1.189591723510064342e-01 -1.195886580524023191e-01 -1.754320556710487616e-02 8.174211151715822521e-02 -3.162473438738667986e-02
4.480089324096996756e-02 -4.685574115448365440e-02 -9.159875598244686043e-03 3.512066733025311083e-02 -1.344197752697171531e-02
9.536715520474103869e-02 -1.143521311385547606e-01 1.504356802943901394e-02 4.672886718650375026e-02 -2.080260416326076139e-02
4.899704747114889264e-02 -4.936942379828929139e-02 -1.560396260503538537e-02 4.350188656739215759e-02 -1.624122157773496417e-02
9.994082453198416260e-02 -1.246525387977086424e-01 2.323941287299378586e-02 4.408338103665811192e-02 -2.057329723978644845e-02
5.740945092608681216e-02 -7.934979810744349771e-02 2.916719104829545300e-02 1.321899556601902059e-02 -8.523054298795908548e-03
7.609440413677573400e-02 -9.472274174657353829e-02 1.756558457122417080e-02 3.365314109850763014e-02 -1.570935725677193029e-02
6.963733970632896009e-02 -6.801722314198395403e-02 -9.319162094903514493e-03 4.480494024613022874e-02 -1.722495160142972076e-02
5.437264475538641784e-02 -3.721122455144083851e-02 -3.219191631233724732e-02 5.124248180746433790e-02 -1.743014180055583659e-02
3.601152940250740980e-02 -3.364935499391338847e-02 -1.835942651922000540e-02 3.789343680781692009e-02 -1.365827349134188240e-02
7.897419917185335980e-02 -8.505840012878260192e-02 -1.973368824056314589e-03 4.723378602433112722e-02 -1.905158600666348456e-02
-1.158450651115227811e-02 -4.447474330828336819e-03 3.364080559981370844e-02 -3.186488424712393547e-02 9.458904768981606440e-03
9.314876422171958215e-02 -1.145130916009115124e-01 2.496864297562763693e-02 3.569705069651715745e-02 -1.721338385484924571e-02
7.245254384626298449e-02 -9.171339536891877364e-02 1.065413345396478730e-02 4.053167124633592217e-02 -1.789157224194227319e-02
4.737725463644636842e-02 -5.412278963240857443e-02 -3.646760306964352567e-03 3.395072043273057033e-02 -1.359201965671682708e-02
3.366014731705419677e-02 -2.721480225300634131e-02 -2.656829715269077782e-02 4.286957206503464596e-02 -1.482018001167193302e-02
1.083981820188484463e-01 -1.445789246648755133e-01 3.592697837999309085e-02 4.350316964085630678e-02 -2.186530329169680820e-02
4.764493204651255864e-02 -5.474057335445466077e-02 1.345790920148212536e-03 2.846062591352405483e-02 -1.181692651517943227e-02
3.285263748917870152e-02 -2.537258900829026526e-02 -2.717298764441512804e-02 4.223730005775756802e-02 -1.446901602714617367e-02
6.370023933716104092e-02 -7.610031109255092907e-02 8.312824626425257060e-03 3.289084569145039189e-02 -1.437891142052787584e-02
9.262218847834423341e-02 -1.225139771730857363e-01 3.438669316216796945e-02 3.161098735049083785e-02 -1.664562285595324806e-02
7.262802882391133918e-02 -8.557850171591757649e-02 7.541958621021860321e-03 3.891852261296127602e-02 -1.680267550689116748e-02
8.048522026028796794e-02 -8.934600711262975781e-02 -2.581202886974093887e-03 5.110226283640816741e-02 -2.065797543665084945e-02
-1.530012683714170908e-02 2.246733308295733450e-02 -9.538407659897652630e-03 -2.567263377675754570e-03 2.076890378306899768e-03
1.064877783112723880e-01 -1.107829938776018486e-01 6.685065658943251110e-03 5.012918329470465728e-02 -2.103495244004005213e-02
5.436079819820768128e-02 -6.325116726296843572e-02 1.784338826522393338e-04 3.492915597578268028e-02 -1.442627092856475779e-02
1.136224819921979878e-01 -1.263291417282764173e-01 1.325158819048700455e-02 5.285327972667135804e-02 -2.293376556512121897e-02
6.401833167311844763e-02 -8.687968141198122718e-02 2.693911395070053977e-02 2.004976739579275233e-02 -1.113613171172034982e-02
1.106870313969242486e-01 -1.246108375380172578e-01 -1.196081928506181544e-02 8.218231920880332553e-02 -3.266090334695605224e-02
4.020288353445666818e-02 -5.564585864882262700e-02 1.351971546008630051e-02 1.764010195637477282e-02 -8.778373899490727467e-03
7.374024004949898681e-02 -6.644288105119076915e-02 -3.086438819855159832e-02 6.727555371703412834e-02 -2.424037912689813723e-02
6.044325448120837357e-02 -6.622703305089537584e-02 7.698893596504412760e-03 2.665040899185230905e-02 -1.165641569773256080e-02
1.394718832917484289e-02 -1.047429078842206616e-02 -1.279484304644061890e-02 1.920342972568506168e-02 -6.547720558721086687e-03
2.921505755703392507e-02 -4.364245257379995024e-02 2.003274762135781942e-02 3.410826060153563169e-03 -3.550695004754425566e-03
2.704598721785855114e-02 -3.300603309890850351e-02 4.497084620608075498e-03 1.343242179696953198e-02 -5.999145390682687588e-03
9.660546609962220033e-02 -1.294764764004723845e-01 3.542722773604580627e-02 3.514007456416643610e-02 -1.830094870812987856e-02
4.476025469605140333e-02 -5.010202859157575350e-02 -5.065328722738985864e-03 3.315641603349431255e-02 -1.312123218156848077e-02
4.338154210944921568e-02 -5.011171838537725742e-02 9.397166860132390859e-03 1.653544946748661260e-02 -7.682513691776335189e-03
7.557174017055851012e-02 -8.358099035480752448e-02 -1.399722404004235393e-02 6.167933606152408571e-02 -2.397902199683012506e-02
4.944971437985742208e-02 -5.935929791672245326e-02 2.957747689627944834e-02 -6.823760617719709480e-04 -2.664799675907139100e-03
9.189470701632747318e-02 -1.049703630110869895e-01 1.605600268730264599e-03 5.578339406278385454e-02 -2.311270928692360851e-02
6.678285611078228767e-02 -8.919421579500692865e-02 1.586676069802418418e-02 3.433143103123140194e-02 -1.595012764991389498e-02
9.447244639530515131e-02 -1.083453600528672539e-01 -1.108446698640067150e-03 6.084914176320069257e-02 -2.491268869322953508e-02
5.668037953910434051e-02 -5.954366675412706145e-02 -1.718736170104050859e-02 5.135725171390941729e-02 -1.933583537115860299e-02
6.322596209224055908e-02 -6.113893773709427187e-02 -2.155354461399867916e-02 5.569087290588848466e-02 -2.060040347921015744e-02
1.882208860362847777e-02 -1.604908376880122278e-02 -1.179326290829006869e-02 2.105136479996085400e-02 -7.397083405843407969e-03
9.910557847590513447e-02 -9.681502705312218515e-02 -1.970467611287319079e-02 7.165473179710710183e-02 -2.724010604856941589e-02
1.446827827205380834e-01 -1.526874890620907865e-01 2.021381379632689740e-02 5.741787113323294084e-02 -2.539608956396991260e-02
6.232816524326649510e-02 -9.230451671388870127e-02 4.931492019179939401e-02 -1.136041205619968495e-03 -4.736352315871650114e-03
7.530396455297708180e-02 -8.350851987451565761e-02 -1.321876612231050879e-02 6.100645881323596420e-02 -2.384193144691158436e-02
8.474289395697863492e-02 -9.235147508709826147e-02 -1.145140107463251365e-02 6.326084071737436698e-02 -2.492668971265880537e-02
3.644755147471068907e-02 -5.046760350494492592e-02 1.794444667114293568e-02 9.117495170179411995e-03 -5.648439546414446566e-03
3.849204033658427254e-02 -3.684913850843579003e-02 -1.316828705231490836e-02 3.349472025716647428e-02 -1.232081922107173058e-02
4.591621046367177356e-02 -3.925953891127018786e-02 -2.728034301031052530e-02 4.957113342409842638e-02 -1.742633458412220712e-02
5.149752289132415034e-02 -5.380963617137261151e-02 -7.491045923700341037e-03 3.674783797483885395e-02 -1.425139838763325555e-02
1.429524163309691884e-02 -2.094040126143735525e-02 1.015845704255553643e-02 8.762713176099760524e-04 -1.432074137811050743e-03
6.200406394807289612e-02 -6.791726312722343173e-02 -8.037087856663944693e-03 4.582790118873018154e-02 -1.799563302200653248e-02
6.769050694360592701e-02 -7.370367643706263183e-02 -1.618802735974115073e-02 5.851725843524173409e-02 -2.242923356622501460e-02
3.268888154024603143e-02 -3.323175876206296842e-02 -1.220277699989905963e-02 3.145345772761100334e-02 -1.168194143922973195e-02
7.535964165388822633e-02 -8.581553830354853030e-02 -1.091387503968312047e-03 4.835597957570927918e-02 -1.978911123363103625e-02
2.832082486217734132e-02 -3.380707513904800815e-02 3.690965790372359836e-04 1.855771345881277248e-02 -7.695006767426708881e-03
1.629577361092978544e-02 1.251768975218618511e-02 -5.923709208705920520e-02 5.362382778482219226e-02 -1.565202267499506486e-02
4.811075305402724017e-02 -6.517095527361410623e-02 2.244003971622548707e-02 1.236387661174680706e-02 -7.463081701665423562e-03
9.548990964023465478e-02 -9.907774558056230141e-02 -9.635807915430444695e-03 6.270858869574182093e-02 -2.461944220307361181e-02
4.612970052650557790e-02 -4.715612592352884380e-02 2.829792377556743059e-03 2.101310746466595811e-02 -8.769055884922332886e-03
1.464793296333688211e-01 -1.533455950997151263e-01 2.830819542059303390e-02 4.780432663528079440e-02 -2.209251344846065168e-02
1.172862262355972157e-01 -1.228817506377857527e-01 -1.833212877829671836e-02 8.574615643420485656e-02 -3.326061619712664813e-02
8.814619535271345230e-02 -1.100458464955280796e-01 1.183970675847985723e-02 4.962821080062500972e-02 -2.184410300227538834e-02
3.037671431561036941e-03 8.278615795544739045e-03 -2.559590293035821432e-02 2.207071356668719939e-02 -6.346377386975644505e-03
5.788319244592891877e-02 -5.703172984114216609e-02 -2.764616075097733189e-02 6.123747651783409407e-02 -2.232534073249624676e-02
6.030442536343443016e-02 -6.156465315699601037e-02 -7.981141281658084632e-03 4.094003623538709086e-02 -1.588185211101868569e-02
7.608685545268470407e-02 -7.798293704734501897e-02 -2.339794059431108894e-02 6.784816552117851896e-02 -2.549045202009737193e-02
2.681631873394448029e-02 -2.320405694960360476e-02 -1.356979921054441048e-02 2.634196390823750206e-02 -9.321782393145868970e-03
8.335824579000464252e-02 -1.127853254766028740e-01 2.841421563924339047e-02 3.377158494037622860e-02 -1.701575948369810076e-02
1.405400334870344492e-01 -1.301310004460107250e-01 -9.091127214757556418e-03 7.446076539317293685e-02 -2.917826777562628274e-02
7.122176699872519168e-02 -7.275812609457329994e-02 -7.421523358812466900e-03 4.629032695127333757e-02 -1.816358519797068791e-02
3.789303724361162140e-02 -5.054553561379824395e-02 1.469534293261977841e-02 1.252563267345486488e-02 -6.704987093520749231e-03
1.763545364334734300e-01 -1.716156247991818262e-01 -1.478024021710890121e-03 8.854941389433955423e-02 -3.574692999259343473e-02
6.576030508918782880e-02 -8.398001780793054594e-02 1.362170619647431850e-02 3.284575185577704587e-02 -1.504632234395357482e-02
7.864231153854604750e-02 -8.456071435068990283e-02 -1.125628713279755791e-02 5.801522712488089289e-02 -2.263879140112150593e-02
8.535546127699120134e-02 -8.496679185723987615e-02 -3.042783856018569169e-02 7.892687679433978143e-02 -2.930346690796009970e-02
4.355287757821422329e-02 -5.372950438745358048e-02 4.552034084085425196e-03 2.535630462963694293e-02 -1.095735694578621987e-02
3.743749852921750970e-02 -4.846198585489329413e-02 5.345703727760229076e-03 2.211059872715739547e-02 -9.739602394686767625e-03
2.873915036675294896e-02 -3.218213508750228380e-02 -3.273853187130245073e-03 2.131087195151946598e-02 -8.428086137147426660e-03
3.572388711325596988e-02 -5.345995843629680611e-02 2.723533070121320759e-02 9.976568000706457790e-04 -3.298848158923685901e-03
5.582943903511593947e-02 -6.904045227934338391e-02 1.291493487244396547e-02 2.428104907385759612e-02 -1.135194804400336231e-02
8.927913729124481446e-02 -1.117685089178838548e-01 1.990263020531069654e-02 4.087307396598707787e-02 -1.895299531507143101e-02
9.118522785221445937e-02 -9.640994497712393474e-02 -1.514709088464656107e-02 6.854228949477479682e-02 -2.658746298464877492e-02
7.572964447883520633e-02 -9.494794041399960693e-02 1.334307824203843744e-02 3.876210156718713079e-02 -1.736366996399876447e-02
4.828822811172962109e-02 -5.585281451984751289e-02 -3.089354103976876473e-03 3.447562505840401359e-02 -1.388091631778464417e-02
5.018328475687074131e-02 -5.584080862057772682e-02 -2.617914305147024884e-04 3.031550157028275669e-02 -1.235733061813627104e-02
7.242645216402170127e-02 -9.779357521462765657e-02 3.163626125360140262e-02 2.095877417069133206e-02 -1.200905349796666313e-02
1.123605461023021723e-01 -1.162606097494932877e-01 -1.524439505041949409e-02 7.830572050426351516e-02 -3.050142000166422562e-02
1.967434470277894601e-02 -2.269397981551489821e-02 -1.147584829038291680e-03 1.385706537248896329e-02 -5.586205416355315145e-03
3.245707409599980081e-02 -2.197642872112543291e-02 -3.651418614541706437e-02 5.057854918967419344e-02 -1.694837737650627812e-02
4.470895774845754650e-02 -4.371406929354507837e-02 -1.600294531215744331e-02 4.059005260282774752e-02 -1.497621070230495920e-02
5.680653694329225456e-02 -7.825525006386420401e-02 2.500191999801095605e-02 1.753168802063491752e-02 -9.916297204790022746e-03
1.152933378287402527e-01 -1.314625806031512190e-01 -1.533203217186440183e-02 9.113056150517059861e-02 -3.623392890528345789e-02
6.496007134109155201e-02 -7.240813836916289159e-02 -6.849098692900105860e-03 4.727398068322391511e-02 -1.874009469443334991e-02
1.561916249030161630e-01 -1.575958180665815167e-01 -1.891893693372781113e-02 1.031593611936570815e-01 -4.025623122507961810e-02
9.773466925467405586e-02 -9.662301659229120820e-02 8.769258230836336635e-05 4.924807437199811566e-02 -2.001126505699494379e-02
3.756962417509752961e-02 -1.794885826606128221e-02 -5.827837329878047395e-02 7.123785372229600454e-02 -2.318065612065680139e-02
7.339661966036646612e-02 -8.952338825073027917e-02 1.879740341792216288e-02 2.855746330219505885e-02 -1.363814087547325984e-02
5.370902010558778472e-02 -7.853594273392830449e-02 2.944430831989302416e-02 1.384146231332837769e-02 -8.964459535618798589e-03
6.916730680206337190e-02 -6.452378483698320566e-02 -3.079011365646422763e-02 6.720849357753054532e-02 -2.431936995641574561e-02
6.412127774534308322e-02 -8.861115605627641056e-02 2.900384312984991692e-02 1.916268322396090171e-02 -1.103321185477575128e-02
6.215184226909453713e-02 -5.935768675579156106e-02 -2.787607546160451172e-02 6.204987878455195394e-02 -2.260596121346889267e-02
8.760008949694021718e-02 -9.400197201084624365e-02 -1.856408605074480467e-03 5.173956379894152635e-02 -2.089361255768226039e-02
9.383858719841516038e-02 -1.072067295818095872e-01 -5.270609499571357257e-03 6.523735056983988312e-02 -2.636517153516902343e-02
4.293330154194872211e-02 -4.644874343830458774e-02 -7.518298899535597567e-03 3.348904727568337292e-02 -1.296696875083920390e-02
1.058174423830539335e-01 -1.138535534370508084e-01 -1.033012476188364774e-02 7.292103243929141942e-02 -2.893604090412514249e-02
1.238062738899183002e-01 -1.588549705250482669e-01 4.041741664495383801e-02 4.486050997006091334e-02 -2.274247735493983846e-02
3.940549098265707512e-02 -6.932151965362544355e-02 4.862525739511569522e-02 -1.193481267978497261e-02 -3.101638254365620567e-04
1.553575659716797432e-02 -5.888480108980768610e-03 -2.992264549644712765e-02 3.503687775626203316e-02 -1.127542370429605346e-02
4.090979220975538011e-02 -4.865929220587052184e-02 -5.137725576119659462e-04 2.790594080940320132e-02 -1.146436363557348272e-02
1.176921636773346908e-01 -1.235933394179268147e-01 -8.477471308081860682e-03 7.490525464069763828e-02 -2.981698480966320577e-02
7.594465176797918216e-02 -8.514249029539402991e-02 -2.729892312182191812e-03 4.960571256094924858e-02 -2.014026106171673200e-02
2.528973493338234138e-02 -3.318689663031058890e-02 5.549831695855105169e-03 1.301655125558884643e-02 -5.987151542044551189e-03
7.496969249900661825e-02 -8.519786522229663706e-02 -2.538777817907326918e-04 4.721079287768670946e-02 -1.945752225614758024e-02
3.159491910422093652e-02 -3.533071749031514025e-02 -7.719776445969804730e-03 2.835729761751819636e-02 -1.090884284921859668e-02
1.231784463109134170e-01 -1.289241344032298897e-01 -1.205785151989190174e-02 8.190210813695611436e-02 -3.237007298938469196e-02
1.573825931080548024e-01 -1.800117849487668509e-01 -4.083900980564304783e-03 1.047549116663859664e-01 -4.298129319760957134e-02
1.072842306171094551e-01 -1.231947453079118709e-01 -4.706180890760687345e-03 7.356780034488144548e-02 -2.986705505581934567e-02
1.754272418707292225e-01 -1.496124613947358295e-01 -2.397014566196276758e-02 9.817182653068756704e-02 -3.723320520294550601e-02
1.057944113575407935e-01 -1.040832115443889455e-01 -2.101574350206276628e-02 7.674919700199143990e-02 -2.912042880281954377e-02
9.669352315862954350e-02 -1.139654043174375686e-01 1.223495189698504612e-02 4.940412529162743066e-02 -2.162863010268357283e-02
1.097807718455918735e-01 -1.346954327069830315e-01 1.633053919558396377e-02 5.772196206608785213e-02 -2.558014985679293515e-02
6.193735657094073810e-02 -7.191284187599648881e-02 -5.940659618039778253e-03 4.690703685673298234e-02 -1.874859753094307302e-02
7.670354726768331688e-02 -9.952877608370921947e-02 1.893003842706766221e-02 3.590202443820519201e-02 -1.684217551821787923e-02
7.372141347175503734e-02 -7.574173454726158827e-02 -2.306652038758968612e-02 6.623208503203914521e-02 -2.483031670447965328e-02
1.879740184483088272e-01 -1.732183754866812309e-01 -8.892826414559108772e-03 9.571416099134527622e-02 -3.784416579422683613e-02
5.156876549190977932e-02 -5.952433051911480005e-02 -1.385388905879912516e-03 3.444046392089317871e-02 -1.402866266492095587e-02
5.941496166124671241e-02 -7.076133492589492535e-02 4.278941340400545940e-03 3.473120640798101066e-02 -1.477609873054282208e-02
1.267894296447536207e-01 -1.188419737843952745e-01 -4.176574408044887721e-02 1.072625659477207810e-01 -3.966642120501303465e-02
1.087163374896123469e-01 -1.118359384222041980e-01 -1.254838756224569730e-02 7.272850415331014173e-02 -2.847966119708381788e-02
4.856738354357240800e-02 -5.045321176498188814e-02 -7.608177677581153334e-03 3.507061807005735360e-02 -1.355785224543946260e-02
2.743705618498616661e-02 -3.176483735016089049e-02 -4.497201202605397886e-03 2.296891920019380681e-02 -9.034088198486632526e-03
7.953390502835362696e-02 -8.478137854374669102e-02 -5.195824582170003106e-03 5.068467117955177681e-02 -2.016413385222523211e-02
3.934297912695463445e-02 -3.514871534971655137e-02 -2.990172315943994547e-02 5.175567761289866925e-02 -1.820283815337605735e-02
1.033212263182505114e-01 -1.053464811301913634e-01 -2.800130861668850488e-02 8.754022131357189207e-02 -3.316827033389331547e-02
1.441729633150819756e-01 -1.735524809925935996e-01 2.033944910570361850e-02 7.433306493665367554e-02 -3.282708782724007984e-02
3.455243839167188025e-02 -3.872514512655721164e-02 -6.133465051052169707e-03 2.832297822026180398e-02 -1.104817350184299912e-02
3.799726912009730034e-02 -4.182458380446411189e-02 -9.105125787589606751e-03 3.334749685814046571e-02 -1.282539061639989889e-02
8.102172348652673939e-02 -8.899194956718894933e-02 -5.004317035298176154e-03 5.374840025340480582e-02 -2.156408419392412401e-02
1.706085615186423432e-01 -1.913246288658064509e-01 -2.786887161896985880e-03 1.081730736633205597e-01 -4.439400026077201800e-02
8.565198650056622676e-02 -9.023890605739617876e-02 -8.893878521394071174e-03 5.819592545555739294e-02 -2.302723339797304106e-02
5.558854872494418953e-02 -4.093921212523946029e-02 -4.873599226179611832e-02 7.321316359879129210e-02 -2.494225270320058613e-02
5.928731787258761932e-02 -5.879547139385812859e-02 -2.673319208575537006e-03 3.301816867485092566e-02 -1.314097869846860174e-02
1.470886782104621759e-01 -1.666040805719222195e-01 2.450142173113847160e-02 6.267537712821763529e-02 -2.817495987920131881e-02
1.292537327298776129e-01 -1.306742012971600087e-01 -2.150825451525334789e-02 9.231800938411510726e-02 -3.559393776607793630e-02
5.654717820452027227e-02 -6.538821913158515686e-02 -2.130960654084348635e-03 3.862052582664578237e-02 -1.568571764071487532e-02
9.415426396392875819e-02 -1.144348080700868936e-01 1.925276758750491674e-02 4.231584147177752664e-02 -1.944020993279070575e-02
1.202359082020987430e-01 -1.494775597898896635e-01 1.580276574220174438e-02 6.769350351881789352e-02 -2.978552850266343727e-02
3.653171735100867873e-02 -3.330809876954343024e-02 -1.904575203786781912e-02 3.819298728503359164e-02 -1.368601640850591189e-02
1.670296137214422327e-01 -1.651987821413384849e-01 -2.319168332848757161e-02 1.112164935423104045e-01 -4.310471037029001140e-02
7.731363044732787737e-02 -8.260989967742399243e-02 -1.314890199391745285e-02 5.935739045394940183e-02 -2.308199348333059286e-02
7.813285254313238892e-02 -9.564819222297014922e-02 6.739511334597916327e-03 4.649911608706596561e-02 -1.990840686465772391e-02
8.819009440276696921e-02 -1.000454723523330758e-01 -2.679035987023279698e-03 5.798108593957017332e-02 -2.360417052871024296e-02
1.335476352902988384e-01 -1.352147113852850413e-01 -1.779544565557438299e-02 9.041866116540411835e-02 -3.517254507979042377e-02
1.018639866592313259e-01 -1.090108161959428695e-01 -2.030755259302812615e-02 8.203953668843597113e-02 -3.174875109134493723e-02
1.236687969071798288e-01 -1.330505706641943731e-01 -2.020077908491496599e-02 9.500213511863789262e-02 -3.711515169069623532e-02
7.740045666172362671e-02 -8.725782285401005589e-02 1.773188978006231533e-03 4.565073001544012882e-02 -1.896913266170459703e-02
4.649436233575217348e-02 -6.992615043587699364e-02 3.621849555833661638e-02 6.909548123964259813e-04 -4.127245315074544452e-03
6.750795271157325472e-02 -6.950985916174673429e-02 -1.651044158645314716e-02 5.510756204773400307e-02 -2.084918628032456089e-02
9.939750775995437326e-02 -1.164947334997779305e-01 3.971332375801145571e-03 5.994099809940364731e-02 -2.504334684744864703e-02
2.439689080686504585e-01 -2.726851415903713272e-01 1.765461515605381074e-02 1.284667953648347405e-01 -5.472390641622018603e-02
1.393390216495202782e-01 -1.353651242522495024e-01 -2.728827608567842983e-02 1.001281959930326593e-01 -3.819398685818956030e-02
9.894962033653888211e-02 -1.106228221838700121e-01 5.808455165548750618e-03 5.311249152809649487e-02 -2.232603545852274857e-02
8.964770599425521402e-02 -1.046078788229474754e-01 -8.381261824188175266e-03 6.819582403319963959e-02 -2.732106790375227537e-02
1.305603457047551097e-01 -1.349360763875515901e-01 -2.537896598372918824e-02 1.004178471507376907e-01 -3.873100722189848355e-02
1.490509305339256796e-01 -1.362426681018675811e-01 -2.378427995335262446e-02 9.400082355372393894e-02 -3.578554203282143659e-02
3.896556141427144626e-02 -3.189146188384190533e-02 -2.080513155598033223e-02 3.829085104570111031e-02 -1.347145077252117316e-02
1.446053970344749195e-01 -1.447045435585482265e-01 -9.961076973470161383e-03 8.566125790337682233e-02 -3.388968829608826616e-02
1.325530157045832214e-01 -1.379727258888153729e-01 -3.144448850863601486e-02 1.094786370842153328e-01 -4.189639262387423457e-02
9.176844434680277163e-02 -9.204796342165470768e-02 -7.975607803793669653e-03 5.632017441294712157e-02 -2.212523926045925973e-02
1.766440765903403709e-01 -1.804679414576404184e-01 -3.433906396903282920e-02 1.340430877478671623e-01 -5.158988272359175953e-02
9.073314025669174110e-02 -7.343010010273680332e-02 -6.071366858989607485e-02 1.030919411423408677e-01 -3.596887352075343880e-02
2.931498328612734336e-02 -4.008405998784080049e-02 1.204126614980831865e-02 9.811548742179772298e-03 -5.342723582359805087e-03
1.585370048799064069e-01 -1.593955779011620166e-01 -4.234299026880566745e-03 8.705339680720675100e-02 -3.505766978116501426e-02
4.544097393981529759e-02 -2.891649720666091342e-02 -4.803924200354176693e-02 6.547729535321575312e-02 -2.176953381725683229e-02
8.026787328877993399e-02 -8.409801600502225805e-02 -1.453013745944644296e-02 6.086532411531796888e-02 -2.342961702359215234e-02
-2.142954170635293955e-03 2.466420615712866179e-02 -4.683363914614536300e-02 3.496556105515469248e-02 -9.376536625754510260e-03
1.664481124809440160e-01 -1.930665356077632677e-01 9.314991908379338659e-03 9.651421515429998987e-02 -4.082651540944758767e-02
5.996760052176721562e-02 -6.952002169469417847e-02 1.199219424356028898e-03 3.702402714624669633e-02 -1.535733592244629617e-02
4.611335177687533177e-02 -5.741708016365134476e-02 7.941489061313426051e-03 2.357823123406812757e-02 -1.056375519976322092e-02
1.195222524734406433e-01 -1.174410768082822243e-01 -3.251849791226541636e-02 9.756613534181640679e-02 -3.670552519173297945e-02
4.698062413493740014e-02 -5.532539911941326827e-02 -4.484366540142565704e-04 3.141461028066600686e-02 -1.291280734137855400e-02
4.577326981600433886e-02 -6.623752296509421988e-02 2.409559314124729706e-02 1.219912059133615272e-02 -7.645750988765410462e-03
1.400126162263244101e-01 -1.580997515093572059e-01 8.608935014072558942e-03 7.667815752440636234e-02 -3.246853658418732969e-02
1.504044905179397762e-01 -1.647169532046809104e-01 -3.613260479450559632e-03 9.331752918154304077e-02 -3.807150296783844146e-02
1.055940647111553304e-01 -1.040952324466627860e-01 -3.881477612537336669e-02 9.859420748287103797e-02 -3.662822720603804011e-02
4.013779051778269824e-02 -1.984935369157402735e-02 -5.345444062432366805e-02 6.607144215911514573e-02 -2.145022981344402169e-02
8.054306377658938809e-02 -9.198686880298530266e-02 -2.608764472120787305e-03 5.358380711196408797e-02 -2.179079641449658405e-02
1.022179622810382021e-01 -1.012995603594211425e-01 -4.519848366094232107e-03 5.665645602205183345e-02 -2.252450748261605046e-02
1.144034517960849234e-01 -1.382201580948438646e-01 1.743998465346491972e-02 5.806490611929489981e-02 -2.585685507273673828e-02
1.446061226664881183e-01 -1.575824908871077679e-01 1.000651970946716401e-02 7.297009203450684212e-02 -3.088936176675593018e-02
1.002095563927942745e-01 -1.225880768632807150e-01 1.160553831289711478e-02 5.627269997783646699e-02 -2.449439044880091440e-02
6.692034222492813933e-02 -6.056515867337193548e-02 -1.877179008965275397e-02 5.070131862442452120e-02 -1.868269420253825669e-02
1.343159645746300201e-01 -1.281317223806876238e-01 -2.298944012802500367e-02 9.069733377894810544e-02 -3.466883989633781638e-02
7.461281906988041779e-02 -6.600263191619801240e-02 -2.484643378076294151e-02 5.992499655190418328e-02 -2.183863049839869161e-02
8.684768838742618069e-02 -9.271662407088702984e-02 -1.193350025635300793e-02 6.315208817579011369e-02 -2.471973328250863522e-02
1.297559970504296445e-01 -1.219543301385014600e-01 -2.088250901556538280e-02 8.417469250108855494e-02 -3.204783006170277421e-02
4.967535201030327113e-02 -4.513667574953367234e-02 -2.253898250718317647e-02 4.773292765886624767e-02 -1.717387675834304572e-02
2.942565944383189122e-02 -3.049593883317434570e-02 -9.779175840580833431e-03 2.735711489978808267e-02 -1.024310160279998279e-02
1.135973758094342145e-01 -1.039295867286210567e-01 -2.194237293505044845e-02 7.597081209926434542e-02 -2.865750112198030622e-02
1.383967981719882723e-01 -1.435550579990965414e-01 -1.100401211006346233e-02 8.799145824478145361e-02 -3.492885777257237478e-02
2.160367814590143792e-02 -2.292604762538741348e-02 -5.604103694227466348e-03 1.865926070178862417e-02 -7.092155330153801160e-03
3.641093770827095316e-02 -2.683407343296194056e-02 -3.917585635114861214e-02 5.666278629902689323e-02 -1.923500644090126235e-02
1.415536003474686944e-01 -1.633759101020806903e-01 -7.666011517392904047e-03 1.004184833363320206e-01 -4.091284833053198539e-02
1.528517370331849701e-01 -1.609483385897333141e-01 1.625141235698331381e-03 8.303820869303184249e-02 -3.411360126638051521e-02
6.023454888368726806e-02 -7.188097152208028362e-02 7.863582610464653691e-03 3.100036357558953390e-02 -1.354562032379051824e-02
2.147418613383696162e-02 -2.452574122454692640e-02 1.337103966216178106e-03 1.180990334374162898e-02 -4.965538618175653271e-03
1.655537686853184587e-01 -1.723092768080138615e-01 -2.112941812615489346e-03 9.302955727375354644e-02 -3.786164172225588848e-02
1.366476973753968649e-01 -1.507543174497617544e-01 -5.457627098221728111e-03 8.807848108916965790e-02 -3.571296832150669398e-02
1.664730407303859905e-01 -1.813065832357358687e-01 1.728289108957825008e-03 9.558247838157851728e-02 -3.945068523308695868e-02
8.660568769084561747e-02 -1.032876570396441818e-01 9.662256751553351813e-03 4.655968068003879523e-02 -2.016083022113043799e-02
4.859261974468727374e-02 -4.791080201140521938e-02 -1.816227420950247695e-02 4.544145869002684524e-02 -1.677655411638112604e-02
1.001373487497346365e-01 -1.231140705618498504e-01 2.020266061864207929e-02 4.631600144956941889e-02 -2.116748262070581796e-02
1.626594155611432169e-01 -1.952145176842854934e-01 2.586458487307463291e-02 8.029975072429118566e-02 -3.593668622316277539e-02
1.725075702007740353e-01 -1.873181146808222952e-01 -5.592793924489245774e-04 1.012914266485257231e-01 -4.155598023911744737e-02
1.631797759815947213e-01 -1.783135133540750539e-01 2.528599729826894096e-03 9.311332024379376238e-02 -3.850118617669242432e-02
8.241356828003973400e-02 -7.132969594580050587e-02 -3.908018037297050079e-02 7.844795882026199541e-02 -2.801056137773090537e-02
1.338996686901326172e-01 -1.546816515076103737e-01 2.158935899831179901e-03 8.361888833827463285e-02 -3.483596887293615579e-02
9.940128909536417867e-02 -1.184751380777440410e-01 3.795518708520090323e-02 2.213505808566600813e-02 -1.285716899004302714e-02
5.324025465827601777e-02 -3.820766570595762746e-02 -3.533105585907898860e-02 5.591057888280748234e-02 -1.908506222218766743e-02
8.969860534672420560e-02 -8.389330959444125935e-02 -2.879077902387831844e-02 7.480735186062932585e-02 -2.767723813329687685e-02
1.152262962680343644e-01 -1.238944808909142464e-01 -5.104400816380399303e-03 7.222088422571289190e-02 -2.916550537531017312e-02
3.125061792116754639e-02 -2.799081936387003144e-02 -2.080436380908504482e-02 3.766067735226778096e-02 -1.333094029847359772e-02
8.103170568778374216e-02 -8.113013717628467236e-02 -2.442413992399366032e-02 6.983360215928674508e-02 -2.610440213350158009e-02
2.730145024705037116e-02 -3.529286864724421463e-02 7.494003686023184389e-03 1.174992460607396372e-02 -5.637184801114692757e-03
8.413624311045740656e-02 -8.126365023708370661e-02 -5.345255225687302325e-03 4.711392470385386555e-02 -1.860417180500503406e-02
8.203738185105777236e-02 -9.513091689857039457e-02 -4.163354288048942524e-03 5.758941276703195139e-02 -2.331502198040619894e-02
8.754953056845657389e-02 -8.479939173370504291e-02 -2.654935297992353296e-02 7.362616962820878186e-02 -2.748069666449525980e-02
1.411615045088745746e-01 -1.502785434074219717e-01 -2.760171172239240384e-02 1.125967960654482847e-01 -4.364319947931700333e-02
1.150573150687219520e-01 -1.218114321972552233e-01 -1.190686523925384502e-02 7.848232431649836138e-02 -3.103905618192098065e-02
9.113720435828730204e-02 -8.126979806553005781e-02 -3.145266294129449303e-02 7.458997494674511619e-02 -2.705257232002805309e-02
4.227239723895694079e-02 -3.768979182899883512e-02 -2.256055729116296024e-02 4.390921424970801318e-02 -1.560477586712436145e-02
9.383483019392989399e-02 -1.030032332303684045e-01 5.861717742637928379e-03 4.817990195600201780e-02 -2.021069814143154272e-02
1.705058820620243276e-01 -1.745392744403974350e-01 -3.022351970564977550e-02 1.263484099006593475e-01 -4.886409626133832174e-02
1.235509610342484105e-01 -1.259602721238547163e-01 -2.446197221313319015e-02 9.402734015841177073e-02 -3.614047893742492606e-02
8.655526442134822696e-02 -8.157164222425776490e-02 -2.749547171348867489e-02 7.202835338625801498e-02 -2.659645643267376236e-02
9.748316399452883196e-02 -1.033915022390285987e-01 -9.553462162573179289e-03 6.557525397879183926e-02 -2.585747025274756986e-02
8.049233458058435708e-02 -8.404628723241858168e-02 -7.883586534639970902e-03 5.305209448220404161e-02 -2.087527672592000630e-02
7.091771447743197565e-02 -6.526602882896742619e-02 -3.052709646548795730e-02 6.715611806323763811e-02 -2.435484795608116801e-02
1.408707173993865580e-01 -1.698819564513926739e-01 2.735525697579295826e-02 6.428215018611115050e-02 -2.941849026094220040e-02
1.121189967787818015e-01 -1.046184711777131265e-01 -3.374453092489811123e-02 9.070863049418106949e-02 -3.365987095966579273e-02
1.728953270679793042e-01 -1.680341265834682518e-01 -5.551113577529406817e-02 1.500865135850463772e-01 -5.607420903308377169e-02
1.437971223126582598e-01 -1.884680761109774894e-01 5.491234416431968468e-02 4.649920226040073906e-02 -2.507700003450687512e-02
1.798884102301218924e-01 -1.879882695160513262e-01 1.265620995189333832e-02 8.434738119204107654e-02 -3.568765671801004541e-02
1.162992924694792041e-01 -1.267903127816261133e-01 4.840221788205819643e-03 6.251022294736968687e-02 -2.612230257057880645e-02
1.011475708844284394e-01 -9.954942756734987130e-02 -2.629941070335976155e-02 8.130355770510890034e-02 -3.067196476941731406e-02
6.518104309822655984e-02 -8.172256017123313843e-02 1.373383946369468797e-02 3.084692359156390035e-02 -1.416645416516219488e-02
1.714969357305975162e-01 -1.796290226485287578e-01 4.161931611074392266e-03 8.967672878461109554e-02 -3.703786668188339959e-02
2.072485662875201209e-02 -2.461479058635665518e-02 1.677176121774744642e-04 1.359056123412474490e-02 -5.622049080973421167e-03
2.895460692122626620e-02 -1.931732642038479567e-02 -3.536947586737655691e-02 4.835985119252107084e-02 -1.621723010478678603e-02
1.389795802785201428e-01 -1.534466835431948506e-01 1.861456741304792425e-02 6.098630219684678111e-02 -2.675153298176109751e-02
1.654297362496356671e-01 -1.773422322118129446e-01 -7.537252282041979543e-03 1.035173966136662127e-01 -4.177810098179475518e-02
4.879339720531317842e-02 -3.644030330906655735e-02 -4.318794021276459172e-02 6.498820678951464092e-02 -2.211149303841144706e-02
1.479313322229486305e-01 -1.714786574244215600e-01 3.387343047676224204e-03 9.161478934167190114e-02 -3.825741617457611987e-02
1.286903182782705712e-01 -1.350444508092163987e-01 -1.636401922976726472e-02 9.031197362519634286e-02 -3.542799322654745925e-02
6.363856637465269139e-02 -6.545425953395099528e-02 -1.323888964183017429e-02 4.924499751913865436e-02 -1.878985043349665207e-02
1.262760919518317038e-01 -1.348782826154086567e-01 -3.088543774531960287e-03 7.534547975108608908e-02 -3.058352540104063502e-02
5.209212508124919094e-02 -6.132992272656950794e-02 2.255437244672733356e-03 3.147841228856075591e-02 -1.318268769268722551e-02
1.373371165062235166e-01 -1.553306632562908018e-01 2.514764866315563618e-03 8.241539337188283354e-02 -3.425729525631612815e-02
1.652701390441815299e-01 -1.874838578164098879e-01 3.713745330728368804e-03 9.900248428087203567e-02 -4.127478566774537422e-02
9.840866197309727781e-02 -1.197195710867450524e-01 9.387600197711573960e-03 5.720973787846365954e-02 -2.468575729046802725e-02
8.656902190898779770e-02 -8.708998999617877101e-02 -8.995908894982697704e-03 5.509480804895444672e-02 -2.155714075785001779e-02
1.484661537420159105e-01 -1.528396718161659507e-01 -2.030822002210701943e-02 1.032254187989420230e-01 -4.022478311353229474e-02
7.685738595719202038e-02 -8.130700424523081005e-02 -1.371071690420219182e-02 5.874723067076508681e-02 -2.267420868339254519e-02
1.035205439540393957e-01 -1.090076751226900925e-01 -2.541868074056509788e-02 8.772706599049047427e-02 -3.361684797718234030e-02
1.874633622587533743e-01 -1.930733883009029539e-01 -1.213554735494720010e-02 1.148268086244198516e-01 -4.574990687278381041e-02
1.539613271323325705e-01 -1.744524083578774809e-01 2.033471451036626687e-03 9.371919838103645595e-02 -3.891827835310328332e-02
1.743383516126439936e-01 -1.720405743276805233e-01 -5.254712820271519730e-02 1.493034756464909907e-01 -5.603811949697919126e-02
1.341260060462786952e-01 -1.483783180835156479e-01 -7.643247945654007940e-03 8.957981026325045892e-02 -3.615490810970722890e-02
2.168352493393786717e-01 -2.104429083237158993e-01 -1.359419561503327940e-02 1.221465249336570885e-01 -4.831944211222498342e-02
1.724970397359002483e-01 -1.862130667709453180e-01 -9.650620340215571372e-03 1.111305119585931506e-01 -4.473761650745196328e-02
5.540074882062517858e-02 -5.672469473038572324e-02 -1.787053965777492953e-02 5.027617349426020954e-02 -1.882039748590184219e-02
3.697813087740312032e-02 -2.885298187001180889e-02 -2.531772836108104816e-02 4.166482155932450804e-02 -1.440348260466434854e-02
1.047651238907724852e-01 -1.217344545287726704e-01 -1.186649767527833080e-03 6.919669075136539171e-02 -2.848172825571159208e-02
1.185233569792246977e-01 -1.210601372329026815e-01 -8.385779064397575269e-03 7.251701358183484936e-02 -2.877722419161873532e-02
1.188638765675335274e-01 -1.311585641510093769e-01 -7.103133933702903378e-03 7.938930626481623121e-02 -3.197554610324775115e-02
2.294455661930620144e-02 -2.220168287099975879e-02 -1.278993563998082408e-02 2.612908892007175660e-02 -9.433551671414774561e-03
1.469262394914958025e-01 -1.563725030159112683e-01 -3.393600359616723294e-02 1.235934329011119659e-01 -4.762995792361705144e-02
1.262391420604761505e-01 -1.344575000533554388e-01 -8.996494654956714576e-03 8.204190354188008183e-02 -3.279716946572096975e-02
2.832592188441435815e-02 -1.930426145741985511e-02 -2.719373185791073080e-02 3.863473341179250731e-02 -1.296007606620885530e-02
7.196881213321708326e-02 -7.462005876030165796e-02 -2.236238348387906832e-02 6.517779956985288170e-02 -2.451504525506998863e-02
1.010837593774720072e-01 -1.117651528490228724e-01 -7.581469271047514696e-03 6.962105364324153167e-02 -2.794321410641966569e-02
1.322633396449923032e-02 -9.062416630275129184e-03 -1.376541844924469501e-02 1.937334056622528819e-02 -6.505829923831260922e-03
1.956983334791012885e-01 -2.301697698347638099e-01 3.105181444277871697e-02 9.263660699152086175e-02 -4.145652219473598687e-02
1.432621187893802772e-01 -1.707539943140480021e-01 3.264883243664335605e-02 5.795614623247034858e-02 -2.725900116255272967e-02
8.508004601028532066e-02 -9.379048655238757248e-02 -1.012568059242410952e-02 6.256582255595305453e-02 -2.472601804116877217e-02
5.372134859613742625e-02 -6.159660912357400875e-02 -7.301905478735391634e-03 4.270487941997418851e-02 -1.690637198138057393e-02
1.382026174310273803e-01 -1.650688103666195505e-01 4.887713108902751527e-03 8.801841099976250027e-02 -3.709165792753632562e-02
1.303323863623672141e-01 -1.612309257813152041e-01 2.117617625968272466e-02 6.769865320517898244e-02 -3.027072186951361085e-02
9.929419179939043272e-02 -9.742687473543153176e-02 -1.439733651869319273e-02 6.592035857198866311e-02 -2.539849291675054174e-02
1.035383194412059921e-01 -1.011956106836138652e-01 -1.251339697410790847e-02 6.555317877650201908e-02 -2.541283902080091264e-02
1.003281229832726357e-01 -9.970057280215585682e-02 -2.444150661215184570e-03 5.383047002008006787e-02 -2.164819049345807073e-02
1.429539295281092581e-01 -1.569243789264825328e-01 1.746982766323922770e-02 6.418538792489830724e-02 -2.799583805745716608e-02
7.219349671905660182e-02 -7.063704500848301537e-02 -1.632652509468393229e-02 5.447252934393245760e-02 -2.056184304294091797e-02
9.825156498543503869e-02 -1.064888647645077652e-01 2.491403154691288965e-03 5.403002104089328628e-02 -2.236997950897173792e-02
1.323872409902903946e-01 -1.442043751461246914e-01 3.351886759708341476e-03 7.318526755038057274e-02 -3.026094196526095056e-02
1.445440509395445050e-01 -1.425428355198958275e-01 -8.833415871222409163e-03 8.248198516283287984e-02 -3.260105633212519172e-02
9.283135621266609683e-02 -9.992229368045721372e-02 -3.423969522804650931e-03 5.723121007026400059e-02 -2.311094788636876285e-02
1.721497336142084056e-01 -1.762627236478945814e-01 -6.493893203971135702e-03 9.899861340400219201e-02 -3.972851236880226011e-02
1.350834488697445490e-01 -1.379816270267262557e-01 -7.037689633787647982e-03 7.964960873907714345e-02 -3.178509915436643352e-02
1.724698208732550475e-01 -1.631961023616956830e-01 -2.976575344989649402e-02 1.153167587713102848e-01 -4.390103858278405352e-02
1.287641006689296541e-01 -1.320525143200745877e-01 1.065838564032346031e-02 5.640423298301232291e-02 -2.396838196238897795e-02
1.183967038560150287e-01 -1.292183548129475223e-01 -3.947538947473669402e-03 7.412714503514350461e-02 -3.006116183877209982e-02
9.247580802287599933e-02 -9.944503185988259886e-02 -4.175909683623245036e-03 5.780258844124665230e-02 -2.326528142506263663e-02
1.170942014216402732e-01 -1.038316098474286187e-01 -4.478751625808369968e-02 1.011794955543700442e-01 -3.670823957231277024e-02
1.615058354345420277e-01 -1.749198039422852624e-01 1.853971571465908019e-02 7.200762443852432027e-02 -3.125408069387754922e-02
1.052219067878212705e-01 -1.078715592011779828e-01 -2.119711419499652541e-02 8.084452327226329671e-02 -3.102909352617756744e-02
1.104106646314670093e-01 -1.001094028604913866e-01 -3.102228366383382591e-02 8.417628618683026254e-02 -3.111973960993969293e-02
1.010728021071879840e-01 -9.994108500312252896e-02 -3.512497677298632992e-02 9.203116589639667722e-02 -3.424301023465864402e-02
1.497146983822743582e-01 -1.727113136879630528e-01 3.398106605733901969e-03 9.183903314701727383e-02 -3.827956194739479123e-02
7.923275008582229828e-02 -8.561070634615451647e-02 -1.618997659472034764e-02 6.493718358028222060e-02 -2.512390431951607578e-02
1.342688608286695395e-01 -1.197798204877877359e-01 -2.502606290048642323e-02 8.637718074598942086e-02 -3.249336692818743932e-02
9.488718466286784337e-02 -1.180777382614894427e-01 1.711332101021270299e-02 4.790947436967047529e-02 -2.165898105501434454e-02
1.255698188405635352e-01 -1.274438342207276642e-01 -1.225172392203536902e-02 8.001917669466603045e-02 -3.144379335545196413e-02
1.100018782241530962e-01 -1.218600943464709513e-01 9.486555977020489500e-03 5.485834710987205765e-02 -2.343188237986945296e-02
8.268614831269346932e-02 -9.457605577360446436e-02 5.005327886457352354e-03 4.622688074022109767e-02 -1.954070910332302707e-02
1.382876237781908435e-01 -1.323479141151785721e-01 -3.385242826236171260e-02 1.053217585018636215e-01 -3.958024908967834599e-02
1.152724647311946377e-01 -1.334525756279904829e-01 8.325734594231115051e-04 7.324327303238886699e-02 -3.035937089269835631e-02
1.547795046945774078e-01 -1.684269483313364790e-01 -2.002019097895492428e-02 1.146179845461370861e-01 -4.532213763556479369e-02
9.683565195025151118e-02 -9.977002163342472973e-02 -4.210073600123255717e-03 5.677681936876838309e-02 -2.274131739356232904e-02
1.604153366186519547e-01 -1.559128803081384629e-01 -3.128401833843832275e-02 1.150453728262426506e-01 -4.385668083550647162e-02
1.469929033706015020e-01 -1.548364208310190893e-01 7.153643624517213228e-04 8.082164392959505228e-02 -3.310736533039436436e-02
1.360632710662837142e-01 -1.608028273221831228e-01 9.860164398504204716e-03 7.883962051527285131e-02 -3.364892965817244119e-02
9.889166385551380334e-02 -1.019129194474508865e-01 -1.696252651962941102e-02 7.300014800417950478e-02 -2.824527129757035265e-02
1.035898537210924175e-01 -1.169708630752591683e-01 -2.372545089409903302e-03 6.695297523289911457e-02 -2.737465525731288402e-02
1.839850617268930233e-01 -2.160730415586363529e-01 -3.436731782208770898e-04 1.220919605673853603e-01 -5.065258924354448800e-02
7.285629137058655114e-02 -7.053477450017568706e-02 -2.626927492074003154e-02 6.619391048601754035e-02 -2.450349274611987246e-02
1.267191907211970558e-01 -1.263472832410487134e-01 -1.419415370089048382e-02 8.128639267616161179e-02 -3.178866160802507057e-02
1.054826414441558391e-01 -1.133693342519703912e-01 -1.848914961442083699e-02 8.239676825809068295e-02 -3.208840303946257355e-02
9.801909279995325852e-02 -9.150030715767047684e-02 -2.797937123090801087e-02 7.744869242578619750e-02 -2.878253815831029183e-02
1.523044095954654287e-01 -1.623047866878887524e-01 -1.316731931585814544e-02 1.017420087008142626e-01 -4.047923179416525186e-02
1.210091462745836732e-01 -1.354854007032723073e-01 -1.417401157530255758e-02 9.106345744153945820e-02 -3.623903615437429337e-02
1.242340375486325199e-01 -1.268848354554400204e-01 -3.383609802336835781e-02 1.056457358073896319e-01 -4.003106039278696987e-02
1.604298278133950706e-01 -1.749697018958888406e-01 -1.704460339027586693e-03 9.624031686429344867e-02 -3.939558916150199402e-02
1.072455666609801739e-01 -9.373995529382794789e-02 -4.004990541583173386e-02 9.047722406862770961e-02 -3.279283638929522682e-02
9.992753255310741350e-03 -6.751303760678100535e-03 -8.560607427686797027e-03 1.234752926692996543e-02 -4.137601593996503326e-03
2.634137948812102781e-02 -1.802725968045293045e-02 -2.988259443907705787e-02 4.156940014706162617e-02 -1.396443896828078630e-02
1.497618654758632317e-01 -1.600123684727020879e-01 -9.148738345517165235e-03 9.594214498819830794e-02 -3.849023211150474216e-02
1.348447088041392350e-01 -1.558007413792692475e-01 1.745590940467828603e-02 6.597602019054620015e-02 -2.896847906731716757e-02
9.722811217077237389e-02 -1.019000140099182994e-01 -1.619533098647463198e-02 7.268916204300472639e-02 -2.824612111419901733e-02
1.761909272602437682e-01 -1.865407150238735934e-01 -5.410778840000004218e-03 1.051696360928396773e-01 -4.257657483787422037e-02
1.658175787544946267e-01 -1.822299384273040890e-01 1.347663327046901352e-02 8.275040680057657583e-02 -3.530793255177242657e-02
1.360856292005186430e-01 -1.332799985507028551e-01 -4.346624841559307978e-02 1.183956405551565699e-01 -4.419885399060956982e-02
6.257888560824198532e-02 -6.932987503014734210e-02 -4.188752846455076617e-03 4.259406817819018365e-02 -1.713424537241212825e-02
1.498406389706904429e-01 -1.666361007764895208e-01 -7.060884349388923953e-03 9.916418331914744755e-02 -4.020206284970277016e-02
1.451600732601301125e-01 -1.608206936666555509e-01 -1.162583584527521370e-02 1.012108941965226411e-01 -4.059436507308838982e-02
1.204556333319125178e-01 -1.340557047518214917e-01 -1.512964716971553283e-02 9.108080569429034823e-02 -3.611461318538672360e-02
1.637500831373924493e-01 -1.779331406724820319e-01 -2.013778423280143323e-02 1.198127639978200237e-01 -4.744772915015686710e-02
6.887152747842043010e-02 -7.179526459414460604e-02 -1.749602257013524800e-02 5.834341820999572326e-02 -2.225989959943252411e-02
1.031927736320734923e-01 -1.118336096878499997e-01 -2.604306430736982522e-02 9.110888202513540979e-02 -3.503447293396527024e-02
5.221144441818625914e-02 -5.358367445730993772e-02 -1.450545412700444785e-02 4.462105174323669626e-02 -1.680265072294597969e-02
9.039794910122446459e-02 -1.021698175753632115e-01 -6.668543401879408958e-03 6.378006955885258400e-02 -2.560635780480111784e-02
4.221834775171665055e-02 -3.852084166777981766e-02 -2.587710963793847518e-02 4.880330117938335571e-02 -1.737625795470689599e-02
1.400365675322247927e-01 -1.518155839589296896e-01 1.886156231289018263e-03 7.927326201772290359e-02 -3.273295579373831921e-02
1.587518421873255203e-01 -1.693966577179908672e-01 -4.163070456565962606e-03 9.497906734452955801e-02 -3.854175454794124545e-02
1.129092309408465666e-01 -1.177631258347391352e-01 -1.105740089412965248e-02 7.474999936374054910e-02 -2.953150509021809644e-02
1.043946621981486494e-01 -9.071918737248506337e-02 -3.669664192545297327e-02 8.463043156357778762e-02 -3.062197993539766613e-02
1.346844095559524002e-01 -1.404748828566186047e-01 -3.163010428921653183e-02 1.113454804996136527e-01 -4.271735508403799036e-02
3.760720678658946436e-02 -4.645797791520665798e-02 1.480882829700908877e-03 2.489904977303374414e-02 -1.046908766244278831e-02
5.581462081175931483e-02 -6.037068226213695987e-02 -9.376240977387146139e-03 4.298478474381314807e-02 -1.665033568077996587e-02
8.920096391790738322e-02 -1.228275290245320062e-01 3.680878198522422040e-02 3.052044545784339882e-02 -1.659835280482844025e-02
1.976583312636600864e-01 -2.229449478434870346e-01 3.784732346894474631e-02 7.801331857748053378e-02 -3.582163257042313836e-02
1.467398252730853780e-01 -1.578343744098692769e-01 1.393246645538496857e-02 6.803472743506315534e-02 -2.919684269856273606e-02
2.048709856369767546e-01 -2.217238152511779026e-01 -1.132815042973911879e-03 1.207041731552171565e-01 -4.958382200833987008e-02
1.742982383270249014e-01 -1.789560289590249875e-01 -2.289404132279963984e-03 9.588639260951947740e-02 -3.891305335481724109e-02
1.229239839619813840e-01 -1.323791169120134559e-01 -1.117403000484722304e-02 8.374674484209658487e-02 -3.327511367729900360e-02
1.527154262777546401e-01 -1.708458190042927427e-01 1.268390194563120965e-02 7.837079839073086973e-02 -3.350336913453257764e-02
1.236562410892884795e-01 -1.297117571508055733e-01 -1.446348115205914678e-02 8.507149001552516410e-02 -3.340965029742654774e-02
1.406023273950286478e-01 -1.704693620776855378e-01 1.843675331212530147e-02 7.560411388568341606e-02 -3.330265008357907036e-02
1.592030599072750685e-01 -1.888494879584202146e-01 1.099297299061654295e-03 1.055903409473820664e-01 -4.397426230279351256e-02
1.375820220994023735e-01 -1.481885265907404159e-01 -1.174287226907539533e-02 9.299976886913643992e-02 -3.705348649198172278e-02
8.217635738527419298e-02 -9.989889624161127357e-02 7.367752839526832583e-03 4.836166009729429144e-02 -2.083439063962487514e-02
1.164598074745234607e-01 -1.300796330657962019e-01 -6.931508050459964619e-03 7.929506195391142209e-02 -3.204481563602579186e-02
1.351732080285478754e-01 -1.391217153049028321e-01 -9.722152760252164572e-03 8.385623385140165975e-02 -3.333080394931615953e-02
1.396684306127981556e-01 -1.535147106121106109e-01 -3.624776696086441652e-03 8.732674947440520474e-02 -3.558705065614091445e-02
1.658117127776221611e-01 -1.696542841535027824e-01 -1.001244965549575802e-02 9.991210296883933084e-02 -3.985444449327359834e-02
1.313489769115982753e-01 -1.414043677907454444e-01 -1.427860036663099186e-02 9.250781107690704552e-02 -3.665641393417574251e-02
1.135325896261850792e-01 -1.178664518136903067e-01 -1.094669416872057557e-02 7.453807083901176078e-02 -2.944894664149182509e-02
1.314240356589778669e-01 -1.294201482678161430e-01 -3.436716265460711128e-02 1.058068552877496626e-01 -3.987165207122053689e-02
1.341391901733786918e-01 -1.487118463960199199e-01 -6.719565162026730834e-04 8.155684793149022005e-02 -3.350285551965232617e-02
9.736471232085494587e-02 -1.070118824124142304e-01 6.340072329029604976e-04 5.705137982608277786e-02 -2.350645854623078720e-02
1.271835492344841889e-01 -1.301541478609189728e-01 -3.180237297423441772e-02 1.049813679633764402e-01 -3.994322796202474934e-02
1.486232781128271063e-01 -1.580961645462448661e-01 -5.542399190784595524e-03 9.029603605956068590e-02 -3.644437896528333193e-02
1.333027388563506888e-01 -1.476755734183847479e-01 -1.180455927448841730e-02 9.426832681983574047e-02 -3.771466271408926985e-02
1.400470809056023058e-01 -1.609883630556412093e-01 1.205607513622393434e-02 7.478584765942260237e-02 -3.201887362964653955e-02
1.437836861111365938e-01 -1.718422176539843305e-01 1.148651379407937025e-02 8.381341237194547822e-02 -3.594267112192385538e-02
1.374999600009973177e-01 -1.611596845288922886e-01 5.859976875845419007e-03 8.351939080833412077e-02 -3.520181472509009701e-02
1.385766382838255761e-01 -1.454745812950413164e-01 -6.159248559817211664e-03 8.386716827405216179e-02 -3.373624630451329404e-02
1.337743890343469910e-01 -1.422398790997712881e-01 -3.158378762749872865e-02 1.131007767809963926e-01 -4.349729139935856748e-02
1.365598467099095326e-01 -1.401456845706590959e-01 -1.909156362465486145e-02 9.537470835962492954e-02 -3.720671914843254324e-02
1.488606054674704582e-01 -1.751316719778851505e-01 1.408921308613062841e-02 8.174110983016447118e-02 -3.527143349319643989e-02
1.150823216059050635e-01 -1.342575035900082370e-01 -5.616177242125593855e-03 8.219541338292811472e-02 -3.359276617955814226e-02
1.060511457749781505e-01 -1.078057141223852100e-01 -2.519235551978938822e-02 8.527171546916244294e-02 -3.246057539981656720e-02
1.336970387499042123e-01 -1.419283033500374769e-01 -1.989311248697903795e-02 9.884685400472772998e-02 -3.869857350268773866e-02
1.477852327804392574e-01 -1.729504742150261287e-01 1.484935925266051178e-02 7.934935301847591271e-02 -3.433391670989996425e-02
1.005537362366737686e-01 -1.182243281777555360e-01 8.375347332574792358e-03 5.649639969374307263e-02 -2.424112772868168217e-02
1.425321891453471823e-01 -1.709831665200778339e-01 4.730966814356664212e-03 9.171110491105512186e-02 -3.860298184580924358e-02
1.792156483493346497e-01 -1.955289296379164876e-01 -1.459203111327207932e-03 1.070448459351148462e-01 -4.386081184113746478e-02
8.622212966741314710e-02 -1.027041618026864195e-01 6.401174293357551719e-03 5.049776402298809808e-02 -2.158502892154074565e-02
1.790698490084742800e-01 -1.988102909239871374e-01 1.820977226780352148e-02 8.665523710529277057e-02 -3.738574298592645118e-02
1.399167325872221479e-01 -1.542882477475029934e-01 -1.509578602316223421e-02 1.016600713544256879e-01 -4.046166401694154674e-02
1.316304729634957260e-01 -1.251836712587610645e-01 -1.661291808502231640e-02 8.175947354355139751e-02 -3.160746815741266591e-02
1.338305328382541903e-01 -1.688366141342523552e-01 2.711643441011519703e-02 6.623935433517463833e-02 -3.039714330797759628e-02
1.303215264640404381e-01 -1.197986649105314549e-01 -3.809637761482229795e-02 1.022462039273445700e-01 -3.777617359058018515e-02
1.596318697458474489e-01 -1.769187779623864754e-01 -1.367613812285659730e-02 1.125143244121733360e-01 -4.508505985931818977e-02
1.083567807508551695e-01 -1.203459573021515711e-01 -8.652964279746077833e-03 7.578398099707360502e-02 -3.040977130632393360e-02
8.047619033788995513e-02 -9.042224976063700792e-02 -2.576526235699450832e-03 5.251759199144509505e-02 -2.139885906471817451e-02
1.212482577642945286e-01 -1.475939392357732693e-01 1.571015806785671168e-02 6.593144679886681070e-02 -2.901730961758208424e-02
8.948530517360316072e-02 -1.014272613874316192e-01 -1.629247785242505684e-03 5.779275157149440373e-02 -2.371234570509954051e-02
1.214028373603604355e-01 -1.293376660326640559e-01 -2.160363517437389677e-02 9.444762099802404831e-02 -3.677375904624705094e-02
1.381817665094677572e-01 -1.536287496185815005e-01 -7.415814555653052823e-03 9.267951993573517178e-02 -3.754738076537176422e-02
1.004178014153407766e-01 -1.117071559014785470e-01 -1.035726690493746042e-02 7.328483334024836482e-02 -2.925418509387127386e-02
2.391427522885605783e-01 -2.571147458360756866e-01 9.814137408511612246e-03 1.259969991740684525e-01 -5.263443661568363574e-02
1.414818365184323523e-01 -1.399069764180425890e-01 -2.523835084704978762e-02 1.007936966604352641e-01 -3.871133105748963965e-02
1.649448402594866359e-01 -1.906519549753918907e-01 6.408912868335534668e-03 9.867503258478188544e-02 -4.149405939145667938e-02
9.678035393473569115e-02 -9.985648489849890952e-02 -3.468611467034387469e-02 9.342242751443205484e-02 -3.508277951011944118e-02
1.356019352705859493e-01 -1.455180464514169436e-01 -2.743824836691399066e-02 1.103915964316532217e-01 -4.281693115386468740e-02
1.285746283030891335e-01 -1.341311016546443136e-01 -2.134488611680326886e-02 9.561033390823681088e-02 -3.715961722311604543e-02
1.233542442064103350e-01 -1.443574133775896717e-01 6.639124435103415690e-03 7.311633644561310597e-02 -3.096641516888051782e-02
1.352808401266544502e-01 -1.524150588331147638e-01 3.311519664948377791e-03 7.965595967894466278e-02 -3.317030077856351900e-02
1.314229593658038930e-01 -1.439774060881476025e-01 6.812196549347937329e-03 6.968173601065345835e-02 -2.927873899820686993e-02
1.817240384826079580e-01 -2.015088821159942978e-01 6.177310276696716847e-03 1.022466463520512597e-01 -4.268432197591292415e-02
6.152502499368724814e-02 -5.400124234202370588e-02 -3.042623779581755256e-02 6.086349375353256735e-02 -2.180794508594717171e-02
1.652186210092943253e-01 -1.851713153431415737e-01 3.602118086863204203e-03 9.709600497772415129e-02 -4.039815323113518652e-02
1.827833666357343012e-01 -2.035594065676872566e-01 2.832637131762665017e-02 7.776847308166513761e-02 -3.474133088169487071e-02
1.411105579502094920e-01 -1.451024330410342622e-01 2.758695301864321110e-03 7.226093138321083853e-02 -2.968783701849220941e-02
1.229104322869207233e-01 -1.343761133411691955e-01 1.911779476905350016e-03 7.009641445974676421e-02 -2.896392326629427735e-02
1.489044753739198479e-01 -1.564871964109306179e-01 -1.143448810248088969e-02 9.591239723057826128e-02 -3.818619475080926168e-02
1.081787886493591894e-01 -1.074701344459606384e-01 -2.378884428302103712e-02 8.261523890986334495e-02 -3.143341811191887464e-02
1.458156163771224811e-01 -1.405797346054518393e-01 -4.644773850283658023e-02 1.248302977566071448e-01 -4.648438445200255009e-02
1.509846215108933132e-01 -1.693538946612620222e-01 -3.145674858049389132e-03 9.654624772138878375e-02 -3.955481321178761639e-02
1.046991296835448199e-01 -1.101175185745768004e-01 -9.686658481350345767e-03 6.958225915833450570e-02 -2.761454010001146778e-02
1.411993874224597989e-01 -1.619498125749196105e-01 4.928574038197770704e-04 8.930801697186355192e-02 -3.700751313984011748e-02
1.288526346563850788e-01 -1.453410420589955065e-01 -4.340482379455781574e-03 8.505767096907701497e-02 -3.471784243267857922e-02
1.681734422036060828e-01 -1.861231324406464882e-01 -1.568158382411499762e-04 1.014076728110475945e-01 -4.177683754903898511e-02
1.381040040839544847e-01 -1.450458020721857311e-01 -2.128563770813573976e-03 7.887029986994119335e-02 -3.204289101518644628e-02
1.373621873737739252e-01 -1.638304557430529385e-01 1.514600927360042551e-02 7.468825424749438169e-02 -3.247204481793754954e-02
1.591104983619182067e-01 -1.824020510937038320e-01 -1.244790167680894996e-02 1.162427644336099519e-01 -4.694720767675289452e-02
1.637336326527394914e-01 -1.764616911975424307e-01 -9.778269899443301980e-03 1.061112261072686413e-01 -4.269555016236210865e-02
1.487189429158880249e-01 -1.789487687162256702e-01 8.781954108773195114e-03 9.175477757366627685e-02 -3.908550418050556197e-02
1.611881683639924123e-01 -1.976534398696488948e-01 4.912993449909545951e-02 5.523619701485390360e-02 -2.786489403688447927e-02
8.878477865345237030e-02 -9.379672103704876640e-02 -1.474754471433787836e-02 6.701864648782171474e-02 -2.609414363132392736e-02
1.343752593348016833e-01 -1.443573543570155493e-01 -8.085691399171708593e-03 8.650056738223745045e-02 -3.471157662657878284e-02
1.461763675583973021e-01 -1.525308067418169322e-01 -5.922004654085709884e-03 8.704588745268385108e-02 -3.503663091885061281e-02
1.025070328638803124e-01 -1.060455471343178663e-01 2.318131313752299499e-03 5.236645755067534380e-02 -2.149075236768691749e-02
1.720230243668537939e-01 -1.671539210704175715e-01 -2.486654426782517260e-02 1.132179335564874323e-01 -4.367458883702216715e-02
1.097926632104416905e-01 -1.133856353676594153e-01 -1.581629507798636494e-02 7.779639023393422614e-02 -3.033913349440868837e-02
1.377650395433461239e-01 -1.462561725582797734e-01 5.110255430770309359e-03 7.146926201632285147e-02 -2.970720781134951818e-02
1.814032200546171480e-01 -2.077309508638852109e-01 1.285503319664373437e-02 9.996933234234736676e-02 -4.260669309538368116e-02
1.099658322824390300e-01 -1.123609389054430197e-01 -2.717157667156127124e-02 9.031080578100304790e-02 -3.439430811526501819e-02
1.553375463604493856e-01 -1.779998000203092956e-01 1.843252708195613696e-02 7.701336644144032850e-02 -3.366542585153652761e-02
2.283848467960850892e-01 -2.427544564268015181e-01 -2.160638875837989081e-02 1.548953884484321752e-01 -6.164580115641552643e-02
1.525534400237004429e-01 -1.814924524355584490e-01 3.190170782579834080e-02 6.464060757923394129e-02 -2.991072009661546738e-02
1.243311113501429088e-01 -1.375841469710556986e-01 -4.807957075230219479e-03 8.033083519356376545e-02 -3.260382253596399299e-02
1.763194593241570740e-01 -1.920371277369145036e-01 4.181611024283345959e-04 1.027912911074665009e-01 -4.226243745665803769e-02
1.309941102025342086e-01 -1.332528498920022841e-01 -2.493770839586764362e-02 9.822752361422369682e-02 -3.779194496712335455e-02
1.613280927993563929e-01 -1.903304965943532490e-01 2.985995084819556208e-02 7.167435915043827988e-02 -3.261594504867592476e-02
2.013751200074278824e-01 -2.093444453484426815e-01 -1.088739385522931834e-02 1.228921938325737012e-01 -4.932768731314019633e-02
1.230942604654896438e-01 -1.444551746146839621e-01 3.185497882843007708e-03 7.748635148942205342e-02 -3.247196921167146838e-02
1.476114016776912952e-01 -1.596429003103086997e-01 -2.085325692065712402e-02 1.103783287836011123e-01 -4.342475976335941762e-02
1.598987165647487163e-01 -1.891165546933390174e-01 2.290713982849950855e-02 7.937180729763151921e-02 -3.515166697702221815e-02
1.784118785593925560e-01 -1.999137517452090063e-01 5.076535267113936947e-03 1.034238469153261064e-01 -4.315121217179135327e-02
1.474095680281415910e-01 -1.506556559256618799e-01 -3.131687479477248022e-03 8.176698457004667742e-02 -3.301727454812913853e-02
1.601206332340367466e-01 -1.689033805470421534e-01 -1.839281257055047983e-02 1.109064190760092744e-01 -4.371752496896170320e-02
4.907954732652197727e-02 -5.159773825577310818e-02 -5.461009109407343604e-03 3.341240092171857828e-02 -1.311308563006961456e-02
1.220978330659774486e-01 -1.314369756631897090e-01 1.182655925943666697e-02 5.620411649536655174e-02 -2.409591334402378521e-02
1.195205947680101216e-01 -1.365521126686913000e-01 9.645407614680103631e-03 6.395776765008504006e-02 -2.732121867256735726e-02
1.152599761639106490e-01 -1.197542016927824887e-01 -2.781138268766871618e-02 9.566007634711790053e-02 -3.659791411487100382e-02
7.918591955561452012e-02 -9.352886739797651450e-02 2.349239053005083757e-03 4.992041699007765398e-02 -2.093712116993409061e-02
1.618119725413024457e-01 -1.845121459093217453e-01 -6.784015128529305265e-03 1.100705981616374451e-01 -4.484711163736108952e-02
1.201371156548896313e-01 -1.262850370347223805e-01 -5.449538462164641058e-03 7.302003686684649386e-02 -2.938139260858385962e-02
1.450725962878915976e-01 -1.457670820097714259e-01 -1.780560131416034433e-02 9.574292714921572856e-02 -3.736422284879935274e-02
2.276741298668421010e-01 -2.462268170543070178e-01 -1.763432549875446759e-02 1.535387304166008215e-01 -6.161061414303363459e-02
1.231828930902982011e-01 -1.321566650977540613e-01 -1.460778785222273737e-02 8.778553464949508112e-02 -3.466891395701531681e-02
1.471257010279989896e-01 -1.584452201568289365e-01 -1.602668198105138345e-02 1.038112127846622795e-01 -4.116499535003224214e-02
1.107840651154328310e-01 -1.210549910627838066e-01 -1.899768426210405453e-02 8.796734609626696844e-02 -3.443291345390812191e-02
1.325386617407759149e-01 -1.441416045835385018e-01 -4.302102413203393733e-03 8.252629046536318069e-02 -3.349311974670172998e-02
1.172833580628475647e-01 -1.133358645809187659e-01 -2.325149998456278386e-02 8.391460240358490641e-02 -3.190512980194210729e-02
1.295854809150086273e-01 -1.467027967427003421e-01 -1.074405662521108265e-02 9.343040355932395735e-02 -3.752703806711196743e-02
9.168715674715345598e-02 -1.126440702411717620e-01 1.097984504092768161e-02 5.158137379506554793e-02 -2.252443918449386490e-02
7.382951284033907602e-02 -9.449826900722306522e-02 1.344127310687910463e-02 3.961495084691349367e-02 -1.794175334436209218e-02
1.101960210541536728e-01 -1.083919266790865088e-01 -2.071647562793896627e-02 7.919041471698176626e-02 -3.029858264552010017e-02
1.477704570467035794e-01 -1.441053555916325668e-01 -2.496297525667662623e-02 1.019275274731222675e-01 -3.912462294217792375e-02
1.349253470982196557e-01 -1.469316866397067101e-01 -7.044915417406464112e-03 8.736779254016484308e-02 -3.524328879731179059e-02
1.207533111137092247e-01 -1.223261942998644103e-01 2.891050514477223454e-03 5.986264595869930649e-02 -2.462690229343612869e-02
1.700314875675671411e-01 -1.722672051819543471e-01 -1.026737726593933246e-02 1.010242309472721978e-01 -4.022775321722218966e-02
1.073211868225355109e-01 -1.140844957268620785e-01 -1.696066682372156936e-02 8.056123367295993376e-02 -3.144880283815434940e-02
1.173955276139369286e-01 -1.473743604557269382e-01 3.677508339126846215e-02 4.136025266701842673e-02 -2.079049970409538664e-02
8.817824711141912519e-02 -9.841033236292244524e-02 -7.899259042786269808e-03 6.307799881604427006e-02 -2.524970642130167087e-02
2.720284917869978947e-01 -3.088424097455101935e-01 7.176638738720117136e-03 1.626184732675038658e-01 -6.809793837128190475e-02
1.488318372047126303e-01 -1.731529714400335263e-01 1.567454034157698267e-02 7.818593722744142382e-02 -3.390756905602936716e-02
1.306644900841682222e-01 -1.430143825552121217e-01 2.364369142312400425e-03 7.433728548320055196e-02 -3.077138801074591132e-02
1.657880959887501060e-01 -1.703951417590053308e-01 6.609816609701819543e-03 8.135757432383330934e-02 -3.384713631498688369e-02
1.367620889980829813e-01 -1.677895909796390805e-01 8.034190082151271978e-03 8.726526690657192276e-02 -3.720394339255539418e-02
1.483808004890720122e-01 -1.791691750937840777e-01 2.806287102682081605e-02 6.883235389400385595e-02 -3.139511087990352889e-02
1.143974930570080678e-01 -1.320697128109691865e-01 -1.015493151775122488e-04 7.351787677939913834e-02 -3.038685344328632618e-02
1.088825452270315713e-01 -1.227640789343811961e-01 -1.274911629369008224e-02 8.267606374857150442e-02 -3.293066280989333239e-02
5.791852282401082491e-02 -6.854941673720285622e-02 3.933263538897054795e-03 3.374925893820503175e-02 -1.432208886715831755e-02
7.094019468725799860e-02 -7.059217071271693678e-02 -2.348448869727938135e-02 6.321106322707598091e-02 -2.348478614488335933e-02
1.053956970689422373e-01 -1.180069338971384690e-01 -5.814730184796343751e-03 7.099407913363721401e-02 -2.860828752490920945e-02
9.945273006539846750e-02 -1.122200156785528175e-01 -8.687934930055221661e-03 7.166438073969494393e-02 -2.866649135923628189e-02
1.134121920088837360e-01 -1.269220883490166929e-01 -6.940450541924602333e-03 7.760870861657476194e-02 -3.134075817690664539e-02
1.538367082331384417e-01 -1.828208581518854792e-01 2.097697604056734683e-03 1.012794695867668959e-01 -4.234182443441025789e-02
1.500866950188018412e-01 -1.559543202376966753e-01 -1.746469426339765374e-02 1.021491223038302060e-01 -4.013246870333557481e-02
1.464710183450742553e-01 -1.482447589381910569e-01 -1.276400074611003244e-02 9.095827091428555777e-02 -3.576665523206208619e-02
