5.772107586072775659e-02 -7.559396827964529053e-02 -4.690924435138556876e-04 4.603379094134153054e-02 -1.927497249190322781e-02
4.620982038650156554e-02 -5.346267972531930368e-02 -9.360878993302308021e-03 4.092932595910236254e-02 -1.600104066220998933e-02
9.225769327669466890e-02 -1.109715248883912653e-01 -2.659455831877574009e-03 6.615200636058408967e-02 -2.715189439881966413e-02
4.713577430141227542e-02 -4.698914271257166597e-02 -1.842509382697471096e-02 4.541672266262797297e-02 -1.673967259167002258e-02
4.803006478030900916e-02 -6.127872320077346058e-02 9.986240959501770098e-03 2.382703030109782280e-02 -1.090652587603684054e-02
3.204573585495153198e-02 -3.124127697452561830e-02 -1.779883370522617261e-02 3.666208669099233625e-02 -1.326639949407074602e-02
4.880655432153736817e-02 -6.035818631216714053e-02 5.118492079858668817e-03 2.846818823697747428e-02 -1.229108514435908912e-02
5.094845970346364300e-02 -5.851912502455060977e-02 -2.734866205308289543e-04 3.247341179190355726e-02 -1.331840067206678524e-02
5.738912568448705648e-02 -5.187370307080120535e-02 -3.042620937491090707e-02 6.035860443216052584e-02 -2.162873117087171435e-02
8.665130932167167122e-02 -9.870618498330815949e-02 -9.736722658990011603e-03 6.580388355764629771e-02 -2.616617194044152522e-02
4.147953601794966694e-02 -5.402800602662873736e-02 1.135033724774294969e-02 1.827164158292446730e-02 -8.749705486557759343e-03
8.967212533066278024e-02 -8.938624589355913252e-02 -2.175931974353017065e-02 7.073350951749399207e-02 -2.669034640382414447e-02
9.571067382488222808e-02 -1.002241938376549207e-01 -1.254737362969086945e-02 6.710617522476970687e-02 -2.619652921234563725e-02
1.064097475493151340e-01 -1.299071467624090259e-01 1.673521034387041861e-02 5.383311490957282119e-02 -2.386744363396938948e-02
6.800197578388572639e-02 -7.967330363136433669e-02 1.345396018718609914e-02 2.849100317493384257e-02 -1.304561545084485102e-02
8.751472148153152664e-02 -9.754654110136626310e-02 3.414374166169612326e-03 4.872630979280221514e-02 -2.028910739146263034e-02
3.282554561994547454e-02 -2.223674993914490083e-02 -2.849660269832951856e-02 4.116299887098200105e-02 -1.383366890952461223e-02
4.267360604654198142e-02 -4.191812859877367542e-02 -1.009644256376254594e-02 3.282146228427607754e-02 -1.236212319758600055e-02
8.007932117587360232e-02 -8.792068664169204462e-02 3.314159117230169264e-03 4.314818478540602409e-02 -1.793402780425443210e-02
7.010372845208169557e-02 -8.417861857293038041e-02 8.044637261149657770e-03 3.789890606603903839e-02 -1.643681853516288163e-02
7.272010799865176456e-02 -8.052552925123500349e-02 -9.520146163633424682e-03 5.470265317296153784e-02 -2.153332124328290534e-02
4.437776952025487137e-02 -6.237629185695937883e-02 2.987261260185626599e-02 2.438506138523453999e-03 -4.102637016042382824e-03
7.560236516537494067e-02 -8.335649864609705195e-02 1.299386618224500486e-03 4.318611617725261892e-02 -1.777699890361803675e-02
5.539593416045537205e-02 -6.481777454681039718e-02 -7.957112584536321382e-04 3.699768205672142318e-02 -1.517340043465665103e-02
7.551811043828725312e-02 -7.884776513717624280e-02 3.035529687321363804e-03 3.762575437908011189e-02 -1.558470982919459361e-02
6.326748078947012910e-02 -5.819182379816430217e-02 -2.499796044737696843e-02 5.715028400849391649e-02 -2.077780717372910979e-02
7.796774070672957135e-02 -9.578737202532351669e-02 1.862815712788129865e-02 3.249945144928070156e-02 -1.526834827473260402e-02
4.143232124140392575e-02 -3.648466504810104344e-02 -2.175112607361526923e-02 4.229911574523984030e-02 -1.503585365193891091e-02
7.801221212162516572e-02 -7.158281021406921740e-02 -2.322384603729044442e-02 6.134527776861032483e-02 -2.256616368698432379e-02
-2.963575079292589745e-02 4.822025577859897355e-02 -3.183438439615781518e-02 6.783761095210930417e-03 5.783417156182447949e-04
7.563328365768484662e-02 -8.983605812489903197e-02 1.967105052109801785e-02 2.708444696239071733e-02 -1.306424194307220440e-02
3.354434744157121229e-02 -1.345479283337430373e-02 -4.983166487695130098e-02 5.861115199699073325e-02 -1.874844905550385535e-02
8.423985700101371821e-02 -9.699845585590280428e-02 5.730748741416494957e-03 4.659357775220819564e-02 -1.969707544077595532e-02
7.813004533536968554e-02 -8.214105412603216194e-02 -1.137915919146396428e-02 5.620465523327896479e-02 -2.182079260029387568e-02
6.744522490661360170e-02 -8.231807856789059852e-02 3.112616847183771393e-02 1.034105289892684430e-02 -7.353109999462694932e-03
1.050069170241071104e-01 -9.159716090359310003e-02 -4.008366380740990137e-02 8.893820452538445109e-02 -3.203497909702739121e-02
2.110920720415439614e-02 -2.255023555998866835e-02 -4.018421736441931194e-03 1.662462438696292455e-02 -6.410283914286378504e-03
5.191730913110804979e-02 -5.827780385128061846e-02 -2.698781194630220284e-03 3.480703041988777308e-02 -1.401861267946933644e-02
7.760695798964872827e-02 -9.218543948891945450e-02 6.297111903593140617e-04 5.108209810885531305e-02 -2.118044052653789838e-02
1.031348691142928570e-01 -1.186691601242488014e-01 1.903270941759237223e-02 4.302896692745486473e-02 -1.952900991949589604e-02
5.855006415617423909e-02 -7.850489319721380699e-02 2.645080195516004776e-02 1.537084756768967303e-02 -9.114440861821990203e-03
8.326116938835362302e-02 -1.075404628454304512e-01 2.570897192103416620e-02 3.239880288491118338e-02 -1.605720950410619019e-02
6.933471441509121702e-02 -8.062546244159898845e-02 6.393528244154140366e-03 3.711713073635936749e-02 -1.590306261689630046e-02
6.462045486511908132e-02 -7.478010010934448004e-02 -6.238228381410983701e-03 4.887927121910257827e-02 -1.955724938511684344e-02
3.400228764636292755e-02 -3.970497161499178529e-02 -9.028098134407537426e-04 2.310582122633694779e-02 -9.427914595485996363e-03
4.335718439102920901e-02 -5.369583505879872709e-02 1.346719911358740945e-02 1.479195223872170270e-02 -7.450185815112413124e-03
7.342324393850224729e-02 -1.062243844546103405e-01 3.427094785715571051e-02 2.488774154302742306e-02 -1.405553349899482836e-02
1.070535523057410260e-01 -1.122665679315065224e-01 1.153375156272806387e-02 4.546618313807898604e-02 -1.957699747021995201e-02
7.826120775442302335e-02 -9.460087579723053253e-02 1.645773730294358000e-02 3.402417368706091988e-02 -1.567085233907359459e-02
3.848547891063960891e-02 -3.512177544791359601e-02 -2.018179426043531163e-02 4.032919713243526133e-02 -1.442641528480075389e-02
1.030489042242858089e-01 -9.762373816519601122e-02 -3.942399728982648455e-02 9.380252229723719248e-02 -3.428445344689369512e-02
5.397026193874558675e-02 -5.172462522099525312e-02 -1.302912260310271596e-02 4.065445073119040159e-02 -1.520524488817105030e-02
4.676663206356831276e-02 -3.772084330949995734e-02 -4.225238597755053005e-02 6.596327521671954686e-02 -2.273715785396916364e-02
9.353844016351761659e-02 -1.220760236613732397e-01 3.836647007138429405e-02 2.622671269059290156e-02 -1.477610655730269944e-02
5.106189744603994302e-02 -7.527388933246016711e-02 3.071744588967956213e-02 1.028552279942625790e-02 -7.572866028007747309e-03
4.657818488437642096e-02 -3.930073991392378507e-02 -2.261697339317478989e-02 4.401469578094626550e-02 -1.559802111779153531e-02
8.046533283565070194e-02 -1.074700035152282157e-01 2.800661652047406469e-02 3.063173344614914667e-02 -1.562549902084696407e-02
3.973482989690507033e-02 -5.603625708799471472e-02 2.695252061890848413e-02 2.122508451673582597e-03 -3.678637363103717892e-03
5.438562132924455034e-02 -6.536194454724890412e-02 2.171433489088139736e-03 3.443815093595999077e-02 -1.447685263612639300e-02
5.818361257857949248e-02 -8.469038600355274782e-02 3.641471793568332865e-02 9.092124159067229913e-03 -7.658305773464308026e-03
7.674873206444726703e-02 -8.215294564680714062e-02 -1.660679230830074821e-02 6.308796200454901137e-02 -2.424179204006259372e-02
5.503546836970696354e-02 -6.212127385955625719e-02 -4.774996622802249110e-03 3.941994472348374356e-02 -1.571104266944594458e-02
5.251059138551479599e-02 -7.561922833134594735e-02 3.214822219058718206e-02 8.252208083503900435e-03 -6.816779182621655886e-03
5.728644409378285535e-02 -8.103271276214346619e-02 3.344300311303022299e-02 9.648034012214010829e-03 -7.505552070046573980e-03
8.444244276419564377e-02 -9.290091635815485305e-02 -1.108024446533372419e-02 6.286177906921056047e-02 -2.467319580584965977e-02
6.084537129988813221e-03 3.006395219516464607e-04 -1.354115310331552649e-02 1.361440821884374319e-02 -4.130574858049229463e-03
6.705285445701178459e-02 -7.092909264475787123e-02 -3.384232716359001671e-03 4.121064118724369896e-02 -1.648310992384068724e-02
5.955208168999758661e-02 -6.019101972399983763e-02 -1.318603712688686848e-02 4.605871760050309072e-02 -1.745557492050687706e-02
2.051948923442453374e-02 -1.113144094757800677e-02 -2.391524997894957025e-02 3.054231826324527860e-02 -9.970928369975531544e-03
4.582933428986683821e-02 -4.541329355633533238e-02 -5.937433339981218298e-03 2.986455562724052437e-02 -1.154421179111191076e-02
9.070381114480369211e-02 -9.702064339548867322e-02 -1.092832463183198224e-02 6.416923225378123874e-02 -2.519743683794771136e-02
3.204873410844887721e-02 -5.261424811835051230e-02 3.201026266000407683e-02 -4.044514940546947539e-03 -1.767462845814634937e-03
7.243959870145265378e-02 -9.557645440339550269e-02 2.393465003512745826e-02 2.820294168149613603e-02 -1.420946853141241001e-02
1.247866352348826480e-01 -1.279895226390715124e-01 -9.429608792433350622e-03 7.722541321771411726e-02 -3.054743288844785631e-02
5.235985911827310130e-02 -3.161135024181403047e-02 -3.756966726159923636e-02 5.356217269356533528e-02 -1.779005955379803564e-02
1.341897521927906956e-01 -1.736462591092544083e-01 4.406473402751053675e-02 4.938809055455394004e-02 -2.497543272897751951e-02
4.901225260755579655e-02 -5.619680323286421059e-02 -1.225389234945998976e-03 3.228066057855885629e-02 -1.314244001371737969e-02
9.781280225818754503e-02 -8.016263577260114570e-02 -3.682248634407340321e-02 7.853639780018689676e-02 -2.810842392445284457e-02
4.728490675531158566e-02 -5.914590489336636614e-02 9.781387916857642653e-03 2.249350303186524458e-02 -1.030941025960287021e-02
4.494628461240544187e-02 -5.132372997730836467e-02 -2.731874723223339744e-03 3.135920937515471879e-02 -1.262384205204634437e-02
2.565573626611583960e-02 -1.226540208807745322e-02 -3.815595567069585137e-02 4.654887287169595655e-02 -1.508349653672160125e-02
8.815616527242939315e-02 -1.028686273611748303e-01 2.270861497372491516e-02 3.036749117100258008e-02 -1.468054540495017206e-02
8.536714831151415162e-02 -7.492332807282274520e-02 -3.253571767582850299e-02 7.259475857707872737e-02 -2.617236076642953657e-02
7.286887430504425389e-02 -7.455736861069284238e-02 -2.742353365752168634e-02 7.074352406852989217e-02 -2.627363717767932511e-02
5.398123943670189717e-02 -5.119239163872107284e-02 -2.606549933938797151e-02 5.577508576447429145e-02 -2.022097647666640588e-02
7.893515835986975038e-02 -1.079129972004773258e-01 2.751431419390167402e-02 3.234109080235078593e-02 -1.637364101801333516e-02
3.625094265556394468e-02 -3.962916689146471494e-02 -5.324448411707950572e-03 2.746135791223394337e-02 -1.073269392953728717e-02
4.838753144341866735e-02 -5.734717118564196248e-02 -4.142465520275064473e-04 3.271590926069613270e-02 -1.348712090157452338e-02
6.963761941896885743e-02 -7.667945882658959433e-02 -7.447577663195989808e-03 4.998176736401348935e-02 -1.976933768762944785e-02
4.948370943476011752e-02 -5.180203816074312878e-02 -1.297975357134044383e-02 4.237208166893572520e-02 -1.608557703856365595e-02
6.553873797683355817e-02 -7.296579123560716085e-02 -8.644346940318197239e-03 4.975596618687609662e-02 -1.960711749341476073e-02
6.903791603360018292e-02 -6.855207187034680072e-02 -1.572432231473584047e-02 5.308698766520482393e-02 -2.009283467111610058e-02
3.945089506394124784e-02 -5.005492971691749560e-02 9.434423681124966266e-03 1.774429745584169341e-02 -8.286240810579990554e-03
2.568973922298444651e-02 -2.249643168371437060e-02 -1.427578898780132617e-02 2.704200689435080213e-02 -9.576997339395801681e-03
6.517683823405556742e-02 -8.120725252721378018e-02 1.526012243879898943e-02 2.843186277525556332e-02 -1.326279331801479174e-02
1.691794434685483508e-03 7.971577411857874718e-03 -2.134193605258869961e-02 1.780188989557001181e-02 -5.047745205415123462e-03
5.314509207523065298e-02 -5.786994793820999378e-02 4.088233069914566468e-03 2.614169500677573227e-02 -1.107105976697096011e-02
4.344439649329166764e-02 -4.518613626349146650e-02 -1.422998557266188201e-02 4.022191156644306514e-02 -1.506055173042179784e-02
5.196421035336435540e-02 -6.275193453396110677e-02 5.150749387714187617e-03 2.934769362356499239e-02 -1.262706791211999462e-02
5.963097077673968488e-02 -7.537856023091968338e-02 1.356575438116842253e-02 2.751591621442329647e-02 -1.276778821908478023e-02
7.009547023527862297e-02 -8.691129376040308829e-02 1.582224839909296757e-02 3.113474460409910993e-02 -1.448519920110974933e-02
9.800306206204273396e-02 -1.000869343462712363e-01 -6.667797100472624625e-04 5.229052456746575289e-02 -2.113929868926137101e-02
1.011762525239928434e-01 -1.076182333620739617e-01 -6.993205149845526346e-04 5.761624854199346585e-02 -2.345076817301833955e-02
7.506039296357013002e-02 -1.045681964717338902e-01 3.559772613598052166e-02 2.100828323081128587e-02 -1.245377600454891306e-02
6.799375278680977464e-02 -7.600653830438720837e-02 1.942733410203082919e-02 1.874258967488463476e-02 -9.548379377919875149e-03
8.374477872315365390e-02 -1.002211889878998202e-01 9.576288817950253177e-04 5.534676198084156201e-02 -2.296515438555845820e-02
4.229355417178475018e-02 -5.998290265577691655e-02 2.301595721984250539e-02 9.238382377970642476e-03 -6.253819155467863281e-03
5.224617057645195711e-02 -6.277885499008153958e-02 1.164590415427485537e-02 2.160540494464603667e-02 -1.005437808771237305e-02
8.344623087001301620e-02 -9.350468658720097193e-02 1.267071711568855917e-02 3.583597903690718262e-02 -1.587548331559845982e-02
4.146550511312169229e-02 -4.214163506253944258e-02 -4.401670070345940766e-03 2.665035405311949948e-02 -1.038403519039967325e-02
4.903620681980966345e-02 -5.644343519591581149e-02 5.637452374872290589e-03 2.440654714397751807e-02 -1.056940785997222305e-02
5.813164979710983005e-02 -5.488862384437952907e-02 -2.232044055035444646e-02 5.296533406580247044e-02 -1.937768917647929648e-02
5.154591402913559495e-02 -4.597874747401707596e-02 -3.201582286411763789e-02 5.900367277159098561e-02 -2.086843480037808146e-02
-4.122498986597137802e-03 6.810585181561880190e-03 -4.436961298647414641e-03 8.655149169946071541e-04 1.160227452909578361e-04
1.291047958333075944e-02 -3.466682009975886186e-02 4.213524703088452478e-02 -2.465458428325916634e-02 5.645894545076086089e-03
1.131179758076867048e-01 -1.307877642177375788e-01 2.835384280519236133e-02 3.890010230762787347e-02 -1.870747771701905884e-02
8.374011987460047712e-02 -9.630353452967403693e-02 2.011494714103727668e-02 2.938168307697532761e-02 -1.399060113285637529e-02
7.834596858718864687e-02 -9.810667626692771981e-02 2.418774542741375724e-02 2.788750040165515615e-02 -1.397190601425774177e-02
8.396918224267774233e-02 -8.372956549361904033e-02 -2.449124053627217690e-02 7.111338770979692969e-02 -2.660806571361964620e-02
4.893110538756163808e-02 -4.844429280215336447e-02 -1.501221409720277476e-02 4.190715734131265219e-02 -1.558958624941100130e-02
4.183300003959142255e-02 -4.059669032716581305e-02 -1.149385135910255436e-02 3.360324676525133780e-02 -1.253440833245943013e-02
7.194366881291106020e-02 -9.021523985664406386e-02 2.610080753143689467e-02 2.100127367100035336e-02 -1.126989696034075977e-02
9.380588185745164509e-02 -9.786501733065404440e-02 -6.993682437950939600e-03 5.917879124839417471e-02 -2.344303452303211216e-02
9.310616695136614274e-02 -9.458619902648419953e-02 -9.520213796444227869e-03 5.952898217493247934e-02 -2.325803249280486082e-02
1.251848599643007875e-01 -1.358284417932697219e-01 3.362939488965476301e-03 6.840186980906459713e-02 -2.825552937604587991e-02
4.021609711578491564e-02 -5.497754151256133148e-02 9.424198379177307558e-03 2.207133281506744316e-02 -1.022121490360920239e-02
3.453798753734031030e-02 -2.765771692033892545e-02 -2.789044063951138033e-02 4.452393343197951631e-02 -1.536638400933866902e-02
6.739528993319875150e-02 -8.181831539715345158e-02 1.089308566370380746e-02 3.337109702481387552e-02 -1.484035460509645042e-02
7.240626399384914036e-02 -9.337214702101466479e-02 1.372673588994853533e-02 3.834152729832158990e-02 -1.732375034777661194e-02
1.381522980666118616e-01 -1.457520474472262517e-01 2.086871345985361406e-02 5.287059339678429337e-02 -2.356381494652791397e-02
9.197508307783214265e-02 -9.456295874565120996e-02 -1.428317760518333854e-02 6.534706048026245329e-02 -2.520050576914784415e-02
2.721258202533027859e-02 -3.720348986969918004e-02 1.182946573934295920e-02 8.270780643977446167e-03 -4.662157604337659883e-03
2.966060544895304102e-02 -3.378644008533444876e-02 1.365921272095553312e-03 1.683649440115149443e-02 -7.034833631217179972e-03
7.525576703917975785e-02 -8.754537417329016913e-02 3.956915160273567073e-03 4.368955647197821091e-02 -1.833858163492205900e-02
8.450864084125389586e-02 -1.012879050740055215e-01 2.061856753044453636e-02 3.261090566092388759e-02 -1.545691287194248670e-02
2.435613503235959168e-02 -1.438620490038164217e-02 -2.618495896772576534e-02 3.464731211593782140e-02 -1.141137936880070279e-02
2.929835730409167255e-02 -1.753631310264380794e-02 -3.494445780433960008e-02 4.597713340394665726e-02 -1.518021885292560220e-02
5.151326243256786064e-02 -6.423888407992789373e-02 4.853916871900736292e-03 3.124862724530648450e-02 -1.344719099988889340e-02
7.435192020864710150e-02 -8.939635614368088290e-02 4.985735864547803826e-03 4.453305079967952163e-02 -1.888847652562106877e-02
5.081147280465465182e-02 -5.806783733778742712e-02 -5.785131164917099722e-03 3.873670808162049672e-02 -1.537362017218900541e-02
1.027066420600091096e-01 -1.469844535462454527e-01 6.573553543126482712e-02 1.191713638855280630e-02 -1.183181366470635945e-02
7.485658852930082707e-02 -7.847687273766922045e-02 -8.639973663827280048e-03 5.112710772447787155e-02 -2.003013115221796356e-02
2.668015258913778234e-02 -3.383221698451881199e-02 3.676306262635460100e-03 1.528282786596633913e-02 -6.715660975558142114e-03
8.430695511990712876e-02 -9.256444171088706874e-02 9.151365315300686448e-03 3.889425207426671499e-02 -1.675113602567792834e-02
5.428854712721021408e-02 -5.816203298052807780e-02 -5.941723533568183876e-03 3.764529108464656493e-02 -1.479237177928109485e-02
9.545211930356814478e-02 -1.124777774575855399e-01 1.084758641429088566e-02 4.993407614073053918e-02 -2.164208215395697216e-02
1.466440559994043324e-01 -1.511214819694672584e-01 1.942028555718100166e-03 7.610146786250052142e-02 -3.110417543578888194e-02
5.445083002251865228e-02 -5.250988128022018864e-02 -5.524871833572429607e-03 3.247176917831444409e-02 -1.257286257697705877e-02
3.922047427527467628e-02 -4.438932842135009937e-02 -4.047819570463647917e-03 2.900464251751144751e-02 -1.152357964712156894e-02
8.962571044720882285e-02 -1.010029862941196621e-01 -6.595840170766493343e-03 6.305568978930629898e-02 -2.533378532275869927e-02
6.284569277569422574e-02 -5.946906731127007961e-02 -2.961255820300670930e-02 6.381791401728986735e-02 -2.311416354046754926e-02
8.120316485354905911e-02 -6.273402267349441341e-02 -5.255232052800027504e-02 8.723486759546618396e-02 -3.011036562460174537e-02
6.477754710348626599e-02 -4.206028059304586786e-02 -4.299311128152981387e-02 6.460284335981611448e-02 -2.173374129486972325e-02
9.948787876473999536e-02 -1.047531894590508911e-01 -3.808507904562676212e-04 5.541016965691702295e-02 -2.254869957048917517e-02
8.751261394707228469e-02 -9.376206885654439493e-02 -1.570869965487032768e-02 6.803296423367273527e-02 -2.630763848835374064e-02
7.114781641096659670e-02 -8.216802755988347751e-02 1.232151479172797917e-03 4.390013730829184224e-02 -1.818855353769452052e-02
8.675452163969339658e-02 -1.034736641254053180e-01 8.865756845481628096e-03 4.750471482338533558e-02 -2.044639023048666973e-02
3.472850597184798382e-02 -2.703646846905361986e-02 -2.538056843456497000e-02 4.090297196495776277e-02 -1.408570065066248704e-02
5.626905717927072753e-02 -5.793881759061061260e-02 -1.110837250277098287e-02 4.287974293219851823e-02 -1.639665876868633826e-02
4.283366235524272564e-02 -3.459479632140848027e-02 -2.914722228658527675e-02 4.893682292290917751e-02 -1.697853789265284241e-02
8.342033488351030535e-02 -1.131535912402736044e-01 3.305353051241961132e-02 2.851319570917457830e-02 -1.529592990109346524e-02
3.484393603956591895e-02 -2.388010990639482037e-02 -3.537094450232618204e-02 4.998362282217960056e-02 -1.679168905658106475e-02
6.039323638486629453e-02 -6.889288783562806662e-02 -1.981622007271672137e-03 4.010142465088140096e-02 -1.629333866949142506e-02
5.852652861360621572e-02 -5.872937735266334919e-02 -1.900420244215311402e-02 5.213990526412188437e-02 -1.941984359567287474e-02
1.041736485574469920e-02 5.092927876827336130e-03 -3.806031804899178556e-02 3.694677092751255665e-02 -1.114889176271335013e-02
2.007221716716669005e-02 -2.913297130033062204e-02 1.171358177727556057e-02 4.048681764963799924e-03 -2.927471877281348760e-03
4.216972543958007191e-02 -3.967957890877288341e-02 -2.162072456691090105e-02 4.464403638951575798e-02 -1.606900827386363584e-02
5.641444544724623367e-02 -6.578553015767657497e-02 4.972640547009008795e-03 3.054770170017338804e-02 -1.304409775555543868e-02
1.642159960543312577e-02 -1.275902351076733596e-02 -1.062908809414017663e-02 1.767320169166829505e-02 -6.096142592387495535e-03
6.105189889481914961e-02 -8.708934650628165353e-02 4.260697038906829243e-02 2.761392187834004960e-03 -5.603168325333928584e-03
9.477854082315285977e-02 -1.117504078862508743e-01 1.935391136714778235e-02 3.957108691300331021e-02 -1.819504834003207033e-02
1.346045588727018683e-01 -1.369226639506717635e-01 -1.690170719778588682e-02 8.982395939800721929e-02 -3.486413368440789001e-02
5.353329139373684542e-02 -7.331494130379695440e-02 2.163229874349050647e-02 1.838107144624706937e-02 -9.899157881329032765e-03
9.179588531023637199e-02 -9.559819681338055375e-02 -1.772235127505601346e-02 7.054561162732553292e-02 -2.709483950427405904e-02
5.092512545578811722e-02 -4.440940396737526330e-02 -1.495528245898598493e-02 3.801608261530964317e-02 -1.388328308335437695e-02
1.424971729164108136e-01 -1.365091360945499543e-01 -1.051236788284611035e-02 7.999171801535391590e-02 -3.127800746760138473e-02
2.848283928106805710e-02 -2.633104749092951558e-02 -8.643967474456708960e-03 2.272137403977755182e-02 -8.353689080143415421e-03
4.815810327178829398e-02 -5.034380396566208449e-02 -2.219017497673364970e-03 2.878000557064022344e-02 -1.148859182119388832e-02
9.281465928564093526e-02 -9.953841950735717314e-02 1.046269487268319635e-02 4.074314757948149790e-02 -1.763943576054301243e-02
5.050416493321159550e-02 -5.800121540684984728e-02 -1.539155107911101012e-03 3.375621108902936846e-02 -1.374326465287379131e-02
2.189222833333686127e-02 -1.527133008343575966e-02 -1.554129838402608897e-02 2.376922450236453391e-02 -8.050869373846924332e-03
5.005560444897798333e-02 -5.184389012199971253e-02 1.256501287223751710e-04 2.668460020132081348e-02 -1.083248955542425937e-02
3.291423301266245549e-02 -3.921285181423508903e-02 8.057737617489066535e-04 2.102610338390114436e-02 -8.748072779752523800e-03
5.159894239441727148e-02 -4.696943412724032679e-02 -2.050499926373170259e-02 4.619860497906806696e-02 -1.671821374765630058e-02
5.450078873407466357e-02 -7.586810655068619569e-02 2.476763529842969727e-02 1.649725877941245894e-02 -9.451739613211388585e-03
5.815730302531448709e-02 -6.130854751994955359e-02 -5.948049716577908513e-03 3.904154117903738813e-02 -1.534583096882462423e-02
7.624649175537352719e-02 -8.686565637110210680e-02 -2.889914445562358648e-03 5.093774688745615620e-02 -2.064364426648308826e-02
8.434396665365941417e-03 -7.081411353090259417e-03 -5.227131670979935987e-03 9.265802390028771499e-03 -3.247409869404152116e-03
8.863214454638632112e-02 -9.546256749000225916e-02 -6.933105900603385441e-03 5.863459391490223604e-02 -2.326550535712292034e-02
4.434887900895217311e-02 -5.925303520507513994e-02 1.693303810280619159e-02 1.509103805606892661e-02 -8.010353101922655650e-03
7.444159869383665251e-02 -8.280721411435203183e-02 -1.054123161336753545e-02 5.728369761861290543e-02 -2.250798591050049216e-02
5.826935480944225171e-02 -6.440657131322911899e-02 1.077160002997742212e-03 3.332385568195572051e-02 -1.372656945180329366e-02
8.161255722809755697e-02 -1.037779324162288047e-01 1.978716186083196230e-02 3.661502335184357859e-02 -1.714264380552759162e-02
4.630921295808072130e-02 -5.957080226280965507e-02 6.918518618174677483e-03 2.669266564876698195e-02 -1.181078951045525828e-02
1.397346759490200596e-02 -1.406664013394141183e-02 -3.598730936051546241e-03 1.135959389786911876e-02 -4.274860530668053021e-03
8.936822421344572942e-02 -1.065120855110409659e-01 3.168091230111338454e-03 5.631359283285550243e-02 -2.362374338984798983e-02
7.604155429104665631e-02 -7.109361522312789006e-02 -4.258347047591240497e-02 8.444578763864063475e-02 -3.025737960163027082e-02
8.481785368383898405e-02 -1.096613912451509520e-01 2.731627728008701600e-02 3.172297135537841678e-02 -1.592906561268056520e-02
7.221615718377742688e-02 -7.539770838375842166e-02 3.600287561020095155e-03 3.526374235971933141e-02 -1.469777120509017238e-02
4.992023985197056174e-02 -2.947956910279152937e-02 -4.308132473502238741e-02 5.900674021850001866e-02 -1.954488082574819610e-02
1.604114484087296733e-01 -1.765225707964076240e-01 2.820724505808376234e-02 6.228187325528295598e-02 -2.820501813663796667e-02
1.074011173496118438e-01 -1.190219179711935332e-01 1.127396767031987705e-02 5.108942752876917404e-02 -2.201212463186193874e-02
8.640991286619094380e-02 -1.048503633339070013e-01 1.252987838094050260e-02 4.444428076336574829e-02 -1.957172510763893758e-02
1.251273163488817175e-01 -1.268691672086891264e-01 -9.986519584582532680e-03 7.693971774122129736e-02 -3.036334912647891543e-02
4.382398685841094876e-03 -8.344924599106764290e-03 7.190774749887640302e-03 -2.897790985580555451e-03 4.275759305202490954e-04
7.593813768543961062e-02 -8.219557470753990902e-02 -5.956146723656074136e-03 5.066937646928599409e-02 -2.013770364992599829e-02
7.945204019203788715e-02 -8.770834912305920661e-02 8.087974642505581235e-03 3.756558430043345498e-02 -1.609637632003899088e-02
2.682345707844368404e-02 -6.706140910526649929e-03 -4.857040735949147425e-02 5.370716525303912553e-02 -1.687616302104358312e-02
6.117152354507206929e-02 -7.562185060797922687e-02 1.808244774778265326e-02 2.179016075857898721e-02 -1.078842988187997745e-02
6.886341432886719516e-02 -7.396669629732449680e-02 -1.062389583549796547e-03 4.035101982908353979e-02 -1.635305376618612430e-02
3.379311994163018695e-02 -2.927592837502449724e-02 -1.942416035350344114e-02 3.606440920665898719e-02 -1.273154118725557116e-02
6.790131526835908871e-02 -7.710195657172806694e-02 -7.648208717305533637e-03 5.124530188526449370e-02 -2.033123111697395305e-02
2.524840346819448578e-02 -1.331504485740133380e-02 -3.132323571144369351e-02 3.947402592061451804e-02 -1.285335801304519562e-02
9.129885134256661428e-02 -8.837090585644601093e-02 -1.974900522658494528e-02 6.695358285635547024e-02 -2.524771969123512302e-02
5.495173115090427884e-02 -5.793238504107508374e-02 -5.970213685927557197e-03 3.721764097618875805e-02 -1.457950291892631638e-02
4.810481559532841372e-02 -3.845778059406135957e-02 -2.914172311036391377e-02 5.040129476727433361e-02 -1.752683426189224208e-02
4.864322985791998122e-02 -5.075644423604919186e-02 -6.204240150432035507e-03 3.359311579347181581e-02 -1.307460168640550355e-02
7.520116599415850589e-02 -1.001225354112871696e-01 2.243855001356603179e-02 3.293264733061267852e-02 -1.604436951794714628e-02
6.527210638124031350e-02 -8.479432069544282080e-02 2.241699199739961151e-02 2.306706844975302262e-02 -1.183680811661300299e-02
2.621299281337215355e-03 4.207244408309380838e-03 -1.586140521168055012e-02 1.421953213809124678e-02 -4.160505925278190978e-03
6.952998949410874041e-02 -9.396693798235233874e-02 3.368585081857246311e-02 1.616802857821808201e-02 -1.019214660327535243e-02
9.428292437236031331e-02 -1.053036005892979687e-01 -3.722994337987661599e-03 6.155956023438621805e-02 -2.493121002557936033e-02
1.335376378275833498e-02 -9.788863275945702130e-03 -1.412047326733543301e-02 2.040609403326924809e-02 -6.914234924833073843e-03
5.940463460176811233e-02 -8.630486212266076651e-02 3.459246980665492410e-02 1.218836290190579777e-02 -8.755315202703237501e-03
4.819770333448500366e-02 -4.399341752733310074e-02 -1.213076001287585921e-02 3.522304467863827948e-02 -1.306926770297352040e-02
1.578087667325457910e-01 -1.544108243105667966e-01 -1.947643644731655854e-02 1.006681856260818325e-01 -3.904639621460037624e-02
6.095782741291188439e-02 -6.064838720696606039e-02 -1.771420766414672984e-02 5.144867261905511358e-02 -1.925102912412543152e-02
4.042934408257849860e-02 -3.541254006989782988e-02 -2.129284651056017469e-02 4.110884638728160706e-02 -1.457021435566648905e-02
9.183453986397141500e-02 -1.099657690953536188e-01 9.430892647068124524e-03 5.088888485735305195e-02 -2.198163065123265661e-02
-1.839180237954425850e-03 1.376611810729179951e-02 -2.436837998836894822e-02 1.764388719116766896e-02 -4.648673971142751153e-03
6.499105273203674427e-02 -7.859033951980275157e-02 6.094412590910940411e-03 3.713720155352942531e-02 -1.592015839972652988e-02
3.731879937673430320e-02 -4.681611545309405376e-02 4.866004851885565724e-03 2.128194610767120479e-02 -9.322653580817377023e-03
6.546601966410815765e-02 -8.975413924277898803e-02 3.376575645971247042e-02 1.392229474774843087e-02 -9.294620668234172822e-03
4.250261930956750200e-02 -3.663810190183344057e-02 -2.131133957633984943e-02 4.152528700721000443e-02 -1.472845434970698406e-02
8.709126923925866737e-02 -1.083661987602412002e-01 2.299433315462029795e-02 3.475750397694907234e-02 -1.662712046170087762e-02
5.142898282077978944e-02 -5.492265905168788181e-02 -5.566270339996190605e-04 2.960573605330425392e-02 -1.201280261348349615e-02
2.671523827506650656e-02 -2.189892332592590848e-02 -1.165836696798262101e-02 2.311609844243943043e-02 -8.162795057272775531e-03
2.300406098492558532e-02 -2.103669987637931185e-02 -1.233200425453623468e-02 2.447359877505245196e-02 -8.752533496016845493e-03
7.589505964810140670e-02 -9.181965178497281110e-02 8.465217992388677018e-03 4.186539862723548389e-02 -1.811905504236188333e-02
-5.178621052074451094e-03 1.083309280140158475e-02 -1.092247929572502663e-02 5.452276607132192435e-03 -1.084034746811092563e-03
6.463335411841963918e-02 -6.779608685409591051e-02 -1.090918868389207080e-03 3.667533286477103055e-02 -1.481752689428479826e-02
4.191207539137792315e-02 -3.352808131319540141e-02 -3.037863560350759565e-02 4.982706845398558043e-02 -1.723331886583420042e-02
9.854213741078607369e-02 -1.109082080161639533e-01 -2.785325315983211772e-03 6.342712547624061725e-02 -2.571998262733040178e-02
7.163092743310996158e-02 -9.982514763294972338e-02 3.687991339564633542e-02 1.675082977269375453e-02 -1.084051824849369128e-02
5.056651770894351333e-02 -6.464980143373019739e-02 1.337189350142329106e-02 2.168675319948777311e-02 -1.032917480887681622e-02
3.434963666002262273e-02 -4.040643345586829999e-02 -6.712077308104008285e-05 2.263114195352174465e-02 -9.329455941944911346e-03
6.116618759716337117e-02 -7.398229029456347694e-02 4.423425176941784935e-03 3.669757010523835156e-02 -1.562189819174878390e-02
1.969491768977581908e-02 -1.188450816002849936e-02 -2.302933435425371864e-02 3.047612392373758028e-02 -1.008239797349576652e-02
4.308325321199393126e-02 -3.956255820627926911e-02 -2.428279424826555385e-02 4.738350048711720275e-02 -1.691733993095691571e-02
4.142469056745149564e-02 -6.563059464824368139e-02 3.923042075990901961e-02 -4.787948111648799784e-03 -2.191470997957737331e-03
9.283244211899643883e-02 -9.569918898786584915e-02 -1.068122373259608378e-04 4.987122353996198409e-02 -2.029160447456459723e-02
1.432646003329402229e-01 -1.287885261230264644e-01 -2.873555672608294267e-02 9.519972637729659515e-02 -3.572887196920199876e-02
8.414826849230744310e-02 -9.053233926266718301e-02 -3.664535721686524358e-03 5.218614365106956365e-02 -2.094035960858105228e-02
1.061528839277056657e-01 -1.295658669749781833e-01 2.001396415122206479e-02 5.000768847578705711e-02 -2.267243393921377151e-02
7.213183469919072499e-02 -8.227709959564717679e-02 4.460740256049616770e-03 3.988193407593228212e-02 -1.682985652767844328e-02
4.551919646388921659e-02 -3.899758222124800888e-02 -2.247456834271335802e-02 4.393422142370027178e-02 -1.559885080171336501e-02
5.143422995401818187e-02 -5.266332288544649243e-02 -8.967942036125588212e-03 3.766379585903018717e-02 -1.449405469177639932e-02
3.285646689075649024e-02 -3.913446568476056098e-02 8.302597586252883147e-03 1.216279816564972902e-02 -5.824182124149180316e-03
7.123513743124464115e-02 -5.508246428771789577e-02 -2.734166809862249511e-02 5.500142627156898861e-02 -1.939198403255438033e-02
1.302751844444862694e-01 -1.203717460830493746e-01 -2.527440774748221722e-02 8.812935276348718427e-02 -3.327858283725299016e-02
7.421220894424665482e-03 1.473350114823904948e-03 -2.045057772865873855e-02 2.026216660608811185e-02 -6.133705157106838536e-03
7.994890440854761360e-02 -9.535561132585493316e-02 3.844661580313525184e-03 4.892871960613005833e-02 -2.055276069766795444e-02
7.922085682379650939e-02 -9.332058875284841848e-02 1.327343925490179037e-02 3.624625298883058649e-02 -1.619284237798978426e-02
6.368471440258854921e-02 -6.866759671602713777e-02 -4.843521360049805121e-04 3.693773704915453288e-02 -1.501749824977640681e-02
9.585878059694066811e-02 -1.056971067857079005e-01 -6.579080925648947420e-03 6.454924646937883204e-02 -2.580984753467360088e-02
3.411612459627498539e-02 -3.397551241947443373e-02 -6.165597107132949305e-03 2.436275960020789152e-02 -9.296231333025525845e-03
5.476908135911953690e-02 -7.792782343790002897e-02 2.803675505280646060e-02 1.438160804425595539e-02 -8.955208568980218067e-03
7.270622557746053705e-02 -7.483105669654273318e-02 -2.405351727713335094e-02 6.713560783922024877e-02 -2.515308017940960997e-02
1.080472381851714340e-02 -2.916262029175656703e-02 3.546075141353554477e-02 -2.072905241421645409e-02 4.739455169796394016e-03
6.011842809746816008e-02 -6.572645332242034455e-02 -1.360439135443816672e-02 5.121372293450848073e-02 -1.966971248265768010e-02
8.307561172098409941e-02 -1.011613037585173402e-01 2.204021084678168749e-02 3.140814180594989763e-02 -1.515999282463354435e-02
5.762506930321372595e-02 -7.637841665651867729e-02 1.794065544163713291e-02 2.397962602665511603e-02 -1.182392753345458576e-02
6.581677777620847936e-02 -5.975033195216950671e-02 -3.386003769372615546e-02 6.812579738610406721e-02 -2.443350850253486403e-02
1.746206691189778129e-02 -2.086843941954404438e-02 4.099393512714892790e-04 1.123056114438769106e-02 -4.671446994164165159e-03
3.399916812394528781e-02 -3.118977364000689520e-02 -2.091025953881714763e-02 3.949315009247453268e-02 -1.405741988474377979e-02
4.368988507462839843e-02 -2.508999086434947692e-02 -2.950848843881815134e-02 4.175882627148057302e-02 -1.382022599629733652e-02
6.041045678476458097e-02 -8.437102326415739373e-02 2.963474278140808965e-02 1.603934763429380392e-02 -9.796384024406619082e-03
1.038441225729994782e-01 -8.652541975969821331e-02 -3.653249845253717099e-02 8.157656595953841072e-02 -2.938318493816484064e-02
2.046029025408357613e-02 -1.860355326186463251e-02 -1.072910051321885987e-02 2.140575503551240752e-02 -7.660337716499781950e-03
6.798004608606654509e-02 -8.095561331725928400e-02 5.424576322479106316e-03 3.899370310874439305e-02 -1.662059637728097172e-02
8.896094594051591475e-02 -1.112013473580965722e-01 2.271137894744471378e-02 3.698762435170072777e-02 -1.756751556489674626e-02
-3.253179615823482192e-03 1.284834175070567915e-02 -1.929847069617414770e-02 1.294319159659877705e-02 -3.262374208124172587e-03
9.392456308533798925e-02 -7.297769451006358432e-02 -4.049182165951998452e-02 7.821674033975326013e-02 -2.757415989637082912e-02
7.967913391540597245e-02 -9.506365871657965205e-02 1.225809494639779583e-02 3.879331146045301992e-02 -1.718233632382724224e-02
5.854362881984544881e-02 -6.521983322868037114e-02 -6.507300831440884607e-03 4.278990154934635137e-02 -1.688443197774457116e-02
5.953570666483323087e-02 -4.408877993346466823e-02 -4.991883008835303753e-02 7.570645577179556385e-02 -2.576590455990473288e-02
1.111649181142347065e-01 -1.257086240143867606e-01 -2.462279602352593529e-03 7.157598462554032315e-02 -2.918770234193994451e-02
5.269962719165675186e-02 -5.175050254086670937e-02 -1.631565598626563696e-02 4.503115445351049684e-02 -1.674580477088715921e-02
-8.478246208529667538e-03 4.879419610114941498e-03 8.933387645307941730e-03 -1.173896601554281355e-02 3.853876005065542606e-03
9.212416011000527927e-02 -1.037115922731068896e-01 -1.065223344565074080e-02 6.923929946175509664e-02 -2.746488116914091310e-02
1.119095385154455780e-01 -9.601200750213020885e-02 -3.579170143247088071e-02 8.547308350257841469e-02 -3.094102471733758616e-02
4.412879102992094821e-02 -6.116099424401470752e-02 2.150609462493348681e-02 1.147127337541825262e-02 -7.029201240900275968e-03
4.588797078810008534e-02 -5.423825129008621321e-02 -4.455332215910217004e-03 3.576166927669937462e-02 -1.434633681147060025e-02
7.050133065369905416e-02 -8.786243773090042508e-02 2.221677708242992058e-02 2.423599326564173512e-02 -1.225840797244071023e-02
6.765541075761428991e-02 -6.748345761778827556e-02 -1.368382981380000633e-02 4.993636118763911808e-02 -1.892224443957355243e-02
9.002433809480454852e-02 -9.576796941794064877e-02 -7.676711650957799074e-03 5.936081481562169998e-02 -2.347884564415784678e-02
4.117170905623838972e-02 -5.211471836113100442e-02 1.499895863708169269e-02 1.237753793585224388e-02 -6.621416463728227453e-03
1.415208278846613321e-01 -1.449796651112987000e-01 8.068921603220757799e-03 6.590729099309425298e-02 -2.756374167658226862e-02
1.479673799440774651e-01 -1.361956876201501632e-01 -1.699305050354716837e-02 8.607640621731384167e-02 -3.310655208918564935e-02
-4.539372367573906927e-03 6.108335819922676088e-03 -2.386628125209439184e-03 -8.122645813970249661e-04 5.823836532763277925e-04
8.024658504290303751e-02 -9.427095387836975648e-02 3.076252993554441434e-04 5.245556754837304297e-02 -2.173323774120958576e-02
4.912973566650983420e-02 -4.127218471463607596e-02 -3.780069017328804154e-02 6.286982316260636416e-02 -2.191119211220634438e-02
7.223942927768349509e-02 -7.693755779524269478e-02 2.327163776140388652e-03 3.766079390072869099e-02 -1.551892893900059384e-02
5.067363568350755076e-02 -7.353937084490991261e-02 3.137076553419183150e-02 8.035946043723729906e-03 -6.653313182932064571e-03
7.780967360314429426e-02 -9.226573382618274977e-02 1.153895896869277203e-02 3.795993224165900709e-02 -1.676889117404198326e-02
6.921141795092847215e-02 -6.983793232827624486e-02 -2.480437936728938086e-02 6.476245173984776504e-02 -2.402751886261942152e-02
3.586555790562075130e-02 -3.892622589709365116e-02 -9.639727193220275561e-03 3.218206852763103726e-02 -1.226798478252534401e-02
8.509351593606011288e-02 -1.061738592835153733e-01 9.746443656493209221e-03 4.955199228976835124e-02 -2.151541232705088402e-02
9.136010463824778549e-02 -1.132990003272612567e-01 2.315253210959965224e-02 3.738044478589774150e-02 -1.774428468031405068e-02
6.200895416622548284e-02 -7.791043498580432769e-02 1.641160955496463042e-02 2.540485130244326401e-02 -1.214693440626451321e-02
5.940236668205914339e-02 -7.648090672813276369e-02 1.035145215324908587e-02 3.260595996648774780e-02 -1.464215077695385503e-02
3.908616787270458720e-02 -4.060157340268122361e-02 -1.524170706494284121e-02 3.910691461549190007e-02 -1.452834058277213507e-02
6.470935292460117116e-02 -4.763679339863251955e-02 -4.106396951351073965e-02 6.670827999978932998e-02 -2.288136074936375844e-02
7.335836849499935419e-02 -5.849996008903658729e-02 -4.343447070486805561e-02 7.564149143428744448e-02 -2.633971304169742747e-02
1.172369560568819330e-01 -1.337499113831817910e-01 -2.691756338016296386e-03 7.677030358007251587e-02 -3.137271495350330008e-02
5.182364299345181696e-02 -5.602123230796325626e-02 -1.717207581333587334e-04 2.985964135439077294e-02 -1.214904540309654640e-02
6.037952545797643789e-02 -6.634996175034972576e-02 2.013741594930045994e-02 1.250858620757037964e-02 -7.039320235198767532e-03
5.236552730748525453e-02 -6.713650667664054772e-02 1.284814252334444927e-02 2.400365151296084132e-02 -1.129385316874102416e-02
1.406798017155863612e-01 -1.557379154548591549e-01 -5.543184688773819709e-03 9.100588847331154974e-02 -3.691207818322101569e-02
-7.390710843822288940e-03 -9.120407524318295892e-03 3.827323563643149351e-02 -3.474884521947400190e-02 1.019706439089251675e-02
1.961632045582422865e-02 -2.811993363562653378e-02 1.277598732384868131e-02 2.040751888393367488e-03 -2.181410807315539453e-03
1.212810351887557980e-01 -1.169091585441137254e-01 -1.468819512041107458e-02 7.558060441514313776e-02 -2.924779439737796444e-02
4.791937236901504249e-02 -6.048027725104110353e-02 6.098031461074894695e-03 2.783234573205555298e-02 -1.217322305482595318e-02
9.856452723575839792e-03 -1.097273546680558980e-02 -1.029122511671669597e-03 7.123175835367657679e-03 -2.816787199880167389e-03
1.490265767113816212e-02 -6.264190932817056447e-03 -2.405790066448066505e-02 2.854359986226092868e-02 -9.179723231733090058e-03
2.077541632788970083e-01 -2.036411938684466183e-01 1.795470602547886985e-02 8.342268543951748827e-02 -3.554909593770076010e-02
1.248121771495208920e-01 -1.210209604275008649e-01 -1.287699819443647101e-02 7.554821133223388330e-02 -2.935820822436080793e-02
4.368100939939531524e-02 -5.143717868340473565e-02 9.727428319103850751e-03 1.714762667209219008e-02 -7.989686889934104891e-03
6.294594266741038169e-02 -6.109331891251681967e-02 -6.341943349124786432e-03 3.795826309212090716e-02 -1.475989298695523297e-02
5.730315894254998867e-05 8.249255542200210553e-03 -1.763457396469906777e-02 1.375842770371665108e-02 -3.777500790775810326e-03
6.634940778635599334e-02 -8.132137002139108728e-02 1.486714298999330421e-02 2.866375331675969154e-02 -1.331142073995171191e-02
5.303862317701046880e-02 -5.866087404956130125e-02 -1.002636944291054703e-02 4.348565243017876725e-02 -1.687851051964435120e-02
6.254525682190641145e-02 -5.497444422920559626e-02 -4.227413867399176794e-02 7.534360416753474454e-02 -2.661964001581330203e-02
6.970723778461301867e-02 -8.210274741659560893e-02 -5.896096921486319517e-03 5.304501094981107362e-02 -2.135102006637659006e-02
2.766823110496509711e-02 -2.162437210925024014e-02 -1.955601804460024851e-02 3.179693850848241271e-02 -1.094199214615458951e-02
7.502537390109206838e-02 -8.267053724970047091e-02 -4.175120084567240410e-03 4.924167356348312791e-02 -1.974472460006479815e-02
5.523482235505831894e-02 -4.243333044373961277e-02 -4.682115553592990087e-02 7.239362493074791294e-02 -2.484153931585007455e-02
7.467066576276751300e-02 -8.833544517184112321e-02 2.761107920957835225e-03 4.617678259687727632e-02 -1.932912818998083759e-02
4.229455757742543731e-02 -4.105636406609409345e-02 -1.837346174995724279e-02 4.213561206502477313e-02 -1.543059177506312350e-02
8.957663004502235127e-02 -1.125266771999200027e-01 7.663760818678955720e-03 5.601978411849262152e-02 -2.402477421525365045e-02
6.510210911457818550e-02 -7.797620585845460583e-02 3.851694979641927166e-03 3.930036901807233002e-02 -1.659743898666327100e-02
3.114242289622063189e-02 -1.068718566125216943e-02 -4.274262599629569115e-02 4.882638039132024960e-02 -1.540133555346228159e-02
9.236401151395334796e-02 -1.105678181887163047e-01 1.269968287201278002e-02 4.747652363781246915e-02 -2.092262644019706602e-02
1.061180667363961633e-01 -1.151640921949643598e-01 -7.885834645067658563e-03 7.091343633572673444e-02 -2.833012146883113341e-02
4.900429303335875064e-02 -6.619459203910568745e-02 1.736198528871484709e-02 1.888428249258843755e-02 -9.641343595952726539e-03
4.558173266184206707e-02 -5.414412360709586203e-02 5.234101419097973024e-03 2.398882411021003441e-02 -1.036739632544113679e-02
2.404664406600119653e-02 -1.844312921565289046e-02 -1.998128778439854300e-02 3.093406646285672482e-02 -1.059182057337487888e-02
5.861897665303596183e-02 -6.392928314744042440e-02 -5.777488516022910928e-03 4.084014953111956420e-02 -1.613460835569544699e-02
1.108218110135955892e-01 -1.062411184609794584e-01 -4.393232754033231380e-02 1.046551308272745534e-01 -3.854577425130193552e-02
5.569371077586950103e-02 -4.596605710444062048e-02 -3.730870372837741256e-02 6.378907153407148423e-02 -2.222503784643317659e-02
1.265592670731013614e-01 -1.319117694273473362e-01 -3.979484833760433236e-03 7.387902337449323009e-02 -2.982261891790332492e-02
1.195814105978430242e-01 -1.325167729295511077e-01 5.086104751143048948e-03 6.592245144532668522e-02 -2.759902582614934263e-02
5.929779202523348391e-02 -7.644368278975265107e-02 1.313405741575149679e-02 2.931896304090144886e-02 -1.356660827645481820e-02
-1.506859489523875145e-03 -5.529069632013800190e-04 4.739653559990589411e-03 -4.590512143962341765e-03 1.379182865807371391e-03
9.731267094584790389e-02 -1.128691064544404959e-01 -2.159324173737466480e-03 6.516806509665713787e-02 -2.666760517389317811e-02
7.869683423769302522e-02 -9.756909112738873513e-02 1.354759816494269763e-02 3.998281695896655635e-02 -1.793956121419767319e-02
1.173909115641215556e-01 -1.417613009717177686e-01 1.683391778268010855e-02 6.016932712193392291e-02 -2.650858983859539011e-02
6.051557264260500751e-02 -6.563693044125853970e-02 -1.226251897717606405e-02 4.952197184117402423e-02 -1.912710410157164587e-02
3.318285507751179281e-02 -1.656615925754692520e-02 -4.064871679285005784e-02 5.051430144203820222e-02 -1.636588453747308755e-02
6.623394413931767144e-02 -8.057393828449541107e-02 6.749953722845684727e-03 3.778542631334452090e-02 -1.630474447528935597e-02
7.923212349760613837e-02 -6.703923232618637373e-02 -3.450310221858202825e-02 7.032029043447876604e-02 -2.502596835185867674e-02
1.233606735072911437e-01 -1.371636321824290516e-01 -5.128998219958688480e-03 8.066089390837009876e-02 -3.271878000015046584e-02
8.615126529273577083e-02 -8.698320684931272473e-02 -1.716382045640950718e-02 6.473072281082878354e-02 -2.476168994680286867e-02
3.958773839358132457e-02 -2.236170935656391426e-02 -4.773080710797580201e-02 6.154420625673724665e-02 -2.018161276850445954e-02
1.912312892070764520e-02 -1.890251017231021902e-02 -6.871187135176173161e-03 1.755420296497469876e-02 -6.483309244955364620e-03
5.049077940048693307e-03 3.801502340569395174e-03 -2.116480221158112754e-02 1.998340773021893210e-02 -5.968346466144630949e-03
9.308027264657318944e-02 -1.029013311449601259e-01 -1.849619917033555605e-02 7.797421320461510319e-02 -3.038792658357563833e-02
1.586981690933406131e-01 -1.739623212007515296e-01 8.412365654913028529e-04 9.290499649956543426e-02 -3.826911062662714802e-02
1.674965584645835047e-03 1.415730333662930905e-02 -3.504249401761596466e-02 2.870305888640868261e-02 -8.074553282839904214e-03
9.558597215261042945e-02 -1.094762380861692280e-01 6.522865218242577742e-03 5.265915089338631810e-02 -2.233283486096037870e-02
5.938954152800749592e-02 -6.523883923256200423e-02 -1.246011951026277688e-02 4.972803985812059707e-02 -1.918517623399595279e-02
8.362870935923166771e-02 -7.506498493871732736e-02 -3.486439001454540859e-02 7.636091477999275290e-02 -2.764481540753302088e-02
1.454692489164631231e-01 -1.718042885022537103e-01 6.193278431267765401e-03 8.968168446436074193e-02 -3.786816806612385011e-02
7.989461846333355266e-02 -8.083982199228689769e-02 -1.948946498048959031e-02 6.426215954720528034e-02 -2.433655805548938858e-02
1.994247306193158431e-01 -1.903171573975138697e-01 -2.694831902151950676e-02 1.264099455502905867e-01 -4.876766310863484000e-02
1.093864033934492802e-01 -1.097354999999578667e-01 -3.287329853184552120e-02 9.445869746469497119e-02 -3.536238465628021438e-02
1.042442819250525982e-01 -1.247367643534334769e-01 1.248191431250496655e-02 5.554271634538436586e-02 -2.419329345525278105e-02
9.916092782302605990e-02 -1.135954610625070915e-01 4.806965319079627152e-03 5.669010754275917441e-02 -2.375953096467681852e-02
4.542364420224936222e-02 -6.400995782489919683e-02 1.908834993442472261e-02 1.641279686116731834e-02 -8.874033815331071676e-03
3.775937689772091571e-02 -3.685724697899941948e-02 -1.604551548863549990e-02 3.728859743353245965e-02 -1.365787989788187079e-02
7.403938208646440589e-02 -7.889979517160111699e-02 -1.424900040637568435e-02 5.830746382512205783e-02 -2.245853899945126492e-02
1.720831965951654663e-01 -1.624660735010606538e-01 -2.694131116873278373e-02 1.119697748434712037e-01 -4.288662552099472419e-02
1.381486217421089638e-02 5.556130151315612220e-03 -4.523431333492539119e-02 4.376800278357973611e-02 -1.315300380725908588e-02
8.100170163291037229e-02 -9.389991981338492721e-02 1.041342620706059083e-02 3.968591502975822582e-02 -1.734825318054181165e-02
1.598733391786619495e-01 -1.685002790704302755e-01 -3.258186551721999752e-02 1.275155452474167894e-01 -4.922928234300363165e-02
1.340199421488796616e-01 -1.555521862149932821e-01 1.383819375812049730e-02 7.014526789813592400e-02 -3.031796286158242038e-02
2.742702562049603027e-02 -3.875824818141795219e-02 1.441675244191985283e-02 6.490003225740960044e-03 -4.213156892213339687e-03
8.588881869530262669e-02 -1.010790224385558073e-01 1.355573093393187822e-02 4.019443804714627200e-02 -1.784242749191529767e-02
5.052354101807984138e-02 -4.963324924638419511e-02 -8.240452848290629254e-03 3.450689567547878672e-02 -1.319671558607188495e-02
5.866010515075435749e-02 -8.325768161904233133e-02 2.864981814101988031e-02 1.682918962881057093e-02 -1.003102263755944676e-02
1.097947813910742504e-01 -1.155134928453286636e-01 -8.553557146326244351e-03 7.083710950500640702e-02 -2.816073519051882565e-02
1.517282266824432069e-01 -1.702218285236171413e-01 -9.664037898546518762e-03 1.047624915709884086e-01 -4.232125714520978271e-02
1.043957045842673764e-01 -1.389271505559182829e-01 3.732831655384372116e-02 3.813223511865444781e-02 -1.969606792783823793e-02
3.244522839394753388e-02 -4.670624874841925595e-02 1.573055565752346646e-02 1.006727583325118386e-02 -5.874773788493633034e-03
9.528099437515011316e-02 -1.254285708547596689e-01 3.125085364214057887e-02 3.719571672430866532e-02 -1.872196261566743195e-02
1.845013223899076849e-01 -2.082674094908746609e-01 2.457823466462264253e-02 8.552773005498945369e-02 -3.766577590056311570e-02
1.434584866411239279e-01 -1.693311309425291622e-01 4.066076805579293442e-03 9.083200067754991502e-02 -3.814503511761613286e-02
8.000506982764779562e-02 -7.656934535360383765e-02 -2.576957055522611714e-02 6.806826323405590351e-02 -2.521501132552721527e-02
1.073328484485100154e-01 -1.145374918786736529e-01 -7.333136034595211543e-04 6.157103043744972803e-02 -2.511146741158624962e-02
1.351449017853524337e-01 -1.197373586383225635e-01 -3.384596506663373888e-02 9.625049963430544475e-02 -3.568911672572725596e-02
1.090034599444007074e-01 -1.106345232917671922e-01 5.608271261531187941e-03 5.068229796767112494e-02 -2.112375462868280526e-02
8.128434196299844094e-02 -8.900169997028667401e-02 -2.066880502335933806e-03 4.998169090815406113e-02 -2.022872400284365588e-02
8.948415449997894344e-02 -9.818867333539681164e-02 -7.016228928709228665e-03 6.113169567029452106e-02 -2.442521233594961358e-02
1.037681013485206444e-01 -1.201861782985775839e-01 1.544120661482039150e-02 4.830714885678458193e-02 -2.138453685912617211e-02
6.883401154637283637e-02 -8.757557871299946617e-02 9.869402053979495562e-03 3.935301389740743921e-02 -1.737315446268566238e-02
2.309333678199428641e-01 -2.297959330643218334e-01 1.110460942578786296e-02 1.053391693480418140e-01 -4.389931679511781260e-02
1.072549612357697191e-01 -1.197340923961545400e-01 3.815178522546719669e-03 6.048691947808788882e-02 -2.519857774020959826e-02
6.217098691060093940e-02 -8.112657146541955855e-02 1.624688598195050959e-02 2.836272363958460344e-02 -1.342905180407156195e-02
9.597303395669126713e-02 -1.171604913176706453e-01 7.099948267277301009e-03 5.848007914178576100e-02 -2.496148208668132890e-02
1.120945584990028360e-01 -1.135943317234858196e-01 -1.387223088522367490e-02 7.465037473875323071e-02 -2.909322809913881744e-02
1.172922259296131781e-01 -1.184219028743601354e-01 -2.533731887874302383e-02 9.067922543073392294e-02 -3.463684499988971266e-02
1.840778168416542793e-01 -1.957174499784046506e-01 -1.406229115991118779e-02 1.207267630266502939e-01 -4.825019659615494699e-02
1.709784518936031950e-01 -1.716328356579862602e-01 -1.910548151730181651e-02 1.106036519899103038e-01 -4.331432013580863161e-02
6.895056012864954342e-02 -9.895361770345195707e-02 3.969354725090524366e-02 1.353283674089043875e-02 -9.812074426913319422e-03
5.072958751425117596e-02 -5.584797525850605099e-02 -7.058734616045312521e-03 3.825954820131238082e-02 -1.498458542557984906e-02
3.611026062201594389e-02 -4.090825858030584100e-02 -3.121983649995706614e-03 2.600090821810647004e-02 -1.037435448994642427e-02
1.551358171402204555e-01 -1.670762098823914965e-01 4.638238166139234354e-04 8.881402798176936397e-02 -3.649211030888400292e-02
1.557972486900209008e-01 -1.648456616998696667e-01 -2.272304987432445869e-03 8.998996942918152664e-02 -3.665076695166481768e-02
7.470509070444616984e-02 -8.192267093117046317e-02 -1.398773967468915427e-02 6.065440443353211503e-02 -2.357465104765888927e-02
9.552324039959761426e-02 -1.121497185653878292e-01 -1.105978027230689748e-02 7.611602547265058916e-02 -3.042096040531135082e-02
1.798825995443556203e-01 -2.128591303806155743e-01 3.112097509374243259e-02 8.317303472652375074e-02 -3.756101776906122652e-02
1.664518248523235711e-01 -1.561960583355552212e-01 -4.011744364600030449e-02 1.236065351133330270e-01 -4.635571610416186483e-02
9.193301568731451767e-02 -9.089353133956910857e-02 -2.414776309474157487e-02 7.424380975930301718e-02 -2.793076759897381370e-02
1.523755366250906240e-01 -1.577638239508698526e-01 9.291007433528019471e-03 7.165550462631858908e-02 -3.007666052292814682e-02
1.573389044823822469e-01 -1.690533126534684849e-01 1.329924511753997809e-03 8.870116104289854642e-02 -3.650572966564036986e-02
5.133468223395849794e-02 -2.858420951314640662e-02 -5.266661571645488149e-02 6.877957833724934744e-02 -2.254188921956885167e-02
1.190932380925030648e-01 -1.403832807561967155e-01 6.282993448562726631e-03 7.148664222720779726e-02 -3.024331360905497049e-02
1.429515995813985807e-01 -1.570652758468613630e-01 -1.656794979836109794e-02 1.046110715960524157e-01 -4.149062581239185143e-02
5.672223342061642054e-02 -9.124577101125859457e-02 4.864723733158417274e-02 7.872289612631085598e-04 -5.596335480908480597e-03
2.419088219534059614e-01 -2.289742996980924095e-01 -2.124678000748169565e-02 1.387973685095787446e-01 -5.425749757567667475e-02
7.198943181536733571e-02 -7.812103316271377940e-02 -1.122658162235148915e-02 5.481917999943655001e-02 -2.135738038845188397e-02
7.277922665223934828e-02 -8.226151205193031613e-02 -3.867519552261694960e-03 4.943517611600937306e-02 -1.993523720436178245e-02
5.429046488137206916e-02 -7.650044206580196293e-02 2.495539432251909009e-02 1.697157794033620284e-02 -9.701868303895496218e-03
1.534684592067533937e-01 -1.693578281391877327e-01 3.739450439059455091e-03 8.753685605756808541e-02 -3.641295321441801597e-02
4.767094421256501402e-02 -3.523544108532702251e-02 -4.698009515716530110e-02 6.897668320139345444e-02 -2.341971231634308245e-02
1.062369740687767530e-02 3.554808662762576170e-03 -3.563029544594264325e-02 3.534807664410435923e-02 -1.076055873116377355e-02
8.158055505290677523e-02 -6.426154495446771697e-02 -4.978624828069339037e-02 8.548898189587061935e-02 -2.977053028581485780e-02
5.218964159815072529e-02 -5.261881680298775149e-02 -2.252407663584608116e-02 5.342139143973116677e-02 -1.965529339440084955e-02
4.071057759052951024e-03 -6.429579235400145060e-03 3.252050401840057142e-03 2.345341979725386729e-04 -4.484961650756502487e-04
1.526047017394140948e-01 -1.724584714603113189e-01 -1.915328168687613353e-03 9.716503075289678604e-02 -3.995296851392888399e-02
1.641674997460793872e-01 -1.878703497719101945e-01 -4.515093526443000709e-03 1.095323325018587035e-01 -4.488510978628408588e-02
1.551549772812167716e-01 -1.529772488523997442e-01 -2.834622891967773783e-02 1.108446476246389562e-01 -4.247951529872090459e-02
5.767348507950838254e-02 -5.867872661764426956e-02 -2.246179621597436254e-02 5.663144635856749709e-02 -2.098568609193578530e-02
6.086988969455191939e-02 -7.322001768996606874e-02 4.703047915364380778e-03 3.571273975931220368e-02 -1.520753388556125504e-02
9.192110692284215234e-02 -1.215083660174806485e-01 3.559435591650841890e-02 2.978420910187426496e-02 -1.606229663460749871e-02
1.533889689686169511e-01 -1.780533711352334236e-01 1.449342972770167534e-02 8.213621315985356053e-02 -3.540224406605097657e-02
1.393316871554922676e-01 -1.337125468903082037e-01 -3.514847841165554682e-02 1.076283406185430946e-01 -4.040868437778229183e-02
1.679385223295261631e-01 -1.875776474431639917e-01 -6.846412697481842318e-05 1.024608703359543432e-01 -4.222057659933470264e-02
9.088524463734116987e-02 -9.758089485807108776e-02 -1.971803862804204222e-02 7.519911820297321692e-02 -2.895692020648261630e-02
1.207753865496269258e-01 -1.144039727583926191e-01 -1.964187318532149146e-02 7.979556481911426191e-02 -3.055175033429428574e-02
1.647964750437538040e-01 -1.684974786756475162e-01 6.263593230969034288e-03 8.006885035283436980e-02 -3.315010214757211499e-02
8.428538925294215556e-02 -8.756898770178696279e-02 -1.184402643384093595e-02 5.950461267003435972e-02 -2.316031380940557216e-02
1.542822623267344484e-01 -1.673738758788427261e-01 2.320023541255274505e-02 6.256800415610999644e-02 -2.780428859034471054e-02
9.268567645764791418e-02 -1.119311699602363874e-01 7.897752900185087133e-03 5.397891576824510179e-02 -2.309698629986549345e-02
4.783980477488908312e-02 -4.725295854647575816e-02 -2.182845222622174786e-02 4.948663631676555180e-02 -1.808705044211482774e-02
1.142566093701308932e-01 -1.124475039502342982e-01 3.024510179102420614e-03 5.390508804335400472e-02 -2.217270268002542385e-02
1.002338155353348914e-01 -1.006340038529133230e-01 -1.845363420967389284e-02 7.317128672055918381e-02 -2.808922506140600767e-02
8.546153321542805659e-02 -8.519078343730544789e-02 -1.632010391358687876e-02 6.202717128379522243e-02 -2.359210436512773970e-02
5.982600951153224655e-02 -7.428882343374408614e-02 4.097272178557971253e-03 3.797577086367744104e-02 -1.618877425906035949e-02
1.749211686898607399e-01 -2.019552498023484688e-01 1.634106461775723153e-04 1.124585426671635136e-01 -4.662559217017851754e-02
1.123448886255015849e-01 -1.059648840149123167e-01 -4.094842028992972532e-02 1.002291808246506266e-01 -3.692212660247004563e-02
3.619702773123004147e-02 -4.982624681736746303e-02 1.954062002003336893e-02 6.774307519276164848e-03 -4.829829503387471357e-03
2.511928536638972573e-02 -3.106406178837201396e-02 1.078243979968335209e-02 5.099932387827101760e-03 -3.181822067191802852e-03
1.207636848892277015e-01 -1.337677636259244629e-01 -1.944386941134672309e-02 9.623738159261734093e-02 -3.791682580385487278e-02
1.418986440226684964e-01 -1.582884665685796444e-01 -9.798313683146150227e-03 9.805903039441395130e-02 -3.950933426389834080e-02
1.249327694347312362e-01 -1.292450286821369421e-01 -2.352652861021816560e-02 9.532217256912998982e-02 -3.682672528447591964e-02
9.065252082219819874e-02 -1.064342360053003728e-01 6.174736959128678503e-03 5.190814312707078826e-02 -2.198012464885163234e-02
5.988290002840410825e-02 -6.706221731581497869e-02 -9.807746993328394364e-03 4.813604029743002999e-02 -1.885558152286368958e-02
4.635364264774245735e-02 -3.747119860927519697e-02 -3.649768326075004260e-02 5.893266636982402717e-02 -2.037736293622677969e-02
1.423673986070739805e-01 -1.262845067591858161e-01 -4.202085265351281074e-02 1.089016223789702614e-01 -4.008893223594772043e-02
1.510320521210532230e-01 -1.748281415752858114e-01 1.979163979237097415e-02 7.401688858658808656e-02 -3.256132564601822016e-02
9.049797803343265223e-02 -8.378141813686308670e-02 -3.652949039849084228e-02 8.351167376447671264e-02 -3.048998697517775122e-02
1.262356082241632704e-01 -1.454149380526850999e-01 1.167154226121971429e-02 6.681972520605489185e-02 -2.872846646703234100e-02
1.215244222596279094e-01 -1.253521424960054864e-01 -1.479919533927087465e-02 8.276745815769225023e-02 -3.244881865802227983e-02
6.077058095232763107e-02 -7.508588878609380457e-02 1.714693008573443117e-02 2.274042322726041454e-02 -1.113188206347009122e-02
1.038138604704056944e-01 -9.739347114075169731e-02 -1.647621034436425741e-02 6.685269381662878319e-02 -2.543507391118335348e-02
1.567664873881866039e-01 -1.802147156813385109e-01 1.999907577935023176e-03 9.764344727013754555e-02 -4.057516930568467323e-02
1.565451680488268438e-01 -1.818853808645542747e-01 1.082378768577811363e-03 1.004677141388147232e-01 -4.175598032703663892e-02
5.492135704419377762e-02 -6.566249782754743358e-02 -3.927540399335399147e-03 4.185904787788288783e-02 -1.695525275561180628e-02
3.442980453902291793e-02 -3.526195551210461326e-02 -1.510174854075407511e-02 3.602892870105298823e-02 -1.328091143908991835e-02
5.714866628933670811e-02 -7.343706935139017455e-02 1.167655140856150436e-02 2.903979670766775739e-02 -1.324875597557500367e-02
1.147909548401037372e-01 -1.194832822239755149e-01 7.385850529038054044e-03 5.417045696494934837e-02 -2.282068073232346866e-02
8.017157171875527455e-02 -8.700850247086749922e-02 -1.875277474951049517e-02 6.854756311370073518e-02 -2.628463877807163396e-02
1.832689493550396509e-01 -1.863048176099646180e-01 -1.993556075159763283e-02 1.197579638151100995e-01 -4.701070544816920993e-02
1.381847141943261248e-01 -1.632948299524168423e-01 1.626193186986555489e-02 7.266121316109461215e-02 -3.171787974634621837e-02
1.246223436926082451e-01 -1.336547297255675504e-01 -4.577451156612843963e-03 7.655615813220847943e-02 -3.094309681008812832e-02
4.440735150932897252e-02 -4.457538742432776840e-02 -1.132073918644453669e-02 3.591446735874483792e-02 -1.353250213406226483e-02
9.103195809346309453e-02 -1.031523677533890404e-01 -1.935372847481446655e-03 5.851363428974690889e-02 -2.382466042043996160e-02
6.726133352234507645e-02 -7.094097342970101527e-02 -7.839401033448501963e-03 4.629680752211411815e-02 -1.812397970255029758e-02
1.584662429757289492e-01 -1.805956472817137337e-01 -1.657213843346475382e-03 1.019730961686114434e-01 -4.204555501499263048e-02
1.227673804607267022e-01 -1.268085227902487344e-01 -2.861126926484937327e-02 9.991261169435292078e-02 -3.820821531883833444e-02
1.239136368214075745e-01 -1.531117423263979593e-01 1.497373421641028796e-02 7.038232581803183230e-02 -3.076926666890014705e-02
9.724576359310460605e-02 -1.098534005607662151e-01 -1.234892891336932842e-02 7.497709302232023754e-02 -2.973814226231552560e-02
4.957161186391677299e-02 -4.227763311870896823e-02 -3.208756928994990071e-02 5.674137972590456019e-02 -1.993711344027132570e-02
6.987480374881215039e-02 -7.485396118264510401e-02 -1.822409120485325371e-02 6.146197490021117898e-02 -2.350527843324484029e-02
1.635946438891465182e-01 -1.864529734152074458e-01 8.097862495959297011e-03 9.341706477530511976e-02 -3.938382174273959840e-02
1.383313373702274585e-01 -1.525540394750577178e-01 4.693947847717852475e-04 8.211310095491404504e-02 -3.383462839170084391e-02
1.397008378307488530e-01 -1.590953970663879502e-01 -1.363691709661320715e-02 1.042435155479449899e-01 -4.180032498556265214e-02
8.692622645008746263e-02 -9.912741851840256579e-02 5.241894267583609547e-04 5.392364432600767199e-02 -2.227299158608270907e-02
1.490436966823612541e-01 -1.605915743027878373e-01 9.511253386125999992e-03 7.488555145829731141e-02 -3.164367566001932003e-02
1.487538201095469081e-01 -1.556420758618147770e-01 -1.541897574253644522e-02 9.990243368540438484e-02 -3.942592658270911016e-02
1.359581176007624015e-01 -1.562748590246574587e-01 5.772937186448551597e-03 7.992171873005181337e-02 -3.362229448849785030e-02
9.185814517590293327e-02 -1.180330390260626722e-01 1.414635822913200454e-02 5.224455006086878989e-02 -2.315462652571022989e-02
2.092461588399871786e-01 -1.895813619542583983e-01 3.684344160890311911e-03 8.902585160147330479e-02 -3.623013391391129157e-02
9.500082063021046686e-02 -1.120635013974495414e-01 -1.023033007833128475e-03 6.381264183143353641e-02 -2.621897969658503261e-02
5.271605980181359036e-02 -6.717990405355181438e-02 1.370235447579449921e-02 2.263657658468426134e-02 -1.073462781971987363e-02
6.226571218232626603e-02 -6.753397003616899708e-02 2.161661770694179967e-03 3.349154610391506803e-02 -1.389723908135290578e-02
1.407169939096049871e-01 -1.484589772740262104e-01 -7.729678563546238564e-03 8.768296132153810540e-02 -3.522091054504104812e-02
2.344907780084467055e-02 -2.360723991904532457e-02 -8.230071794980047331e-03 2.170538062720925310e-02 -8.063449155756871253e-03
1.490278784114538457e-01 -1.632246852191360509e-01 4.796094023283081070e-03 8.251414071242187120e-02 -3.438899760537138250e-02
1.798542474991208229e-01 -1.933780139895704964e-01 -1.314444390087195214e-02 1.188494524453002354e-01 -4.756187588576624159e-02
5.581537941648997275e-02 -6.413569731514327799e-02 -1.513178166102109503e-03 3.713218870454860349e-02 -1.514082089304394016e-02
1.365194874224627264e-01 -1.483632658914258995e-01 3.715007298617085257e-03 7.530269538236217253e-02 -3.126137754677345282e-02
5.691671335968371409e-02 -7.622715384039492614e-02 1.836017618733599630e-02 2.369379870060404208e-02 -1.178370996444151782e-02
1.138253352794118822e-01 -1.211891637225437773e-01 -1.659310394187107907e-02 8.394691522278578677e-02 -3.287357994557704721e-02
1.335412650267532031e-01 -1.497105637721516114e-01 6.694134945419209955e-03 7.416430947301690113e-02 -3.126260500271997589e-02
1.007197304688268458e-01 -1.166716419644385078e-01 -6.003956272382068903e-04 6.561170555446960151e-02 -2.706106272227506646e-02
4.436083230448394782e-02 -4.629505710616041436e-02 -6.775394726195736912e-03 3.205831119545338170e-02 -1.242881319919354396e-02
6.054470731418302998e-02 -6.160631632806865682e-02 -1.401551838803968657e-02 4.818772636881717836e-02 -1.833497845066499321e-02
4.918921973287890270e-02 -4.446757720234324057e-02 -1.730098676060429566e-02 4.118620361986249923e-02 -1.497869959070185358e-02
1.131370299893631054e-01 -1.251703399009125861e-01 5.310423698971959185e-03 6.169881628199757467e-02 -2.589987105117828869e-02
1.397623150712614670e-01 -1.321621896193631296e-01 -1.952860357968267888e-02 8.838518643315622370e-02 -3.400885340693811376e-02
1.656393764172861549e-01 -1.783760561747466666e-01 -1.727416074575128689e-03 9.760198214838668174e-02 -3.994175987200283828e-02
2.098400358482310490e-01 -2.345822046274431694e-01 -2.936968094154080453e-04 1.289384413451377664e-01 -5.324950686224205754e-02
1.283666299640345287e-01 -1.357792602778968849e-01 -3.068225700735073558e-02 1.081493389785188192e-01 -4.147305440289592721e-02
1.415751630115716087e-01 -1.363845109026288194e-01 -1.775128088907986304e-02 8.917357490917691976e-02 -3.455122482692181418e-02
1.385838355753225559e-01 -1.461675526698214267e-01 -3.015201756583914955e-02 1.129803358720357226e-01 -4.352542434636225144e-02
5.385865514369037044e-02 -4.600982751500663770e-02 -3.319328087886374429e-02 5.983162486813504988e-02 -2.110064469991441635e-02
6.648609795636917230e-02 -8.956892637477431585e-02 2.889447307567866857e-02 1.914485890866153561e-02 -1.094124518412636221e-02
1.179288744242667636e-01 -1.337922518040109976e-01 9.004585297213901773e-03 6.252769841553107444e-02 -2.654576784091475933e-02
1.533498229752315867e-01 -1.496632338687607922e-01 -1.849213828739018281e-02 9.710596229866277906e-02 -3.770465440399635437e-02
1.121357032669816067e-01 -1.077546872900647934e-01 -2.919563883864512849e-02 8.791205799693296852e-02 -3.299900984805684279e-02
2.427157055589017690e-02 -2.548897912451132675e-02 -4.540942751356111078e-03 1.860706586366128734e-02 -7.149502727320571245e-03
1.554270265218931357e-01 -1.849301723567821354e-01 2.162135635941966547e-02 7.911554969431153217e-02 -3.501466493962194365e-02
1.084318944482107194e-01 -1.104640960005951467e-01 -1.882444730504296074e-02 7.922425746904362964e-02 -3.057923316758403079e-02
6.638295293412055376e-02 -6.164519669674768665e-02 -3.348690409955928232e-02 6.905205821461789240e-02 -2.486201346599588996e-02
6.660185439610452618e-02 -7.662212773190599235e-02 -5.650381216485027280e-03 4.904481240968427275e-02 -1.967147073248030203e-02
1.827316154234959744e-01 -2.018567066682969424e-01 2.087765027436023699e-02 8.499276104864664227e-02 -3.694935741023561149e-02
2.516905748910892165e-02 -2.084932904093152878e-02 -1.687393150048368748e-02 2.891576959391327015e-02 -1.008252635923433116e-02
1.269411713494181526e-01 -1.326993637807406257e-01 -2.293230635666228256e-02 9.691883353793626088e-02 -3.758223378761450795e-02
1.580191203731655669e-01 -1.623398660498657220e-01 -1.667905476465168443e-02 1.040713593285712002e-01 -4.095875563937807773e-02
8.984853124367832289e-02 -1.129610573546901836e-01 1.256782244684550090e-02 5.067593304928619258e-02 -2.236629171427988866e-02
1.002838065975489162e-01 -1.240532095728290873e-01 8.288064638223652247e-03 6.150672689941386051e-02 -2.636850903797915632e-02
9.904024046604557874e-02 -1.091638922555827756e-01 -1.811945961695306945e-02 8.077868297493327743e-02 -3.156455710953309790e-02
1.079253410156897630e-01 -1.309879240662918387e-01 1.312353845825236717e-02 5.894006654080468505e-02 -2.572414301399820677e-02
1.179752751131774025e-01 -1.212841543171086639e-01 -2.772913696927061748e-03 6.624107541481345784e-02 -2.672453834252067756e-02
1.472137972356828695e-01 -1.563146713490319584e-01 -1.603292411729725702e-03 8.447951010754631285e-02 -3.437306646142902766e-02
1.386127591783734292e-01 -1.482532226167499467e-01 6.329439050598144670e-03 7.138307975471516742e-02 -2.980337235925668848e-02
9.942085217567925293e-02 -7.742452424857347582e-02 -5.056006022896031987e-02 9.163547230507335106e-02 -3.204872552149524295e-02
9.614414214929795088e-02 -9.384184716260229875e-02 -1.737366212058071707e-02 6.733752394707416544e-02 -2.567530308089470067e-02
1.007128883792381968e-01 -9.418427024608283515e-02 -2.117675543350224301e-02 7.076679429215412820e-02 -2.663938388195496304e-02
1.534306767541686600e-01 -1.538860661585366441e-01 -1.714543710027197857e-04 7.896039704486051969e-02 -3.200383954398700048e-02
1.031850338984551807e-01 -1.025810913247707790e-01 -1.016959768399466023e-02 6.398632646924538869e-02 -2.501511276398662650e-02
1.288047213488618392e-01 -1.303272235259653189e-01 -1.833231693034478860e-02 8.844242619587169840e-02 -3.430225637753658158e-02
1.181798848828824883e-01 -1.225350078789268354e-01 -1.562859908451279603e-02 8.234846815037939749e-02 -3.218646553570282676e-02
1.504324577572513644e-01 -1.397941507434042885e-01 -2.809420121307098020e-02 1.011573229864080464e-01 -3.830406309375129770e-02
1.256694248212302800e-01 -1.372794106307272388e-01 7.123366387828371747e-03 6.545700638134215044e-02 -2.752663401470030816e-02
1.407379353512584197e-01 -1.403703050282455178e-01 -6.297194189906896514e-03 7.904698399640991413e-02 -3.151353831491944535e-02
1.100372328510697134e-01 -1.228850613441110073e-01 -2.287749171816386910e-04 6.711181230923758678e-02 -2.757716676290605101e-02
1.062484487120184673e-01 -1.176349230418411163e-01 8.262234345708942621e-03 5.386518615211906280e-02 -2.287635248233024429e-02
1.776472777486710897e-01 -1.933477578407579722e-01 -2.554471982450298197e-03 1.068811415332718701e-01 -4.364287518479256778e-02
1.390583218839558655e-01 -1.478901483753642110e-01 2.054787517198679910e-03 7.596353389132362577e-02 -3.127006778319970509e-02
1.393655499321114766e-01 -1.587004877289453497e-01 1.604658909484664095e-02 6.836235294483403169e-02 -2.970585533835338674e-02
1.194026908155827182e-01 -1.188871987480766834e-01 -2.267174169475891926e-02 8.707638153927284297e-02 -3.331717997477978699e-02
9.152381351189645131e-02 -1.110760288577258836e-01 1.134807321490048475e-02 4.988582300173206169e-02 -2.184094350691597602e-02
7.782145965926484665e-02 -9.803277856113894184e-02 1.118356395381102202e-02 4.388465639254206241e-02 -1.945158364429743630e-02
1.029473265266689919e-01 -1.065477608175840751e-01 -2.842005857514506850e-02 8.905296582176940035e-02 -3.374719420561995975e-02
1.790930791022525004e-01 -1.836915663608023608e-01 8.731790539357714431e-03 8.545301386896782259e-02 -3.563004394727537633e-02
1.068629817236386309e-01 -1.089037184188897250e-01 -1.581170319917273373e-02 7.472253937277269220e-02 -2.897273143119568489e-02
1.904464459653510411e-01 -2.011203012181805028e-01 3.670494772772198502e-03 1.020698371921435060e-01 -4.211338845795867952e-02
9.899618582283807589e-02 -9.364300687955486036e-02 -1.745121624337138758e-02 6.662500064567780655e-02 -2.535052488761754819e-02
4.481105172904147754e-02 -3.034841088778110485e-02 -3.182136122166322190e-02 4.812291094667588837e-02 -1.628745362326903048e-02
1.083981032206103312e-01 -1.197893923056635584e-01 1.294199612183878243e-03 6.327083218473200654e-02 -2.611452827431771928e-02
1.186641148573233800e-01 -1.467954459152197300e-01 2.564629223042704312e-02 5.402138043845083892e-02 -2.501361435187587218e-02
1.548093060946200139e-01 -1.751587907159952717e-01 -1.385068971331846789e-02 1.132455848984642438e-01 -4.554328486778436158e-02
1.260455224312633238e-01 -1.186934792167910480e-01 -2.868397724174646946e-02 9.183359943476646081e-02 -3.451288279476082133e-02
1.498569625601505473e-01 -1.613384900746049899e-01 -1.137815788777778690e-03 8.760229838836150473e-02 -3.584304801223156534e-02
1.181644287803881449e-01 -1.210135201754319739e-01 -1.962754903573520060e-02 8.575925776601568684e-02 -3.316900688413950554e-02
1.032869204870451446e-01 -1.137787960437959683e-01 -1.399717207113386139e-02 7.828351058505697568e-02 -3.091328089354982225e-02
1.345936219983112636e-01 -1.493550982079523415e-01 -8.545090113933794668e-03 9.138005005129831715e-02 -3.683735547543085659e-02
7.502785795917212008e-02 -8.418869367262303560e-02 -2.903326493514312660e-03 4.942243048713943626e-02 -2.007920534273655369e-02
1.681285624122558220e-01 -1.916558799843182115e-01 -3.922734936946438607e-03 1.106475907247723156e-01 -4.537443795410844166e-02
9.967930942977648590e-02 -1.086634964589951041e-01 2.895163512199004641e-03 5.498920655182360645e-02 -2.283888556495875660e-02
1.192259811318315127e-01 -1.213797077313301248e-01 -1.892164604999054672e-02 8.506772538216940405e-02 -3.297887489021655155e-02
9.000786809620385520e-02 -9.663644542077905186e-02 -8.869104042400832028e-03 6.192191525181164891e-02 -2.455013789839928517e-02
1.214567635981313315e-01 -1.254359846655701272e-01 -1.115492794308205193e-02 7.844944135664153051e-02 -3.098496610687383190e-02
1.693829590362447013e-01 -1.876015130263813946e-01 2.088036579206012031e-02 7.737205266082856914e-02 -3.381748540292963540e-02
1.637411362128818881e-01 -1.913272679367304940e-01 1.972549106194965152e-02 8.363015050002131634e-02 -3.653290301455392602e-02
1.174211350679067040e-01 -1.324001298756886935e-01 -1.787829082221752955e-03 7.477018750314304296e-02 -3.067749726842591146e-02
1.358564525802843370e-01 -1.257166199687298758e-01 -4.710282699963411202e-02 1.162832765596995693e-01 -4.278240541816774600e-02
1.297252381133448262e-01 -1.372130800598256595e-01 1.925882153252689690e-03 7.029915533437326725e-02 -2.893615805961129508e-02
4.412918995082441148e-02 -5.406714198733422044e-02 1.360703169721503561e-03 2.928750420168336338e-02 -1.227213432214841089e-02
7.645695056531182088e-02 -8.947709260806206710e-02 -8.192517979131921230e-03 5.975879578437449935e-02 -2.389479913008509329e-02
9.201631109530554464e-02 -9.033129790995389485e-02 -3.192922281310973248e-02 8.330017273538130318e-02 -3.100118446943283049e-02
8.891146779944351930e-02 -1.069013183809797291e-01 9.516967096802258358e-03 4.951035550553741643e-02 -2.151606457927949731e-02
1.315702747061026079e-01 -1.169733731673349292e-01 -4.771811918407613956e-02 1.111342788376940144e-01 -4.051245460250108704e-02
1.886188742130249785e-01 -2.068698603041901063e-01 -6.856340206033298759e-03 1.200454633230226970e-01 -4.878039589175765106e-02
1.987802194328924521e-01 -2.175742286787968882e-01 1.896326155167626232e-02 9.512011005491094462e-02 -4.087000919780894859e-02
1.716972967586286036e-01 -1.797856350162093386e-01 -1.800967124034540817e-02 1.156916657157161799e-01 -4.565080539404366144e-02
1.153767837415275305e-01 -1.179948921184888755e-01 -2.554022793770380217e-02 9.090801169093493117e-02 -3.467393167823572264e-02
1.319181884552072803e-01 -1.436033218196510475e-01 -2.507003619521886231e-02 1.067420911818117574e-01 -4.145272022169545906e-02
1.430917931504654128e-01 -1.438495884127599655e-01 -3.295315838897158733e-02 1.125991863705086971e-01 -4.288348175854333338e-02
1.176025592772949185e-01 -1.308211338129144918e-01 5.606629693430041866e-05 7.110500773220751469e-02 -2.927809591038390072e-02
7.025129023735258993e-02 -6.488665232872853350e-02 -3.532522976179113677e-02 7.283685765008178492e-02 -2.626859636586795221e-02
1.117742427316857357e-01 -1.237437473381801656e-01 -4.585205970830481294e-03 7.256909324802833516e-02 -2.943036540819163327e-02
1.137128738426974317e-01 -1.329812705636140013e-01 8.028648986168689453e-03 6.491937752757812041e-02 -2.766485927610353932e-02
8.957254649667492630e-02 -9.979984700898777983e-02 -3.776085854414615653e-03 5.845415324178743210e-02 -2.361696656399394495e-02
2.078986851201308772e-02 -2.046939008866765358e-02 -7.772296201903578644e-03 1.937211783727514278e-02 -7.135791539838760335e-03
8.300738563039285201e-02 -9.389346217728274102e-02 -1.357802528195010483e-03 5.289123522650794607e-02 -2.161049389556424574e-02
1.235428275970047174e-01 -1.403777173132788325e-01 -4.108244926104219832e-03 8.229664345624103372e-02 -3.360264041831374782e-02
1.343356157254818883e-01 -1.565429413399744840e-01 6.829048943398314218e-03 7.945993951524983612e-02 -3.358196552658575945e-02
1.196948109508680774e-01 -1.408659948475197710e-01 7.284288300567915916e-03 7.055336072363518896e-02 -2.996404406913696222e-02
8.854689988507001563e-02 -1.008329643544946114e-01 7.545328261491978696e-03 4.645226552494410160e-02 -1.983976933756919497e-02
1.781484356460963370e-01 -1.997938533523636317e-01 -1.227623126603839473e-02 1.243098329444167344e-01 -5.020963359182844393e-02
4.422266974093398695e-02 -5.311428445359225869e-02 -2.828887240996500949e-03 3.348878779345228207e-02 -1.359166391458026084e-02
8.632525993546066867e-02 -9.739375542513599437e-02 -6.949415312646632127e-03 6.165317138856706014e-02 -2.475626335640173509e-02
1.006065347633692403e-02 -8.618464691514060583e-03 -5.536744098381034783e-03 1.036666809908771969e-02 -3.660112308829310303e-03
1.193924558837106409e-01 -1.043637879512634287e-01 -3.682898203206723398e-02 9.176394780447305610e-02 -3.356938392013111838e-02
1.239371783660900839e-01 -1.235228450888009866e-01 -2.856365839330857886e-03 6.658463663676696120e-02 -2.679915337621759097e-02
2.065658812454625182e-01 -2.235125931981353786e-01 -2.009677657006847182e-02 1.442836230627592142e-01 -5.757530619964549429e-02
1.849693143583313049e-01 -1.832016369010789347e-01 -5.393860663212400250e-03 9.995169624210484272e-02 -4.014601756147502531e-02
1.524940727842103994e-01 -1.690461109240498083e-01 -2.941876338044209006e-04 9.213813626038860893e-02 -3.788991688537476921e-02
1.169823295566866511e-01 -1.120667884612180920e-01 -1.988912162671689285e-02 7.911260663802074933e-02 -3.024084794410129493e-02
1.399454188909262098e-01 -1.545899453242567112e-01 -1.369791584150434382e-03 8.539936347264730221e-02 -3.500347598628630180e-02
1.671097416795483681e-01 -1.929300650561934505e-01 3.948860624549166073e-03 1.027413031904112067e-01 -4.291867943935259028e-02
1.253414363251491026e-01 -1.395389720046650850e-01 -1.310390112821489816e-02 9.161103703762484007e-02 -3.651208221350843441e-02
1.296731030233281567e-01 -1.414683197241778378e-01 -7.792342079212451547e-03 8.541678459594935491e-02 -3.438502334836247148e-02
1.157376257649342377e-01 -1.149242972811767571e-01 -1.625532796510737246e-02 7.744265238723982425e-02 -2.996293321734304696e-02
7.348904834343497616e-02 -7.304384575374349431e-02 -3.663737253245754472e-02 8.093807293355585741e-02 -2.974199636075070680e-02
1.291086340063853644e-01 -1.448730728929360778e-01 -1.093492872268681144e-02 9.246360597093727929e-02 -3.714141711193578999e-02
1.347906364658479628e-01 -1.600445542032424007e-01 1.599595614316983230e-02 7.140375650873169444e-02 -3.119695273917840253e-02
1.604137139475249330e-01 -1.573423974846660522e-01 -1.139767054265167050e-02 9.286948556015479916e-02 -3.659834563407025204e-02
1.001396793518327527e-01 -1.031324775329627436e-01 -1.386521366457093077e-02 7.000089172084000833e-02 -2.730903529526123794e-02
1.419437094908036212e-01 -1.539769035402155650e-01 -1.010642050520284621e-02 9.462346414559759389e-02 -3.793254181774677325e-02
1.002861150738164620e-01 -1.068651463385177219e-01 -1.958327040775974942e-02 7.989432183168201917e-02 -3.092748822178102361e-02
1.475531055848473549e-01 -1.548384804499668976e-01 -5.674785123767359107e-03 8.815526606995487124e-02 -3.551660610173588972e-02
1.073864719596012152e-01 -1.018782491763157161e-01 -2.148594843084461470e-02 7.557247565426913893e-02 -2.864448267876817944e-02
1.272020135377623373e-01 -1.205740149764237407e-01 -3.739111946366588390e-02 1.034160499198115007e-01 -3.852297734810129076e-02
1.740166093072426923e-01 -2.037029641884143261e-01 2.968662299676826447e-02 7.895016019662956519e-02 -3.558053419185355087e-02
1.446223214794423728e-01 -1.602074942798622781e-01 -1.333263091069889460e-02 1.029139892734269035e-01 -4.113739185493911488e-02
5.722212286070725573e-02 -5.510339737343721705e-02 -2.585693107055150181e-02 5.794977884007760510e-02 -2.119726206913826252e-02
1.405173705177984733e-01 -1.527465756515334616e-01 -2.024379101205193293e-02 1.061599198244487369e-01 -4.175296225250391818e-02
1.471563874367959879e-01 -1.525006356113610684e-01 -9.871809510095832380e-03 9.145948710361166689e-02 -3.648496472538650254e-02
1.514148380656981097e-01 -1.613038829769163629e-01 1.602086605690715079e-02 6.706537097428280636e-02 -2.895998273530185629e-02
8.677643098154576295e-02 -1.023648351783165156e-01 3.049680547991746524e-03 5.410659069898319379e-02 -2.276134230541703232e-02
1.432478175452270575e-01 -1.408357303712604869e-01 -3.409626273974548927e-02 1.114842173265149922e-01 -4.227225209597773592e-02
1.028156615689225645e-01 -8.922315569877813102e-02 -4.614572909614580998e-02 9.540231145793610923e-02 -3.428727839236251490e-02
1.305314476530634871e-01 -1.278570863978589489e-01 -5.002043695590277506e-02 1.237250068834266081e-01 -4.586194523828467096e-02
1.533638229869729586e-01 -1.816486730964682605e-01 8.007328842525338747e-03 9.302380844239803437e-02 -3.938825683613740580e-02
1.843137437251883004e-01 -2.046311683565843198e-01 -1.738259613803978375e-03 1.135891912442260898e-01 -4.667757236678655997e-02
1.109126688529962074e-01 -1.227930750826417838e-01 -1.260102989786315852e-02 8.189450909522462407e-02 -3.260046948588939814e-02
1.304833659475306551e-01 -1.478166125289479826e-01 2.035344644011611095e-02 5.739703654139154815e-02 -2.564688449664381115e-02
1.551489853714092537e-01 -1.694393617260622487e-01 -1.662910145733065281e-02 1.110628385828448944e-01 -4.412009410660527181e-02
1.415569197055597805e-01 -1.389477764644190538e-01 -3.954257960027517116e-02 1.167518643491433222e-01 -4.389349947105213035e-02
1.283318420482885691e-01 -1.498999343397757200e-01 6.470200678536913892e-03 7.633209111828095916e-02 -3.227425190082156004e-02
1.599469773136297512e-01 -1.652822555515036373e-01 1.697122125502591302e-03 8.440627317170944222e-02 -3.461111133149138985e-02
1.557059779509847586e-01 -1.681070290861737537e-01 -1.690069945915141994e-02 1.101237610085491619e-01 -4.368014603365293763e-02
1.857830503891562124e-01 -1.884545291507691289e-01 -5.974300193793409368e-03 1.044695408374681639e-01 -4.202231489950912502e-02
1.755281574125504007e-01 -1.842686088434962177e-01 -1.675693801737671712e-02 1.167784850632144905e-01 -4.623715232331926384e-02
8.163972998825450023e-02 -8.410974783903571450e-02 -1.171906578670007387e-02 5.724009521240010917e-02 -2.220610568278440569e-02
1.470721005433077433e-01 -1.558028800791956547e-01 -8.751932628599950331e-03 9.269753522470991491e-02 -3.712729531669230199e-02
9.862061412729571097e-02 -1.023040804875642446e-01 -2.699212951151769291e-02 8.548804451484255662e-02 -3.249879272318104834e-02
1.093473324141556874e-01 -1.162597030863488229e-01 -1.046228783648466866e-02 7.389543919303166730e-02 -2.927958521464984337e-02
1.830629739675983803e-01 -2.104397451977514377e-01 1.400528306737316118e-02 1.001472163621477535e-01 -4.275666815895154405e-02
9.973833350422339761e-02 -1.023069021151934571e-01 -2.169824304494259726e-02 7.868633367537952727e-02 -3.013620547692643509e-02
1.682352597564322205e-01 -1.937447620570566242e-01 1.072768563706570123e-02 9.493017030656419886e-02 -4.030896911645134167e-02
2.046060722282017907e-01 -2.213063585922320498e-01 -1.542435100446829660e-02 1.371225416971708633e-01 -5.495110310273948473e-02
1.470226506686841406e-01 -1.639560232050325250e-01 7.565273845952930065e-03 8.044450980866907353e-02 -3.385240139474731541e-02
1.495852085046481261e-01 -1.604462712728335627e-01 8.585213952921442668e-03 7.557621638911858619e-02 -3.179473628322963125e-02
1.568604819699281339e-01 -1.910307609816047636e-01 1.498411468874453686e-02 9.190849072902704253e-02 -3.980690584219954975e-02
1.666603120305748809e-01 -1.941181269549144828e-01 4.638264607994335015e-03 1.032227507484762413e-01 -4.325549318143421390e-02
1.364014281937044326e-01 -1.568784884832513382e-01 -3.125850549680778655e-03 9.089570402632092538e-02 -3.731353036343491164e-02
1.437458654391385593e-01 -1.571345905579041857e-01 -1.288846755147163639e-02 1.002753957435591342e-01 -4.010248836815338835e-02
1.393738846570430623e-01 -1.659103255540964605e-01 1.008843003637629673e-02 8.202834179960576122e-02 -3.507999164823628196e-02
1.503443641460052993e-01 -1.744255180385877735e-01 1.140422261776801761e-02 8.376258119387987311e-02 -3.577998783334521149e-02
1.389596940975897366e-01 -1.592852404911754838e-01 -1.185690823291598965e-02 1.025521373465565628e-01 -4.129513870936349362e-02
1.757686104050329434e-01 -1.741818893237172539e-01 -1.306040460192518099e-02 1.041212373304507971e-01 -4.113050342191407888e-02
1.311861716455647031e-01 -1.484354503499770994e-01 -1.090277851860362024e-02 9.467489269581080835e-02 -3.805882803753777438e-02
1.259958146127107825e-01 -1.376478270104454782e-01 -7.331993279978701872e-03 8.280711952282752975e-02 -3.334217492850759246e-02
-2.413558005652089999e+00 3.729349936280727196e+00 -3.040923631578664188e-01 -2.657499277297313611e+00 1.405684936489947967e+00
1.794661032028596614e-01 -1.839504438374730821e-01 -2.226935216493001676e-03 9.836198750083335884e-02 -3.992953993665544071e-02
1.279743477291589437e-01 -1.122502405351223920e-01 -3.210479996015127430e-02 9.013253356647028813e-02 -3.330430238685568728e-02
1.141148287003528050e-01 -1.190027985725481963e-01 -1.066130403156891537e-03 6.368573220102166643e-02 -2.591521979349155347e-02
9.796027203794083205e-02 -1.028961286698457378e-01 -1.923470247201707062e-02 7.691681962570569298e-02 -2.971089821871348083e-02
9.672658169197261013e-02 -9.534728342691349556e-02 -3.608048690508574435e-02 9.094887346512210702e-02 -3.376756766955166938e-02
1.513551800102688749e-01 -1.631343626329783136e-01 -1.895581097516370675e-02 1.098619524747263820e-01 -4.338836328599589981e-02
1.467278787516619609e-01 -1.611375809375627521e-01 -7.614703713489253366e-03 9.620395618033274199e-02 -3.888229403275204887e-02
1.515180080215882130e-01 -1.672220768147921199e-01 -1.804531769848514641e-02 1.123057920685725242e-01 -4.459236575359903226e-02
1.232841843496597367e-01 -1.312450479823274452e-01 -2.911573812480923104e-02 1.044278719214566387e-01 -4.018306772076602612e-02
1.894723556509322060e-01 -2.159034955350369600e-01 1.587592365817066826e-03 1.173844957343336270e-01 -4.866233289370293369e-02
1.240617236347440755e-01 -1.280941151454488558e-01 -1.958594284223671642e-02 8.990917556459014637e-02 -3.494506452036022504e-02
1.773122554003987994e-01 -1.692843812319095864e-01 -3.898997114662162977e-02 1.296027953696178570e-01 -4.893516833225553669e-02
1.312381637113564647e-01 -1.484180364959939435e-01 6.984343089528227341e-03 7.336016711770046439e-02 -3.095415353385912172e-02
9.096956983539575270e-02 -1.106191309370287701e-01 1.362350766449123805e-02 4.710951792747850725e-02 -2.095133451030751701e-02
1.666040766074140533e-01 -1.834221687928984379e-01 -1.860759461366542564e-02 1.217677943935653179e-01 -4.846801727119259134e-02
1.222484998687499019e-01 -1.237796396585090497e-01 -3.316961013537505359e-02 1.027073870349913959e-01 -3.881552013465465467e-02
1.234649136798686569e-01 -1.354304849921824094e-01 -2.513165768839774138e-05 7.329180090100281819e-02 -3.016442032346764932e-02
1.636502610180611550e-01 -1.867420953098834768e-01 6.016234001977400526e-03 9.602967819409470585e-02 -4.024835807368148943e-02
1.371706173169336962e-01 -1.526385123996300830e-01 -5.673628854675157041e-03 8.982542064191544051e-02 -3.646089459976228908e-02
1.168363877581174576e-01 -1.392489742018888366e-01 8.855432878077952250e-03 6.824244861752506996e-02 -2.918175165255088022e-02
8.516059623464712625e-02 -9.379947250803835623e-02 6.724211104449994564e-03 4.250909719505576584e-02 -1.802348883742246541e-02
2.115478007327175891e-01 -2.288812103180656865e-01 2.000849182778125651e-02 9.926329199276943960e-02 -4.260492933709451868e-02
1.566250249775667791e-01 -1.835945301866865054e-01 1.759479705121496165e-02 8.214467489366088226e-02 -3.576464484185178094e-02
8.613685020530226222e-02 -7.693738775487966863e-02 -2.351092788305790202e-02 6.390853241881787328e-02 -2.358646160774470479e-02
1.775879103806995984e-01 -1.882342677732181946e-01 -1.870738318053274084e-03 1.021119119877606091e-01 -4.168875647461040002e-02
1.111169956463340242e-01 -1.279506328297510542e-01 8.349641719342533117e-03 6.118190884084037662e-02 -2.611444907044282657e-02
1.520820059134047608e-01 -1.737836496307960388e-01 -1.023759179796417638e-02 1.086522165879258151e-01 -4.401148957304459181e-02
1.943613375220389905e-01 -2.088508738652559149e-01 -2.496015923119292157e-02 1.413823646713702198e-01 -5.579970917795755436e-02
1.305662113422549897e-01 -1.325938531722168079e-01 -1.325782307956067246e-02 8.398036258163010803e-02 -3.299506174081212606e-02
1.286758143709665070e-01 -1.426130627407828921e-01 -7.739436348887772550e-03 8.675848481683492985e-02 -3.502073671900574753e-02
1.547806281283505558e-01 -1.669706129424499974e-01 -9.768968163002423460e-03 1.008415652181717248e-01 -4.047561547555957734e-02
1.323958270947580007e-01 -1.546294230064736153e-01 1.285180210043256749e-02 7.135769131689405353e-02 -3.082059180733084242e-02
1.472257539399879356e-01 -1.677778026382867604e-01 9.804869737464295271e-03 8.092239584888097359e-02 -3.434187674083604563e-02
8.174108503829061179e-02 -7.220258953586193573e-02 -4.077776775633431411e-02 8.168225441664557496e-02 -2.929276718286021389e-02
1.176969903186596139e-01 -1.433277306115637861e-01 1.077203443785987313e-02 6.945300404799203964e-02 -3.000809933182769368e-02
1.246313740503611628e-01 -1.499301544226210314e-01 -2.331055870018848477e-03 8.835334172650770312e-02 -3.651994043559331216e-02
9.890589284862141839e-02 -8.866707167953469249e-02 -5.790235364540075036e-02 1.098291678542702293e-01 -3.911191100244339192e-02
1.429245103751002055e-01 -1.655829029333739932e-01 1.014139109926215886e-02 8.025931639289611563e-02 -3.420241953197452472e-02
1.434523606708958954e-01 -1.510206595119641670e-01 7.036792697369518082e-03 7.152267610195649217e-02 -2.990596213951631638e-02
1.196816318359219117e-01 -1.483514423367294777e-01 2.261252048102240300e-02 5.880091985252381553e-02 -2.675821010679200335e-02
7.814606225548070828e-02 -7.823120297884279817e-02 -1.357199347819383790e-02 5.548966620176497277e-02 -2.122397771525618912e-02
9.683815698043342357e-02 -1.067634658405578613e-01 1.275794630036581126e-02 4.265767514661852888e-02 -1.869412105617278969e-02
1.231307664509210947e-01 -1.194522275632323716e-01 -3.843809859146763569e-02 1.049993657211896747e-01 -3.914518944033182346e-02
1.465868807317108613e-01 -1.664619002323748098e-01 8.261917613930304730e-03 8.200141822128272084e-02 -3.466715268409368417e-02
1.044575342801129236e-01 -1.083751714512332653e-01 -2.613749898525116744e-02 8.759904146734555364e-02 -3.342897198891654764e-02
5.810888952093644366e-02 -5.890491868813391152e-02 -2.019397311053432870e-02 5.403493094095650900e-02 -2.014828992821778367e-02
1.534304567924995033e-01 -1.875515688097808553e-01 2.752943999604366351e-02 7.487431287720229534e-02 -3.389917906734495751e-02
1.394833299794314974e-01 -1.440562435726581991e-01 -2.372238500690419458e-02 1.031286169403631409e-01 -3.997087989193333357e-02
1.984675278000235799e-01 -2.279840388554844610e-01 1.306148269383941183e-03 1.256894931119444669e-01 -5.231092839383619242e-02
1.401046490140289424e-01 -1.527648445778297670e-01 -4.003392510719660721e-03 8.688387412836666435e-02 -3.530892513638656666e-02
1.294452602698968890e-01 -1.362933908763992175e-01 -2.582181114631575125e-02 1.025375755264594652e-01 -3.963760259881402015e-02
1.653322633796105168e-01 -1.894336052410920124e-01 -6.669939308504358941e-03 1.132705327303694942e-01 -4.629185711237884110e-02
1.592440023573730989e-01 -1.792993805776650906e-01 -8.446751922115179959e-03 1.083685867232307143e-01 -4.390787305421046255e-02
1.365584905074102018e-01 -1.451966234156033264e-01 -1.877187975226063399e-02 9.919996298789689193e-02 -3.891861675558005995e-02
9.817734784963234873e-02 -1.172881283164499827e-01 6.445377874089735018e-03 5.869378066604079985e-02 -2.496854257439969083e-02
8.737429519288472668e-02 -1.090217815631237958e-01 1.717275939971058679e-02 4.251178429873885695e-02 -1.937729453448443565e-02
1.379614235002087075e-01 -1.641735526046529947e-01 1.296341246390289147e-03 9.168699767383274579e-02 -3.826674494727291126e-02
1.386176271501024793e-01 -1.273719356704068328e-01 -5.108110233532526384e-02 1.213866614847827485e-01 -4.445659298948634319e-02
1.531369253686279408e-01 -1.581271631343496298e-01 -1.788007841152241748e-02 1.034712829126057249e-01 -4.060976271598121939e-02
1.245283635634349961e-01 -1.268467030295395426e-01 -1.316768576719386241e-02 8.112005049565348958e-02 -3.187495652520357103e-02
1.458214223880742455e-01 -1.620776942988090830e-01 1.341747616264600020e-02 7.240588821433596722e-02 -3.108329767270792340e-02
1.135690275025830198e-01 -1.145799342828453943e-01 -3.017455792853781030e-02 9.444663405258835187e-02 -3.574994751650568264e-02
1.522156230790537856e-01 -1.555806321732198516e-01 -3.280602922132338367e-02 1.192354815146230290e-01 -4.565375890117755187e-02
8.480642625947959479e-02 -7.731095684775990406e-02 -3.285165786969523188e-02 7.521025800002345552e-02 -2.731174946828004643e-02
1.659875100291258732e-01 -1.671050375288333223e-01 -3.067734378227511202e-02 1.219586601494702799e-01 -4.691034991793967268e-02
1.670724175970330905e-01 -1.685348547027519794e-01 -3.541569115273866808e-02 1.287918086229299652e-01 -4.939083733047515412e-02
1.679602316139243434e-01 -1.856140590348073216e-01 -9.593309936025345291e-03 1.121193268760132811e-01 -4.526682597045546264e-02
9.295707739047290308e-02 -9.701700841151936205e-02 -1.985427462022017892e-02 7.414729098431421805e-02 -2.844820109887972320e-02
1.682405867151077483e-01 -1.964478324782340246e-01 1.169368682194021382e-02 9.623532301040464698e-02 -4.104315496535919372e-02
1.250021295037605507e-01 -1.434104260962255073e-01 1.166104611155060165e-02 6.563802891352578384e-02 -2.824806006788007848e-02
1.427462494203558530e-01 -1.663374497518554374e-01 -6.849942962979837721e-03 1.014796099591910861e-01 -4.143288559713031310e-02
1.236094936362684832e-01 -1.372893188375893525e-01 4.939372110867099172e-05 7.468598317711418189e-02 -3.077808957692682035e-02
1.102332498577889147e-01 -1.278862692380505206e-01 2.401675648614990093e-03 6.852296980994777853e-02 -2.860880297332323366e-02
7.288043490101618616e-02 -8.210664785098771568e-02 -1.063609941166979156e-02 5.756075498418077030e-02 -2.269024672579793289e-02
2.120483417638926657e-02 -2.301782098090765852e-02 -2.182442536193331204e-03 1.479720434736931517e-02 -5.836652966076846458e-03
1.344426698929236386e-01 -1.605958050464284526e-01 1.701871026171965576e-02 7.057790910090101788e-02 -3.092112437213269047e-02
8.046844179511035422e-02 -9.215493566818769300e-02 7.241392844599292555e-03 4.204969330018749202e-02 -1.797208104016776581e-02
1.375116299405950981e-01 -1.637011630670194839e-01 1.358594534567915749e-02 7.632399910739505466e-02 -3.297658112666103369e-02
1.869718223174176019e-01 -2.219202499271539231e-01 1.271242873692510558e-02 1.104973614300465423e-01 -4.716547513287558391e-02
1.663816857438944752e-01 -1.845339168159467746e-01 -1.958042854322041611e-03 1.026362508872975948e-01 -4.208132155972870575e-02
1.626185709168280480e-01 -1.710665253644310657e-01 5.027674966078524675e-03 8.446195501669161165e-02 -3.502759041586973876e-02
