3.593749065856023661e-02 -4.672496930039610891e-02 -1.226583145240053765e-03 2.943278992647458195e-02 -1.220627043918366857e-02
3.526017756710665696e-02 -3.514392517752795708e-02 -1.703023406428729250e-02 3.793125743537933275e-02 -1.386056506080558456e-02
7.925487449630282122e-02 -9.805875006321088105e-02 3.212691189973387439e-03 5.269339585247611452e-02 -2.221959756489835791e-02
4.947579158519831849e-02 -5.484014708472730038e-02 -1.512158259935104769e-02 4.773499536232769097e-02 -1.818178101319612230e-02
8.371124329163390221e-02 -1.118821052076332256e-01 2.382286974139913999e-02 3.842276329229963455e-02 -1.848551026816576751e-02
5.012006918429857266e-02 -5.265430195387880985e-02 -1.394335130035125915e-02 4.402801985527582396e-02 -1.667777145060593894e-02
8.176142001562256012e-02 -8.562047411175979783e-02 -1.729513267557785186e-02 6.506096564670046933e-02 -2.492580167343447922e-02
7.506795722762757764e-03 -6.391018088635932841e-03 -4.369427137441782294e-03 8.002372642483036175e-03 -2.822534804639439520e-03
3.784759211918251043e-02 -3.557083558815204993e-02 -1.652861410471376941e-02 3.671192819931103773e-02 -1.334085109302000742e-02
4.954182270083216238e-02 -4.910963843557075020e-02 -1.579651893526542311e-02 4.331861096671620059e-02 -1.612838445894504771e-02
2.936275713924042449e-02 -4.273342580396169432e-02 1.694516527684329296e-02 6.239639635821708601e-03 -4.394296141054950498e-03
2.742065736272171830e-02 -3.726260405764517808e-02 1.593706895859382452e-02 3.394204678484803988e-03 -3.040531480298639365e-03
6.183472116371795807e-02 -6.584163619367291997e-02 -7.696563292737715160e-03 4.361068336666130973e-02 -1.704681092266829845e-02
1.375435597427682784e-03 8.331488630703943674e-03 -2.097754117652778777e-02 1.716219693702049354e-02 -4.816846551853734212e-03
4.077492904982844835e-02 -3.313337743657737006e-02 -2.292288380984870005e-02 4.111826490406135515e-02 -1.438770943786042700e-02
7.472007287529980335e-02 -9.359239440615547967e-02 2.464144153453503433e-02 2.460751772688916234e-02 -1.261536337992704392e-02
3.054316593321510648e-02 -3.881331409526367349e-02 7.723758117613510783e-03 1.333534162802522439e-02 -6.302541472186583282e-03
2.070474551034046096e-02 -8.538949540307575262e-03 -2.662735665992642040e-02 3.153135709050899210e-02 -1.005790332755991841e-02
2.740553529845376340e-02 -3.525751855438647581e-02 1.078033146364519579e-02 7.766371916242426759e-03 -4.299103797486291713e-03
2.619117452306806565e-02 -2.189276084007605455e-02 -1.690044951976309856e-02 2.947665464777676075e-02 -1.030647842613294923e-02
7.467543274606307235e-02 -9.335380567157185172e-02 7.721527923071122741e-03 4.492850979300703346e-02 -1.947916035432016232e-02
1.569504456105858675e-02 -2.788520895380138670e-02 2.305441525914585926e-02 -8.879933647845552822e-03 1.218377395356006051e-03
9.931734673443953776e-02 -1.347046188769727704e-01 5.311944225163362648e-02 1.751652760866783884e-02 -1.272686326034060816e-02
6.291972999799437527e-02 -5.816413375127841429e-02 -2.559575134538331562e-02 5.787596865633851811e-02 -2.100937235469182637e-02
7.653377039929469550e-02 -8.181983447917565155e-02 2.946786983440993855e-03 3.971782700876071853e-02 -1.645125780585463687e-02
8.003863743267629338e-02 -1.086992304722739500e-01 3.751982885501354420e-02 2.053574505305907558e-02 -1.241369602009854273e-02
7.943178576610186725e-02 -8.272899642925350683e-02 -1.971771208189167061e-03 4.541626163103867908e-02 -1.830043472481237762e-02
9.619031984678688696e-02 -1.144522972282927264e-01 7.727533599169979228e-03 5.496301449800234523e-02 -2.341562455367657627e-02
1.197149839858897696e-01 -1.341628343450163297e-01 2.660899079493135588e-02 4.180788891862344953e-02 -1.966757648318049126e-02
5.631350928093172697e-02 -6.223611316819750022e-02 2.586090769433341350e-03 3.037515318900634725e-02 -1.265705219282769675e-02
2.378111663936683176e-02 -1.859785307562556583e-02 -1.704729199336199943e-02 2.768252188816610476e-02 -9.543314774880786930e-03
7.228084707993855107e-02 -7.872153700442437174e-02 -5.641750324762944031e-03 4.856273159808770223e-02 -1.930737760469491970e-02
4.110228406972455534e-02 -5.313793447441120948e-02 1.241223831686588501e-02 1.634963345672628063e-02 -8.042853200029646474e-03
5.640580673574179665e-02 -5.374462693553216930e-02 -3.065940505761787296e-02 6.242969397388010294e-02 -2.247148400346709457e-02
7.964217980573945477e-02 -9.213063024526610412e-02 2.454875292844867565e-02 2.221297908164242621e-02 -1.150365209514556293e-02
2.592037339988681466e-02 -2.971025551504400883e-02 4.238476248351877827e-03 1.132469667174149965e-02 -5.055554040869427064e-03
2.266787286968371951e-02 -3.414697460844830917e-02 1.790259203930645929e-02 7.655436881455456586e-05 -1.924950420613795888e-03
1.261221153080873680e-01 -1.466914912759972600e-01 1.267773219768285851e-03 7.988096267412968243e-02 -3.304863690296191286e-02
7.022356005988837635e-02 -6.600110877206905036e-02 -3.126831973560063177e-02 6.891981663193907925e-02 -2.505036153620697481e-02
7.966100632202091636e-02 -7.932423345661335223e-02 -1.689159505600215661e-02 6.002417194963590580e-02 -2.281593541548224829e-02
9.528440590209132088e-02 -1.091236448748858640e-01 1.295570647408750346e-05 6.001455664248536020e-02 -2.470294161112540979e-02
1.851213855035825986e-02 -2.919633286463925448e-02 1.765987013270968811e-02 -2.402223161218469769e-03 -8.810598365796910554e-04
8.988724095890297805e-02 -1.059068217185913374e-01 8.326126893348587479e-03 4.917530011270294238e-02 -2.106789481270071596e-02
7.922535775172541428e-02 -8.283522734895010231e-02 -9.076862538026336802e-03 5.377861643756795540e-02 -2.104615869573143311e-02
7.488910161120961029e-02 -8.228550143080851087e-02 -1.534372267432255327e-02 6.240624089548078152e-02 -2.413758920411096867e-02
2.053016417378007372e-02 -2.586855231518784062e-02 3.636734463977431536e-03 1.063646545802888511e-02 -4.775268229513404857e-03
4.503510744153469553e-02 -6.420489119850178450e-02 2.267939535249653346e-02 1.235526982926648046e-02 -7.540835799305905390e-03
9.241805285414126866e-03 4.312068436972693879e-04 -1.928912774376930969e-02 1.925756555765201217e-02 -5.820780222822963430e-03
9.157076892715446115e-02 -1.024827744440961336e-01 6.603431183324875130e-03 4.792237774358017177e-02 -2.030547135439131345e-02
1.488384255711102701e-02 -1.267935054246820299e-02 -8.407532703947961233e-03 1.551630186953554917e-02 -5.462487686738511788e-03
8.598974178265320067e-02 -9.614088571630109714e-02 -5.228904608958434390e-03 5.826743052584432842e-02 -2.340394420518311994e-02
4.607338911125700293e-02 -2.975770917165424315e-02 -3.843077352724968282e-02 5.473665674909529433e-02 -1.827963325196678424e-02
3.989613094494173784e-02 -3.730541275794022754e-02 -1.591031722270663459e-02 3.662616193424254873e-02 -1.331814024185155355e-02
4.447009043190153915e-02 -4.678018924783169247e-02 -8.739177204277387423e-03 3.469868418138465777e-02 -1.332194022443940716e-02
5.579960251188733483e-02 -8.756512019050319284e-02 4.681238885535311811e-02 1.167454708401164152e-04 -5.093579783236631790e-03
8.760198120638874875e-02 -1.117541654179810551e-01 2.232415582404414373e-02 3.850559830009644968e-02 -1.823254274699228142e-02
5.592444911296003823e-02 -7.151675961860638753e-02 1.122318875846003983e-02 2.833824144332033196e-02 -1.290025927936904598e-02
3.145155476061576444e-02 -4.178550574597943157e-02 1.367460949768096491e-02 8.517706433893072401e-03 -4.932409234139932715e-03
6.999846412184558553e-02 -9.192985288309997449e-02 2.783404329135353433e-02 2.128101277255391860e-02 -1.170341379766553884e-02
5.424696937722607581e-02 -6.347108327131982530e-02 4.198936297455349749e-03 3.028003596445420775e-02 -1.287468031240916570e-02
4.631275795608468665e-02 -5.300424745377434188e-02 -1.662672783794932841e-04 2.932828980179700770e-02 -1.205044063691745881e-02
5.424072672559741848e-02 -7.099203830500679102e-02 1.114462262978218113e-02 2.874256743142673820e-02 -1.312600089622065029e-02
8.534443538733665902e-02 -1.024735674844689942e-01 7.303259333383542440e-03 4.921611108921827848e-02 -2.107315449999204796e-02
5.608772273567571437e-02 -6.449260733566246351e-02 -1.677954022938524345e-04 3.573074998738190455e-02 -1.468962489650610902e-02
6.108056737215845911e-02 -8.092506270332974760e-02 2.013679260694980697e-02 2.394363769744170534e-02 -1.200328988857129499e-02
1.129536560196620631e-01 -1.199897900431351888e-01 1.348631307202442613e-02 4.761173617559420063e-02 -2.065441462073806106e-02
7.276261305298349635e-02 -5.188014897086584698e-02 -5.565535023004525295e-02 8.464652109849252204e-02 -2.873996392419578272e-02
3.778038881967254320e-02 -5.127187240448812661e-02 1.671413683886808013e-02 1.088878077966163455e-02 -6.268173216610975831e-03
7.101922912371845531e-02 -8.126197938453164071e-02 1.397525148174353369e-03 4.290344622225030630e-02 -1.775802194275734325e-02
2.479769067548259417e-02 -3.092456953368856107e-02 9.528620659036387761e-03 6.519890806313212786e-03 -3.646510775383863829e-03
5.755175120029473040e-02 -7.417653304911935030e-02 2.519192393270110186e-02 1.352506194054760129e-02 -8.153401144433405565e-03
2.865324710348611872e-02 -2.534030360874080581e-02 -1.500176485773538695e-02 2.924958910568485268e-02 -1.039101653612633722e-02
6.338877201130333448e-03 -3.559152298723973398e-03 -6.571330465152765490e-03 8.596665494526619170e-03 -2.820423370461859827e-03
1.163102486571817862e-01 -1.078863902182075479e-01 -2.687044268665394336e-02 8.367276524053207654e-02 -3.127948333406290610e-02
8.710991217416076682e-02 -7.634156350852019934e-02 -1.957336727156501477e-02 5.847677550340742159e-02 -2.165424043493574188e-02
6.655513887968018960e-02 -7.381319219594942305e-02 -5.116519379594195631e-04 4.029951727642374498e-02 -1.643357610701413549e-02
-2.613283956956322009e-03 2.408757072130001536e-02 -4.473074892006712044e-02 3.316340264235004276e-02 -8.868958064174415484e-03
8.113445092850649076e-02 -7.835636664923598116e-02 -1.699528085322932203e-02 5.881948604764418442e-02 -2.223464013536943784e-02
5.931247869955768443e-02 -6.672209801403346241e-02 -1.114116212145332095e-02 4.962683853181996257e-02 -1.934184884552395817e-02
5.442525612609937918e-02 -6.049053879919284032e-02 -6.852582378516823211e-03 4.082786903373439996e-02 -1.610537413200870474e-02
7.274989293096351117e-02 -7.973105950771165740e-02 -1.248796108699005113e-02 5.756357646553780100e-02 -2.241625789496255738e-02
1.972598759057057893e-02 -1.452305050602870247e-02 -1.572224363169573425e-02 2.400829974012607532e-02 -8.160594345926077894e-03
7.027519906472327882e-02 -8.001502715922476083e-02 3.883850958088389330e-03 3.921124216555837982e-02 -1.647832320720854157e-02
5.512428295243034654e-02 -4.795067793737767953e-02 -3.482683486763514524e-02 6.291743792138158875e-02 -2.220625712222473389e-02
6.388405816940255499e-02 -7.578365036921293207e-02 1.411702604825252087e-03 4.079261442918470648e-02 -1.697308980336175235e-02
6.088952369169997603e-02 -6.434158229684935892e-02 -1.025388567742272286e-02 4.585993474503564232e-02 -1.776560192680154762e-02
6.179034149004402482e-02 -7.292368272148108677e-02 9.069216776650164055e-03 2.995505928595147346e-02 -1.321922760748644662e-02
8.404651910766386402e-02 -9.654952353575393942e-02 2.184392707018151334e-03 5.045109637286008392e-02 -2.093690219017546941e-02
2.596811774806825901e-02 -3.361097567927623375e-02 8.220939623104829910e-03 9.924727543414129174e-03 -4.954796634148919167e-03
-2.654150123658417359e-03 1.965213254140037863e-02 -3.518161443942507960e-02 2.568483316472067873e-02 -6.810031083296352698e-03
1.204280075079082607e-01 -1.088172730323021531e-01 -5.823807223336568278e-02 1.194027057591990626e-01 -4.278076149013804869e-02
3.929423886178887160e-02 -4.713353435981308681e-02 7.892677237991608044e-03 1.722080938885207566e-02 -7.883044983043194232e-03
6.067466082501899588e-02 -6.141491190469031136e-02 -2.301476681162253207e-02 5.854326566004518922e-02 -2.169811123418205132e-02
6.833412692587630122e-02 -6.969553278050617806e-02 -9.642285605630173187e-03 4.699081765992622201e-02 -1.817280114900890128e-02
4.249860075447835922e-02 -4.003382053382491257e-02 -1.326233791550852567e-02 3.498853627149046963e-02 -1.290436038414815613e-02
6.870076334415115005e-02 -6.980974182966481756e-02 -1.862784205174648766e-02 5.756472517340984613e-02 -2.166307005974169725e-02
8.691619189449401039e-02 -1.012507685301930471e-01 2.354517632045670730e-02 2.860004095480431913e-02 -1.406370008129213464e-02
1.756265309364165791e-02 -9.296833445621731362e-03 -2.421296172534398786e-02 3.038807256619455166e-02 -9.922820979841751737e-03
7.176335934058607202e-02 -8.335004358897374344e-02 -4.522687922703522156e-03 5.147582369723144313e-02 -2.074731220125674430e-02
4.642594377511077147e-02 -5.414333763955182094e-02 -3.468989916205440956e-03 3.420770332505723016e-02 -1.376471842713262138e-02
7.069674333848624537e-02 -6.920984748564600053e-02 -1.871216326746493602e-02 5.654529905986793725e-02 -2.118751748243928590e-02
1.361465422571442596e-01 -1.462143861409894996e-01 1.638948040887716617e-02 5.861121988625220269e-02 -2.547630577506907260e-02
9.064139110092363227e-02 -1.053812528275851340e-01 8.015098055220961498e-03 4.894326861395322664e-02 -2.093831172804583307e-02
7.411160364009392043e-02 -8.669870185321185141e-02 8.955930728916207742e-03 3.762204146029540786e-02 -1.637112852033736216e-02
7.142495359036374336e-02 -7.685618480363648475e-02 4.691153537961623154e-03 3.543809504441881170e-02 -1.493609016890376680e-02
4.498572068536331459e-02 -7.857175511396935486e-02 5.139633178554221110e-02 -9.174987617137695881e-03 -1.785327897278170348e-03
7.496593218608764431e-02 -9.034690471110046195e-02 4.021863062766813102e-03 4.624271994692606691e-02 -1.949456407844033304e-02
8.799384723084907600e-02 -1.017887626459603456e-01 4.021445657709584072e-03 5.151121376219038733e-02 -2.160012868281075207e-02
6.817027501902184206e-02 -6.709225415284941763e-02 -1.566918804907720814e-02 5.191869234498412006e-02 -1.956321323493279835e-02
1.001589040418234128e-01 -9.207320584180490874e-02 -1.961297258320402956e-02 6.712162005378433105e-02 -2.517999551089850074e-02
9.237094541542623105e-02 -1.110781454615461100e-01 1.679736032985549438e-02 4.262721782063957909e-02 -1.921243001957551044e-02
4.068490231777031722e-03 2.668145951634305884e-03 -1.601217712156081593e-02 1.521770656269913653e-02 -4.557242354113533178e-03
3.977007641729889825e-02 -5.385321162412740753e-02 1.761633986252240588e-02 1.126065662091198412e-02 -6.495249291178312179e-03
-2.223376944073878533e-03 2.750660897380170864e-03 -4.474357438280841294e-04 -1.042080768832772970e-03 4.753255993473567585e-04
7.342948293385066771e-02 -8.760422256603554725e-02 3.965910396208214249e-03 4.459305213073699176e-02 -1.881681528304049444e-02
9.666290139217582900e-02 -1.104312487035989387e-01 -2.119966179343492731e-04 6.066297457343224064e-02 -2.487500382315295522e-02
2.963350637235017890e-02 -4.512809554278002233e-02 2.528978650867344177e-02 -1.700551573149481016e-03 -1.969563502858597773e-03
4.919115397261687728e-02 -6.129364591437852505e-02 1.081889700792506431e-02 2.239067927574643277e-02 -1.035376411939530061e-02
4.004936538094830412e-02 -4.889478476141814051e-02 1.693604103191204135e-02 7.915771979275289597e-03 -4.944447640343458197e-03
4.925484935711909457e-02 -4.617461302120581118e-02 -2.117317613392649331e-02 4.715481498596564569e-02 -1.710297658256242428e-02
2.932323360346803312e-02 -2.998494981947702129e-02 -8.046643632457810974e-03 2.485676183649359813e-02 -9.362479172837679872e-03
5.646058761859772818e-02 -7.223291970985318278e-02 2.209021456650928084e-02 1.585917519594561009e-02 -8.792583794437286437e-03
7.445494505439488597e-02 -7.749395748100104675e-02 -9.562512397886581764e-03 5.147853683488819165e-02 -2.006377925763317555e-02
1.061337224766547987e-01 -1.330553103368688483e-01 4.453845440946688911e-02 2.406471107268474269e-02 -1.439240699339559663e-02
6.887734011316304361e-02 -6.282124002320997602e-02 -2.827020599166883003e-02 6.288999295706736159e-02 -2.275170444707193609e-02
3.529019425069767485e-02 -3.675521559773009539e-02 -1.074227345445925678e-02 3.178222780304119227e-02 -1.195773000813165308e-02
5.481395834869464551e-02 -6.182953473430696789e-02 -8.202562934385006915e-03 4.345072092800245089e-02 -1.707178274263655357e-02
3.147027920427655778e-02 -4.434495163877497093e-02 1.694754466802066845e-02 6.863678404420509895e-03 -4.632432444162486000e-03
4.840446123540652346e-02 -3.958600117069407259e-02 -3.411595026932168206e-02 5.710365558340450148e-02 -1.982381023212271762e-02
7.811733138021768885e-02 -8.000655294114762672e-02 5.294567339699502058e-03 3.534567058596461281e-02 -1.485662341471959136e-02
3.914102081691208518e-02 -4.271583314836367717e-02 -6.016068510775602870e-04 2.347996959355948265e-02 -9.531474206375801714e-03
9.386617646710313650e-03 -8.546033744337015389e-03 -5.648919292719514935e-03 1.069565138420817962e-02 -3.805373113123838771e-03
4.773213468102278229e-02 -5.648590382880400163e-02 8.553842317572068988e-04 3.047372867318727183e-02 -1.262458041873094038e-02
5.905713075840331172e-02 -7.877569220346643253e-02 2.149090466960485585e-02 2.124076060753033596e-02 -1.103385824240930499e-02
5.309380577993019767e-02 -6.350552452753187305e-02 1.593648069376086759e-02 1.685946807536251382e-02 -8.489282821301269086e-03
4.170953264206292421e-02 -4.761680675529757906e-02 3.517933378046962222e-03 2.184814088814227701e-02 -9.285840397535294680e-03
4.903234643724796449e-02 -3.513882859296912908e-02 -4.193487031267456588e-02 6.235678347178502667e-02 -2.112566958198733996e-02
4.042948654063902719e-02 -5.989781926525698103e-02 2.532698642095273719e-02 7.172984757448425466e-03 -5.690986925781587116e-03
8.416704486726557521e-02 -7.527526671121503865e-02 -5.174406487466645665e-02 9.621489117699942584e-02 -3.416677843027349920e-02
5.663615077566962197e-02 -5.593394520829512995e-02 -1.844888030197431791e-02 4.976390049367468427e-02 -1.848449037761255853e-02
7.619678601052556899e-02 -8.522606705302548935e-02 -2.962525374410456339e-03 4.955672552201198511e-02 -2.001185141660412684e-02
1.028204900558972595e-01 -1.290001236415497243e-01 1.650452821191313729e-02 5.491918357985425825e-02 -2.444462199755425072e-02
1.029955734240779464e-01 -1.208774742269270036e-01 8.323249894608608992e-03 5.744323543719963288e-02 -2.448069595709350538e-02
3.549081062766968470e-02 -1.971158417356230416e-02 -4.030485951468852635e-02 5.194957755560924290e-02 -1.699257189437815979e-02
8.851374777606997590e-02 -8.617823665336232786e-02 -2.384037967261615903e-02 7.056069091374828073e-02 -2.629722869767215504e-02
7.761329161368253626e-02 -9.031686189332870096e-02 3.285021931116832022e-03 4.611248916598013198e-02 -1.929453216625843029e-02
9.795915794868523263e-02 -1.095161143158047967e-01 1.780536676693216316e-02 3.867680600187547307e-02 -1.756815296911662036e-02
7.353874000599772143e-02 -7.735242865709884841e-02 3.776903503928096266e-04 4.000652948416147381e-02 -1.630688284213221637e-02
7.205471764523284708e-03 -1.252522663757886512e-02 9.020085596993399762e-03 -2.475392728187691439e-03 5.751348435221803813e-05
8.032571347316232180e-02 -9.204730251200436697e-02 1.562317375135281261e-03 4.870239311912306218e-02 -2.016935140039150323e-02
6.764621009016781594e-02 -7.779933594694059262e-02 1.762949420238951693e-03 4.059936186441626821e-02 -1.683061759855400061e-02
6.361873965517250706e-02 -6.605003452816979315e-02 -8.409350760582931170e-03 4.400000912279234538e-02 -1.708979719531208974e-02
7.330412075012857076e-02 -6.468849770806429922e-02 -2.044273563938731053e-02 5.402402661513717314e-02 -1.980473971695132993e-02
6.847543008223717920e-02 -7.092891922618442535e-02 4.836376766355738287e-03 3.131442961261458879e-02 -1.317813547009986583e-02
4.532568479797087491e-02 -5.633248906108288129e-02 6.924148127907038888e-03 2.412935260697533085e-02 -1.068794652228690321e-02
2.553077449846550412e-02 -8.028433468907461221e-03 -4.452980182932345099e-02 5.044796902779992431e-02 -1.597093010243948522e-02
5.511243515782275615e-02 -6.787152215841293912e-02 5.995410771531370538e-03 3.168636134204654703e-02 -1.371666154651254854e-02
3.673806981049726472e-02 -3.637963490610918865e-02 -1.256601244251223312e-02 3.300455659190025537e-02 -1.221533998292854799e-02
6.768300030179318083e-02 -8.859021279292218776e-02 3.836648232385304197e-02 6.833149681373212360e-03 -6.720621735981635418e-03
8.600786471683102841e-02 -9.890949979505064826e-02 -2.844837751350979931e-03 5.767227119968032500e-02 -2.341053107327418364e-02
4.467855856638867917e-02 -4.312816100066264174e-02 -1.550611288845684180e-02 3.952800315251077390e-02 -1.457803221263832480e-02
3.390867643037041163e-02 -3.885756273112865589e-02 -5.793809495966631071e-03 2.836383385985934494e-02 -1.113860630913433673e-02
3.073331641177690088e-02 -3.602956855142969844e-02 2.045129290171671110e-03 1.759827176856768038e-02 -7.443217479723087011e-03
5.693273141768664947e-02 -5.801102602465593727e-02 -1.909311609809908813e-02 5.233274271602757904e-02 -1.955101704712529365e-02
3.242349685291636557e-02 -1.648942642080850063e-02 -4.228561982898546706e-02 5.263915388174839061e-02 -1.710504321844444689e-02
7.297376134864984321e-02 -7.008533488235273168e-02 -3.355173497279163863e-02 7.387135543810181837e-02 -2.681036928267544611e-02
3.500412608378068030e-02 -2.549623626214902669e-02 -3.078141201927340684e-02 4.579578426004286829e-02 -1.551896290119985679e-02
9.389151004924466137e-02 -1.069403307978234741e-01 -8.038122778644872513e-03 6.823490081620618708e-02 -2.731435375260938409e-02
8.495982868933520116e-02 -7.752002792486357985e-02 -2.164510279457972086e-02 6.226964809410907853e-02 -2.306147185417551163e-02
6.734976401840699067e-02 -7.382825305078734301e-02 -5.913024258100019019e-03 4.650258092725931963e-02 -1.847278623766746702e-02
3.149468782357815050e-02 -3.463333904907488908e-02 6.992499267670778881e-04 1.774437509623057879e-02 -7.321137397691012197e-03
4.893228013019949862e-02 -4.278246243893014944e-02 -1.755525494228598812e-02 4.024286823452059153e-02 -1.454957892473141001e-02
4.971724872652784344e-02 -6.816724986474774484e-02 1.997645647915328310e-02 1.725254615027229516e-02 -9.253107342625098430e-03
7.417790805943413890e-02 -1.032889974852511383e-01 3.351312256405208218e-02 2.284500092896758761e-02 -1.304250256318816720e-02
3.121025511074189407e-02 -1.068890782314584585e-02 -4.210644616657203965e-02 4.808274533452003979e-02 -1.515683877205371496e-02
4.731900892867468844e-02 -4.257377929061557931e-02 -1.683433160652695812e-02 3.972469189660297190e-02 -1.444150276841882699e-02
5.123688214630098270e-02 -5.053933218354132728e-02 -1.566090028025818315e-02 4.369113976863977372e-02 -1.625708302840391320e-02
6.680889710721772679e-02 -7.067788751101085343e-02 -1.493660472404389344e-02 5.465098503179572492e-02 -2.089734250377187769e-02
8.866996278331941428e-02 -6.235846875217755658e-02 -5.575735031369220135e-02 8.857795096738280138e-02 -3.019797643267753753e-02
5.203758019551579100e-02 -5.199787454083584781e-02 -1.055897788133661197e-02 3.869773339548161079e-02 -1.471573289535121030e-02
4.138596575537491218e-02 -5.508592229907531557e-02 2.744347655166172462e-02 3.190683295406555485e-04 -2.926989530465742145e-03
1.893647562872304360e-02 -1.013330633375437301e-02 -2.262838062603477265e-02 2.872129669026355844e-02 -9.364437355726423773e-03
4.895454237337122649e-02 -5.017673653019050911e-02 -8.049717450721739082e-03 3.511200606826866966e-02 -1.348621904188483829e-02
5.324139589020474711e-02 -6.744709030388801319e-02 1.346554394317164491e-02 2.306963965025477653e-02 -1.091116850792767969e-02
3.700974032984723217e-02 -3.461035695302677045e-02 -2.047173808631891703e-02 4.085550107455258179e-02 -1.466400456409193941e-02
9.639805025716773751e-03 1.060545401770158179e-02 -4.584951610993644872e-02 4.172235507752977690e-02 -1.226863483505135667e-02
5.438505007939526542e-02 -6.479466688409261932e-02 1.584817019169524341e-03 3.451037064757766365e-02 -1.440200423164749582e-02
5.826639972861723249e-02 -4.302216129170795267e-02 -3.893350927228640679e-02 6.233938156040131490e-02 -2.132636225519786780e-02
1.015819510521958208e-01 -1.238684885786218437e-01 3.486410827917305749e-02 2.914591768147989023e-02 -1.544723447778005056e-02
6.553484591876904131e-02 -7.321119313356280744e-02 -1.013477850644565852e-02 5.179848906053122898e-02 -2.032416801542352366e-02
6.200533374173642504e-02 -6.850982314995852918e-02 -5.252218705060752307e-03 4.302436315421608037e-02 -1.711864021235025290e-02
5.428750886347602500e-02 -5.568869953194943712e-02 -8.367900886428830676e-03 3.840309505381664379e-02 -1.481158745941154632e-02
4.429107729625848117e-02 -5.299008284122277285e-02 3.422134453073108398e-03 2.572862761923834507e-02 -1.095093776797328826e-02
4.137322494659426836e-02 -6.874607016747934229e-02 4.536436158428178156e-02 -9.327002567625038154e-03 -9.920775563290048452e-04
9.073965032689264298e-02 -1.040170734598871993e-01 -4.499900186033737172e-04 5.770831597317404443e-02 -2.369157830341116558e-02
8.559912508190752056e-02 -9.669586261677970418e-02 -2.573975880090549530e-03 5.597405574266884482e-02 -2.280007837110543251e-02
3.359032777232631717e-02 -2.804131727672625612e-02 -1.902664035389140668e-02 3.460826248522874682e-02 -1.214456334053885117e-02
8.211644078552453319e-02 -8.846081233212090000e-02 -1.471861235890224370e-02 6.438607899109895227e-02 -2.496647398101288148e-02
6.001591778928382775e-02 -4.813445297960097791e-02 -3.329591309176870018e-02 5.951352347601047976e-02 -2.079896903632598090e-02
1.157709407217242387e-01 -9.069263809098243589e-02 -4.529278357930985321e-02 9.179568628030512767e-02 -3.257442420803088184e-02
1.069106899797057919e-01 -1.176979320597516948e-01 2.243245123983538328e-02 3.722877833394584723e-02 -1.735323108112493684e-02
8.312217867217575051e-02 -8.825572876361234553e-02 -7.678834215334645781e-03 5.550055439045957495e-02 -2.193877202770038587e-02
2.331297397514441386e-02 -1.814071916020668432e-02 -1.479602264117267467e-02 2.478044424756343372e-02 -8.558794431043478465e-03
9.447326255929530681e-02 -9.378730526002866663e-02 -1.714800545278760994e-03 4.977149302380389634e-02 -2.001989240032873291e-02
5.838959918295685836e-02 -6.403083643953683124e-02 7.666767723148819151e-03 2.532059532413514363e-02 -1.105860003387599752e-02
6.457326503112426064e-02 -7.409152338110785996e-02 -1.480040298260984662e-03 4.241868176676313884e-02 -1.728435100042035460e-02
-4.120828147392312929e-02 5.606029341176505670e-02 -3.221403403640808738e-02 4.282527643672575692e-03 1.533298843165033882e-03
6.814396774791846301e-02 -8.835128505483302863e-02 1.456014832947092642e-02 3.463122087266112814e-02 -1.589837636372476437e-02
6.774282893074606848e-02 -7.708067475537901114e-02 -7.271420013847930408e-03 5.086751666165567620e-02 -2.022386569337867798e-02
5.637675959445874463e-02 -5.297462731733865171e-02 -2.191987931178214499e-02 5.130761729471671612e-02 -1.869391771370110256e-02
7.137664342449049314e-03 -1.238080685195338398e-02 8.991864707932053710e-03 -2.544922883187553716e-03 9.114735874116364689e-05
-1.597888560095257759e-02 2.375855767389886686e-02 -1.117921287905972172e-02 -1.492020094246500296e-03 1.803758378701522322e-03
4.518154881670605194e-02 -5.563137232966600121e-02 1.242059420813912581e-02 1.698025694321143170e-02 -8.232042511025886716e-03
4.226407364841928277e-02 -4.436654278648567706e-02 -5.980649512434902879e-03 3.012562255909655845e-02 -1.170069546481390665e-02
3.188648642416462564e-02 -2.331498870411869914e-02 -2.558974267204840863e-02 3.887208749471696839e-02 -1.319520750397331667e-02
6.240573930461282282e-02 -6.222965764842643133e-02 -9.827930874773590716e-03 4.287186611977896605e-02 -1.643250796730339955e-02
-3.041616614779839647e-02 5.233842961436388497e-02 -3.657647889543420155e-02 9.112697996281430082e-03 1.563857746634666351e-04
7.602392126967223718e-02 -9.408944240018979333e-02 1.332802683540319777e-02 3.817491613823494057e-02 -1.715854265844781248e-02
5.043294637688845727e-02 -5.412414347283615174e-02 -5.905378076971410338e-03 3.552742696180967441e-02 -1.394147598188824264e-02
3.526028577453736712e-02 -3.058679721412204885e-02 -2.255163709842242237e-02 4.043055728221955220e-02 -1.423426207848982501e-02
3.599465550244967255e-02 -3.097929886238805219e-02 -2.209043247325508455e-02 3.995017942959274565e-02 -1.406834122983873989e-02
5.361191541551969114e-02 -4.182140502125045872e-02 -3.745573486132634800e-02 6.130295281684917941e-02 -2.118567488021667541e-02
2.174483468088952293e-02 -9.773042571881560350e-03 -3.551476787162544113e-02 4.267831017295219825e-02 -1.378808272972813567e-02
6.180221548542776111e-02 -6.603852984166676265e-02 -1.348337286232612064e-02 5.071109985314393998e-02 -1.943754013890946694e-02
9.249748116919256913e-02 -8.894800468562451268e-02 -1.621527509622979618e-02 6.303955521247966987e-02 -2.398198541622068372e-02
1.794668865940764468e-01 -1.696109060810415958e-01 -2.205274474207121263e-02 1.097763310452513491e-01 -4.238844173668639137e-02
8.921644542136804301e-02 -1.009157849488892117e-01 2.669785071561789087e-03 5.203362559022029626e-02 -2.165602232862133547e-02
5.871283543301994423e-02 -5.762975499705753901e-02 -1.517714803293238046e-02 4.642401976292634402e-02 -1.735267765273450224e-02
5.577373497791364432e-02 -5.282084062789052514e-02 -2.580235468626404516e-02 5.605713986813627703e-02 -2.030836105081422482e-02
2.985092786059169098e-02 -2.055838922965442031e-02 -2.534796907740595462e-02 3.700446333815547023e-02 -1.245413881391014416e-02
9.764846302525048705e-02 -1.094589828322448111e-01 6.604824153916671534e-03 5.128514661996283475e-02 -2.156944223240350039e-02
4.674428485146275153e-02 -4.241221707643234862e-02 -2.458140856569586072e-02 4.891531080017234856e-02 -1.749860370184718253e-02
7.721792151486031597e-02 -8.812190569031679022e-02 -3.404185175443641496e-03 5.232054037415561493e-02 -2.117639255633749565e-02
1.172309421405750250e-02 -1.130373969899574685e-02 -3.972521340548236871e-03 1.023220902551104199e-02 -3.772588699850294800e-03
8.881740455697589853e-02 -1.035024377979558707e-01 1.140138436111714018e-02 4.387419374748308815e-02 -1.915127324665981054e-02
4.356044143721757300e-02 -5.457338065045038572e-02 1.282566098727061163e-02 1.617273946884962080e-02 -7.961627388660078714e-03
4.616988191604115555e-02 -4.606528928784484750e-02 -8.177910689620582901e-03 3.280398881566531227e-02 -1.251910850749300003e-02
7.318586945339103367e-02 -6.770805183885164613e-02 -3.490939237236561493e-02 7.332509962754436839e-02 -2.638990217222652104e-02
4.772526750809497065e-02 -6.701959813352885431e-02 2.411508628679668795e-02 1.210965935831145694e-02 -7.572362264844203009e-03
3.099039507627758191e-02 -3.547226966489554212e-02 6.547564620196725214e-03 1.177392437069049377e-02 -5.457428725117957277e-03
1.171305344672991661e-01 -1.297352772980739366e-01 3.045639860392589104e-02 3.467628152957220877e-02 -1.708550185774720953e-02
6.451250404831011809e-02 -6.556135361970535924e-02 -1.770137375394308793e-02 5.431284317271523748e-02 -2.042943676584489318e-02
5.609913218104552179e-02 -5.604949365883131474e-02 -1.397401554613109630e-02 4.473814952372258402e-02 -1.685413689947821286e-02
9.067348586242594821e-02 -1.060780004041283475e-01 2.459920905683430151e-03 5.616470524150904420e-02 -2.341263455186416015e-02
1.170252366307548628e-02 -1.466288497090865658e-02 2.013356438701476188e-03 6.052515748380276651e-03 -2.707572596258802419e-03
7.643824597634178708e-02 -7.531981296028683603e-02 -3.260182913677039940e-02 7.602995092378328490e-02 -2.781888031909527867e-02
8.207559070590679517e-02 -8.666949514750772743e-02 -1.686645346761344103e-02 6.517181947191516556e-02 -2.498279680882441872e-02
9.688076542585688511e-02 -1.011732685433686246e-01 -1.816759021276671479e-02 7.416934837531108382e-02 -2.856603250050997189e-02
4.233896782207825782e-02 -4.910807852527557943e-02 -1.288152347147140551e-03 2.863926417163997068e-02 -1.165205534532090872e-02
1.183566244315655130e-01 -1.464847738239751507e-01 3.232406992693118153e-02 4.537651616975676983e-02 -2.193336546073109544e-02
1.079513287675921696e-01 -1.160710311098215319e-01 1.667526281455198461e-03 5.969050625016950051e-02 -2.454863948060246118e-02
1.107978923147270173e-01 -9.772629469177912531e-02 -3.146744976292986662e-02 8.263792620552097568e-02 -3.037325406827379864e-02
5.240893559761248405e-02 -5.290864266607960692e-02 -1.414546264585254780e-02 4.346511796928150678e-02 -1.631974802631889696e-02
7.095152850150515667e-02 -7.383643340685998313e-02 -1.110532091162187186e-02 5.154995670224588739e-02 -1.999709040214621425e-02
9.868815887094897765e-02 -1.180172627758842574e-01 1.837492768825726638e-02 4.463898703976967863e-02 -2.022035451818108426e-02
7.037536742778210952e-02 -9.049221755140146595e-02 2.315277773242972043e-02 2.530109384652363264e-02 -1.282680585946711568e-02
2.969145699712161246e-02 -4.562315251054554349e-02 2.983643076209367001e-02 -6.612646649292918712e-03 -3.967662494683815559e-04
3.716730059911476508e-02 -2.873038064982592205e-02 -2.844790987780503391e-02 4.513459485036976082e-02 -1.551086601129590507e-02
3.840378432443287970e-02 -5.530658570993598339e-02 2.845018904141705454e-02 2.066681807149029968e-04 -3.055660490111044604e-03
1.333406261907588708e-01 -1.198418933582941909e-01 -3.259714274557950348e-02 9.546617412221367061e-02 -3.555078204209306120e-02
1.392992087358988114e-02 -2.575286774581308710e-02 2.041879542507338968e-02 -6.983055875593526668e-03 6.920234634741766243e-04
3.381237791448666458e-02 -2.073743746113919373e-02 -3.277512389580062441e-02 4.451894626868073412e-02 -1.472180773322147307e-02
3.867204746678694349e-02 -3.019349157649608983e-02 -2.445274425356145157e-02 4.107161177371164429e-02 -1.419123574393705949e-02
2.822997416574151222e-02 -2.454553496740388349e-02 -1.651108799106536240e-02 3.057941183310902006e-02 -1.080672053516540040e-02
3.207241172002580493e-02 -3.586374681802471931e-02 -5.874630260860691164e-03 2.644121543656462875e-02 -1.029991701792741347e-02
2.354997164700749906e-02 -1.945981275730651258e-02 -1.546538337513453723e-02 2.660390593722250854e-02 -9.270439614900457051e-03
2.249325604959504649e-02 -1.268817375140686432e-02 -2.773414324342659762e-02 3.567021649791283361e-02 -1.169385166083906913e-02
8.163830451338151273e-02 -9.813099073014457108e-02 6.838638956152976421e-03 4.747956526177269515e-02 -2.034707793187557484e-02
8.317174971270430497e-03 1.644123786697280348e-02 -5.553802297606445781e-02 4.858599257717214487e-02 -1.404888190128964105e-02
4.819603822502940838e-02 -6.128252695303734038e-02 9.770542665846385089e-03 2.391668363774961809e-02 -1.088931722517531842e-02
6.228402778708615195e-02 -5.884302105425492924e-02 -2.873999734135062809e-02 6.248084167942750261e-02 -2.265809728169365309e-02
8.462458006441608838e-02 -1.102804840102348249e-01 2.629127525580345071e-02 3.365215543467096199e-02 -1.667455376878944698e-02
1.171471671490340177e-01 -1.446539425228298426e-01 2.628299737944162981e-02 5.174792401305246259e-02 -2.407022572199517610e-02
7.571801887973114709e-02 -8.589726312950546339e-02 -6.744782851747058681e-03 5.477793051709416161e-02 -2.182147861497203342e-02
5.170794658131531996e-02 -5.628647262957204439e-02 -9.008305140882015560e-03 4.060962887621434592e-02 -1.575165299803143321e-02
1.286261859625236759e-01 -1.121743498622915919e-01 -1.802342312624084786e-02 7.380359986137033368e-02 -2.792483904690156934e-02
2.506025638177985376e-02 -3.538576337933611177e-02 1.250690308368154237e-02 6.748259553595820602e-03 -4.135466249714752317e-03
1.031652036527336141e-01 -9.629042243496403752e-02 -1.670376609401632434e-02 6.656217516411447321e-02 -2.532023101846731308e-02
1.190433368870031650e-01 -1.267820229674680166e-01 -2.772881280492257849e-02 9.939892311804385261e-02 -3.796889289360209224e-02
5.159334559729804315e-02 -6.072206284296855633e-02 3.437860110023348119e-03 2.984242706401498205e-02 -1.265120271484196368e-02
8.064995683940949381e-04 1.653995145161144334e-02 -3.716970679736600336e-02 2.944621082687589805e-02 -8.136978938011449336e-03
3.944541069729070454e-02 -3.940321425014388368e-02 -1.526456446162816408e-02 3.789630504691993834e-02 -1.398050477540127741e-02
8.276327919194469140e-02 -5.697395991025056006e-02 -5.005738245045542045e-02 7.990239984496258496e-02 -2.732669797579513615e-02
2.232507183152875399e-02 -1.326612726903514221e-02 -2.385034938651222833e-02 3.166022820114319791e-02 -1.043910736175542031e-02
7.927889962388399991e-02 -9.267867371379277797e-02 -1.612139943132457828e-03 5.339756437588707300e-02 -2.184154071291209351e-02
5.115255419630525269e-02 -5.170065544793160661e-02 -1.665552708668706014e-02 4.597673662676761419e-02 -1.715261169337338118e-02
7.000306936284372838e-02 -7.193728290269858772e-02 -2.126456295777584202e-02 6.225773895177082878e-02 -2.340880407390732304e-02
2.562782348099429917e-03 -9.040862198407152023e-03 1.289179472908545676e-02 -8.394178156219950573e-03 2.076202739793490872e-03
1.020493395307982415e-01 -1.071152267778372885e-01 -8.179615905571868684e-03 6.545761273403540026e-02 -2.587427415259605304e-02
8.855548554668370154e-02 -9.329710921254283362e-02 -2.061840603220900514e-02 7.319084310953193062e-02 -2.795098206567481203e-02
2.727406959501404646e-02 -1.914145024329105479e-02 -2.116912538779162217e-02 3.173129341330999109e-02 -1.071102090324271318e-02
1.039456436202580991e-01 -1.142135303449300227e-01 -6.332923027557899390e-03 6.897064305489779279e-02 -2.770245164505612256e-02
5.900412035325887372e-02 -7.384940583513614765e-02 8.434632242392233956e-03 3.254790465606931943e-02 -1.433626888757512895e-02
7.880344393320387608e-02 -6.664648437685617710e-02 -4.157697013932123292e-02 7.857632823244360687e-02 -2.779384924564731740e-02
1.652334412226321575e-02 -6.224507873872076047e-03 -2.637392088024374803e-02 3.061960441248593942e-02 -9.753968129719573638e-03
8.045981786664796465e-02 -8.800117088994652281e-02 -7.534991901595254615e-03 5.612337800031741430e-02 -2.230111671878079113e-02
3.597676199251940987e-02 -1.774582462859899956e-02 -4.733205446192582933e-02 5.829666984521966050e-02 -1.884797363296583997e-02
6.589430581706801071e-02 -6.613442417638495940e-02 -8.956647750268852126e-03 4.421827427556023621e-02 -1.713005362559895037e-02
1.458625224764667216e-01 -1.296597761652230341e-01 -2.261571763125769935e-02 8.827221786786269841e-02 -3.344586933668679957e-02
8.317491112608912940e-02 -9.151721221719294475e-02 -6.384263904971349858e-03 5.668911323027322341e-02 -2.261852549367541348e-02
3.546540589951924227e-02 -4.093294646543838011e-02 1.371616512159373324e-04 2.245527287700133448e-02 -9.263527767594341086e-03
1.383411044665529277e-01 -1.418187247462580347e-01 -1.866302284388723226e-02 9.546653940273697181e-02 -3.721824556390639083e-02
4.146851962245984985e-02 -4.764183102955540927e-02 -1.393470186145880996e-03 2.780203921857110627e-02 -1.128507744045770429e-02
1.341501056177700230e-03 4.663255758891124252e-03 -1.277396167890233226e-02 1.061578586006741570e-02 -2.994474352726407117e-03
3.482012252026468052e-02 -4.634803068816351068e-02 1.243813471252697492e-02 1.271024101716566705e-02 -6.556530075107076458e-03
8.205218527984478594e-02 -8.309169290199953928e-02 -1.744629143769612159e-02 6.281008068331890570e-02 -2.387236082376860066e-02
5.294493394545552595e-02 -7.214858730464647485e-02 1.753589157902046142e-02 2.257284494408703240e-02 -1.124761489698726871e-02
7.995332256225616552e-02 -1.034680079596555641e-01 7.730033889592429971e-03 5.190126724975691053e-02 -2.244522119927351220e-02
7.268368104502230531e-02 -7.783136623257029540e-02 -1.319389382828417209e-02 5.660431905118475798e-02 -2.186565042990310653e-02
9.296058909275470294e-02 -1.044584956623139660e-01 -7.764389924580766995e-03 6.610941581198159778e-02 -2.643809190029585560e-02
6.478999879130631356e-02 -7.722534243284770450e-02 1.971599569146297894e-03 4.110724403530442717e-02 -1.718111265687327985e-02
7.196257095855296271e-02 -8.182922156522143275e-02 -1.279290631621643644e-02 6.014704013351799411e-02 -2.353621590006676340e-02
6.199232737410787647e-02 -7.200049100876611263e-02 1.256445188921180046e-02 2.517183818748022772e-02 -1.159424968607385142e-02
6.841444398237837843e-02 -7.011850826106409695e-02 -1.522614410005292997e-02 5.401924815516971623e-02 -2.057362260361692008e-02
4.846333485744453579e-02 -6.363677066661956039e-02 1.281110316211226709e-02 2.241123245582334750e-02 -1.065004681395070874e-02
3.424085038675513809e-02 -1.852676287585876963e-02 -3.563589642353798270e-02 4.592928129168338119e-02 -1.497203915692595609e-02
6.787206162384303021e-02 -8.168954835100426803e-02 8.377396424283126489e-03 3.604378699638350475e-02 -1.567710302086545993e-02
8.717466716457233922e-02 -9.753107875228016199e-02 -7.134077896798264075e-03 6.150104699258881341e-02 -2.460682714677992627e-02
1.467672890953132248e-01 -1.658886245233075762e-01 -3.967666914877411577e-03 9.560920754893488527e-02 -3.901026431939629002e-02
4.866997401232976694e-02 -6.223644602179609353e-02 9.884652009652186017e-03 2.447299562771696260e-02 -1.114766125408270768e-02
4.198276621348735749e-02 -5.753567768154933121e-02 1.999393002945535486e-02 1.082230226362251510e-02 -6.568154729315107965e-03
8.062962987071395360e-02 -8.218631373750906466e-02 -1.813187608616454588e-02 6.364584593871162876e-02 -2.424925486007658421e-02
1.083104229234520266e-01 -1.201143548330579902e-01 -4.971841778928110661e-03 7.100166023766867063e-02 -2.872181817707633589e-02
4.456743513421032588e-02 -6.073964714617462179e-02 1.896069707058909912e-02 1.382110670541185880e-02 -7.691794552755554064e-03
4.569147855957059884e-02 -6.916297540473398398e-02 3.522865332701053537e-02 1.460067851947486521e-03 -4.344654364741242294e-03
1.705433427231534127e-01 -1.765052197218744678e-01 6.939409740694360562e-03 8.413763278798450096e-02 -3.495160024289500206e-02
1.006794853620937985e-01 -9.358738778974405592e-02 -2.633671583938580404e-02 7.624583126215636608e-02 -2.837736209127169132e-02
-2.252833063787548079e-02 4.566211171696578364e-02 -4.278206113459422089e-02 1.940123460272125816e-02 -3.428800522995690235e-03
1.432499371507600927e-01 -1.692144617946573226e-01 2.856215566783104273e-02 6.127841775966667154e-02 -2.815122170244833619e-02
7.697651784407572029e-02 -8.028440766781813620e-02 -2.272185541421270494e-02 6.877316228224474026e-02 -2.597931945164692544e-02
6.821251897018676402e-02 -8.304648754895142815e-02 1.637903187161179192e-02 2.772927110885362381e-02 -1.306580913743515295e-02
6.898518609656303924e-02 -6.732765560506828728e-02 -1.975276656671500625e-02 5.678951672534926498e-02 -2.119888311076024642e-02
5.003908816103245366e-02 -6.713369816309562588e-02 1.536615036178937480e-02 2.185058752480280309e-02 -1.070509241516436061e-02
8.050286987522403681e-02 -9.878739681973808251e-02 7.289047890004144055e-03 4.779872712763297976e-02 -2.053005262873314890e-02
5.848467514699031561e-02 -5.493647456663971335e-02 -2.612515926927881996e-02 5.730925774091449876e-02 -2.077418788791370388e-02
7.999714121334822181e-02 -8.657754376598901513e-02 -6.058474687398849104e-03 5.305670806109592796e-02 -2.108762827420383734e-02
1.204474421879573182e-01 -1.338431610680919925e-01 -2.641618564219933019e-03 7.570324911897308162e-02 -3.086223153899186541e-02
7.985793284685312188e-02 -1.080724383375415154e-01 3.580286375105125318e-02 2.217756323071345959e-02 -1.293768597840958857e-02
1.474375116847276013e-01 -1.785229083379776538e-01 2.525889787807307149e-02 7.152244020888143261e-02 -3.214069641475433142e-02
6.888911502261250985e-02 -8.106848382769726857e-02 -1.815835326336234313e-03 4.736595645908314722e-02 -1.934975712916310944e-02
2.472450006716060689e-02 -3.269106485470931606e-02 7.277819997998214926e-03 1.071128016368943017e-02 -5.202886092619336995e-03
4.665152715382146070e-02 -4.964751557034514234e-02 -1.183653618770495741e-02 4.008507088879216529e-02 -1.525383296115968325e-02
5.524165652800406417e-02 -4.682083144314559686e-02 -3.506361245501184165e-02 6.221705783583018207e-02 -2.187574135205512527e-02
7.714043604450836200e-02 -8.787413471271005028e-02 1.917606535680692326e-04 4.818569603135341300e-02 -1.989817262403838563e-02
8.589001711997032440e-02 -1.072923511176384209e-01 2.048673182478751367e-02 3.735438673709445823e-02 -1.749853093466516296e-02
7.578751816565042210e-02 -8.150792450055366345e-02 -1.217680019184082078e-02 5.741337496738542490e-02 -2.228692513872492648e-02
7.199963843331502744e-02 -7.832903325866213962e-02 -7.321173223571162715e-03 5.027364881023218407e-02 -1.984000346053760647e-02
5.016214931630100932e-02 -6.130257291224300992e-02 1.048082383658859029e-02 2.236162787092754733e-02 -1.025786539625798618e-02
1.262529339878606660e-01 -1.457016171988267661e-01 2.135700558059670882e-03 7.840230248454906070e-02 -3.261738567711692377e-02
8.409289977707301578e-02 -8.667822846636184797e-02 -8.321562940988727272e-03 5.453856462684462947e-02 -2.139675758789082519e-02
1.181215551801556574e-01 -1.226557913732238270e-01 -1.593460809052237720e-02 8.286240261291960563e-02 -3.238234402504518161e-02
1.073961352005436687e-01 -1.011059075859783718e-01 -2.606579566854352881e-02 8.000819798101241331e-02 -2.994781942542932771e-02
4.949327851548983304e-02 -5.448496802530869432e-02 -8.883146813559237090e-03 3.981666884642991178e-02 -1.548327443423434292e-02
7.223536316172585181e-02 -9.357282789259940836e-02 2.159969123881029518e-02 2.911764543700026686e-02 -1.426886181376711520e-02
5.994307471022290723e-02 -8.514132507734234467e-02 2.952426569115707000e-02 1.703200019637102214e-02 -1.022802204713480975e-02
3.938842527391279297e-02 -3.802804309848537706e-02 -1.447901747500385250e-02 3.575073387134897890e-02 -1.313105000365255917e-02
1.017011052752919281e-01 -1.097693264458620838e-01 3.793537058682462573e-03 5.383457943211353985e-02 -2.232330852099229448e-02
1.023116526570936324e-01 -1.248667672140982982e-01 3.408566481225265565e-02 3.071363155367929851e-02 -1.603920137376842192e-02
8.466282932030491648e-02 -9.892450437992898749e-02 5.723665990756015599e-03 4.805675080760964113e-02 -2.032225562487563475e-02
7.699107589508326355e-02 -8.561404996174158677e-02 -6.950767631235076419e-03 5.454690814236698437e-02 -2.172889187660793572e-02
4.359461225890107205e-02 -5.305593036819846592e-02 5.272026625650907787e-03 2.384794916599538780e-02 -1.037580271510419629e-02
1.082218790950198600e-01 -1.294621434709786745e-01 2.462242433574886660e-02 4.390453050502527571e-02 -2.056744892778436182e-02
6.820841543400817109e-02 -5.464014403369654715e-02 -3.964101014294334202e-02 6.975077336747552426e-02 -2.435048156514258572e-02
5.964764034627056954e-02 -7.026319130216132636e-02 -7.106311465588759958e-03 4.792484268016434373e-02 -1.912925839936458275e-02
2.193431703945019143e-02 -2.941172988901706933e-02 7.170286794606744660e-03 9.014691883879641376e-03 -4.493791398426524863e-03
4.585132323555716517e-03 -6.928766055785365308e-03 3.258137479777588243e-03 4.712177578194147627e-04 -5.443093380757314543e-04
1.114592506488308182e-01 -1.211446769201621892e-01 -1.253999155814064688e-02 7.978243327215746306e-02 -3.156649554492226700e-02
1.002859590596104633e-01 -1.166363022277519673e-01 8.188819571010490586e-03 5.522998468892852120e-02 -2.361058004213016648e-02
7.581116285021527457e-02 -1.021468746503975678e-01 2.480884365216809093e-02 3.158761459034181013e-02 -1.573037742421781043e-02
1.487592315572023594e-01 -1.598676461137582550e-01 -1.278643968319387661e-02 1.003504746444708051e-01 -3.996074048230578712e-02
6.492108770672286311e-02 -8.305263809350520166e-02 1.669286982873943725e-02 2.851286498373323958e-02 -1.350926741690597170e-02
1.371499409698533067e-01 -1.501053650470011713e-01 -1.156415704160284295e-02 9.426786633913603053e-02 -3.757034435456497318e-02
1.708939336523084829e-01 -1.948440371710018493e-01 -1.522073016494450860e-03 1.097402771962255469e-01 -4.527852929257565606e-02
3.165940399506567138e-02 -4.035009043347994456e-02 1.002731971531784297e-02 1.157243609196989022e-02 -5.812975769865573808e-03
1.658975588689139968e-01 -1.717665282660783554e-01 -1.277135789283434172e-02 1.047230421548418638e-01 -4.159098345879611025e-02
8.107587180264859417e-02 -9.390464534232295657e-02 8.092404478771906759e-03 4.243499913652921257e-02 -1.826722375229664422e-02
8.442887513556716905e-02 -9.866808142024237338e-02 2.848717406461396835e-03 5.161792205439320186e-02 -2.159149458727863471e-02
9.616981046616222828e-02 -1.027715019582218225e-01 -4.867533472606173223e-03 6.014394887117889554e-02 -2.413118251233425590e-02
7.107884535095314316e-02 -8.115339389052567132e-02 -7.724194225208818806e-03 5.374929847863749166e-02 -2.137759021501670770e-02
8.879364972371554809e-02 -1.069922901910744933e-01 1.275429024319672811e-02 4.532016686485124124e-02 -1.997776628908733490e-02
8.313954813614894690e-02 -9.395501939008493730e-02 -6.818134671435916415e-03 5.940799018885820765e-02 -2.377785615023085206e-02
1.501297822932360915e-01 -1.506551011755860314e-01 -1.264430772405372889e-02 9.212781164795949551e-02 -3.633494590445335987e-02
2.433289101723195083e-02 -3.842376188390334013e-02 2.116424308817797459e-02 -6.615630160827165335e-04 -1.997983987834044649e-03
1.534475848250267394e-01 -1.713552190264526209e-01 1.333215567824948787e-02 7.739322715652174889e-02 -3.304907479833496531e-02
1.313757893193060466e-01 -1.350248855916600377e-01 -1.690293044886845286e-02 9.012565247994147599e-02 -3.524746462690075965e-02
1.574406578156018477e-01 -1.785792783617478896e-01 1.543377996547644869e-02 7.986414758163457028e-02 -3.438681681552399616e-02
2.991336324000478872e-02 -2.818250166689825406e-02 -1.181772508685612760e-02 2.756890043134785362e-02 -1.006081227331987425e-02
1.328523137649768524e-02 -1.458722312790891422e-02 -1.314497117476596567e-03 9.353937549755745803e-03 -3.700843367811885217e-03
8.238137203408335552e-02 -1.003643700912331960e-01 1.882308969004799909e-02 3.464049676199973393e-02 -1.615545024215355244e-02
3.932394903485399856e-02 -4.009729993735831888e-02 -1.280366661502923761e-02 3.559879463803301142e-02 -1.328501389355866112e-02
1.343853137191496627e-01 -1.563800541773780473e-01 -4.882381613417223140e-03 9.341944218576377079e-02 -3.826286784564880000e-02
1.128597926155121556e-01 -1.183116385389338665e-01 -1.387668621904925535e-02 7.842210244186734180e-02 -3.075897686567122605e-02
4.817915261394960236e-02 -5.279106528714366114e-02 -7.629348256702691428e-03 3.728339722362666864e-02 -1.454366750424546974e-02
1.561520725511659873e-02 -1.765684122114120208e-02 -3.287194418805974936e-03 1.358402282954461297e-02 -5.277107840758431256e-03
1.038312156830724642e-01 -1.246373473962975320e-01 1.823946098491103368e-02 4.875419823692405535e-02 -2.194480541352123934e-02
1.792233849410818369e-01 -1.857451666278627789e-01 -8.353335594226549837e-03 1.071458267668872200e-01 -4.304511412783024182e-02
1.229885120478282079e-01 -1.326355800825119446e-01 -1.636153669280603767e-02 9.035827656610027903e-02 -3.558385805015192721e-02
1.413694470427482586e-01 -1.353369359770595637e-01 -4.454205101094128177e-02 1.191292421790496880e-01 -4.417512723236884792e-02
2.035558518405634898e-01 -2.312308746339442334e-01 2.141659645530851613e-02 1.021382583001799738e-01 -4.422677639176977871e-02
1.496291697712245350e-01 -1.633834752634211740e-01 1.857153131372592247e-02 6.622910910479271052e-02 -2.893769084058196717e-02
5.249347007130699544e-02 -3.961450555387814598e-02 -3.867903016699279078e-02 6.123353254656613287e-02 -2.101213188257067960e-02
7.406034089837433554e-02 -5.674178881078147108e-02 -3.791436849406700643e-02 6.759964448652799884e-02 -2.350550781575163478e-02
9.713032228585379013e-02 -9.741222210547947902e-02 -2.283375674309532852e-02 7.655599785935787716e-02 -2.904974882305412509e-02
1.291884241063242234e-01 -1.498528530687009697e-01 5.683935465366783506e-03 7.652914551572125024e-02 -3.214988906956362663e-02
3.224527095351499562e-02 -3.907909437531788266e-02 -1.325767576870747020e-04 2.237535635425025662e-02 -9.252075701059176219e-03
1.716477763497010200e-01 -1.817188781580129087e-01 8.354322198506101277e-03 8.658026175642762057e-02 -3.624016823257784903e-02
9.940579831981723180e-02 -1.108506843995151897e-01 -1.527704951781306240e-02 7.849103788832775819e-02 -3.085807977758721343e-02
4.472841728665536559e-02 -4.371423525170368279e-02 -2.030336716590887963e-02 4.564418420427313744e-02 -1.662989072767473431e-02
5.504438441276249955e-02 -6.209956414564346550e-02 -5.244381991022865550e-03 4.008846230063779076e-02 -1.597587854247756525e-02
1.225969770478113757e-01 -1.531189467208858845e-01 3.445687541163081069e-02 4.746123780797005531e-02 -2.314732556235834030e-02
1.138798368125521210e-01 -1.395651128071707936e-01 4.063971298347932720e-02 3.187943924557128800e-02 -1.726675642363069765e-02
1.803507425379724805e-01 -1.964305021254489914e-01 -2.072250978031157584e-02 1.304780173535717291e-01 -5.175694441210043628e-02
3.850720970015543421e-02 -4.686377069973196585e-02 5.755036440130819643e-03 1.982963828112220897e-02 -8.779587522568245775e-03
3.225689424344328066e-02 -4.149343663572830493e-02 1.022339847768480650e-02 1.206809806237400633e-02 -6.035911836932876008e-03
4.294972223958080232e-02 -4.683117897606328683e-02 -5.864968550460289247e-03 3.192649298855557150e-02 -1.251051999752653826e-02
7.465579642463331111e-02 -8.808170497918153818e-02 -7.663541312870142614e-04 5.011534032710861231e-02 -2.059461480841857234e-02
1.718052180715836652e-01 -1.717439318803267723e-01 -2.700982883201626106e-02 1.197157360543590343e-01 -4.630673429842086658e-02
1.965109325193759582e-01 -2.041081686801329287e-01 -6.684038287577746124e-03 1.149095118270217070e-01 -4.637127874280823348e-02
8.171797677086090061e-02 -8.805758606825253576e-02 -1.175202132806638620e-02 6.069520850435454473e-02 -2.374089428987663161e-02
5.125302731780682214e-02 -5.724015669533686484e-02 -6.760955638188069147e-03 3.901727341761181134e-02 -1.536765541726245118e-02
1.311632884623391837e-01 -1.466080813592472720e-01 -5.579305403351752721e-03 8.686536654150504855e-02 -3.532910559794903704e-02
1.712663810274861753e-01 -1.839646648340324542e-01 2.062406313078960635e-02 7.421427108222503066e-02 -3.236481532517558601e-02
8.499087648505367076e-02 -9.304653318684072416e-02 -1.054128411736832138e-02 6.249553425419546865e-02 -2.465499409948743517e-02
1.569100034801403920e-01 -1.505049320646828781e-01 -8.397048586798570510e-03 8.503589277087873766e-02 -3.360893773174534332e-02
1.448786496715984418e-01 -1.704474338792965060e-01 1.462944296481677280e-02 7.850783691408518006e-02 -3.399418334587866325e-02
5.563069143661464322e-02 -5.399180921214852963e-02 -8.979573618614032637e-03 3.740823178478386302e-02 -1.429813422555310277e-02
1.029307097268482990e-01 -1.157845091974182561e-01 -1.996347459156651814e-03 6.580670699179459737e-02 -2.695072982468431008e-02
1.128390097623564459e-01 -1.294818713137867727e-01 -1.093221419489172553e-04 7.192054257963577391e-02 -2.972783913178499854e-02
4.911694304236041697e-02 -6.149385493843450429e-02 9.428948646518732143e-04 3.449064706900295540e-02 -1.441934657502174678e-02
1.697954463832519467e-01 -1.815545662887883549e-01 6.165761941358351150e-03 8.956517592148258156e-02 -3.731116826221161920e-02
1.022094366725113113e-01 -1.157312659747375960e-01 7.198669917710654419e-03 5.450573401148598590e-02 -2.301926574591506985e-02
6.359482380920093714e-02 -7.525185194096419006e-02 1.052983594789218269e-03 4.086951445749756329e-02 -1.696764060081615982e-02
7.810199276025810156e-02 -9.819729995653772581e-02 1.470303122280046219e-02 3.922639803577625955e-02 -1.773037879931951138e-02
1.763006673557363513e-01 -1.903696752760347388e-01 -9.124564322676165240e-03 1.125660805000648496e-01 -4.532772650339726012e-02
6.301472249065544207e-02 -8.215410860532673665e-02 2.161860822741051499e-02 2.264450694650961896e-02 -1.161212180300738930e-02
5.567766454193190384e-02 -6.481911781208510304e-02 -4.814845695965395988e-04 3.649838586969893911e-02 -1.498450988102322662e-02
9.402027246899667678e-02 -8.074516677729469405e-02 -4.246444856639512017e-02 8.669928418220196331e-02 -3.104559381617174110e-02
5.628281929963231678e-02 -7.153812830364934816e-02 1.501898098518910166e-02 2.359461790898461503e-02 -1.127069069889521588e-02
4.882644996061882847e-02 -4.711439225461967056e-02 -1.799292813261198914e-02 4.441011480426122066e-02 -1.632721207747049944e-02
1.862194069119801065e-01 -2.094645786145082622e-01 -1.052281788742770799e-02 1.276177899825525208e-01 -5.173003000946696517e-02
1.738201356111264417e-01 -1.815111153936710131e-01 -1.368437322766042838e-02 1.115489651985908798e-01 -4.438770300233356447e-02
1.076995317089109033e-01 -1.106519039677406335e-01 -2.075077546140064941e-02 8.202185071622475343e-02 -3.160603595522650661e-02
8.582766442643054161e-02 -1.090644987540105582e-01 1.449326319721587313e-02 4.632049139795976073e-02 -2.073361253929412867e-02
7.129547136962316456e-02 -8.679568776656128304e-02 1.686587856678919452e-03 4.742642713517473269e-02 -1.980753878952795990e-02
4.125979045986868932e-02 -2.890436116815484763e-02 -4.030237818310705017e-02 5.789916820489563604e-02 -1.953182345490403829e-02
1.515739203502771415e-01 -1.634110549569286197e-01 -5.169762002847387745e-03 9.356225767224066181e-02 -3.793271143994891847e-02
1.557849379394568301e-01 -1.616855839558438979e-01 6.125787801073684759e-04 8.387129508556993851e-02 -3.428306047880020496e-02
1.226637233714308606e-01 -1.398187706265850982e-01 -1.027028421270846995e-02 8.958712789495532069e-02 -3.606206174411916848e-02
1.115526748629758202e-01 -1.157247911149125036e-01 -2.859949919090263443e-02 9.397232407092412365e-02 -3.570439992816292624e-02
2.251189510325390664e-01 -2.364124374424293462e-01 -1.946240656378691214e-04 1.251075098550251952e-01 -5.121779826646182671e-02
1.328856282738803407e-01 -1.204005448342388984e-01 -2.226128207992057045e-02 8.397330699786359487e-02 -3.179572801399072057e-02
1.055931981574336209e-01 -1.198465773595831091e-01 -6.456865505745910429e-03 7.367102006130488157e-02 -2.979433094042793079e-02
1.412974722988428744e-01 -1.521841993284288042e-01 8.909936999746747438e-03 7.072791057168011097e-02 -2.979079398946822207e-02
3.585408582368151270e-02 -4.764604608078069903e-02 9.347994860635245457e-03 1.723632508500711619e-02 -8.149532204656424750e-03
7.429538059131597649e-02 -9.419799335612052960e-02 1.069239487606082027e-02 4.212182188467903515e-02 -1.859786588980338884e-02
1.832178610500110050e-01 -1.890755083289377414e-01 1.156570388170350891e-02 8.547564333450627383e-02 -3.597206404348248648e-02
9.881846935937929621e-02 -1.023850419718533300e-01 -8.488068519067569831e-03 6.320781363571652267e-02 -2.496559409881687550e-02
4.758892748709649123e-02 -3.535374858301527923e-02 -4.320625721044719231e-02 6.448887517163767735e-02 -2.190649244902714149e-02
3.530578668380619095e-02 -5.131506658124174169e-02 2.109013479960510432e-02 6.615323121953172597e-03 -4.992106860442293431e-03
1.825378276419554191e-01 -1.911416293981442471e-01 -1.113025149944959873e-02 1.135592381063928180e-01 -4.539940474035558671e-02
1.293484644674363082e-01 -1.528295478520868000e-01 2.692346863071065285e-02 5.419519188683766947e-02 -2.510223475350251143e-02
7.508255114144242459e-02 -1.010893245380915656e-01 3.257384981228805126e-02 2.162416958961788788e-02 -1.234778659538990353e-02
1.268207114543314085e-01 -1.433732028120003055e-01 1.636736021110303876e-02 5.878404735368459449e-02 -2.563846038030174329e-02
1.401235793844051725e-01 -1.694721054241730140e-01 2.062086536650823559e-02 7.235340994548930538e-02 -3.216829852172654186e-02
1.388542152620282633e-01 -1.613305229532192575e-01 7.259716432139807704e-03 8.146561273121247226e-02 -3.443917081488881426e-02
1.280898476284919874e-01 -1.328343231695119364e-01 -2.494644524511030470e-02 9.894788840029612731e-02 -3.817878375467675250e-02
4.861328750985920849e-02 -5.540007096784703433e-02 9.174423570283093445e-04 2.925932814066516119e-02 -1.211154145655217625e-02
2.125619355113228873e-02 -1.793099924416146837e-02 -1.415127355053652329e-02 2.461018589784066610e-02 -8.617923999545111166e-03
6.155229411479060109e-02 -7.309051913726473393e-02 4.192315237217988586e-03 3.600669071491412188e-02 -1.527098899745730869e-02
1.046497913722239659e-01 -1.055906881287811128e-01 -2.595929890185998123e-02 8.491101021524551096e-02 -3.226091042416505406e-02
1.147519122654290374e-01 -1.181790580678899749e-01 -2.378656242852901156e-02 8.960442119561494445e-02 -3.443161309869998549e-02
1.494463736888680672e-01 -1.704228979084497497e-01 2.330760163740445111e-03 9.155206592100736951e-02 -3.809744996678965379e-02
1.356401779039656808e-01 -1.472231687159228364e-01 -2.666992472114693494e-02 1.105918432252210454e-01 -4.291350324899174257e-02
1.492807472118233281e-01 -1.574809096714620271e-01 -9.564481772140495316e-03 9.401279084200747649e-02 -3.748794052653011549e-02
1.519700975172135204e-01 -1.669989017355803795e-01 -4.101911201897338877e-03 9.489474502746862716e-02 -3.858069988456792887e-02
7.916187343941377685e-02 -6.944469443396932007e-02 -2.295092048675417482e-02 5.910650272034961850e-02 -2.163003610188817330e-02
1.134154880536060728e-01 -1.264507249824967927e-01 -9.964231938981892717e-03 8.073877549019409239e-02 -3.231632595737337493e-02
1.249348873886991507e-01 -1.337292243836284977e-01 -2.323455675062787232e-02 9.884253436993448161e-02 -3.841805127884160426e-02
5.975573342005938843e-02 -5.631559757683766293e-02 -3.682689380333727808e-02 7.094508730448985390e-02 -2.539364808979379176e-02
7.455871416724460521e-02 -8.439522056923037807e-02 -6.546868096521018567e-03 5.385639784588912293e-02 -2.150964744638601475e-02
2.759861174364384995e-02 -2.248197758023672693e-02 -2.538080520177106100e-02 3.967369395660204356e-02 -1.369022067887911906e-02
1.550473204672186134e-01 -1.497066622460674623e-01 -1.165559838174078620e-02 8.893833670509042333e-02 -3.499989428651509998e-02
5.437983701470853332e-02 -5.347088336711349615e-02 -1.887146780015384884e-02 4.893525678356454994e-02 -1.810280413368050428e-02
1.538983696305349924e-01 -1.558551607811897444e-01 -1.728512058725754225e-02 1.006155602307119007e-01 -3.940577169172591876e-02
1.090087644285220175e-01 -1.221962535597471144e-01 -8.091556085588882952e-03 7.652251256187958539e-02 -3.080516643170149935e-02
1.092338764565552595e-01 -1.221205977350871275e-01 -4.278407096160188015e-03 7.177422969706202804e-02 -2.918256961822802281e-02
5.382089023361830843e-02 -4.029119430811024805e-02 -3.628790201967604240e-02 5.832944610682565950e-02 -1.996617504362101919e-02
1.961686320657286126e-02 -2.357834084303218197e-02 9.019156090665169344e-04 1.222622248277810408e-02 -5.137524832366689546e-03
5.321801796248194077e-02 -4.747728223138071579e-02 -2.018853176994823972e-02 4.575452493800966774e-02 -1.654171618098190452e-02
1.927365370058133354e-01 -2.226635017105760561e-01 -1.400940435883299244e-02 1.412841244163691723e-01 -5.727614726024037733e-02
1.741500222266310904e-01 -2.074869833125156104e-01 2.508116519930295510e-02 8.758786306566464230e-02 -3.880782015022896103e-02
1.042303717487807896e-01 -1.207243952193287201e-01 7.611090630492073524e-03 5.803586257469346699e-02 -2.470126939240375671e-02
5.418411459902480048e-02 -4.889165414601331916e-02 -2.504168220732852501e-02 5.239072947760198967e-02 -1.883482690146692437e-02
6.204902433289821717e-02 -6.995479904484698530e-02 -5.776739977297204454e-03 4.505681028695561474e-02 -1.798447344188932109e-02
2.230369650216974808e-02 -1.398097225621311619e-02 -2.285926727179162302e-02 3.113481813465933043e-02 -1.034291358763923981e-02
1.329821994014664943e-01 -1.420854678075326727e-01 -4.439255812757485903e-03 8.094582737895898716e-02 -3.279951286503629548e-02
1.275637935953661817e-01 -1.336834934839840339e-01 -1.350322963276879076e-02 8.623901906750712498e-02 -3.403772675398287345e-02
1.456886270128806837e-01 -1.778680328167455693e-01 1.787479921251904080e-02 8.076062189187471763e-02 -3.538834807614123917e-02
1.247303606140064691e-01 -1.428216698422334063e-01 1.800199719422273213e-03 7.672226263169784621e-02 -3.182808852314424064e-02
1.524523427186731117e-01 -1.554555501671295026e-01 8.406928439822718537e-04 7.976944668391158788e-02 -3.260796826915814822e-02
1.179624523762623917e-01 -1.284641011223464080e-01 1.522031803283608545e-03 6.728943742964048347e-02 -2.777948111494813258e-02
1.423574716563406062e-01 -1.634070458008931304e-01 1.279115302106256097e-02 7.537734060624058652e-02 -3.237788340963686229e-02
7.406629479685448991e-02 -1.010789481661411165e-01 2.392981370429952959e-02 3.245841846253633839e-02 -1.605011823597487022e-02
1.563179514206337883e-01 -1.469950035002531019e-01 -2.504890349566950281e-02 1.017843513922026405e-01 -3.888741057287794373e-02
5.545213909811349401e-02 -7.595175915044387327e-02 2.584578688952089351e-02 1.490374293940411113e-02 -8.865966752544845314e-03
6.004273325280559681e-02 -6.527194252268503361e-02 -9.177494394801016114e-03 4.571459994067207655e-02 -1.786098531681176368e-02
1.131789803836455305e-01 -1.165251159445946788e-01 -5.815274688561198994e-03 6.722478873059382909e-02 -2.682091389544179541e-02
1.700186877736439839e-01 -1.867150929550644989e-01 -1.130768860556049214e-02 1.146183401624815690e-01 -4.616907297901032270e-02
5.716200917242243024e-02 -6.573593249735966426e-02 6.909926715619133658e-04 3.529835119818765243e-02 -1.456687412690063979e-02
1.016720173781888448e-01 -1.098139335341099115e-01 -1.696683534715551916e-02 7.899639068553825083e-02 -3.088290316056223339e-02
1.605903811139136328e-01 -1.631850244288541030e-01 -6.603548674148803505e-03 9.208913868424815907e-02 -3.689965751758981366e-02
9.790432665393590528e-02 -1.217533755415250718e-01 1.988307870610489178e-02 4.631273889287022827e-02 -2.116352319726225867e-02
1.229926264594035645e-01 -1.320959235215603544e-01 -2.094483424813207290e-02 9.529731281805185750e-02 -3.715981683678885178e-02
5.888962514538845922e-02 -8.030492765201954763e-02 1.759325563128033565e-02 2.750079798985993751e-02 -1.332693404469888036e-02
1.157269435074427255e-01 -1.220634372637683790e-01 -1.664603781142370495e-02 8.409786389149652430e-02 -3.289927445621455143e-02
1.603379414291332128e-01 -1.904898888484840846e-01 1.399087024261057126e-02 9.130127645781693779e-02 -3.933678513325528786e-02
1.051443082797922229e-01 -1.304583265449733298e-01 1.676517192796683764e-02 5.537442921848643312e-02 -2.472414846040632899e-02
9.125787142456344425e-02 -1.111616046182803685e-01 1.682757082475605515e-02 4.358400268875069899e-02 -1.978380473805474785e-02
1.406729177321647817e-01 -1.652932698012998247e-01 1.170219678736950791e-02 7.868958857491689662e-02 -3.369055898444506952e-02
7.692015603147757397e-02 -5.530704898603136521e-02 -6.623464086106452264e-02 9.859208948866825251e-02 -3.344111381894684931e-02
1.151496124095394841e-01 -1.343543645364658479e-01 1.252798223043894051e-02 6.032585812334790437e-02 -2.620750095840560304e-02
1.550475440951881445e-01 -1.553188322861795145e-01 -1.576804238812725897e-02 9.799506606828647937e-02 -3.841257094407153627e-02
1.731998919039506868e-01 -1.844852215497467807e-01 -7.419671075502103780e-03 1.067715281880734640e-01 -4.307715954114276630e-02
1.804321983965375964e-01 -1.714241772679078457e-01 -5.715685323049358307e-02 1.519892426700717725e-01 -5.647703694536570368e-02
1.262083799727916900e-01 -1.407303421100784824e-01 -1.034557208927587395e-02 8.883003554191330753e-02 -3.557418942998799571e-02
2.001505893150475057e-01 -1.920300551985948678e-01 -9.469960847355712863e-03 1.075976583423791239e-01 -4.275900334977123657e-02
9.688137212804993903e-02 -1.125652882874084992e-01 -1.170700177744757927e-03 6.434734111974473036e-02 -2.655470455382035258e-02
6.495234637981255055e-02 -6.447940332282207920e-02 -1.725762540386358013e-02 5.273617404379764978e-02 -1.979200011747064142e-02
1.958843740764317637e-02 -1.829905335489157708e-02 -1.192166576165039869e-02 2.286290104990106042e-02 -8.154538263917104554e-03
8.684384441144828159e-02 -1.077075169947283029e-01 2.400402049619737924e-02 3.325001155230217220e-02 -1.613411120123948647e-02
1.563408608510439557e-01 -1.567692253358252408e-01 -1.207012354304032309e-02 9.468756817627639599e-02 -3.745537159293919199e-02
1.629059988506328660e-01 -1.806012984534955679e-01 -1.170803569166770997e-03 9.946084592553434967e-02 -4.082370993280626942e-02
3.752945166641582370e-02 -3.003283582133130930e-02 -2.728597491910012343e-02 4.475764522881990615e-02 -1.548998971561388154e-02
1.736450682051026706e-01 -2.035308051375076532e-01 8.633683944359520773e-03 1.041828383548646236e-01 -4.408666976284447009e-02
1.453883271785373632e-01 -1.695418086969725235e-01 6.924206126811121957e-03 8.662510698925807162e-02 -3.655426319659395296e-02
5.246290653790223329e-02 -4.908341389321416171e-02 -2.926363380019717658e-02 5.812209832400910131e-02 -2.082159430467298011e-02
7.988085052380801410e-02 -8.476667683633284933e-02 -1.861276460523614978e-02 6.683447461208047446e-02 -2.563286955196560427e-02
1.758430850679064128e-01 -1.754756285435098428e-01 -1.922696717299569522e-02 1.122857500979357603e-01 -4.392702060820467824e-02
1.356409320277317809e-01 -1.559759503808576808e-01 -1.862532522438688524e-03 8.815715036413443451e-02 -3.610792968067361164e-02
1.361480469897553280e-01 -1.390036052889971063e-01 -1.449717611157909369e-02 8.918279345336327379e-02 -3.507955578510205119e-02
1.189431699288970579e-01 -1.104557183655688474e-01 -3.560950549101603996e-02 9.548760256720216499e-02 -3.538681722073219044e-02
9.374336909609322366e-02 -1.243216455579902041e-01 3.105805279867470195e-02 3.710427235376678734e-02 -1.870281520859858049e-02
6.103181619249115064e-02 -8.790411974944170592e-02 3.316756969686696088e-02 1.476084131440010862e-02 -9.693327447749354800e-03
1.210553791494810155e-01 -1.495347919635394984e-01 2.327802577132399506e-02 5.830396459047042235e-02 -2.654326880977408640e-02
1.509513553416012566e-01 -1.749864755644445213e-01 3.726591750629115306e-03 9.326274770559137006e-02 -3.899784047149811722e-02
1.290558800853099652e-01 -1.314552548703853962e-01 -6.014791564375238618e-03 7.488365926959568430e-02 -2.990451173725429054e-02
1.293834112782834556e-01 -1.342927015998328644e-01 -1.645172875320473739e-03 7.200911825197287008e-02 -2.919597752466290483e-02
9.273129429419521563e-02 -8.926161501065392467e-02 -1.510774456477866241e-02 6.203024205810196701e-02 -2.369706577592755811e-02
8.491685676518451187e-02 -8.544300395436751905e-02 -9.607711677402860917e-03 5.482842939237915492e-02 -2.135872143840510801e-02
7.490911569502545220e-02 -6.446792336675918889e-02 -2.631489469552696775e-02 6.030446534130545766e-02 -2.181238520886892920e-02
1.483426900329928022e-01 -1.638293287508289509e-01 2.646291288392831412e-02 5.783523988709395047e-02 -2.628278964043551449e-02
1.097873623145780714e-01 -1.232909107287209205e-01 1.960382311080640511e-02 4.422662735930241867e-02 -2.003772918172940648e-02
1.645716264876932455e-01 -1.722286573374502694e-01 2.634329047300320442e-02 6.017347991816655861e-02 -2.702022081328656067e-02
1.821886380722159693e-01 -1.963092483810678635e-01 1.839970568086034958e-02 8.334843054680281249e-02 -3.587021176697079844e-02
1.643483424356235456e-01 -1.758682859834334034e-01 9.786551515538095825e-03 8.219750597930955416e-02 -3.458849091333842524e-02
1.269180349186364021e-01 -1.507690112312018715e-01 2.648230023153468407e-02 5.369034988410630732e-02 -2.484536976180820242e-02
1.164557291103468506e-01 -1.261505450509710635e-01 3.236961239708462720e-03 6.351067253292046189e-02 -2.628553115997950967e-02
9.403491814182925179e-02 -9.893297189287626747e-02 3.295567103726765139e-03 4.831024819689185706e-02 -2.005093221609503124e-02
8.713986742392605678e-02 -8.657340753604014782e-02 -1.916373173059026519e-02 6.649559195735933737e-02 -2.528333732888754862e-02
8.899132787129214461e-02 -9.428887786814509064e-02 -1.377714635221795889e-03 5.137790318125543682e-02 -2.086250287225195968e-02
1.912464854669191638e-01 -2.160106383697986965e-01 1.793414502228388510e-02 9.746676585810584714e-02 -4.192615770610991222e-02
1.150717466606509254e-01 -1.320407370706404016e-01 7.341723279779777123e-03 6.431507922266327393e-02 -2.725112096158541566e-02
1.318307197401406838e-01 -1.412067296569561037e-01 -9.762805161855004493e-03 8.662592420928609538e-02 -3.458573390702152084e-02
1.199481977191949045e-01 -1.142308216653998287e-01 -2.580892902148696627e-02 8.672160243326046403e-02 -3.274445300612992965e-02
1.460603367904299288e-01 -1.701506826970632658e-01 6.658901113461188417e-03 8.676251597601722376e-02 -3.645708753794370954e-02
1.282418906182709317e-01 -1.401873368604776571e-01 -1.308233549693867473e-02 9.096734885601863441e-02 -3.614705737896519583e-02
9.104749692136070160e-02 -1.068715300514609945e-01 1.105924853380118623e-02 4.659873823532362930e-02 -2.031946155302774559e-02
2.091632761498167792e-01 -1.920063267443533617e-01 2.086739933521725848e-03 9.211280173744121336e-02 -3.727008956717514643e-02
8.796235178055247794e-02 -7.733393677704190894e-02 -4.513705457012730238e-02 8.893426417520945704e-02 -3.178343883940195486e-02
1.303536452328707129e-01 -1.215211242565625988e-01 -2.259501984366900015e-02 8.582863046673319674e-02 -3.258729143225404246e-02
1.613026145980444581e-01 -1.658829956399409389e-01 5.738415199219979237e-03 7.976187835691880834e-02 -3.304830770692217951e-02
9.241408701951327187e-02 -9.395266367869950508e-02 -9.556588001730535395e-03 5.960503917779609584e-02 -2.337570851481873477e-02
1.187503044380766731e-01 -1.556793493429557973e-01 4.359841730691103867e-02 4.034813975145004616e-02 -2.130416863521444534e-02
1.155708496061030738e-01 -1.476131976726701711e-01 1.780983562239558948e-02 6.545465608274977920e-02 -2.914494719408661921e-02
1.535597363665790471e-01 -1.515936182183906245e-01 -4.006951521667451166e-02 1.239519751484027821e-01 -4.676688132483665383e-02
4.193540420662548313e-02 -3.130407665672124695e-02 -2.917015571142119248e-02 4.673919070470758386e-02 -1.608168144730700092e-02
1.345572287802608846e-01 -1.380073406573373851e-01 -1.960265522447146580e-02 9.460236630074031483e-02 -3.678016782777505933e-02
1.280932026587118799e-01 -1.307421060049587525e-01 -1.503419510519983342e-02 8.527665883387895718e-02 -3.337452045229966080e-02
1.166610712149872969e-01 -1.332713071557182771e-01 5.465324986344349215e-04 7.298075132093413686e-02 -3.019454193276807988e-02
1.333847326144404766e-01 -1.433776731931729886e-01 -1.248357156706352347e-02 9.118332456477649950e-02 -3.622385343005223718e-02
1.020342601562608253e-01 -9.806930388609456928e-02 -2.115805493667943099e-02 7.357809597429557091e-02 -2.787257046379457842e-02
1.408586604060425018e-01 -1.528253060559888743e-01 -2.434407497417710037e-02 1.110366295477328291e-01 -4.337888613222764395e-02
7.350684524410923404e-02 -7.360722155814423961e-02 -1.437360642677329957e-02 5.449181102291316553e-02 -2.085858652796976700e-02
1.917403352479858103e-01 -2.037272328580301550e-01 1.372563700325583891e-02 9.208265646104016322e-02 -3.897796733974887712e-02
1.135456069800949985e-01 -1.230331746515108404e-01 -1.845125708652446336e-02 8.788932521907699691e-02 -3.438641484516413716e-02
1.085910739227700511e-01 -9.575408493189967174e-02 -3.294334173092947071e-02 8.360586402564873509e-02 -3.069339710650817454e-02
1.300780634805269731e-01 -1.422829736531585898e-01 1.180802173244856895e-02 6.283925567853104743e-02 -2.692234747367449818e-02
1.355702277101535624e-01 -1.549743561852010842e-01 -3.538305777978081098e-03 9.015754596187885994e-02 -3.698047383455463355e-02
1.338187948888784340e-01 -1.430912025330556836e-01 -2.653020615072033267e-02 1.077191986963448866e-01 -4.175693508004609672e-02
1.431872234694488710e-01 -1.438560512629788735e-01 -2.397181573979700192e-02 1.018697567992813552e-01 -3.927870834453629084e-02
1.602488338980665172e-01 -1.388269579001166487e-01 -2.146910970039034305e-02 9.063033025361948158e-02 -3.444434180609969032e-02
3.001978475913507499e-02 -2.644944239229525540e-02 -2.071531440776015753e-02 3.663112805586807991e-02 -1.290402669798441926e-02
4.404316708925695711e-02 -5.312122092800360129e-02 -2.231725475875211574e-03 3.286458488541354334e-02 -1.340126051590756311e-02
1.399882074704240920e-01 -1.601086611711264873e-01 1.053316742019331197e-02 7.611985620559480470e-02 -3.247333170650962275e-02
1.359958637802146375e-01 -1.392950590319228521e-01 -2.966234918452987160e-02 1.071365518115210830e-01 -4.099663703433198414e-02
1.783115745766299942e-01 -1.791380646099760554e-01 -2.552283421502195629e-02 1.218642066918597666e-01 -4.729004393217161456e-02
1.432066599448271471e-01 -1.519742610525343096e-01 -2.966064054400773843e-03 8.407634995923075893e-02 -3.416601948512364845e-02
2.188679482924081321e-01 -2.443497384613662060e-01 2.278500671229431729e-02 1.065553214257587977e-01 -4.607907107903550653e-02
1.470606661949944993e-01 -1.486792208275609928e-01 -4.476180389815824501e-02 1.295258481311560572e-01 -4.879381563010280060e-02
9.101544012894487168e-02 -9.582049385523606910e-02 -1.788177427246310375e-02 7.134901514101986419e-02 -2.747654539447363931e-02
1.252390825864134749e-01 -1.406252047570815122e-01 -1.322990410064248459e-02 9.269025860757132418e-02 -3.695843246195133769e-02
1.431756010019584191e-01 -1.632359701734481250e-01 -3.293905897291663463e-03 9.411494706408395083e-02 -3.857858470997303779e-02
9.821512317630215483e-02 -1.089928906168227823e-01 -1.467106663876975928e-02 7.684685433225685314e-02 -3.029988577090407878e-02
1.410690389623913410e-01 -1.629794711167103782e-01 -1.206632488328368211e-03 9.219349519593314501e-02 -3.804381631369727762e-02
1.292305958698545532e-01 -1.442920875687409565e-01 -4.841773579898897735e-03 8.445334397845263852e-02 -3.434041527635890712e-02
1.361232106329712255e-01 -1.383400688952349522e-01 -3.008152539770764938e-02 1.069984163560271095e-01 -4.093304248555849206e-02
1.026352215949664221e-01 -1.169398195837368093e-01 -4.966234652669920639e-03 7.020779511907032644e-02 -2.845573541074837565e-02
9.816771072376709317e-02 -1.060576562825717856e-01 -1.141271869622685967e-02 6.978744404849002159e-02 -2.745584310224564659e-02
4.893411619957651476e-02 -4.990703373092375550e-02 -1.873404646845018562e-02 4.778059604733977950e-02 -1.773187714004453852e-02
1.207038985794118835e-01 -1.275779856764145404e-01 -1.962178588465474452e-02 9.064447061537492245e-02 -3.532096166123353115e-02
1.469982175731877894e-01 -1.592159153920801318e-01 -6.383104898473045434e-04 8.619157010563600896e-02 -3.534213514817741847e-02
1.335219915753057818e-01 -1.442939735198942308e-01 -1.924011988040836424e-02 1.001176906320834364e-01 -3.933351261979963626e-02
4.065238038286884958e-02 -3.121316354032723644e-02 -2.374416525355939334e-02 4.062936542708172477e-02 -1.409032452724072806e-02
1.565561670075087952e-01 -1.760242591676429436e-01 -5.352117333733764568e-03 1.029651401636608177e-01 -4.200795526725743800e-02
1.139974456645227729e-01 -1.229183233576073286e-01 -5.113144936077737047e-03 7.137704743996980961e-02 -2.871165492572382710e-02
7.976218400261499142e-02 -1.117831893395441062e-01 4.107106889967836877e-02 1.913760473163189299e-02 -1.227252664963768107e-02
5.446375097464885295e-02 -7.441673655414871025e-02 2.330693840838555381e-02 1.713891394811410673e-02 -9.585050465260640251e-03
1.441822943984763516e-01 -1.393662570586904903e-01 -1.390434091303177112e-02 8.625384784995035470e-02 -3.369090997779333740e-02
1.948733779956725587e-01 -2.034614406425356570e-01 1.218201095572180037e-02 9.288603567011460838e-02 -3.910649522211352008e-02
1.904076482226776390e-01 -2.250396390767108734e-01 1.370719688946815153e-02 1.110099247024545488e-01 -4.751489960554906161e-02
1.414315126412053480e-01 -1.539749356728772056e-01 7.537946223375576946e-03 7.402311220711529915e-02 -3.112637224725250604e-02
1.931687924199655959e-01 -1.928339369836259698e-01 -1.935435775517720114e-02 1.213033540936259980e-01 -4.757107072989865543e-02
1.363900497470800499e-01 -1.465314394639781470e-01 -5.615836262226821772e-03 8.486848575885930224e-02 -3.430121360772233480e-02
1.825329649638755269e-01 -1.932559761693085076e-01 -3.536338287188158652e-02 1.440927536728370539e-01 -5.576748471415336056e-02
1.251142898933446657e-01 -1.388983281091345223e-01 -6.321494438759154427e-03 8.310023050616822948e-02 -3.364549717527436784e-02
8.835592519017750057e-02 -1.090312384318683631e-01 1.557698114481374449e-02 4.433680320980167011e-02 -2.002442909281492919e-02
1.384727853487532634e-01 -1.485094492188086812e-01 -6.220147130568480162e-03 8.652558901896909016e-02 -3.490997426273367149e-02
1.549354992003804943e-01 -1.734123760877600839e-01 9.342010082475257077e-03 8.369433433848985637e-02 -3.537529687869273715e-02
1.345857462905337698e-01 -1.531768786775301039e-01 -4.331894877599550518e-03 8.981040546890949050e-02 -3.672116894813364646e-02
1.411221511060102574e-01 -1.690770068880390886e-01 4.018650898266696615e-03 9.155398675865455971e-02 -3.850157313619296390e-02
1.084266076915911814e-01 -1.175387052825416362e-01 -1.553285491019657655e-02 8.139179201610098613e-02 -3.196445649489046414e-02
1.325093671742307022e-01 -1.216413231748535995e-01 -3.887117012431972468e-02 1.041777071087181816e-01 -3.853207047675856478e-02
1.418533330527840530e-01 -1.694892105226752654e-01 1.903187051854333955e-02 7.340592969971718174e-02 -3.233826633065758904e-02
1.467895445966440338e-01 -1.622486516052490946e-01 -8.283455338847717578e-03 9.788085855208483732e-02 -3.952408981763711610e-02
1.131147225599960782e-01 -1.311245300192847851e-01 9.176543254723975099e-03 6.202402656899416028e-02 -2.650994073339865351e-02
1.246765838183016561e-01 -1.149989726875834395e-01 -4.481743538552782069e-02 1.082428552936595262e-01 -3.972358949583391224e-02
1.894017687718753673e-01 -2.057351160367157650e-01 1.335446430511057561e-02 9.456225830638176344e-02 -4.000277831843399023e-02
1.344860739272890071e-01 -1.422413328922137732e-01 -1.088640970521325378e-02 8.809660641694180838e-02 -3.507857762281731129e-02
1.074832381924075569e-01 -1.116769607103250406e-01 -1.819079850576792515e-02 7.978484161248690365e-02 -3.091650863808690156e-02
1.160998708984431887e-01 -1.264342039845649246e-01 -6.849178138103480078e-03 7.623680347024806847e-02 -3.072165457312085388e-02
1.009630291134082369e-01 -1.094097810598123888e-01 1.740204961621597424e-03 5.658160840356765697e-02 -2.337562241606416097e-02
1.507114679031216764e-01 -1.718971995664978769e-01 -5.253426166862473767e-03 1.013570810449854614e-01 -4.141249144771006613e-02
1.492657722791366215e-01 -1.712493744572444743e-01 1.078114673570977622e-02 8.226590911616175894e-02 -3.508230049144536039e-02
1.334550727936562042e-01 -1.402098155607273688e-01 -9.161038408971240374e-03 8.463219638073848916e-02 -3.377414339880945027e-02
1.517401400553584356e-01 -1.762511299317388036e-01 1.468759579604298794e-02 8.088929751152569569e-02 -3.489551486108938977e-02
1.398103549628198494e-01 -1.534233780270278236e-01 -8.803773059014734920e-03 9.339234213436244103e-02 -3.760773057561571375e-02
1.153347740353915102e-01 -1.319803935442516174e-01 1.270679304455617740e-02 5.796133497692045750e-02 -2.516222629448080714e-02
1.861151488799367149e-01 -1.963333773765194301e-01 -3.340938915668262288e-02 1.435494449446245990e-01 -5.581280925222158878e-02
1.276690194982517124e-01 -1.455902192238965609e-01 7.789150421406102615e-03 7.115101529778712630e-02 -3.013174331415589824e-02
1.240874357111109161e-01 -1.336853902919683812e-01 -1.705199993913933745e-02 9.182554793027802864e-02 -3.615420540867716331e-02
1.470438213700652752e-01 -1.741715579201289499e-01 1.277983897146922447e-02 8.320814017444125299e-02 -3.580598375719936527e-02
1.149796052613756697e-01 -1.167421367228266421e-01 -1.785131203735134536e-02 8.122336481981499989e-02 -3.147606450680121709e-02
1.287880399245588670e-01 -1.510489344653635213e-01 4.054501772536357219e-03 7.992224529246551301e-02 -3.350900472725034523e-02
1.384980743802609882e-01 -1.531223653306295618e-01 8.138061253807669579e-03 7.350438050740909501e-02 -3.101997488816025592e-02
1.179749381321356788e-01 -1.383125570974884644e-01 1.085019070402441776e-02 6.465233892417143746e-02 -2.783395695191226080e-02
1.138985652130843768e-01 -1.041946140657871445e-01 -2.610137188898491861e-02 8.087025332916578102e-02 -3.026660278894378886e-02
1.335274931062647996e-01 -1.458525103356790031e-01 -1.486774434029750763e-02 9.636263254004608092e-02 -3.826552995020060521e-02
1.484873015018401410e-01 -1.592773627615564624e-01 -2.605581934298716561e-03 8.805291146409598146e-02 -3.587765905562355362e-02
1.292005177520201831e-01 -1.331998401896516138e-01 -2.533049291247290238e-02 9.923260270508756087e-02 -3.821129634231200389e-02
8.289967716864590774e-02 -9.101916647102603619e-02 1.323107343343029804e-03 4.735771318903170268e-02 -1.952785396307137392e-02
1.339472377692997318e-01 -1.436363812007139806e-01 -1.070874188990125937e-03 7.792336674150329712e-02 -3.187166660855646205e-02
1.539317943803574507e-01 -1.675051564422479766e-01 -1.053489982001117563e-02 1.025445641619745357e-01 -4.115676349149060415e-02
1.189673855958787024e-01 -1.309611261366114554e-01 3.810445121450082391e-04 7.036366688542523840e-02 -2.896374984629800781e-02
1.812268588952055393e-01 -1.998160952287781345e-01 1.115493768122336089e-03 1.068789436612597732e-01 -4.406715271023316227e-02
8.987699698608947463e-02 -9.337929347246440304e-02 -1.064133553900934934e-02 6.130853381300536281e-02 -2.405423505702384765e-02
1.681517439722797214e-01 -1.855931832293065131e-01 4.355914259473521889e-04 1.003062711088952147e-01 -4.137643160071308168e-02
1.191486759158319614e-01 -1.243681043802748465e-01 -2.731947954155783398e-02 9.773569770689619074e-02 -3.752226103134820301e-02
1.421267246117718375e-01 -1.571768917556453093e-01 -1.821100312069111674e-02 1.071421250162784139e-01 -4.245183644095750636e-02
1.076790320760967756e-01 -1.066886678954613310e-01 -2.464639541039312029e-02 8.311523479369330170e-02 -3.154794078693112791e-02
1.310785567387884598e-01 -1.512413654491684967e-01 -4.573900886031849987e-03 8.971054336983365352e-02 -3.671191158967413576e-02
1.480460324368585989e-01 -1.562489877542337924e-01 -2.960127424082905842e-02 1.177686566225843723e-01 -4.556652509109135329e-02
1.361728991016988854e-01 -1.526315162457096974e-01 -8.232036359639208906e-03 9.327874984306375183e-02 -3.768772240211878261e-02
1.681319619721464154e-01 -1.861142926290200172e-01 -9.258347194347151324e-03 1.122638549249883322e-01 -4.541249633781102579e-02
1.254007622705614056e-01 -1.373424162344235866e-01 -1.489178774250711490e-02 9.194200063316587679e-02 -3.645902815888911463e-02
1.136418068312940038e-01 -1.105725710055595751e-01 -3.424679923022780348e-02 9.578199079095613133e-02 -3.580258742058209376e-02
9.704940602403550054e-02 -9.759847406719095175e-02 -2.828006207419395471e-02 8.339938647797212612e-02 -3.141460903048638731e-02
2.407778721020971402e-01 -2.494547087052132739e-01 5.158085444448930537e-03 1.247115636150048917e-01 -5.143549238667531609e-02
1.648081428245053159e-01 -1.828933366921383918e-01 -9.195207879946090332e-03 1.104963786420436189e-01 -4.467830000224953108e-02
7.351382667244132918e-02 -7.111167831141661233e-02 -2.229967786163470841e-02 6.167185233922525128e-02 -2.298889436663993993e-02
9.818404498298335392e-01 -1.164417180505649574e+00 7.590056413736370744e-02 5.558984966722543275e-01 -2.351346099970400561e-01
1.614425032314373287e-01 -1.782882302181399981e-01 2.490180591052434250e-02 6.760784700251298851e-02 -3.019263684396150671e-02
7.355730477423808034e-02 -6.853723455049567925e-02 -9.408070624430659237e-03 4.463074035430377590e-02 -1.716310929627058723e-02
1.192444788950538237e-01 -1.229943915356524614e-01 -1.307323871008641940e-02 7.937061894159806730e-02 -3.118141381736404608e-02
1.549204472210269079e-01 -1.762981334548356371e-01 3.583099386157326781e-03 9.317653823277277647e-02 -3.887315329063592562e-02
1.487492942486125513e-01 -1.702424572539896763e-01 1.299896307571688295e-02 7.887858739503798844e-02 -3.386122462300225622e-02
1.866885241400104145e-01 -1.990730813265037258e-01 3.068911788616556727e-03 1.025261920348250477e-01 -4.236933344690843595e-02
1.424477538429429757e-01 -1.532770857449603508e-01 -2.164889219163854475e-02 1.076612198760098088e-01 -4.221499753455624365e-02
1.481082478706205463e-01 -1.646412877064701852e-01 -1.189989250472086972e-02 1.040216892737608617e-01 -4.180324834689849722e-02
1.229582569688031785e-01 -1.308711464911127553e-01 -1.827631072850097183e-02 9.108019059799575545e-02 -3.564513359656548003e-02
1.012448874863555170e-01 -1.061514755723325237e-01 -1.869509680934774987e-02 7.796763224898448086e-02 -3.019712621960494656e-02
1.501485801193737923e-01 -1.682432841599299789e-01 1.967845224079133037e-03 8.978984393834246736e-02 -3.723836738875840879e-02
1.758011166189579200e-01 -1.847223505222016504e-01 -1.597953499099203159e-02 1.161032149621179371e-01 -4.602265437451340951e-02
1.667014649133515269e-01 -1.907792435453066759e-01 2.460236715493105061e-03 1.029324936814345753e-01 -4.285020225679897488e-02
1.363569904177960868e-01 -1.435378429654886601e-01 -4.869529811111452354e-03 8.153630303635761578e-02 -3.293304643433282719e-02
1.383131124479283769e-01 -1.420961299826387914e-01 -3.430913671324439806e-02 1.145909524627849868e-01 -4.372735515665583661e-02
1.096608743343099879e-01 -1.249485643486773073e-01 4.524776980231568976e-03 6.351838605876534982e-02 -2.664649479311429273e-02
1.054627269130337802e-01 -1.136356195507653155e-01 -1.329350229155220296e-02 7.646433764728216564e-02 -3.014532487062258903e-02
1.197628447581507993e-01 -1.289350978401085368e-01 -5.420704120930640649e-03 7.526286771142098875e-02 -3.036911904469991041e-02
1.779313263567642855e-01 -1.987145817629688005e-01 -1.022011284388146465e-02 1.207204409983919091e-01 -4.882556148953668546e-02
1.058064249808772228e-01 -1.162217763656914621e-01 1.984370228959614346e-03 6.046492197414854441e-02 -2.504671347731067879e-02
1.276584752904970921e-01 -1.269650031161181913e-01 -2.004028572351962065e-02 8.767413463024519016e-02 -3.368457933900059070e-02
2.062215803596198493e-01 -2.120975941960518696e-01 4.135028121588464785e-03 1.058787905969321153e-01 -4.360155449066846489e-02
1.302819463076058948e-01 -1.347853994752019613e-01 -3.224594704407009182e-02 1.087148434641962147e-01 -4.155246403361478186e-02
1.495737851024685205e-01 -1.544882355169447108e-01 1.308391249092086804e-04 8.034873821781064740e-02 -3.275533544700529737e-02
1.019769267682822111e-01 -1.128839829409485629e-01 -1.862856488531836746e-02 8.367042126247770106e-02 -3.274820624363214416e-02
1.103232047610737399e-01 -1.364378476459764677e-01 1.778652051265865869e-02 5.757970554320947232e-02 -2.576173589693765698e-02
1.610088946982229652e-01 -1.632370780395329679e-01 -2.158524066378480696e-02 1.095812324393264925e-01 -4.269416191984204412e-02
2.160408753187561814e-01 -2.196848777832257349e-01 -4.637846882048805158e-02 1.688017758889620579e-01 -6.481135186517289482e-02
1.946213355053893479e-01 -2.089454426663821252e-01 -2.164544944273685302e-03 1.139469259273851870e-01 -4.650620913955230695e-02
1.404037263127422830e-01 -1.721202514507395864e-01 2.257174197966145199e-02 7.220329341586861904e-02 -3.234426369451837840e-02
1.551382973311981883e-01 -1.569527153574081235e-01 -1.532785259728945693e-02 9.884275699373694379e-02 -3.885364237250908681e-02
1.926609212533396676e-01 -2.309428512523156451e-01 3.967794622138658134e-02 8.417222569582254177e-02 -3.890068775767939468e-02
1.110297512579294099e-01 -1.132413867984890660e-01 -2.452406711968430422e-02 8.741385692565464827e-02 -3.340520610505750415e-02
1.125444354075405273e-01 -1.337791054870233476e-01 1.406976195542537257e-02 5.882897132729636436e-02 -2.577459953399930184e-02
1.357303256296713556e-01 -1.558758049528787271e-01 -2.868912366674102044e-03 9.002826598536746439e-02 -3.699276166722107601e-02
1.421153371363576279e-01 -1.757360531268851167e-01 2.758865014834610552e-02 6.881091989749427151e-02 -3.147932049057118598e-02
8.981888092068486540e-02 -1.046566652213398035e-01 3.015872184527148940e-03 5.477156984839755272e-02 -2.293205922682545889e-02
1.552410216216214833e-01 -1.719581283313350584e-01 -1.045142859663721405e-02 1.059142987908850836e-01 -4.265730714404605134e-02
9.994383535761586224e-02 -1.077635841522826821e-01 5.400746202155005081e-03 5.129510196413179096e-02 -2.154140762374332635e-02
1.705655157182808246e-01 -1.826401607213143374e-01 4.792609497619320508e-03 9.193218654022435044e-02 -3.819030115672433084e-02
6.468262583094831764e-02 -5.832702063648578794e-02 -2.525825253966645922e-02 5.714488352016668798e-02 -2.072664010447427402e-02
5.669398982485417821e-02 -4.851283084094872022e-02 -2.556352859424829149e-02 5.197901841666034695e-02 -1.856945960003642329e-02
1.181112130176363156e-01 -1.345617258346498701e-01 -5.047170960936664570e-03 8.030827746110200116e-02 -3.269616646245302599e-02
1.612949544779073707e-01 -1.801983320786645082e-01 -6.981589871233657985e-03 1.067819655170083731e-01 -4.338706088471162847e-02
1.475670726075861139e-01 -1.717698744684596213e-01 6.878897771163871612e-03 8.777649757298801314e-02 -3.700500752005678878e-02
8.543255436963241578e-02 -9.520719035158921317e-02 -9.294887691289685158e-03 6.279315022832676618e-02 -2.495366421581474842e-02
1.562827983848704694e-01 -1.779140814813509885e-01 2.377550964369086819e-02 7.015744389655004243e-02 -3.126138308242417535e-02
1.636441590388105771e-01 -1.628546151517194784e-01 -2.432230587145919540e-02 1.117912324205727892e-01 -4.330346235516453063e-02
1.940087037929699720e-01 -2.248989812950371592e-01 -7.474669198604794694e-03 1.351886138645871649e-01 -5.546933589038542667e-02
1.238192020120252174e-01 -1.353397951314417036e-01 -9.842440623712141005e-04 7.405833109941141468e-02 -3.033238847490366680e-02
1.396508379535744970e-01 -1.475914846768630606e-01 -1.905092330058433953e-02 1.005388536936532989e-01 -3.942512724574029348e-02
1.745280642796117609e-01 -2.017481404875874351e-01 -1.769147904925412592e-03 1.147344492907034497e-01 -4.738942293544825407e-02
1.246059877249718201e-01 -1.377470606435844402e-01 -7.126712709470317889e-03 8.315561081371562746e-02 -3.355352400028156767e-02
9.778034528695096761e-02 -9.592509967650611480e-02 -3.304767062915988513e-02 8.747754728342525821e-02 -3.261315910466040108e-02
1.147312832341602917e-01 -1.331983157671798590e-01 -6.440064287562084072e-03 8.208911827916086368e-02 -3.337353498332919916e-02
8.155828600658220073e-02 -9.503770907544920044e-02 -8.428888776113927297e-03 6.333085379715826246e-02 -2.542861146812569473e-02
1.010575365403930531e-01 -1.213606865288979070e-01 5.793833014185341239e-03 6.206019943111447390e-02 -2.633853397189487439e-02
1.511179974801947490e-01 -1.708046236268001006e-01 1.778725694626235448e-02 7.285736502400133596e-02 -3.175761782246621506e-02
1.695180890722309541e-01 -1.713735000823380372e-01 -2.548583479711710384e-02 1.182743615080093513e-01 -4.589112977948625605e-02
1.012407833657711226e-01 -9.568112656712370045e-02 -3.505740119674564947e-02 8.838295230293714833e-02 -3.267346625324579062e-02
1.486690696389350030e-01 -1.523196280400201108e-01 -1.161867835698227568e-02 9.265323953489552899e-02 -3.670608016150432584e-02
1.179984931057262293e-01 -1.247394237867294614e-01 -2.073269840600622249e-02 9.041593673758341332e-02 -3.511110799854712944e-02
1.423276835154503595e-01 -1.457375724271970097e-01 -2.719745817361250706e-02 1.075615440205877071e-01 -4.139466076122481908e-02
4.911292627552810847e-02 -5.735493003510507004e-02 -6.496699439369605679e-04 3.263521611958100643e-02 -1.338610284361599345e-02
1.264947820243282339e-01 -1.538618795108297466e-01 1.753658915971922916e-02 6.717226778596355197e-02 -2.967487743800870451e-02
2.176372524668175046e-01 -2.392406406249497075e-01 -2.596736021047286319e-02 1.612979336325973956e-01 -6.422636657805033678e-02
1.511656248572996464e-01 -1.660300362408784758e-01 -4.763111278616604174e-03 9.546089345570907270e-02 -3.883870032552902418e-02
1.030399109942457675e-01 -1.162010578976438169e-01 -2.235706562259991668e-03 6.636319831288321758e-02 -2.715196511843965751e-02
2.059911167866458337e-01 -2.147496409634116199e-01 -8.162058579623040350e-03 1.223888561050704982e-01 -4.929830020126037271e-02
1.459526654723447003e-01 -1.511354231938245585e-01 -3.310529954483588944e-02 1.180359498687663378e-01 -4.521458765984017608e-02
9.493921516687102435e-02 -1.082316725757170583e-01 -1.026979564680680947e-02 7.208858125717988730e-02 -2.881308166504843726e-02
1.069487933277135649e-01 -1.248719882785111063e-01 -2.314848428541386831e-03 7.274549333655450090e-02 -2.992525832875437414e-02
1.305746372072054684e-01 -1.540017450738591920e-01 4.851243551058965695e-03 8.092327512013612612e-02 -3.402856450709471070e-02
9.413386357519006042e-02 -9.830901669006682220e-02 -2.483197708831716422e-02 8.065737422966427761e-02 -3.062665567935243804e-02
7.799821969696843493e-02 -7.897909901097040219e-02 -5.200626507557423901e-03 4.644219007628503509e-02 -1.833677321769297194e-02
1.086440273224320990e-01 -1.315327563851019788e-01 9.039729172135047572e-04 7.427959716719002847e-02 -3.101785379574089827e-02
1.136372935590168887e-01 -1.413107278079829832e-01 2.928202352059050551e-02 4.646838543552660877e-02 -2.217185224368900878e-02
1.436782410655739195e-01 -1.585215627673499106e-01 6.781398921656840370e-03 7.799537625506371141e-02 -3.274951321021121742e-02
2.003573621843960373e-01 -2.435801247038955897e-01 2.748564266001385023e-02 1.070004057847409040e-01 -4.732161550589276955e-02
1.454657468848726265e-01 -1.606024213027776870e-01 2.326641820931717088e-03 8.429665294789198682e-02 -3.490085416178535793e-02
9.419375724294648533e-02 -9.275779290218091888e-02 -1.651240281060742041e-02 6.606015803500975281e-02 -2.526099487305718400e-02
