-7.375414919324013556e-07
-8.078969127266786146e-07
-7.822009438120986971e-07
-7.896154830337675759e-07
-7.914648145602983323e-07
-8.068999593941405398e-07
-7.816357383986263058e-07
-8.295671255599410126e-07
-8.062802972204538865e-07
-7.766676950164299333e-07
-7.648930041451221616e-07
-8.124712006181581671e-07
-8.181189629063566100e-07
-7.338185622068487949e-07
-8.421678757819726618e-07
-7.465168147216525634e-07
-8.402017126061042549e-07
-7.815740980750399385e-07
-7.766035845365350045e-07
-9.095153582711911011e-07
-1.000745387374064367e-06
-8.272439292836370289e-07
-8.386611424979704384e-07
-8.596474140481394643e-07
-8.657568075713989527e-07
-8.977505319865901180e-07
-9.552630310782967897e-07
-8.496664050558529222e-07
-8.357221676882929852e-07
-7.746424191710824378e-07
-8.656062814562774208e-07
-8.267314516156513009e-07
-1.021402281934562569e-06
-9.492320179521115614e-07
-8.884164399381107574e-07
-8.379215538584211964e-07
-8.922311380836564563e-07
-9.007687993087005451e-07
-8.385006072641282482e-07
-8.627067099998443617e-07
-1.253384319066219886e-06
-7.992991017495235055e-07
-1.055195336564738354e-06
-1.030116473277597929e-06
-8.617684777705429614e-07
-9.424354939893095708e-07
-8.917491823790331340e-07
-9.340000957648502104e-07
-9.584664699099315312e-07
-8.637098011606061974e-07
-9.114084591140269947e-07
-9.088921306524620994e-07
-7.876141306474881805e-07
-7.791342779749403414e-07
-9.847725761506508682e-07
-9.938551531226067225e-07
-9.058021512689015597e-07
-8.054150178500524061e-07
-9.069862463865643818e-07
-8.305483326060165184e-07
-9.364938508011744576e-07
-1.173476695109735155e-06
-1.063601990239028979e-06
-1.007087365733362685e-06
-1.059396732051223445e-06
-9.383136448887186409e-07
-1.117033098899344067e-06
-1.035415262249214413e-06
-8.892425114274902661e-07
-8.938852182087967815e-07
-1.021619629733039296e-06
-1.023344660735136103e-06
-9.573077977058801375e-07
-9.788283394295323604e-07
-9.617696051088464985e-07
-9.048154295412002275e-07
-1.017867846995950091e-06
-8.607328682327294819e-07
-9.333658712857077104e-07
-9.234685607503026459e-07
-8.757475159592577475e-07
-9.757114743425822042e-07
-8.566917673114365259e-07
-9.053069929587366800e-07
-9.024877050347477430e-07
-1.107326390424954931e-06
-8.873947547097397001e-07
-9.591021238457073710e-07
-9.640729481096510915e-07
-1.171929567400044930e-06
-1.022618574068389437e-06
-1.059254030281082239e-06
-9.501450839859680283e-07
-8.472747124439288915e-07
-1.121476725904720483e-06
-1.121060585149245735e-06
-8.793429940615229604e-07
-1.130422006834897087e-06
-1.079856758331305372e-06
-8.961312936542548096e-07
-9.018581220193585350e-07
-8.488432557631680280e-07
-9.597544683211473633e-07
-9.611852506391334427e-07
-8.857863957166813977e-07
-1.023161769956305832e-06
-9.746176060657349176e-07
-1.077801760154672989e-06
-7.980111952779907910e-07
-9.581502916181453587e-07
-9.355713920999400141e-07
-9.572984318808821328e-07
-9.334645045535136130e-07
-8.824299581868489576e-07
-1.018570075303211380e-06
-1.015872593418553165e-06
-8.543737492436776020e-07
-1.077755043003220792e-06
-1.018628886895802185e-06
-9.657643605326147676e-07
-9.438364221617490451e-07
-1.121068972558574444e-06
-8.871141810226859048e-07
-8.719377650461629284e-07
-1.018803282917617193e-06
-8.132233476429339963e-07
-1.156110936588526857e-06
-9.609421428293407205e-07
-9.461852642693444633e-07
-8.462956005615697959e-07
-1.102893162708532506e-06
-9.473681356081663243e-07
-9.448679345082571300e-07
-9.004246382948603232e-07
-7.979234553045229297e-07
-7.917086404147405538e-07
-9.489769539647954909e-07
-1.005217951531435594e-06
-9.929322772208502215e-07
-8.616534326215849625e-07
-8.863536697757650384e-07
-1.085623289457828636e-06
-9.598086743017601700e-07
-8.808800533607091568e-07
-8.616596218464049809e-07
-1.005559088169474127e-06
-8.903697662024400237e-07
-9.534012518641382871e-07
-9.522790003238744030e-07
-9.603883951257715684e-07
-9.140395126433240919e-07
-9.709539746231740096e-07
-7.497526605638643416e-07
-9.682075521128173500e-07
-9.432449986963184620e-07
-1.020034951449499655e-06
-1.086416577942411591e-06
-1.068554026032404002e-06
-9.512602073604903063e-07
-9.681620733184429473e-07
-8.874901004801367684e-07
-1.023086650164103590e-06
-1.192838907987399897e-06
-1.063805561116827693e-06
-8.367988201281669209e-07
-9.712015182059464414e-07
-9.271279157350388050e-07
-8.245754698386490855e-07
-9.083649854317043109e-07
-1.001944526160270324e-06
-9.682499926263461117e-07
-8.983844106256198430e-07
-1.019588236455550035e-06
-1.032820293471936805e-06
-8.973572324261910340e-07
-8.022958503925439842e-07
-8.992536521496473440e-07
-9.164360022309484783e-07
-8.987947591308703177e-07
-9.430735193779784937e-07
-1.100400642711930643e-06
-9.564495224590602307e-07
-1.127380758031312768e-06
-7.841053459374749431e-07
-1.069965295494026590e-06
-1.021007694756160084e-06
-1.031641504247572691e-06
-9.487076524851134861e-07
-7.482963065617856464e-07
-9.497090363875225985e-07
-1.030053373710924542e-06
-9.484479809344900295e-07
-7.883643848415512886e-07
-8.662053084428711222e-07
-1.013556426130342525e-06
-9.299877545760932962e-07
-9.074287122386833559e-07
-9.957194582330394278e-07
-8.806477178909046660e-07
-8.873374825198197537e-07
-9.033227380950127420e-07
-9.475577525201853734e-07
-9.633886751031191250e-07
-9.609799309331258299e-07
-9.197455401354081509e-07
-8.859742480263887185e-07
-1.080539748458932879e-06
-8.227132631693451971e-07
-7.512012966986446792e-07
-9.980127661098709227e-07
-1.020623933714217668e-06
-1.178998570179200153e-06
-7.866215380303364910e-07
-1.209117272206761981e-06
-9.219713007168627179e-07
-8.237972339200022677e-07
-9.463944117446217995e-07
-1.025309820678577360e-06
-1.044829231544778964e-06
-8.952982872036005252e-07
-9.364179466029381992e-07
-8.544284915415468494e-07
-1.022860577190613347e-06
-9.512838251054567507e-07
-1.049661297477571135e-06
-9.260178071939998888e-07
-9.559227446324265099e-07
-8.569168920026727875e-07
-7.957110891343859618e-07
-9.292237400489320011e-07
-9.814879464011424654e-07
-8.407902381327213972e-07
-1.107182821544221853e-06
-9.931979215631469454e-07
-9.718074961669358347e-07
-1.039954115177366254e-06
-9.771264229941448418e-07
-1.030870876910413849e-06
-8.554370148306428697e-07
-7.532910768572725992e-07
-7.926471403879341502e-07
-1.055926403638884005e-06
-9.575347899924704431e-07
-9.668696498984098618e-07
-9.556632460865761820e-07
-7.984396743287190642e-07
-1.021029611616494716e-06
-9.413495140847174090e-07
-8.672828966206096497e-07
-8.771701420366256497e-07
-1.042346730179075957e-06
-8.495079167503758990e-07
-7.920854167507179314e-07
-1.054483574051078573e-06
-1.132121554497730934e-06
-9.556299511392658972e-07
-9.345264390647406249e-07
-9.685457388045659168e-07
-1.099800160996094215e-06
-8.570821136596217570e-07
-8.196185828289340976e-07
-1.046526104959815057e-06
-9.505221339788667159e-07
-9.224359157215795309e-07
-1.198572864523159820e-06
-8.383597699456255243e-07
-1.011014956365892587e-06
-1.090022474051822260e-06
-9.827642670505054120e-07
-8.176504343485896386e-07
-1.143311809469760114e-06
-1.025324110815350691e-06
-1.126432158916107321e-06
-9.115267045209851556e-07
-9.689799528846063459e-07
-8.489415245442076570e-07
-1.207590347757090030e-06
-8.679117025556167417e-07
-8.296123918864485863e-07
-1.019795876828726483e-06
-9.285174020152504093e-07
-8.936252369976504059e-07
-9.032677975438390559e-07
-8.772463509966356333e-07
-1.334610165820435505e-06
-9.687562552557865540e-07
-1.185298574167562196e-06
-1.046321200287576024e-06
-7.730213839938074618e-07
-1.066552549893897811e-06
-4.204025055404812975e-06
-1.197832636748410155e-06
-8.724369382908704315e-07
-1.140494604487188194e-06
-8.725340034937166658e-07
-1.209871676546372262e-06
-1.003453124701861458e-06
-9.556969690173109494e-07
-8.645132466748468449e-07
-9.862228149753996686e-07
-9.679237995236009513e-07
-1.008994574059884177e-06
-9.431882011356276595e-07
-8.963641017997293479e-07
-8.967334782028137016e-07
-8.296590969256725801e-07
-1.083390013344699379e-06
-9.255257883459151504e-07
-1.006286039368715425e-06
-1.160731086628782270e-06
-9.428549322315319027e-07
-9.952272189129300644e-07
-8.246132448412307570e-07
-8.748263033615226503e-07
-1.096911169558764129e-06
-7.307941939700704760e-07
-4.823005525890106961e-06
-1.062646958860757931e-06
-1.064654672969767864e-06
-7.866982490309837484e-07
-9.160364791764219032e-07
-1.290445498117305003e-06
-9.432160888262745473e-07
-7.527937205601320893e-07
-9.684657381187236722e-07
-8.880120328626513163e-07
-9.460897295223339244e-07
-8.121526985908774483e-07
-5.524567398576015559e-06
-9.729401312625122668e-07
-9.247155388888807672e-07
-8.255594077407536141e-07
-8.916785815810687201e-07
-1.220949078642300824e-06
-1.156919444323887301e-06
-1.188760365270142377e-06
-1.163824450609831903e-06
-9.432828709643726813e-07
-1.071574617494654296e-06
-1.094470258534005320e-06
-8.676601184175476771e-07
-4.692556359527616354e-06
-1.247474113802676932e-06
-1.365026988854136080e-06
-9.233238876962891971e-07
-8.829459339576161879e-07
-9.282080307518754384e-07
-1.021057537474503699e-06
-1.152253471545783829e-06
-1.011079068201619708e-06
-9.757954158912260777e-07
-1.043319907965326744e-06
-1.065785906956034376e-06
-9.541042150473519382e-07
-1.025325743154053111e-06
-1.073406827407692898e-06
-1.182243772486543403e-06
-9.795830286383904814e-07
-8.141998133829449007e-07
-1.174173455359546293e-06
-8.767429848016517536e-07
-1.118913903587144527e-06
-9.241885961207133205e-07
-9.246575830193587162e-07
-7.852673653587783944e-07
-9.219951493300674607e-07
-1.108656541895948546e-06
-1.168343951618178598e-06
-9.137135081052010823e-07
-1.200772874114561068e-06
-9.519940090325059754e-07
-1.045409900786416831e-06
-1.134535391393222396e-06
-8.776210542417703131e-07
-4.269731496310455229e-06
-9.889746296881902921e-07
-1.178673999722540127e-06
-1.441379375772770938e-06
-8.397898800365338207e-07
-1.364873398817861883e-06
-9.429358892356093758e-07
-8.494166005199378804e-07
-1.156086733527088994e-06
-1.034783780527168590e-06
-9.502480409525675478e-07
-9.158877465533634551e-07
-1.027090909744764978e-06
-7.676209281088754632e-07
-8.912304459390395123e-07
-1.428851172856322678e-06
-1.248300155738383191e-06
-1.120599675400397664e-06
-1.091515694869062600e-06
-9.582504146185067543e-07
-1.131804518051562695e-06
-1.205512014947483325e-06
-9.628605283370228592e-07
-9.428570858096946505e-07
-8.426553005405424930e-07
-9.085275619654819188e-07
-8.232653135999525673e-07
-1.103593797519513424e-06
-1.148548432408361599e-06
-9.473544292633074925e-07
-9.101051898408179024e-07
-1.269424241107235668e-06
-9.011290841657272725e-07
-1.449457823020660247e-06
-1.213429044719590071e-06
-9.476776194757987006e-07
-1.109126587474743425e-06
-8.499134950053417512e-07
-8.973589311921234538e-07
-9.573351241236988543e-07
-7.932632215162039887e-07
-1.217017475934416175e-06
-1.047082888544524101e-06
-8.496957855241318662e-07
-1.120480525596735436e-06
-1.128074799950589508e-06
-8.941757203963958180e-07
-8.407811180978578962e-07
-8.201145771693078401e-07
-1.086891589476838264e-06
-8.280179307501267475e-07
-1.169447023560115975e-06
-1.242865891915617452e-06
-8.631179592923573096e-07
-9.569178254137146811e-07
-8.636446799670059020e-07
-1.169607661036193653e-06
-1.043524671060354982e-06
-1.124537346044722007e-06
-8.246423233469374033e-07
-8.466454352983613586e-07
-1.108226824789216740e-06
-9.108379750418883552e-07
-9.461664785395974591e-07
-1.191113820916635196e-06
-1.191309668056298738e-06
-1.215488913275179579e-06
-1.027856567968573527e-06
-1.158659169739657152e-06
-8.894196690534229998e-07
-1.368867512539485477e-06
-8.573983794300629637e-07
-1.042049680045684028e-06
-8.968945612821387414e-07
-1.019761093084449782e-06
-7.639554403699375587e-07
-1.058885010083950261e-06
-4.772634308609815433e-07
-9.652126260231216124e-07
-9.370856129296324236e-07
-9.800784131245732273e-07
-9.784698857429681264e-07
-8.550191648617572658e-07
-1.152836950021054690e-06
-1.090971727947854696e-06
-8.209194540959813262e-07
-8.395843335501980854e-07
-1.033692173022725082e-06
-1.128207917871216456e-06
-1.268087304357947106e-06
-1.152980401875792856e-06
-9.383485602434883549e-07
-1.025172404130318771e-06
-1.308254193137155593e-06
-9.597271099020308760e-07
-9.881116991415733986e-07
-1.099134693970173485e-06
-8.935366865716951354e-07
-8.123337631442716417e-07
-1.175056417407451185e-06
-1.216655255000332814e-06
-1.053898493018012917e-06
-1.118416101995950256e-06
-1.010289260048321845e-06
-9.162335044577630725e-07
-1.290119787939455712e-06
-1.058967392928027748e-06
-1.037279693386404499e-06
-1.068623415590793354e-06
-8.585871696548766029e-07
-8.929956011045410113e-07
-8.212946673682938493e-07
-1.209929968176138727e-06
-1.360185176452253049e-06
-1.021385734218081972e-06
-1.207293768937808743e-06
-9.118266253870497126e-07
-1.124704420888199118e-06
-1.077138478062756519e-06
-1.025666771642943997e-06
-1.112941092010252225e-06
-8.894113653054164133e-07
-1.142001615647417210e-06
-1.149285566267776654e-06
-9.334174764609047255e-07
-8.319590697196166439e-07
-1.111277370231542727e-06
-9.002070261851591230e-07
-9.460276431053189463e-07
-9.986504043319136144e-07
-1.138910743848619778e-06
-8.199550165545831401e-07
-1.064414087999048351e-06
-8.825971847190575758e-07
-1.346684401287815882e-06
-1.080103076978596412e-06
-9.077137006031110113e-07
-1.219576805285678349e-06
-9.944593334751665723e-07
-1.104811608684027982e-06
-9.317840252399560552e-07
-9.549986051815499553e-07
-1.095570898772878638e-06
-9.290458420106884729e-07
-1.103426155810318307e-06
-1.080604496081860102e-06
-1.020061371049935491e-06
-9.658543832970978127e-07
-8.273426179383065832e-07
-1.123263106516229846e-06
-9.782102204567940951e-07
-1.182659531536357961e-06
-1.183045031603573361e-06
-8.313076523058174372e-07
-9.641530041761220841e-07
-1.037967136379754579e-06
-7.947419007752130682e-07
-9.718563519200274078e-07
-1.202126601328416627e-06
-1.079380852546902904e-06
-1.083687811785271578e-06
-1.099778271448907232e-06
-1.103431195930298055e-06
-7.362018142518034702e-07
-7.053600362736557346e-07
-7.962344437708258169e-07
-7.886605329820832915e-07
-8.555456462201920278e-07
-8.647268764981294204e-07
-8.729429778374475845e-07
-8.829309250066786424e-07
-8.845507479675745496e-07
-9.968032274141335573e-07
-8.757752559506437816e-07
-8.130873606458483178e-07
-8.213513228703580218e-07
-9.361696690458524494e-07
-8.923376728371641474e-07
-9.607033688251228600e-07
-8.229010820190799441e-07
-9.110338438144651557e-07
-8.277230608614265109e-07
-9.417898197282963417e-07
-1.068213549668612780e-06
-9.725432158763641774e-07
-7.756286451907086997e-07
-1.233794283018782384e-06
-8.892278988899750568e-07
-8.376912391571162738e-07
-9.614425096034715425e-07
-9.865587889273145301e-07
-1.102365668445870520e-06
-1.272096043906675298e-06
-6.498585566890948928e-07
-1.020235930225290742e-06
-9.157658508352278304e-07
-1.205847944632971649e-06
-1.007992169378333190e-06
-9.675054127740212409e-07
-1.117441432826888848e-06
-9.561263427619195740e-07
-8.152147290767203342e-07
-1.003463822954407563e-06
-8.746152829679397181e-07
-9.387711512748731774e-07
-1.196631086713504567e-06
-9.570531782055760585e-07
-1.029609574237469772e-06
-9.826416862943460051e-07
-1.185608734428634088e-06
-1.135678543045810478e-06
-9.515253805265469880e-07
-1.093376418924685319e-06
-1.017721250355804043e-06
-1.030649398084832647e-06
-9.424532096205504910e-07
-1.091205888950398708e-06
-1.068433702913964513e-06
-1.120017033008687094e-06
-1.441348669756196196e-06
-1.423210287234602218e-06
-9.312563739140995478e-07
-1.141607321512555716e-06
-9.800239047084298067e-07
-8.327959414765137230e-07
-1.030621237122557820e-06
-9.913701528851978015e-07
-1.177860814881530616e-06
-1.059001946534790145e-06
-1.133970115671649881e-06
-7.487798305303590168e-07
-1.252402502428358579e-06
-8.350626850554237084e-07
-1.305881331641623648e-06
-1.119703359482850982e-06
-9.657116764859988397e-07
-8.436606142508227901e-07
-1.228354001104548502e-06
-9.526709860364084375e-07
-1.072456613436725269e-06
-9.914915608654466368e-07
-9.989042402250683069e-07
-1.027976097689919295e-06
-1.166492628742414335e-06
-1.070714618545147288e-06
-1.241557372301104176e-06
-1.013852223593212278e-06
-9.428107184240211138e-07
-1.149188972040099981e-06
-9.865115826468831700e-07
-1.063443883526922788e-06
-1.129345187128941968e-06
-1.277219728762240308e-06
-8.208981277826267132e-07
-1.093346978549570993e-06
-1.142427834143257012e-06
-1.328835195720282480e-06
-9.565156070090897661e-07
-1.075027508804195445e-06
-1.159849616666620948e-06
-1.063314637623442821e-06
-1.170871834487649134e-06
-1.113340397019645341e-06
-9.820782676853194587e-07
-1.268155053414551367e-06
-1.203291680992657899e-06
-1.286841414764646918e-06
-1.273130777484998656e-06
-1.066052814992509146e-06
-1.101943140617652601e-06
-1.163086299139116575e-06
-1.297786294435228325e-06
-9.975251187427782643e-07
-1.018047787934448713e-06
-4.166174852495456531e-06
-1.121604559446021827e-06
-7.565690199061177762e-07
-1.332302076362258256e-06
-1.420520585615275437e-06
-1.054702998739732412e-06
-1.075296361272098464e-06
-1.248331552884820014e-06
-1.129813548398726132e-06
-1.195668402971603951e-06
-1.229571732108615459e-06
-1.037230894627276858e-06
-1.133855258488537443e-06
-1.140728198952983375e-06
-1.136222805985597853e-06
-1.244486162743466754e-06
-1.057365023150829777e-06
-9.213314012760608012e-07
-1.122335286932804486e-06
-8.724222645080213309e-07
-1.212737664204801438e-06
-1.179361537753150155e-06
-9.671488271672663569e-07
-1.129702372357106642e-06
-1.239340566367312152e-06
-1.431916155966199103e-06
-1.036933072243689561e-06
-1.259247476927359840e-06
-1.363391731204306796e-06
-1.188383796806251921e-06
-9.559047995722918496e-07
-1.263415441180029070e-06
-1.267091661832375084e-06
-1.215363768307008477e-06
-9.234444791980008443e-07
-1.149098925163689915e-06
-9.935084307962465223e-07
-1.198382282744264274e-06
-1.158184578720832392e-06
-8.187295748054246934e-07
-9.176305190805969538e-07
-1.250797063490276425e-06
-8.131543507871875309e-07
-1.330055301031008540e-06
-1.226161075160612215e-06
-1.097912018559406900e-06
-1.091116873193424981e-06
-9.483391275330322652e-07
-1.144229230700672995e-06
-9.675647634794215309e-07
-1.082313307927188615e-06
-1.193983393486402874e-06
-9.479270502970469749e-07
-1.096027553041386949e-06
-1.008857755939151120e-06
-1.234386858190348382e-06
-8.640678169258100284e-07
-8.177108769643562047e-07
-1.039902581844174773e-06
-1.235356606724025965e-06
-1.380101109424431510e-06
-9.981295560098951272e-07
-9.475458056833112863e-07
-1.091177092634188332e-06
-1.069812967469150412e-06
-1.008859999626145011e-06
-1.238429891823802203e-06
-1.128431449372278513e-06
-1.033216170485068148e-06
-9.022163542607811661e-07
-1.042747828376523138e-06
-1.295337354872816724e-06
-9.658126429602965443e-07
-1.100292356725811823e-06
-1.168374363970880781e-06
-9.607617937981769083e-07
-9.700192418834596516e-07
-1.248488103536211169e-06
-9.738536713845812054e-07
-1.135838768794106745e-06
-1.018572782187047984e-06
-1.032365457293695556e-06
-9.927057846484584137e-07
-1.177695177462921444e-06
-1.208062850302278366e-06
-1.198892698177866811e-06
-1.374993283938648723e-06
-9.473388405803397390e-07
-9.071571605439282417e-07
-1.125177994862764093e-06
-1.011101240896490982e-06
-1.368061201033717680e-06
-1.086335968826528090e-06
-1.055071084077125101e-06
-8.203816843068452676e-07
