-9.185859319540412571e-04 2.054425324890996052e-02 -8.144572292686724779e-03 -1.148109502427008266e-02
1.739637772178337372e-02 4.577059290231755284e-02 -2.399245489783297103e-02 -3.917451572626795553e-02
1.537274015137057859e-02 7.785381184907791408e-03 -9.535183793357049353e-03 -1.362293754292132064e-02
3.585300296492821559e-02 -1.076778165885805549e-02 6.342463252794416917e-03 -3.142768455886546519e-02
2.957427647296295703e-02 9.832655203033446867e-03 -9.394363584454445970e-03 -3.001256809154106975e-02
1.645287639164472182e-02 2.137284146085161041e-02 -6.614941717636213525e-03 -3.121077613485923052e-02
3.365055220502011224e-03 5.617997639325356118e-03 -4.639876054182590082e-03 -4.343176805644333172e-03
2.405217785330115987e-02 3.803527019113239760e-03 -1.373242237188154746e-02 -1.412328250053462853e-02
2.795063625856508693e-02 7.233360862943793990e-03 -1.636041233976248677e-02 -1.882358478174639416e-02
2.876366142508413049e-02 3.538966196988013735e-03 2.791087135785019768e-04 -3.258173633565153438e-02
3.944211008427167542e-02 2.132314268460611117e-03 -2.685242436504253760e-04 -4.130590010908186116e-02
1.797810331022109409e-02 7.545151432192476193e-03 -1.873968455317331916e-02 -6.783570189239362946e-03
3.335770017057360093e-02 1.349983493775042120e-02 -2.398925336978052769e-02 -2.286828173854349444e-02
-1.213166546938815316e-03 3.611951548334335627e-02 -1.026644545634436412e-02 -2.463990348006106501e-02
1.318643293440668884e-02 1.240993879141072398e-02 9.323013805540902865e-03 -3.491938553136009205e-02
2.698799776982507836e-02 -9.478978828428630266e-03 -3.025681246410538705e-02 1.274779352271071531e-02
3.051792855277657424e-02 1.328244818829871221e-02 -1.578452998508783622e-02 -2.801584675598745022e-02
1.055861270892233250e-02 1.683279156730499437e-02 8.718114680732469424e-03 -3.610951895696246083e-02
4.826774703304881342e-02 1.048941304424566567e-03 -3.657371887008764588e-02 -1.274296946738484593e-02
3.384861818251128085e-02 8.635331246082067480e-03 -5.965334616617745667e-03 -3.651861481197471448e-02
2.214233802487708402e-02 2.965433627924607407e-02 -1.307409799471681566e-02 -3.872257630940723061e-02
4.330050272606733586e-02 2.031902346458558384e-03 1.256821018884934915e-02 -5.790061526137613157e-02
2.808915745149587195e-02 1.195672767277944359e-02 1.260529177593117112e-02 -5.265117690020648666e-02
9.499797771862716900e-03 3.164518319155495973e-02 -5.049268150356223117e-03 -3.609571281306234170e-02
2.482910846480823608e-02 1.186073037764145965e-02 1.391430656858538839e-03 -3.808126949930823457e-02
3.613672585041527441e-03 2.509940898833562528e-02 1.343367974766884743e-02 -4.214676132104600015e-02
3.864258826250654977e-02 3.227751270365519787e-02 -3.238663074358605343e-03 -6.768143789180092185e-02
3.898006939623144262e-02 3.206578745087718119e-02 -1.425124415085221585e-02 -5.679461269625463160e-02
1.540648568281355324e-02 2.619882541568863132e-03 -3.523558015428918111e-03 -1.450281020895172190e-02
8.968578185167164207e-03 4.746851087555459259e-03 -1.066452339693535478e-02 -3.050905875787268684e-03
2.944682958405087092e-02 1.047902395568023337e-02 -6.553978494332923788e-03 -3.337187504539995686e-02
2.336917786742276348e-03 8.668251365398393915e-03 -4.302822729909117072e-03 -6.702346422231997281e-03
3.388550679400070820e-02 3.332460065444475816e-02 -1.079760762627923754e-02 -5.641249982216534065e-02
2.901484333906267921e-02 2.322987641172558071e-02 -7.515969712160064375e-03 -4.472875003862686327e-02
2.148673865781391967e-02 4.266847614053492777e-03 -1.623815973420317249e-03 -2.412977029844842747e-02
2.491941356526083950e-02 1.286923758331681711e-02 -2.854655871474598428e-03 -3.493399527710572272e-02
5.591830960412202955e-02 1.135441139551218726e-02 -1.177694870167833585e-03 -6.609502612946549505e-02
3.991198130658446530e-02 1.233820431520094019e-02 -2.709583898678769032e-02 -2.515434663499727108e-02
-1.578219050946128021e-03 5.958795051699272705e-03 7.683562394459553246e-03 -1.206413839521225384e-02
1.584222578947880322e-02 3.504059151850125176e-02 8.375754385991918127e-03 -5.925857169397286128e-02
6.148423763085775207e-02 3.372722209785639080e-02 -1.783788638006233995e-02 -7.737357334865313518e-02
4.449978677326793530e-02 -2.943935380184115047e-04 -1.717691859803949228e-02 -2.702847463721003152e-02
4.738130189212785837e-02 1.947423705510864522e-02 1.479026458889709517e-02 -8.164580353613359875e-02
3.259616886408522873e-02 1.835553075778095788e-02 -2.283500154721185282e-02 -2.811669807465300153e-02
2.423109192168304560e-02 2.156789528663871636e-02 -1.107143251827036323e-02 -3.472755469004873419e-02
2.170227918552924962e-02 2.024250144415074004e-02 8.518317658122498415e-03 -5.046309828780515261e-02
4.494233877740416716e-02 7.430484009545601509e-03 2.158988930633576331e-02 -7.396271209328464380e-02
2.661913131324489257e-02 7.120263168232554563e-03 1.557854517620516077e-02 -4.931793965768171972e-02
2.969938548803696676e-02 2.122611322147349711e-02 -2.230126070041649200e-02 -2.862423800909308369e-02
8.107543278385698216e-03 1.783621841857208068e-03 2.678432407252184788e-03 -1.256959752749464698e-02
3.386411690841795163e-02 1.019304884409821810e-02 -2.961624391814954294e-02 -1.444092183436662680e-02
3.975648954031907323e-02 2.138615754769368493e-02 9.165760353452512277e-03 -7.030840744146527044e-02
5.207795631889666765e-03 2.650521728413846034e-03 -1.328788047633766567e-02 5.429563116032376513e-03
2.432999172935979004e-02 9.441924360352516032e-03 2.666630349239973441e-03 -3.643854643895139134e-02
4.730452658011952138e-02 -1.101361642781739647e-03 -1.558207255556753879e-02 -3.062109238177068704e-02
5.500251560236080195e-02 2.743138520722165907e-02 -1.747225672014174336e-02 -6.496164408944160584e-02
2.685766910402875851e-02 4.760468678504103934e-04 1.534355841649404084e-03 -2.886807181352946117e-02
2.068673736623694026e-02 1.787540658307396058e-02 8.025818229712378127e-03 -4.658796217902416714e-02
2.105037907456708268e-02 6.339376433674548394e-03 -1.152317118786871930e-02 -1.586658432037246769e-02
1.803865187149567006e-02 7.809227175852750946e-03 -1.057575762559270771e-02 -1.527212142175526921e-02
3.180146340367961955e-02 3.971014581350118533e-02 -1.506726872941399620e-02 -5.644434048776769686e-02
7.530723580251130755e-02 4.359953494997359513e-02 1.613362000845164346e-02 -1.350403907609374343e-01
3.525251627539738308e-02 5.787204869910489435e-02 -7.608391859568186533e-04 -9.236372578854545878e-02
7.970258279721686989e-02 5.769162318562592873e-02 -2.454314715588967744e-02 -1.128510588269522330e-01
7.528902531645087493e-02 3.851001736608594683e-02 -2.996855911728513178e-02 -8.383048356525080180e-02
5.480376680660903332e-02 -1.649447490962074880e-03 -2.495627434871483530e-02 -2.819804496693212315e-02
8.405746694436277977e-02 4.970121561681573041e-02 -1.540125380099421903e-02 -1.183574287601869557e-01
1.065711363252619392e-01 5.366498007922793079e-02 1.206979385113804426e-02 -1.723059102556252498e-01
2.408441649856118971e-02 5.257711812350684966e-02 -1.035311265532357083e-02 -6.630842196674358036e-02
3.098171945375494118e-02 1.632652034425596810e-02 -7.997048375319337765e-03 -3.931119142269157152e-02
4.217793542111270000e-02 5.094194447522237823e-02 -6.006429014864700378e-03 -8.711345088146860149e-02
5.501854369257497268e-02 4.844344870222894173e-02 -5.861566587281430429e-03 -9.760042580752159580e-02
8.823489073136503436e-02 6.166794842159628587e-02 -2.594328365159093153e-02 -1.239595555013695005e-01
4.977696164480516217e-02 6.806693127366258977e-02 -1.679302756359657423e-02 -1.010508653548694014e-01
2.541138544629095719e-02 1.479936388249392110e-02 -8.736481450155153539e-03 -3.147426787862883657e-02
1.684235286923740915e-02 3.268491945337093085e-02 2.784749333521219228e-02 -7.737476565781964410e-02
9.532703744736625850e-02 5.269459318238300938e-02 -8.041515461875370363e-03 -1.399801151678747857e-01
4.871082987550856558e-02 3.766987685596934199e-02 -3.259295503027637153e-02 -5.378775170120064786e-02
4.227084573946804369e-02 1.483110069363835493e-02 1.480589446904989614e-02 -7.190784090215451840e-02
5.135374860098718131e-02 5.549892575044523824e-02 -8.261118619275720221e-02 -2.424148815867432916e-02
5.236539279033447514e-02 -4.309965511666291604e-04 -2.026029460100708945e-02 -3.167410163815986834e-02
8.155959064358153654e-02 4.676594812484147212e-02 -7.965008548398877508e-03 -1.203605302200241312e-01
4.314052472632301516e-02 1.716963828262230152e-02 1.109372434687116993e-03 -6.141953544363243367e-02
3.597173344549364771e-02 1.260821798541211791e-02 -2.886883789713756698e-02 -1.971111353376997499e-02
3.425341826275740686e-02 1.802217987299226110e-02 -1.516464848266885213e-02 -3.711094965308081584e-02
3.910849623580325840e-02 6.237795109834820551e-02 1.548773405732095654e-02 -1.169741813914741968e-01
6.268626598187676535e-02 7.380731289288178232e-03 4.389061471719024610e-03 -7.445605874288574455e-02
6.930831580085161647e-02 3.152524993744698634e-02 -1.994698380557125006e-02 -8.088658193272824093e-02
5.725656262719081013e-02 5.881207437716184927e-02 -1.804173899185634866e-03 -1.142644631051679127e-01
8.780279308003358096e-02 7.050403834350138510e-02 -1.661101240501494658e-02 -1.416958190185200195e-01
6.374173465118904147e-02 1.449569623111290895e-02 -3.085278221830023426e-03 -7.515215266047281517e-02
6.309916705216433996e-02 4.132428535731946795e-02 -1.540799779081059029e-02 -8.901545461867410580e-02
1.840428856238496280e-02 4.847077210844652484e-02 -7.099884430609826325e-03 -5.977517624022254950e-02
3.458427760400883955e-02 1.629814834735654472e-02 -9.759318484055867771e-03 -4.112310746730951649e-02
1.088653492773632436e-01 5.370399775418288613e-02 -1.735135490423544979e-02 -1.452179921273106800e-01
5.574312095470723705e-02 8.357868535320367442e-02 7.531457640619798610e-03 -1.468532639485307101e-01
1.623220634493272030e-03 3.991596723806090097e-02 9.608457138271297993e-03 -5.114764501082458281e-02
1.040623511374931809e-01 3.761065423492837567e-02 8.326774757316357523e-03 -1.499997801297361377e-01
7.508697164277577940e-02 5.957557086904952115e-02 -8.941945433350362293e-03 -1.257205970784731619e-01
4.723997554436731861e-02 1.704242315384885131e-02 2.527235465868482578e-02 -8.955475335689833116e-02
8.157227315022463898e-02 2.775985087091736858e-02 -8.139293028401439756e-03 -1.011928309927396796e-01
2.295848285967050373e-02 1.248591231864715212e-03 6.647772669117202327e-03 -3.085484676065064491e-02
4.061637265823581089e-02 1.939120402427274570e-02 -4.274080968942328695e-04 -5.958016858561521190e-02
5.931637761777341922e-02 2.490879889827057880e-02 -4.735615084070898817e-02 -3.686902567533634212e-02
7.992565980976262807e-02 3.081828163349431549e-02 -3.247415944421128131e-03 -1.074965254988384800e-01
4.225489246927960352e-02 3.917786213555629615e-02 6.379361243850745211e-03 -8.781211584868842124e-02
2.637611424318642150e-02 5.337970647876044694e-02 -2.280424242646761357e-02 -5.695157829548014305e-02
5.217481111980326602e-02 3.012134558059376133e-02 -1.918260554048867306e-02 -6.311355115990746611e-02
3.697260459055939918e-02 1.048904725481669686e-02 -6.582901892957515599e-03 -4.087874995241858045e-02
7.739395255858116940e-02 3.296261968806479814e-02 -4.821887502051147578e-03 -1.055346847445957081e-01
5.999042494630035804e-02 4.543184910767195106e-02 -3.373221610941001813e-03 -1.020490524430321955e-01
4.979672937211621075e-02 2.797603890694144724e-02 -2.779017390086124806e-02 -4.998259437819463358e-02
5.918510718163183526e-02 1.552622709226714193e-02 -1.913865691587179896e-02 -5.557267735802984276e-02
3.066313556195865431e-02 5.559395704109437730e-02 -3.230360380325603131e-02 -5.395348879979877665e-02
8.417949583139971992e-02 5.120502785509728483e-02 3.055545021375394299e-04 -1.356900781886354324e-01
4.962489323543639586e-02 3.948606763620521320e-02 -5.795087321396330537e-03 -8.331587355024527852e-02
5.207168185050026210e-02 2.851430599808235655e-02 -1.131522061011303038e-02 -6.927076723846870010e-02
5.892394210262263954e-02 4.012777990383575855e-02 -1.298117707021262390e-02 -8.607054493624399782e-02
2.218923283760521059e-02 5.319691201334197928e-02 -6.299862402838307673e-03 -6.908628244810888219e-02
8.503304198678129922e-02 -4.841343266270392576e-03 1.368798856656727736e-02 -9.387968728708084853e-02
4.077054812317015831e-02 5.017901492822218756e-03 1.397778770463631304e-02 -5.976623732063046646e-02
9.236723154758319509e-02 5.754849708446929668e-02 -1.187579353094214696e-02 -1.380399351011094566e-01
7.059139477467368806e-02 2.994242806164848503e-02 6.740534834568379097e-03 -1.072743576708896640e-01
2.587563625706934545e-02 7.015873733025479453e-03 -2.175123386555188887e-02 -1.114027612454471239e-02
2.703401430225405022e-02 3.369590490523677317e-02 8.330030584470904387e-03 -6.905994979196261596e-02
2.409541156278649510e-02 -3.746062234408764624e-03 -2.265904917897909598e-03 -1.808344441047893270e-02
7.715604846052048771e-02 5.443772470153707133e-02 -2.039414234022185468e-02 -1.111996308218374807e-01
4.792988312798662776e-02 1.843541558828132310e-02 -1.956282206414705627e-02 -4.680247665212000641e-02
5.114061341732423216e-02 2.680243240901614143e-02 -5.936945025597495373e-03 -7.200610080074376640e-02
3.065081008953018937e-02 2.054420658903399755e-02 -1.498885028926366658e-03 -4.969613164963959662e-02
6.104084521416819342e-02 4.456160380612672611e-02 -1.407874080603388478e-02 -9.152370821425925840e-02
5.371573093064441196e-02 7.183729893908363806e-03 -9.340382648302281154e-03 -5.155907817624916234e-02
4.045364673214724149e-02 2.144141716765002315e-02 -9.398788720078599113e-04 -6.095518502779206926e-02
4.346147657268595310e-02 4.051843519461861831e-02 -3.336077080167498821e-02 -5.061914096562958321e-02
2.826318825212315033e-02 1.015689638185879318e-02 -1.834979854290708090e-03 -3.658510477969123542e-02
2.101876111459066720e-02 2.015130325666358857e-02 8.048811062322691612e-03 -4.921887543357694739e-02
5.678492516276456570e-02 -1.268319877189227896e-03 2.552377378526315965e-04 -5.577184302342885758e-02
5.033720226670457265e-02 3.451054246228579814e-02 -1.397950752848231559e-02 -7.086823720050539066e-02
4.793558034676426161e-02 1.706944865883741613e-02 -4.258428043287310061e-02 -2.242074857272591260e-02
3.936894617047492773e-02 1.289210037355381644e-02 3.485233588985892084e-03 -5.574628013301285989e-02
2.383477162478708777e-02 5.734356392330219876e-02 -2.308308196293662462e-02 -5.809525358515443827e-02
5.836110300124719430e-02 1.957738032788736149e-02 6.870183469789736819e-03 -8.480866679892251625e-02
6.626931932662927238e-02 3.853939732711264554e-02 -1.471764344700510208e-02 -9.009107320673503949e-02
1.978848775900665657e-02 2.366750827011188107e-02 -1.615987801235618804e-02 -2.729611801676234961e-02
4.485317019866563726e-02 -3.235230916499354237e-03 2.425220179023135358e-03 -4.404315946119119474e-02
7.228374665549441858e-02 4.934626842326572671e-02 -1.261961079186324497e-02 -1.090104042868960121e-01
8.460504003462432365e-03 1.778796313567987397e-02 2.744366557827504494e-03 -2.899283369696981083e-02
2.888022302035331279e-02 2.902320781910994185e-02 -2.737946106234012689e-03 -5.516548473322835378e-02
3.894088612048651754e-02 3.046874733911852928e-02 2.744383600121302891e-03 -7.215401705972634971e-02
7.828825452904908389e-02 1.940671815223193875e-02 7.466257733305781130e-03 -1.051612304145885801e-01
4.466552213759111822e-02 -4.674074292267071939e-03 1.522067264697923861e-02 -5.521212049230150853e-02
4.780597625620863766e-02 3.557844970530688045e-02 -2.112720530926637252e-02 -6.225722065224736923e-02
1.608326813263349919e-02 2.760192682799722519e-02 -1.124156398284004155e-02 -3.244363097779157101e-02
6.439426580318485804e-02 5.167196421107256299e-02 -1.017284441559507258e-02 -1.058933855986632366e-01
6.296570209297858156e-02 3.218870384168148746e-02 -1.077820392135730998e-02 -8.437620201330098268e-02
7.283392559330703619e-02 5.208792490246150209e-02 -3.022939872424856844e-03 -1.218989106233454578e-01
7.483050073633190635e-02 2.571087880178524188e-02 -5.920403625934156366e-03 -9.462097591218388004e-02
4.854814309403998607e-02 3.597013427586848167e-02 -3.023132262842231910e-02 -5.428695474148703681e-02
8.117285546298269594e-02 1.605166025072435332e-02 1.330367287045142177e-02 -1.105281885841584710e-01
4.556761648576301837e-02 2.510564280395666259e-02 -8.108696565932937972e-03 -6.256456272378674299e-02
5.922646783363205714e-02 2.154154144760855871e-02 2.140562670130208289e-02 -1.021736359825400342e-01
9.249925866062991275e-02 4.581347537635149791e-02 -5.826578756689571037e-03 -1.324861552802900633e-01
8.214948812901834430e-02 5.967536732659617371e-02 -2.261017374289497894e-02 -1.192146817127159864e-01
9.597323197326446120e-02 4.713475822731894027e-02 2.868816400711793335e-04 -1.433948718406554690e-01
4.365536135660086359e-02 -2.364236209807302203e-03 3.369602698397144991e-03 -4.466072784519070638e-02
7.332298089410205222e-02 2.511498600397565895e-02 -1.040738825647924415e-02 -8.803057864159846702e-02
5.169922632825407760e-02 2.809463358969122027e-02 4.816176774197877819e-03 -8.461003669214584022e-02
7.120029321538989819e-03 9.207830885699319623e-03 1.027565617266512632e-02 -2.660351637990343576e-02
3.169514966023090352e-02 2.152404910350913525e-02 -6.173516547220536665e-03 -4.704568221651950211e-02
5.837269020353108573e-02 5.484538629564461587e-02 -3.651870263236478564e-02 -7.669937386681269231e-02
3.864206145734794262e-02 5.181871077778232859e-03 1.085559101490396472e-02 -5.467952355003191656e-02
5.065583656309158300e-03 2.745855838338417954e-02 -3.697950862362020530e-03 -2.882619117733398184e-02
6.818139023651692554e-02 2.442277465632791689e-02 -1.233215226383244101e-02 -8.027201262901151324e-02
8.778069880349903542e-02 5.627048581689386708e-02 -5.112008165427894824e-03 -1.389391764549641195e-01
9.375921669689279980e-02 -8.426136653607585458e-04 1.073865178980870638e-02 -1.036552548213425240e-01
1.587267263585268040e-03 1.615190355585038873e-02 -7.659301714450172938e-03 -1.007986910498637201e-02
3.079637716613703446e-02 1.119350930397855493e-02 -3.259160205566047352e-03 -3.873072626454998613e-02
3.486500822925009402e-02 1.852755560287988601e-02 -8.223191648480288052e-03 -4.516937218365058015e-02
4.411891152751667988e-02 2.945864604918302376e-02 -6.175256074831381170e-03 -6.740230150186832248e-02
8.202229432607488491e-02 2.847041447549347737e-02 -4.623057875131841854e-03 -1.058696509264382968e-01
6.563749360423187795e-02 4.310030814514043129e-02 5.624501051598507217e-03 -1.143623028009717046e-01
4.081338391197064652e-02 2.662300395178185397e-02 -1.071927174066278354e-02 -5.671711612308971695e-02
7.950700626515061487e-02 3.930070464268808905e-02 -2.715479018991828752e-02 -9.165292071791775186e-02
3.770021158648440007e-02 -3.127316627795195814e-03 -5.419927457991136066e-03 -2.915296750069984455e-02
4.636197196963642853e-02 3.900814557620702061e-02 -1.214924564860631051e-02 -7.322087189723758271e-02
4.324472796630729476e-02 4.037674549037539862e-02 -2.093072995121492141e-02 -6.269074350546954832e-02
9.197900689607774183e-02 3.545468275128804692e-02 -1.684047584040637702e-02 -1.105932138069594117e-01
5.865372105804489422e-02 1.181127908025558781e-02 -2.321771420691653987e-02 -4.724728593138483035e-02
2.333888606832168477e-02 2.367408451062757990e-03 2.052742897408865730e-02 -4.623372349347576460e-02
3.462652453869541347e-02 3.467338133101005582e-02 6.177337224943180161e-03 -7.547724309464864945e-02
4.649988217897682574e-02 3.981786674131981840e-02 -2.473513115538317209e-02 -6.158261776491613659e-02
2.643004071876120520e-02 1.107148916072109301e-02 -6.962094548866204491e-03 -3.053943533061520554e-02
2.643416575476464914e-02 -1.308244528757374070e-02 2.550122931883791466e-02 -3.885294978603015537e-02
3.144376987295416370e-02 2.541303339510569970e-02 -1.159836426933757991e-02 -4.525843899872317166e-02
7.773278977495667874e-02 9.696195665310547440e-03 5.242122496127876730e-03 -9.267110793639421473e-02
1.336914848865955463e-02 2.638390727814332593e-02 -1.845457488597457285e-02 -2.129848088082564317e-02
3.994078297351233431e-02 9.880727102932418404e-03 1.557381106318356245e-02 -6.539532113962742699e-02
9.040474676841814272e-02 2.838439978616058568e-02 -2.607602298883904268e-02 -9.271312356574323843e-02
5.219832121468304109e-02 6.889552065399762171e-02 -2.736182371226902887e-02 -9.373201815641074575e-02
4.692817819299399673e-02 3.110070102786188784e-02 2.078775503052199269e-02 -9.881663425137787726e-02
3.574233369207657773e-02 -2.181438413892688999e-02 -5.093693457790315904e-03 -8.834256095359371841e-03
3.194925941063608832e-02 2.962499536702756231e-02 -1.940396575109781807e-02 -4.217028902656672074e-02
5.567181327078429831e-02 3.204315571866001022e-02 -2.277043941845846575e-02 -6.494452957098495460e-02
5.156802540597116291e-02 5.792020202623238134e-02 -2.878161155652048109e-02 -8.070661587568217499e-02
4.180928893670365909e-02 7.735642514857588026e-03 -1.145388146487658076e-02 -3.809104998668288999e-02
5.206779659284510586e-02 3.234209456849423958e-02 -1.267022658258376566e-02 -7.173966457875557978e-02
6.849930839354989587e-02 1.825948625589202123e-02 -1.485278935999057026e-02 -7.190600528945001457e-02
1.720247841865063521e-02 2.017604646112935995e-02 -3.494703341599958435e-03 -3.388382153817826037e-02
1.905243831191683057e-02 1.165811024997776002e-02 1.037829226169417751e-02 -4.108884082359054446e-02
2.944325798615698986e-02 3.719483649316002172e-02 -3.119284268151822914e-02 -3.544525179780055879e-02
4.904430445506502423e-02 3.927624063438894808e-02 -3.273740042151018770e-02 -5.558314466794467279e-02
7.644146485135738800e-02 3.764661514262357400e-02 -1.506759167746452022e-03 -1.125813208262362863e-01
4.542163433068235889e-02 -3.996877354179417807e-03 -3.458868616276866703e-03 -3.796588836022607438e-02
7.232440395165173896e-02 5.353033631966219730e-02 -3.266223072928253757e-02 -9.319250954203184278e-02
3.746859665250390492e-02 5.085046443269369831e-02 -7.525824833019001403e-04 -8.756647860189481491e-02
4.179435990197877260e-02 1.243163911706091085e-02 -1.004816720429779764e-02 -4.417783181474099763e-02
6.696803818307994760e-02 3.974344928763517970e-02 -1.349317473343880636e-03 -1.053621699973703585e-01
3.275264532376809257e-02 4.875221550815744820e-02 -1.270557116187998048e-02 -6.879928967004556029e-02
7.164576604732619813e-02 3.287944560283939666e-02 -2.498523886931369731e-02 -7.953997278085012113e-02
5.646734855563728672e-02 3.386023681757244219e-02 5.980869656463383421e-03 -9.630845502967133598e-02
3.788939394798251925e-02 -2.088172396949694587e-03 3.902451349501845357e-03 -3.970367290053467002e-02
8.180259116132404529e-03 1.143609853877514126e-02 1.392622902959406161e-02 -3.354258668449983105e-02
7.456399531767310407e-02 2.381551176995344576e-03 -2.559411295008029441e-02 -5.135143354458859832e-02
4.277563457743482900e-02 1.899024142697491868e-02 -1.514641268534511198e-02 -4.661946331906241525e-02
1.222403481737872610e-01 7.777211511382642328e-02 -1.308787853617943142e-02 -1.869245847514351411e-01
8.411425386013959837e-02 3.410454322863021304e-02 -3.852625906230144892e-03 -1.143661711825414429e-01
7.334064293493280928e-02 1.095557857210049946e-02 2.119051440698349609e-02 -1.054867359140176930e-01
3.783692516394587813e-02 -9.154798186039592167e-03 3.549535542430515278e-02 -6.417748240220966238e-02
-1.318571950461588926e-04 3.443529993982785697e-03 1.408696514826157653e-02 -1.739863794719864742e-02
3.661420662342962373e-02 1.695957605681996938e-02 4.727011548673942798e-03 -5.830079422892175955e-02
4.743367923108632311e-02 2.884548720589208415e-02 -2.226498911745178333e-02 -5.401417731952662393e-02
4.182007534565013174e-02 8.880645056172475904e-03 -1.130188420384126147e-02 -3.939883619797956982e-02
1.064914817221094268e-01 5.285111924317753562e-02 -6.826188036278324489e-03 -1.525164129290095261e-01
7.875681900736442032e-02 -8.242091532890682970e-04 -1.027747712884519160e-02 -6.765513272523016042e-02
7.072833848575488247e-02 5.004165814089667208e-02 -2.070056388585683749e-02 -1.000694327407938289e-01
4.067932492812076362e-02 4.019225368758494454e-02 -1.586944795089895166e-02 -6.500213066480675650e-02
3.117601642129752548e-02 1.946536045245572666e-02 1.087644148790722909e-02 -6.151781836166092532e-02
4.368897411380867624e-02 2.986634457806758292e-02 3.039503263696730073e-03 -7.659482195557298922e-02
1.937216558775745057e-02 1.171289885274084952e-02 1.161870707146395176e-02 -4.270377151196314003e-02
1.896162106054255503e-02 8.069525619570860897e-03 4.972937043945968583e-03 -3.200408372406116086e-02
4.914101433863926616e-02 7.293442766735047655e-03 -2.739864957987325766e-02 -2.903580752550016797e-02
1.071420696370468661e-01 6.421700408801633841e-02 -1.088823267916705362e-02 -1.604708410458988155e-01
3.214906516754378885e-02 5.351223642789726398e-03 7.762825822812402521e-04 -3.827657139261564367e-02
2.726498229624585434e-02 2.577350186690097189e-02 -9.065636814374222752e-03 -4.397284734877349166e-02
6.961084030240716203e-02 2.446826857115524945e-02 -9.924685697050961153e-03 -8.415442317650878579e-02
2.364000535194143993e-02 9.095188035361800871e-03 9.721934075754390392e-03 -4.245712746305940755e-02
5.609231446815066136e-02 2.650722677790451343e-02 -2.992092311301863816e-02 -5.267861813303476026e-02
3.513801483483991461e-02 -1.571869452571483805e-03 1.420774553572723420e-02 -4.777389091799655318e-02
3.405325061756947491e-02 2.278942128832373015e-02 -2.761269282241052281e-02 -2.922997908348268226e-02
3.214608333574897614e-02 3.935931260242497842e-03 -9.649359180534666791e-03 -2.643265541545769537e-02
1.240946945428875736e-01 1.017743188430380030e-01 5.143792210067665849e-03 -2.310128055959932425e-01
4.602590047114851757e-02 -1.927677091097201867e-03 4.902624060963489683e-02 -9.312446398968354799e-02
1.032968592635352678e-02 1.436855317009211319e-02 1.404437727504515010e-02 -3.874261637149345461e-02
2.389452541261860574e-02 3.889981754981253204e-02 2.057217470700045681e-02 -8.336651766943159458e-02
1.178163194826273852e-01 5.896004269056120961e-02 1.521856323221815188e-02 -1.919949254054067467e-01
3.730683559270797645e-02 4.258509545694888487e-02 -1.669810175792196816e-02 -6.319382929173578134e-02
5.968235150513301335e-02 4.291680945650799828e-02 1.363742807818457692e-02 -1.162365890398238122e-01
7.424620327034681111e-02 1.895057485209328263e-02 -1.831103896453001312e-02 -7.488573915790830426e-02
7.247982565717681069e-02 3.287904457416157555e-02 1.042889431845495096e-03 -1.064017596631856577e-01
2.990515468231080831e-02 4.686626834408791353e-03 -1.815699354179400871e-02 -1.643478797492381460e-02
4.921034360972864619e-02 4.432161808504808675e-03 -2.329753328432904169e-02 -3.034497213390530135e-02
6.119716939346098172e-02 1.905750807802242264e-02 -1.908596181226629440e-02 -6.116871565921666587e-02
2.901885258955960722e-02 2.923057443103971309e-02 -7.637861103493293058e-04 -5.748564091024910283e-02
6.394264462031529206e-02 2.938884821929654834e-02 -1.460719808455213098e-02 -7.872429475506059759e-02
8.836400235502228639e-02 6.523635174536135395e-02 -1.482535459204470385e-02 -1.387749995083407129e-01
6.723359835845243992e-02 2.291265308547174584e-03 -1.265344186012562488e-02 -5.687142180687487780e-02
5.492841050771168909e-02 4.030189374697545901e-02 6.020640796000620298e-04 -9.583236833428721013e-02
5.939313262967083062e-02 1.350368530272216816e-02 3.734168121281911112e-03 -7.663098605367668625e-02
8.145443788178408084e-02 1.743153154404630811e-02 8.291907315039814819e-03 -1.071778767408693156e-01
4.057472131067196841e-02 -2.581319007365578955e-03 -1.173760836503578986e-02 -2.625579393827059960e-02
5.943374156784742013e-02 5.383175681542784474e-02 -5.269750228813485649e-03 -1.079957481544617792e-01
5.864002433390780311e-02 3.997921553785932502e-02 1.030941842880928050e-02 -1.089286583005755205e-01
6.984967260024355085e-02 4.923302589080957858e-02 3.173630665787463556e-03 -1.222563291568405930e-01
3.750173048601634918e-02 3.518117009904297987e-02 -2.788821401743568629e-02 -4.479468656762186640e-02
4.245827206152075206e-02 2.543259528292018956e-02 4.111826937834628382e-03 -7.200269428227557000e-02
3.970635517701381900e-03 2.144494552754139249e-02 4.462938475379374381e-03 -2.987851952062214878e-02
2.019696321267590022e-01 1.122699069167421015e-01 -2.751648983397636528e-03 -3.114878900601016909e-01
4.072147519479951683e-02 2.574199008537281230e-02 -1.041276102434984807e-03 -6.542218917773734432e-02
4.264235369841262724e-02 -3.979758604869765293e-03 -1.678829377178558957e-03 -3.698376571636252663e-02
9.183456196720651832e-02 2.662317015371762352e-02 -1.935071836172941317e-02 -9.910701375919295231e-02
3.805555225632861749e-02 2.181534205618618216e-02 -1.316259891411952765e-02 -4.670829539839616018e-02
3.271031259946433067e-02 1.273188092336496879e-02 4.930318978225933790e-03 -5.037251250105434508e-02
6.874847875723233415e-03 2.752525179780551667e-02 -8.279149022820675441e-03 -2.612095065070896283e-02
5.526136994960495485e-02 2.636992495911627543e-02 -3.226630131014651681e-03 -7.840466477770569043e-02
1.077804377037985262e-01 7.438065757945278023e-02 -2.026039948008495628e-02 -1.619006958031690147e-01
5.885551979317238391e-02 4.178714510216163802e-02 -1.533026499914758034e-02 -8.531239989618644159e-02
1.226542371089189842e-01 8.760417977813883539e-02 -1.567867462101979470e-02 -1.945797422660371367e-01
5.606661880908436757e-02 5.535934463879144118e-02 -3.257536481003242557e-02 -7.885059863784249501e-02
2.511844574746646686e-02 1.939727577368444145e-02 -1.400439487086568846e-02 -3.051132665028610802e-02
6.152339605188217320e-02 4.496429468010010311e-02 -1.892681090603876015e-02 -8.756087982594529251e-02
1.010488659428982139e+00 3.662489596756812738e-01 -3.520100086635062908e-01 -1.024727610441157122e+00
9.195349887205317430e-02 4.578933000572149581e-02 -1.367584935795918000e-02 -1.240669795198163783e-01
3.775971538972022756e-02 1.660941600285692488e-02 1.899335631721754680e-02 -7.336248770979558742e-02
6.828132254107543986e-02 5.149350929736140614e-02 4.737334735830600607e-03 -1.245121665742674466e-01
7.193267780168444148e-02 -7.499187261902129364e-03 -1.746078176658194536e-02 -4.697270877319859039e-02
8.233038618044830059e-02 9.038498413073359217e-02 -4.008220174101495559e-02 -1.326331685701687135e-01
5.854342344954233113e-02 2.671221109402921456e-02 5.657267594164849811e-03 -9.091290213773728368e-02
8.453603778150498016e-02 2.026647702837003351e-02 8.898992835935537471e-03 -1.137015076458105511e-01
-5.911103761595093431e-03 1.544771370957054302e-02 1.938967696647964090e-02 -2.892628691445509048e-02
1.181720722928885081e-01 1.991868855130096705e-02 3.396836020711013759e-02 -1.720591210512978364e-01
8.446795363218218000e-02 4.990836198687276237e-02 -2.081629456861833205e-02 -1.135600210504374985e-01
3.315675903451076323e-02 3.862939101575069145e-02 6.685953712788794689e-03 -7.847210376304758483e-02
7.038707499122853761e-02 -8.944586483957905898e-03 2.030918013827154311e-02 -8.175166864554128665e-02
5.687556325223663833e-02 -2.866102168803230654e-03 -1.384055785387872106e-02 -4.016890322955468662e-02
5.123031548355871934e-02 1.004853135150352017e-02 -5.432315815487420707e-03 -5.584653101957481880e-02
3.964341821455885650e-02 -3.341391463653309302e-03 -1.653540323625080077e-02 -1.976662351465208189e-02
6.444717179145698083e-02 4.553844290336428458e-02 -2.379100498731201441e-02 -8.619460970750747464e-02
6.051886943151441045e-02 1.722960336875001275e-02 1.728368957565074027e-02 -9.503216237591605164e-02
9.229684878118860070e-02 3.800006304457248518e-02 -9.735611594166471150e-03 -1.205613002315955029e-01
1.132166467743065397e-01 8.903295219853291087e-02 -7.919409507452179753e-03 -1.943301894653881590e-01
5.033125445705000089e-02 6.200210887033819063e-03 2.997883467191186924e-02 -8.651030001599657737e-02
6.767882872685859752e-02 2.946200081881311661e-02 -2.675931291224031838e-02 -7.038151663342961939e-02
1.093587847509791544e-02 6.876273995611192902e-03 -8.606254371080979126e-03 -9.205898099627241038e-03
1.634618123572018078e-02 1.338237207871362244e-02 8.830818695837017174e-03 -3.855937201026904404e-02
5.659485620520054994e-02 5.002938440939708187e-02 -4.953947152873894311e-03 -1.016702934617228493e-01
2.636236323929530556e-02 -1.517513498556066764e-02 1.126897907165513857e-02 -2.245620732538977649e-02
9.850279527398697610e-01 3.300580240176262947e-01 -3.475914825882746584e-01 -9.674944941692209532e-01
6.227727856357567759e-02 3.443572887236268087e-02 1.152860585798354265e-02 -1.082416132939227893e-01
7.337719002721154737e-02 1.825925048276388907e-02 1.323782623782587820e-02 -1.048742667478048674e-01
4.447121038457257924e-02 -1.322461587298384700e-02 3.351173879126800870e-02 -6.475833330285851730e-02
5.408653301393062662e-02 4.778537182719144738e-02 -2.211641071716474727e-02 -7.975549412395555038e-02
1.119358515424853096e-01 8.429109786421573602e-02 -1.046353111604592101e-02 -1.857634182906551246e-01
3.173470632420904991e-02 2.664855445057057182e-02 -4.401072277774531472e-03 -5.398218849700331390e-02
3.276364578710566633e-02 -8.740588978516150576e-03 2.229945860782489575e-02 -4.632251541641529968e-02
4.887647674416406574e-02 3.973779858814818766e-02 -1.535255561435455718e-02 -7.326171971795591986e-02
4.732910395204559251e-02 2.337828145053677531e-03 1.970615353165250383e-02 -6.937308562875266205e-02
4.201618968244158481e-02 4.872124945876876723e-02 -1.075188310242491951e-02 -7.998555603878454434e-02
2.239941958899027696e-02 1.902958967504719823e-02 -1.971552868881998322e-02 -2.171348057521615971e-02
1.139895034460925771e+00 3.380746448039673169e-01 -4.467067275336469301e-01 -1.031262951731245936e+00
9.431179409276602144e-02 5.176161939509071885e-02 -5.129849110518325261e-02 -9.477492238267348768e-02
4.455189161141337451e-02 1.414862457379051364e-02 -8.452399790181530648e-03 -5.024811639502502203e-02
3.755390523661006341e-02 -8.711931377581194624e-03 1.573426958501045192e-04 -2.899931655487897331e-02
5.962736927407075171e-02 2.575988484085378616e-02 -1.126985386257395305e-02 -7.411740025235147300e-02
1.895921358098071607e-01 7.512495118842199560e-02 -2.415742278673072008e-02 -2.405596642114966599e-01
8.040370689064069154e-02 5.139908225877753978e-02 -2.474751255574947351e-02 -1.070552765936687578e-01
1.071771554072045163e-01 4.054746367737749324e-02 -6.415462156626361434e-02 -8.356999751831750700e-02
9.803645502445856863e-02 4.686943001226140382e-02 -6.505489976068368208e-03 -1.384003950606524924e-01
3.444718228374377134e-02 5.145315359872437710e-02 -5.479294530567280219e-03 -8.042104135190086822e-02
8.506785647913517323e-02 5.537138622821125011e-03 1.274430360750500313e-02 -1.033492987094604132e-01
9.478021927065771735e-02 4.308147453147803674e-02 -1.596919040243349741e-02 -1.218925033996995921e-01
6.604376096321207257e-02 9.740890031253002235e-03 -3.341631186196458714e-03 -7.244301980826772791e-02
8.775716729485414369e-01 2.973628748725851700e-01 -3.119767102070554188e-01 -8.629578376140716323e-01
1.244572896642752724e-01 6.706325698061998963e-02 -3.888358903995303706e-03 -1.876321877408990701e-01
1.152438994446658427e-01 9.933130384208244124e-02 -1.649029736923157685e-02 -1.980849059175202598e-01
3.709395226477862906e-02 3.618674408398625530e-02 -6.049437676401758779e-03 -6.723125867236401376e-02
4.072626916021260257e-02 2.114543252618616975e-02 -2.339370276396302017e-02 -3.847799892243486397e-02
7.124756600400061757e-02 2.626546457919776145e-02 -5.267045327658870235e-03 -9.224598525553773243e-02
8.133158437138909846e-02 2.521516849690197404e-02 2.607940708681866226e-03 -1.091546935769738269e-01
7.086403725338286108e-02 6.145192514919539661e-02 -3.773538007778931558e-02 -9.458058232478805394e-02
6.421630070562045489e-02 3.758546749460567327e-02 -5.068843923000443397e-03 -9.673292427722302023e-02
7.627519050297859593e-02 3.206972948322661665e-02 2.612394613080937233e-03 -1.109573145992852616e-01
9.174048345246799130e-02 5.850533303808358454e-02 2.356327998470852947e-02 -1.738090964752627698e-01
1.503798733111683106e-01 6.759410650171471246e-02 7.535646258857831015e-03 -2.255096260717426304e-01
7.883645816094020375e-02 -1.429413641709231797e-04 4.083044876633579179e-03 -8.277656167340108340e-02
8.948608414646042064e-02 1.204995645163720042e-02 -3.191532129805274565e-03 -9.834450846829234649e-02
4.962918268856597592e-02 4.840104211230933373e-02 1.225187403341543302e-03 -9.925541220421774113e-02
1.306108478980378962e-01 6.353563669785255996e-02 -2.009403383782260022e-02 -1.740524507580678559e-01
8.109292789958466585e-02 5.248362429955300001e-02 -1.575695687078226825e-02 -1.178195953283562858e-01
5.837840675669259127e-02 -1.323087824944391144e-02 7.906768435684163876e-03 -5.305429694293284371e-02
9.317011669227426296e-02 5.367050513357174424e-02 -1.200889025832374557e-02 -1.348317315675213734e-01
7.748427444764338645e-02 -8.169438276307339208e-03 -2.025956885898239079e-05 -6.929457660247706485e-02
7.558323817730006056e-02 5.117561318157104466e-02 1.577097642878477757e-02 -1.425298277876567710e-01
5.132830253986142566e-02 1.943529076758387930e-02 -2.693865603665024366e-03 -6.806972770378116877e-02
8.067025026088447959e-02 1.146426392371502345e-03 3.638076194429018528e-03 -8.545475284768500046e-02
2.568650545291983889e-02 3.086105177025011415e-03 1.460960580189318847e-02 -4.338221643183803877e-02
4.294718498662142281e-02 3.870228838772149516e-02 1.646387202092114421e-02 -9.811334539526406218e-02
6.044457481444442948e-02 3.708554149406584344e-02 1.565157827695173864e-02 -1.131816945854637879e-01
9.267369483755949489e-02 4.795986904868332346e-02 -4.761016226455083711e-03 -1.358725476597859583e-01
7.475828155229802263e-02 1.483949772244930188e-02 -6.149392896642957851e-03 -8.344838637810259030e-02
1.198351947406361973e-01 4.810042019700411231e-02 -1.769948570530921472e-03 -1.661656663671093881e-01
5.683528015310113091e-02 3.759212629597996624e-02 -2.631634326970111459e-02 -6.811106317937998256e-02
8.605516526395629029e-02 6.504537862434123241e-02 1.303634747045112618e-02 -1.641368913587486489e-01
5.090582920883424123e-02 4.371007385470004891e-02 -2.277608886380733111e-04 -9.438814217489532865e-02
5.943869507449495160e-02 -2.581430427413078377e-02 1.195768065848046291e-02 -4.558207145884374256e-02
9.640104874345718500e-01 3.339734530882876307e-01 -3.227686522001120828e-01 -9.752152883227487301e-01
7.631269893503578317e-02 2.334876707888344782e-02 -2.010527050606114585e-03 -9.765093896331222822e-02
9.402224274316228758e-02 5.362767833536885576e-02 6.189770620075307761e-04 -1.482688981405386741e-01
1.748318556188541706e-01 1.126409273985036208e-01 -2.944020448261763789e-02 -2.580325785347419298e-01
3.082786269791437661e-02 2.232533639655009949e-02 -2.750874674517689300e-02 -2.564445234928847128e-02
2.223475135479926479e-01 1.002334736198369214e-01 -3.954869941277117107e-02 -2.830322877550610627e-01
4.864091306320439401e-02 7.161696306631260001e-02 6.976623712057872240e-03 -1.272344998415730899e-01
6.034865978713632728e-02 1.817707726810180446e-02 -4.895932293162008619e-02 -2.956641412361893373e-02
1.014517260434288914e-01 6.843340540907405511e-02 -8.362542496855418506e-03 -1.615225889556475281e-01
5.493468964763970064e-02 3.706646408487657141e-02 1.100003397649373937e-04 -9.211115407228120944e-02
4.913489166188611534e-02 2.955667269507955552e-02 -1.150024197352372823e-02 -6.719132238344016628e-02
5.159639418725525672e-02 4.110178443005008120e-02 -1.308302861028920461e-02 -7.961515000701702149e-02
6.628688608326438469e-02 5.808491276835514583e-02 -1.398175175670424153e-02 -1.103900470949161772e-01
3.947607495047567028e-02 -2.940669268959439364e-02 2.193114114566530048e-02 -3.200052340654657712e-02
5.949391640348533628e-02 -7.552365191732413052e-03 -8.246825630855880718e-03 -4.369472558089881886e-02
1.598300430202561628e-01 1.218587262246044745e-01 -6.486917102707323579e-03 -2.752018521421542019e-01
1.484153519061788273e-01 6.170627434202913264e-02 -1.144185298481215085e-02 -1.986797732633984737e-01
9.302663217587348043e-02 4.235994797965059178e-02 3.364800126268718827e-04 -1.357230601681536086e-01
1.098575901785983078e-01 4.147633236550785085e-02 -2.296777513874115328e-02 -1.283661474053650053e-01
6.077539798275211069e-02 3.244892234888041571e-02 3.783263604845288341e-02 -1.310569563800836335e-01
4.227613079320313716e-02 5.257495843897608268e-02 6.896479906298935703e-03 -1.017475691384790437e-01
6.668932253544745947e-02 7.851832374092637679e-02 -1.112389922478751458e-02 -1.340837470515845453e-01
6.752558291943344670e-02 2.804705564241949389e-02 4.936677501809150215e-03 -1.005093160636629790e-01
5.693473731290588091e-02 1.069682553672723913e-02 1.209493190421451203e-02 -7.972649475384763207e-02
2.556800140476500616e-02 3.504181541811846046e-02 -4.911378152485212922e-03 -5.569843867039914187e-02
4.385111325734847298e-02 2.970904817823427635e-02 7.623017741477333686e-03 -8.118317917705919484e-02
4.430144259288848474e-02 1.823450559482342470e-02 -1.493362889705274199e-02 -4.760231929065916745e-02
8.438903611922832226e-02 5.092740753309676904e-02 6.813060414644134255e-03 -1.421295040669683374e-01
8.107060439579250044e-02 7.724055224243731033e-02 -2.028472169281148041e-02 -1.380264349454165540e-01
5.775967240580293094e-02 3.907985821612935950e-02 -1.588384256698738284e-02 -8.095568805494579578e-02
-1.408321925971023347e-02 2.588104498649901331e-02 1.984132948441796884e-03 -1.378195867523146489e-02
1.572176691365143597e-01 7.267606197990605921e-02 -4.593970242081191202e-03 -2.252997608743374514e-01
5.510929271379083616e-02 1.350317038034720696e-02 -1.584494929825552845e-02 -5.276751379588073831e-02
2.020679249477277395e-01 1.336052578134037105e-01 -4.621044420383313422e-02 -2.894627385572974276e-01
1.590029058690127783e-01 6.071878455370871563e-02 -1.248269819639080680e-02 -2.072389922263306872e-01
3.901681506566756497e-02 1.044855145604905999e-02 2.423021149716575451e-02 -7.369557801888237947e-02
6.176422188031338578e-02 6.269540898204972734e-02 6.969315582622037653e-03 -1.314289464449860390e-01
6.605260948782998298e-03 8.131762868837100200e-03 4.713981291445534794e-02 -6.187683673207633461e-02
5.288508194638996684e-02 2.539683074084742032e-02 -9.621088255034493386e-03 -6.866082443220555831e-02
6.276470695328661975e-02 3.136582774601492929e-02 -1.143687523410541473e-02 -8.269365946519435795e-02
2.644052490695791846e-02 2.279769830660338670e-02 -2.131215522642371241e-02 -2.792606798713581640e-02
8.295316079649062146e-02 7.129538002284263598e-02 -1.281506206186211472e-02 -1.414334787574702545e-01
5.675873622496219184e-02 3.806503643148673177e-02 -1.312682364481787545e-03 -9.351109029196624789e-02
4.091639786270739876e-02 -3.796710460122998398e-02 3.782884061881386373e-02 -4.077813388029216668e-02
1.061453459143431033e-01 5.201085210786882129e-02 -1.688613225389890005e-02 -1.412700657683139127e-01
5.006743166839200398e-02 2.961636337215090009e-02 1.922368802802942866e-03 -8.160616384334407059e-02
2.245237812043221481e-03 3.793935705328443930e-02 9.429986947520951901e-03 -4.961458181284772451e-02
2.654809519483158908e-02 1.538126127230121654e-02 9.789826088338671184e-03 -5.171918255547058862e-02
3.550250062721982403e-02 1.876101402802987650e-02 -1.623650454150471489e-03 -5.263986420110011721e-02
5.736392563088976715e-02 3.180388534848432869e-02 -6.706278682555577575e-03 -8.246153229681674190e-02
1.735814501422883183e-02 1.902736253168413327e-02 1.327073788863764037e-02 -4.965624543455060547e-02
1.038122207930287644e-01 5.502034918385056983e-02 -2.937554578728018839e-03 -1.558950153981513154e-01
1.649206249295698257e-01 9.997806920210283721e-02 4.799233897008647887e-03 -2.696979280286848635e-01
4.767712931438428114e-02 2.560690231543283346e-02 -1.943548769400660348e-02 -5.384854393581051113e-02
3.314944767097838252e-02 -1.048381425662547883e-02 -4.769377866526980370e-03 -1.789625554782592332e-02
3.280270125033446504e-02 2.088113791805490393e-02 4.555352492956465937e-03 -5.823919166134672309e-02
1.216395941357051314e-01 7.828449900194023314e-02 7.438700398708419925e-03 -2.073627935363555608e-01
9.977185629946827561e-02 5.302779979502414420e-02 2.407435250649569980e-03 -1.552070913451419898e-01
7.039502735801139721e-02 5.041833558702624174e-02 8.183937378065664348e-03 -1.289973003231015269e-01
4.073012892661509454e-02 1.034682747881454645e-02 -1.380636812358471133e-02 -3.727058828184404149e-02
3.858469592193802811e-02 1.485407841231545234e-02 1.469458746664642490e-02 -6.813336180090079353e-02
1.073657529134104394e-01 7.708111329180411531e-02 -1.115572037041001607e-02 -1.732911458348027622e-01
4.723891396848500790e-02 3.344817255141752099e-02 -7.466314650907079908e-03 -7.322077186899633716e-02
6.096155510224932073e-02 3.040139745817427297e-02 -3.890373752439924004e-02 -5.245921503602435365e-02
9.804954687012390480e-02 8.114192701207745273e-02 8.006503345599824684e-03 -1.871979772278020704e-01
1.191063097680187255e-01 7.867187741895786957e-02 -6.912327799388329197e-03 -1.908658593875856013e-01
1.134660135169118789e-01 9.806427683113128069e-02 -3.480059566389837045e-02 -1.767296946841483418e-01
9.325924520788930749e-02 6.474115390152945793e-02 -2.107212163290217433e-02 -1.369282774765165911e-01
1.308437708675942446e-01 3.921398926368624416e-02 -1.271915667956680096e-02 -1.573386034517127996e-01
6.264640493983097969e-02 -8.223609717401991759e-03 1.415557176061454925e-02 -6.857836698304353718e-02
2.099007195578357354e-01 1.321879917643906666e-01 -1.289153514583318838e-02 -3.291971761763932136e-01
2.039353331832494121e-02 2.004212576608566110e-02 -2.827624529118111241e-04 -4.015289663149701482e-02
5.046912141838877375e-02 5.734459894724519557e-02 7.176472342157680373e-03 -1.149901927077916497e-01
4.410392982154931474e-02 6.273557169912180598e-03 3.243419220940957359e-03 -5.362090621240245270e-02
5.848541278709440405e-02 1.271047529343505289e-02 -7.613463826459110351e-04 -7.043454169788176955e-02
2.756182153499864285e-02 -2.731986839401123746e-03 2.260926378352756672e-02 -4.743909847912330946e-02
7.978225568181862570e-02 5.992991300242334063e-02 -1.433148849611676212e-02 -1.253806801881243160e-01
4.244025586470197287e-03 6.150395077346604289e-03 -1.300455689774095494e-02 2.610136233924156834e-03
8.438396074577081407e-02 5.259450865231585226e-02 -1.128549908186649020e-02 -1.256929703162192880e-01
7.465165340330948140e-02 2.299513751404447248e-02 -1.065376974442688862e-02 -8.699302117292795344e-02
4.935880119472013661e-02 3.991851560638437491e-02 7.465796809789537747e-03 -9.674311361089493744e-02
4.366251109692065313e-02 3.084811716628621525e-02 1.968533316339549089e-02 -9.419596142660324745e-02
5.801637477496068840e-02 1.590044587208794269e-03 -2.173248462802312986e-03 -5.743317089936894604e-02
1.235612966012293867e-01 7.344602904633035223e-02 -2.720770523736248947e-02 -1.697996204101954731e-01
6.126095591432090259e-02 4.171096140789032347e-02 1.372802239129455870e-02 -1.166999397135093375e-01
2.400615271750794477e-02 3.132261675304093274e-02 5.987240131600124471e-03 -6.131600960214811380e-02
4.400004269216672981e-02 8.377413658389620821e-03 -7.883057898494527649e-03 -4.449439845205915844e-02
5.163145773129862448e-02 2.941477950071913483e-02 1.166199675126300406e-02 -9.270823398327898701e-02
1.075776385330611262e-01 4.744977759530755179e-02 -2.348055197565201979e-05 -1.550039355763912496e-01
1.335522690416013347e-01 1.063154290676395775e-01 2.993763437150853690e-03 -2.428614615463908777e-01
1.072807993602493681e-01 6.527107222599592973e-02 -3.290854923553343525e-02 -1.396433223507109744e-01
7.511181820564782896e-02 5.019596869124320904e-02 -3.555004588141041921e-02 -8.975774101548150696e-02
6.874189977787104056e-02 6.560048934360551698e-02 -1.662437275876538223e-02 -1.177180163627111753e-01
1.649383821065342204e-01 9.313593267654329821e-02 -3.687785492198614179e-03 -2.543865292908789044e-01
6.169070288465583474e-03 5.259942751442814313e-02 2.113768093895718181e-02 -7.990617874185179659e-02
6.214177115787578032e-02 3.871096003831642207e-02 2.569363110252353977e-03 -1.034220943064454445e-01
7.808528140955939278e-02 5.843413045831979957e-02 2.029667968967796554e-02 -1.568160915575562697e-01
5.372551721536122926e-02 3.420711936025444544e-02 1.043892183054229150e-02 -9.837155840615885438e-02
2.970986717514456643e-02 2.083390002524332374e-03 1.012889267607253174e-02 -4.192214985373787783e-02
1.370515444371243063e-01 7.530983734582363809e-02 3.113555068791740155e-03 -2.154749368517379082e-01
1.292715083995350511e-01 1.035934435167371603e-01 1.147492113330095265e-03 -2.340124440296023067e-01
9.474192948913895407e-02 5.321480866348959893e-02 -6.373969354455333303e-03 -1.415827687981723315e-01
1.187529990739548680e-01 2.698517906139574762e-02 -4.949246713801258579e-03 -1.407889314215493570e-01
7.090699920314058602e-02 2.752073718026615268e-02 -6.486620880567173231e-03 -9.194111550283867729e-02
4.572756216923501427e-02 9.561875168778932732e-03 -1.010663917719778482e-02 -4.518279816081793854e-02
1.472676112713759977e-01 5.125409381979117995e-02 -1.026414746118042842e-02 -1.882575576299849729e-01
6.268202233396102940e-02 4.946772634449292383e-02 9.050398490375144434e-03 -1.212001471688264331e-01
5.404697386381851487e-02 7.628040942833091975e-02 -1.869267356806236791e-02 -1.116347097240888431e-01
1.058578816308815007e-01 6.214621331218062039e-02 2.488109331384347200e-02 -1.928851882569038168e-01
4.141996959792049182e-02 3.637551869828570261e-02 -2.593535221618825659e-02 -5.186013608001616149e-02
5.305524783819226542e-02 1.062560176045934668e-02 -2.647678034645828404e-03 -6.103317156400223098e-02
3.183410064367020453e-02 2.134463510593320734e-02 1.156644400009287921e-02 -6.474517974969540290e-02
8.901503165020052677e-02 6.919756070529814451e-02 1.678550239033960167e-02 -1.749980947458391611e-01
1.672902517088648011e-01 1.023687203220235986e-01 -4.288005292384955425e-02 -2.267789191070397337e-01
9.741387556898217781e-02 5.402527593227457459e-02 -7.880263547496824117e-03 -1.435588879537617046e-01
1.291844194594364836e-01 4.102957882466995443e-02 -1.098817060513734845e-02 -1.592258276789690896e-01
6.200971996923509977e-02 3.397782471617905031e-02 -2.857555964922831038e-02 -6.741198503618406335e-02
1.355791888950426127e-01 4.967788072684165002e-02 -1.121247210424236584e-02 -1.740445975176410087e-01
5.122354555593044978e-02 5.864895486867727215e-02 1.348740833835648800e-02 -1.233599087629659863e-01
6.471056375943184946e-02 5.105933085454772424e-02 -7.428959093238596267e-03 -1.083409355207409774e-01
9.402040677436307448e-02 5.527910683819481363e-02 1.437155004516021961e-03 -1.507366686170712455e-01
3.168622083550154400e-02 2.837136291457298398e-02 8.654818869386460278e-03 -6.871240261945921191e-02
1.181491353180552650e-01 7.559047674672569883e-02 -1.033431886462832239e-02 -1.834052932001561942e-01
1.057136539414855747e-01 6.386978637747819931e-02 -2.506257414421675378e-03 -1.670771829045420986e-01
9.356726421473382516e-02 3.431020008908181040e-02 -2.827059780525953414e-02 -9.960686649855343688e-02
2.649969015607211986e-02 1.685560209998548942e-03 2.433327562359277607e-02 -5.251852598966610941e-02
8.959076093864482004e-02 4.855980975265872246e-02 3.023392805098445990e-03 -1.411739634964028767e-01
6.107262647335165440e-02 1.731562249940488130e-02 -5.736409495769478895e-03 -7.265183947698616862e-02
4.764463493110149273e-02 6.879549578929733400e-02 -2.001946742812243940e-02 -9.642066329227638732e-02
7.851672288916056175e-02 7.105393178551455691e-02 -1.809569284052781057e-02 -1.314749618341490844e-01
1.013449733488789306e-01 6.016505943275340940e-02 1.571754567287531046e-02 -1.772275784545076505e-01
3.467536543744298427e-02 2.393021961177854706e-02 -3.210298846521908445e-02 -2.650259658400333507e-02
9.098315252197153313e-02 6.008746997644198728e-02 2.430461809492001635e-02 -1.753752405933326486e-01
3.830887452435138840e-02 3.383015416324042235e-02 -6.096737147919029098e-03 -6.604229153967366983e-02
1.714569445281339810e-01 1.107346954587686838e-01 -1.936509275588615964e-02 -2.628265472310173934e-01
9.923931120800499883e-02 5.944539882213462079e-02 -1.054393794417585184e-02 -1.481407720859628796e-01
6.507551760578245137e-02 3.692911833149459255e-02 -1.945746849110907561e-02 -8.254716744616885649e-02
1.696469820562880315e-01 8.782844081140694925e-02 -2.392730235837703390e-02 -2.335481205093152823e-01
5.429228900876115205e-02 5.709938629414690325e-02 2.353967262897693757e-02 -1.349313479318849929e-01
9.715468433860063868e-02 4.482030113013202310e-02 1.719103385473097489e-02 -1.591660193234618603e-01
4.229025147003451224e-02 5.180675145757263067e-03 -1.639598953977916551e-02 -3.107493707601438615e-02
4.429003675142695329e-02 -2.364293841523590345e-04 2.962796515793275631e-02 -7.368157252520823874e-02
1.365668361576890533e-01 7.627250605118529592e-02 -5.636134178876872625e-03 -2.072032080299948120e-01
2.094023427726821041e-02 -8.212635636563270225e-03 2.675846002541426571e-02 -3.948605866611920590e-02
8.928106580687611427e-02 8.086139723695051629e-02 -2.031178260987864803e-03 -1.681112847828352130e-01
8.461661078371829348e-02 5.439186910375326534e-02 -1.136525548678601893e-02 -1.276432244006873162e-01
1.036654548962969713e-01 6.053322228768021063e-02 -1.775260762154307059e-02 -1.464460695624358877e-01
5.127864184426922378e-02 4.180744195050589695e-02 1.260488280323812660e-02 -1.056909665980132473e-01
1.164956822075335907e-02 6.027100704326215919e-03 6.662352889217793006e-03 -2.433902181429647982e-02
1.343741617823024370e-01 3.737509674076555655e-02 1.711583771512614760e-02 -1.888650962381905885e-01
7.019416442685244562e-02 1.898417063149526740e-02 -1.616854661922051406e-02 -7.300978843912808713e-02
1.066399090193304033e-01 7.160947788290794591e-02 5.677020833841694980e-03 -1.839264077360818206e-01
1.085826819646227293e-01 1.087298355435208919e-01 4.303609613635295261e-03 -2.216161271217780282e-01
3.043291071471632137e-02 3.190574530447598534e-02 -5.783450533288103657e-03 -5.655520548590420304e-02
9.738488580016824159e-02 4.904362947608387202e-02 -9.823493119262671769e-03 -1.366050221569912182e-01
5.396782641042108253e-02 8.653262415631246540e-02 -4.150024083015768639e-02 -9.900020973657586154e-02
4.750074094708534034e-02 2.024136051699709782e-02 2.312818600905153232e-03 -7.005492006498581503e-02
4.287505248093559374e-02 5.694738367933993572e-03 6.489933273294390403e-03 -5.505972412216131318e-02
1.250892339570190970e-01 8.120584986177270537e-02 -2.083676337990070238e-02 -1.854583204388911000e-01
1.168562758415019331e-01 5.040122251103085205e-02 2.841833174977104193e-03 -1.700993315275081130e-01
1.188538823914315756e-01 5.593177312729924466e-02 -3.166207758056849286e-02 -1.431235779381605511e-01
1.200796650517244046e-01 9.523487659225082780e-02 -1.888578801461981982e-02 -1.964287536293563008e-01
1.249502328834299902e-01 6.170498646045796676e-02 -1.194527559604452449e-02 -1.747099437478416561e-01
-1.088898890595935143e-03 -5.710088188859430147e-04 3.460892634508194732e-02 -3.294901863560095734e-02
-1.865340981273000409e-02 1.610938553670582252e-02 1.865803193991943942e-02 -1.611400766389614603e-02
2.301843192222285950e-02 -9.477434859714861659e-04 5.112288650241048060e-03 -2.718297708649153321e-02
1.835520558833447780e-02 -2.108955245168075976e-04 3.155269685245265521e-03 -2.129957974906115936e-02
2.367118765835041216e-02 1.951556435738410755e-03 1.478595133190108157e-02 -4.040869542598990449e-02
3.285323051649147175e-02 -9.954793131314865207e-03 -6.350326508726134023e-03 -1.654811087645136070e-02
2.724202735270431219e-02 1.628395029240259362e-02 -8.517060610850002433e-03 -3.500891703425956791e-02
3.393223291318037127e-02 1.521864455733457078e-02 -2.551044854951278751e-03 -4.659983261556455147e-02
2.918236845497546028e-02 6.567229056976486845e-03 -1.649725699382820210e-03 -3.409987181257001509e-02
4.542128801887379552e-02 3.299010184107942223e-03 -4.338844465080704538e-03 -4.438145373790369774e-02
3.669579537781686440e-04 8.208453846892282968e-03 8.282526658481614845e-03 -1.685793845915295464e-02
2.022668325587417826e-02 2.180185022794756122e-02 -8.363745514010645365e-04 -4.119215893242067494e-02
9.448132948209675419e-03 1.038943805344771931e-02 4.215296892711073440e-02 -6.199053992876901731e-02
1.246076577690313769e-02 1.918792081043552145e-02 2.109628647465555673e-02 -5.274497306199332769e-02
4.844099942662083436e-02 2.530581744281690248e-02 1.570514582856663566e-02 -8.945196269800348432e-02
1.334185911478869002e-02 2.765306909309561689e-02 -1.021859878948028211e-02 -3.077632941840402481e-02
8.483005374623431294e-03 1.060119256184233194e-02 4.656617654130812411e-02 -6.565037447777477553e-02
5.541058683445143629e-02 2.966750774630355636e-02 -7.645219757197452282e-04 -8.431357260503524742e-02
2.628458777036080107e-02 2.017315835387467615e-02 -2.688871111404456116e-02 -1.956903501019358060e-02
1.886093045720826922e-02 1.779702583352182899e-02 1.958605057584161813e-02 -5.624400686657260451e-02
5.242545231914341741e-02 2.420107925085535072e-02 -1.560029319128197756e-02 -6.102623837871856693e-02
5.486113521724789166e-02 2.054030446820487299e-02 -1.239299589232079057e-02 -6.300844379313197408e-02
1.946038719894183089e-03 2.761054786618810652e-02 2.716040298830968425e-02 -5.671698957438842115e-02
1.007832845892373541e-01 6.437535473391964302e-02 -3.718084203137905774e-03 -1.614405551200164268e-01
1.931122957072961555e-02 -1.417926099642485838e-02 -6.391388115635443512e-03 1.259419541330686343e-03
-5.407944724362678812e-03 -1.335390143149872699e-03 1.063272148017357921e-02 -3.889386612660139519e-03
4.283188416816852140e-02 3.310179377947619628e-02 -2.234760043118022566e-02 -5.358607751646271566e-02
3.618393351054915996e-02 2.976223199318273060e-02 1.247546306675673122e-03 -6.719371181040756369e-02
8.200639492091266192e-02 5.913329869877514966e-02 -6.177008130876515679e-04 -1.405219928066019364e-01
1.193496560319715627e-01 7.948607854080602664e-02 1.262761723745065012e-02 -2.114633518102282395e-01
4.492401385509658951e-03 -2.994282540190251751e-02 2.262834809463187824e-02 2.822075921760980322e-03
4.204731358066116087e-02 2.171294867165229903e-02 4.625375810001663979e-03 -6.838563806231601205e-02
4.222057782827626227e-02 -5.028195514354294460e-03 -8.747662257705179911e-03 -2.844472005621678790e-02
9.925202767170215878e-02 3.106635032960092246e-02 -1.163878840829024597e-02 -1.186795895930101707e-01
7.904836235605294803e-02 6.924062160596200499e-02 -5.070084289817700096e-04 -1.477819755330358475e-01
8.470056809735648784e-02 3.253912398035030407e-02 -1.414659838964116290e-02 -1.030930936880682935e-01
6.022038272128771297e-02 2.613543476768498408e-02 7.527899771148760522e-03 -9.388371726012145757e-02
6.534647935949156050e-02 5.768443632558550860e-02 -2.380673639225783234e-02 -9.922417929282101312e-02
7.532258039110395487e-03 2.595217382910064430e-02 7.244435806111226839e-03 -4.072886767432137844e-02
5.638900078790776149e-02 2.036610172187103274e-02 1.551470791201481347e-02 -9.226981042179183135e-02
2.126374225645388805e-02 2.735017544271300949e-02 -1.925079168709142863e-02 -2.936312601207902162e-02
8.453970180200620632e-02 3.683938088931526522e-03 -1.890717798215035828e-02 -6.931646190878559821e-02
1.252798761579994036e-01 4.244682546807609924e-02 6.119716132157115851e-03 -1.738464177582326187e-01
8.116690000484272360e-02 4.825805274368466513e-02 -8.850357182772938813e-03 -1.205745955657553381e-01
9.314985783964147004e-02 4.458022354160195988e-02 -4.725491722085806146e-03 -1.330045896591594001e-01
4.206628870696604849e-02 4.376891667750104631e-02 2.222493999353147842e-03 -8.805769938381935447e-02
1.339312607656983900e-01 7.876344453592221129e-02 -1.595650212405796964e-02 -1.967382031775652962e-01
1.334538568150618332e-01 6.635651603830261536e-02 -9.060907250425742632e-03 -1.907494656029378177e-01
8.923319978074406578e-02 4.373775173561789131e-02 1.972385917316454851e-02 -1.526948106895300583e-01
9.617857764976278645e-02 3.562313676229145187e-02 -9.930931246365126697e-03 -1.218707831656873353e-01
7.015558050174597327e-02 1.801183776288084459e-02 5.607564501259432177e-03 -9.377498276588802639e-02
5.114694529502905596e-02 -5.433461117707594212e-03 6.499269272044472245e-04 -4.636341110452768532e-02
1.350783751381801068e-02 1.303557347991546322e-02 1.376399036031639156e-02 -4.030740135404897728e-02
1.155643807627333430e-01 9.639918474507158663e-02 -2.752616637993465787e-02 -1.844373991278693836e-01
1.033989595601676470e-01 7.776932750470333389e-02 -7.258816875311602246e-03 -1.739094701895593786e-01
9.474859947626779189e-02 6.777246599046016229e-02 -3.395336964479156450e-02 -1.285676958219372779e-01
1.832662536611264770e-01 1.280015681214896617e-01 -3.127784515607512361e-02 -2.799899766265436796e-01
1.652386367182856475e-01 1.479116359342684817e-01 -4.147435311356595378e-02 -2.716759195389872872e-01
6.812938237204946290e-02 3.323650931786747975e-02 1.104714825570951575e-02 -1.124130399456255702e-01
1.080285616574965246e-01 9.957377960137137052e-02 -7.247070706007718854e-03 -2.003552705528583999e-01
6.520859957177371768e-02 7.634645734967282493e-02 -7.865027040231176159e-03 -1.336900298812153665e-01
3.826805417077583371e-02 2.201355187191378349e-02 -1.576285953766465298e-03 -5.870532008892226372e-02
9.483715579403284579e-02 6.496330711661091328e-02 -1.367010105274335530e-02 -1.461303618579004038e-01
7.064132022637181763e-02 3.853401579218829198e-02 -2.753780424855989395e-02 -8.163753177000110384e-02
1.150575914355007612e-01 1.165633840661550735e-01 -2.733136209640729675e-02 -2.042896134052512025e-01
4.748788196127229355e-02 7.270162304417659982e-02 6.741731532688532980e-03 -1.269312365381374264e-01
1.280453275448749650e-01 8.266664443751281510e-02 1.649046600885561986e-02 -2.272024379912425118e-01
-1.977641667404572701e-02 1.366705846266391688e-02 2.040508326691981011e-02 -1.429572505553977635e-02
1.206968490399100702e-01 7.632718887714684541e-02 4.238511152665935811e-03 -2.012625490697219632e-01
3.618032573239382543e-02 2.930931136212677757e-02 2.333419543876225077e-03 -6.782305663839949261e-02
1.823406381685881428e-01 1.118733646873941723e-01 -2.950835022145881226e-02 -2.647056526345226146e-01
1.030579744194177749e-01 8.253660499030690545e-02 -1.814334619835644702e-02 -1.674512332113682334e-01
4.870871043907865072e-02 5.480967496299449238e-03 1.826970835697405704e-02 -7.245938629235126882e-02
3.644823467364943781e-02 6.625516178360157937e-03 5.087095047325185249e-03 -4.816084589933389282e-02
1.306626942970430250e-01 1.241586424060816540e-01 -5.018970216739315759e-02 -2.046316345357297450e-01
2.999388200844776975e-02 -1.986212149029498164e-03 4.800291693389890924e-02 -7.601058679331540446e-02
1.299289577806570506e-01 9.253216492717175612e-02 1.552684323766584384e-02 -2.379879659454946506e-01
5.974536976806454902e-02 2.763457258545365391e-02 -1.341833248963375524e-02 -7.396160986388444769e-02
9.338886261140988410e-02 6.386127021210619148e-02 1.243738560314611163e-02 -1.696875184266621872e-01
5.457094151488028899e-02 3.373846988583739659e-02 -2.202365079591039887e-03 -8.610704632112842205e-02
1.560774411221110824e-01 9.422263573839551043e-02 -2.274970659393016348e-02 -2.275503702665773176e-01
8.863549459609565417e-02 5.233933288580328025e-02 -8.697885773205626947e-04 -1.401050389045765954e-01
1.337846250792882330e-01 4.296900074485332510e-02 9.362362609710572769e-03 -1.861159884338530190e-01
8.127130683565564340e-02 6.681796497734371343e-02 -2.339387312796237239e-02 -1.246953986850387608e-01
3.187970232208314769e-02 4.415194534560118456e-02 1.779715355628308515e-02 -9.382880122396652922e-02
1.122811930139118175e-01 5.138746545997996407e-02 -1.275869237712878856e-02 -1.509099660967603285e-01
4.489733761337522111e-02 -5.240369377527365202e-03 -6.935829885711619625e-03 -3.272113835013534811e-02
9.646229095296021683e-02 5.838119460619850543e-02 5.042460947644045177e-04 -1.553477316539249031e-01
7.126968376469733357e-02 3.423895734749571318e-02 1.153069468801426467e-02 -1.170393358002055351e-01
1.636043486585263551e-01 1.101707389921191549e-01 -2.142605460963320496e-02 -2.523490330410105287e-01
-4.291149183530684752e-03 6.220971210400882967e-03 8.707422716297763543e-03 -1.063724474316884994e-02
5.957146675985214301e-02 3.677822498925209516e-02 2.553400463888788607e-02 -1.218836963879930124e-01
1.071698118284736267e-01 3.501575677228441208e-02 2.657865322189145729e-03 -1.448434339229480727e-01
2.047853717899599246e-01 1.420015597907893223e-01 9.193538346742968770e-03 -3.559804699274948803e-01
1.507039801074760987e-02 2.390686326067559264e-02 2.502148154991168383e-03 -4.147940942641703543e-02
8.480537719563407961e-02 6.230602642666482893e-02 -2.201201350924186784e-02 -1.250993901130570407e-01
5.772280922784034374e-02 6.882577902091302491e-02 1.106913843403223296e-02 -1.376177266827838253e-01
6.068674583761346497e-02 4.995545132737699845e-02 -1.174666871792418021e-02 -9.889552844706805956e-02
1.745632898703091129e-01 1.159225279284825660e-01 -3.007125323422954466e-02 -2.604145645645639107e-01
1.343430034487083091e-01 6.718025957864526276e-02 -4.399932496532699133e-04 -2.010832697777011902e-01
8.116357467879176113e-02 9.114837346530357820e-02 -1.185329884385488697e-02 -1.604586493002422287e-01
1.153343827628017237e-01 6.055519320223723412e-02 5.179938934910310877e-03 -1.810695148999492687e-01
1.048163097237848618e-01 6.589036893961974783e-02 -2.740613307270400867e-02 -1.433005455907006009e-01
2.302300779138120035e-01 1.203576947123723428e-01 -3.746429864180989000e-02 -3.131234739843717918e-01
1.935148605590688575e-01 1.122326070103589757e-01 9.443003327239019029e-03 -3.151904708966686286e-01
1.287752791485079484e-01 6.948233497033484696e-02 6.766188153708441178e-03 -2.050238022725485720e-01
8.670050103113258189e-02 2.922615707029763144e-02 2.101396419131695836e-02 -1.369406222927445071e-01
9.956602935886849082e-02 8.595056673842105255e-02 4.329637434810074126e-03 -1.898462335320987293e-01
1.866310717684402931e-01 1.068691311909981678e-01 -3.925750554844409379e-02 -2.542426974109917026e-01
2.953316053416710218e-02 1.640096326378870373e-02 1.029997363534285171e-02 -5.623409743330043398e-02
8.357351525770262413e-02 7.154297616113503011e-02 3.597074713250414391e-02 -1.910872385513382454e-01
9.158090974632240311e-01 2.960473662991964794e-01 -3.190122060814206684e-01 -8.928442576810007303e-01
5.864576232908458309e-02 6.728959397439915335e-02 1.201109010290046797e-02 -1.379464464063842044e-01
1.567322161305284567e-03 -8.861678989608989809e-04 -8.230368731806159133e-03 7.549214469461773547e-03
2.013323173633727592e-01 1.220758131694505977e-01 -1.965603404714233449e-02 -3.037520964856810224e-01
2.020930018261415384e-01 1.544717508000728046e-01 -2.894524430896616707e-02 -3.276195083172481759e-01
4.533959097696715901e-02 4.465118815004398556e-02 8.506041504506178796e-03 -9.849682063151465883e-02
8.519111974107662633e-02 1.922967907331063486e-02 8.231063378782543793e-03 -1.126518621931662523e-01
1.386381732474095685e-01 6.214069178968006923e-02 -2.031134794486089135e-02 -1.804675170922269700e-01
1.519972545361287786e-01 6.022393151869120942e-02 -8.182295906381753525e-03 -2.040388901484355699e-01
1.658677282951162013e-01 6.713589767375172102e-02 2.768646510829153584e-02 -2.606900910771585700e-01
1.073829738953939739e-01 7.227507341116901074e-02 1.993449712105999083e-02 -1.995925444276238636e-01
4.966973255469220305e-02 6.232018676609030194e-02 -8.947156037084624813e-03 -1.030427632836987684e-01
1.435786391619169322e-01 8.353121279693898060e-02 -1.841665348034471350e-02 -2.086931984785120875e-01
9.463161917078632968e-02 3.097587105257471052e-02 4.334562938104191687e-03 -1.299420531614652319e-01
1.514139147869553170e-01 1.108706209759180439e-01 -7.348180893675504421e-03 -2.549363548691987447e-01
1.780286003517828064e-01 1.554255885100337409e-01 -1.958867245409923186e-02 -3.138655164077173154e-01
1.144760222259684213e-01 8.933865581661137867e-02 -2.675554930276913268e-02 -1.770591287398115554e-01
5.854691756838725780e-02 4.853441754280929388e-02 5.371333096055863621e-04 -1.076184684207994735e-01
1.243258219720990709e-01 6.435476948436757993e-02 -1.444206986332652320e-02 -1.742385215931410158e-01
-2.607922031105935901e-03 -1.009260930445332605e-02 9.492700346489080232e-03 3.207830989071069894e-03
1.235356242634573221e-01 7.086284444762647183e-02 -1.935474678968862605e-02 -1.750437219213951678e-01
1.196997609514403038e-01 8.097950646452201084e-02 3.331186967795218834e-03 -2.040104543837557571e-01
1.716158937843736965e-02 3.440606372509069644e-02 1.954192721843384106e-03 -5.352184582537411472e-02
7.722525951982728287e-02 4.995483310902848473e-02 -8.446357670171877885e-03 -1.187337349586838897e-01
1.330383263338559274e-01 6.719031836966671278e-02 1.669944759108954457e-02 -2.169280922946139611e-01
2.207312228550355471e-01 1.067303771872802898e-01 -3.536523539969760321e-02 -2.920963646426173455e-01
8.560075691409885223e-02 6.742541936972124006e-02 7.441832660735059335e-04 -1.537703595498935982e-01
2.342315017296723312e-01 1.353054526846859673e-01 -3.981283630469611978e-02 -3.297241181096604024e-01
1.700478351420606771e-01 1.248396960393014510e-01 -1.048116216233374587e-02 -2.844063690190274940e-01
1.031085418048842683e-01 6.254972699815031234e-02 3.377566257332098587e-03 -1.690358350603675675e-01
3.881351409511957229e-02 1.469152009974905582e-02 4.125422127829736496e-04 -5.391757640765248993e-02
2.069139374073198923e-01 1.513162597304154033e-01 4.233496416117255023e-03 -3.624636935538561033e-01
2.448972994753031429e-01 1.345564727383115056e-01 -3.524400295139162864e-02 -3.442097692622247962e-01
1.847515950249372096e-01 1.143676784053635487e-01 -2.245223508596794204e-03 -2.968740499217039641e-01
7.320896844606217257e-02 6.291226749715228550e-02 -2.239688610883305842e-03 -1.338815473323329286e-01
1.060178555980000326e-01 6.031267050492683524e-02 -9.585289350013681542e-04 -1.653719971679254996e-01
6.138253920069303149e-02 4.135996873260339157e-02 1.384139866036715460e-02 -1.165839065936644658e-01
1.088291819897859725e-01 8.592738624680595905e-02 8.157693853813263729e-03 -2.029142620904069716e-01
1.379866129789002471e-01 6.149007472213963155e-02 -1.136070570028557825e-02 -1.881159820007551886e-01
2.494754979648838855e-02 -7.639797556394434253e-03 2.614641661182215415e-02 -4.345416885191433209e-02
-1.032887076647082125e-02 3.320062434806025919e-02 -6.374814922135207951e-03 -1.649693865945245363e-02
1.246473763337547780e-01 7.003842469652354907e-02 -3.269869222205823434e-02 -1.619871088082174282e-01
2.706445400036017190e-02 1.212127051454281457e-02 2.964472305006182751e-03 -4.215019681990739286e-02
1.720090987095703738e-01 1.263774601563705247e-01 -2.153842297849539733e-02 -2.768481358874463893e-01
1.364758820043956433e-01 1.129892553549014522e-01 -2.046145018038814101e-02 -2.290036871789080664e-01
7.466404210005261888e-02 4.938017313305387290e-02 2.375750146402566543e-03 -1.264199653795117229e-01
6.794181856460212998e-02 5.984672437066418382e-02 1.303614082138881969e-02 -1.408246837566533571e-01
9.591278624120924690e-02 3.449064250193334402e-02 8.011567190626678325e-03 -1.384149959337692692e-01
1.024687450861270221e-01 5.939368419198221005e-02 4.021928503529004217e-03 -1.658843577816373482e-01
6.341933223585449753e-02 2.282858081207272960e-02 1.711125975317084880e-02 -1.033591728010989641e-01
1.389396221867746917e-01 1.076379114079326627e-01 -5.284449897377641037e-03 -2.412930836973306015e-01
1.783678409522346797e-01 7.583054852101334120e-02 -9.937291489547028789e-03 -2.442610979837018803e-01
6.900366623634823782e-02 1.458681940655992548e-02 1.976961074834981957e-02 -1.033600963912562065e-01
8.993048957592542081e-02 7.618109116672222569e-02 -5.479798564746118927e-03 -1.606317821779015276e-01
5.814988023285572183e-02 3.666522094389179642e-02 -9.591589585641990823e-03 -8.522351159110463925e-02
1.094377869206564213e-01 1.133302822937265475e-01 -3.119677356367844823e-02 -1.915712956507071851e-01
4.569808664921914954e-02 1.328063139970048212e-02 -3.155633998706441901e-03 -5.582308405021318976e-02
2.981591859718157878e-02 1.245678425769636277e-02 -3.423747256176667975e-03 -3.884895559870216175e-02
9.326582121101889555e-02 5.434392570931567690e-02 -9.306104680338656010e-03 -1.383036422399959164e-01
1.285562669506692401e-01 9.843338665608314386e-02 3.042518413095329777e-03 -2.300321720198468256e-01
2.071437910312070585e-01 1.068857454364726678e-01 -2.164176635320202990e-03 -3.118653598323604115e-01
8.486377716787441017e-02 7.400153927903652118e-02 -1.839477959230695348e-02 -1.404705368546039779e-01
8.485057675819707157e-02 3.976847620116696902e-02 5.598769547814796965e-03 -1.302178225071797257e-01
1.200418690613140882e-01 9.699561689569158318e-02 -1.247747262795328993e-02 -2.045600133290532696e-01
6.328430665467976723e-02 4.748377768692524370e-02 9.213518315832835981e-03 -1.199816026574378469e-01
4.853993666055078648e-02 1.048767938283301504e-02 4.412347327135357489e-03 -6.343996337052004719e-02
1.985352340356101308e-01 1.121316370114477934e-01 1.678373105924890751e-03 -3.123452441529819268e-01
1.096324103785741855e-01 6.332792684791854754e-02 -1.554427595093610392e-02 -1.574160612755539645e-01
6.375315333182829391e-02 4.447651171633193457e-02 -1.293051652982768474e-03 -1.069366133951783482e-01
7.307102536874587884e-02 1.939627762077655859e-02 -8.922639802436016510e-03 -8.354466318708553274e-02
8.395165499757428762e-02 7.286358502806766779e-02 1.758860465280065455e-03 -1.585741004909237972e-01
2.499328093833810271e-01 1.661174722984029017e-01 -1.989166150429966251e-02 -3.961586201774833782e-01
5.857290109403390233e-02 2.440241844047719155e-02 -3.361204346671087251e-03 -7.961411518784000663e-02
7.491855474344433219e-02 7.010280142859226515e-02 -1.425863275330563340e-03 -1.435954928967033695e-01
1.045622139319517530e-01 6.606057466158077318e-02 8.867053198011731752e-04 -1.715094939133328111e-01
4.559518279420871067e-02 2.915713962069332865e-02 1.315095385378750592e-02 -8.790327626868776889e-02
2.611227162831752935e-02 2.065814331914772595e-02 -1.885336559240524679e-02 -2.791704935506178487e-02
1.841539168650232483e-01 6.561162539102127766e-02 -1.195720871958805276e-02 -2.378083335364582496e-01
7.447561137143487997e-02 3.004312639448247779e-02 -2.391657604381869362e-02 -8.060216172209955232e-02
1.164358144644435100e-01 7.123009512629607798e-02 -4.639442807433447058e-03 -1.830264667833052528e-01
9.197583288070187990e-02 5.948341944551582827e-02 -4.947220991991407857e-03 -1.465120313342289649e-01
4.844604008474817647e-02 3.852607060265178518e-02 -1.031753092479714695e-02 -7.665457976260103834e-02
4.097224549714706399e-02 9.348006833026722973e-03 9.908134169752891296e-03 -6.022838649992667825e-02
1.195858659707820237e-01 1.039716943190454046e-01 -1.778969918692219210e-02 -2.057678611029043481e-01
1.745688165239567269e-01 1.167180645913754589e-01 4.894937427585510648e-03 -2.961818185429194727e-01
2.075096547928474422e-01 1.135781202606862550e-01 -1.586612327836789405e-02 -3.052216517751649150e-01
1.785674246394570730e-01 7.167371235687269859e-02 -1.848944539886687721e-02 -2.317516915974628944e-01
5.655454594174003091e-02 4.640580759965384772e-02 2.452498956072801661e-03 -1.054128524974675685e-01
4.072711573914666872e-02 4.137151904295244265e-02 -2.907059843320514148e-02 -5.302803634889396989e-02
1.531071665485317368e-01 9.632270364473516366e-02 -1.395984182965381848e-02 -2.354700283636139702e-01
9.084406293374502894e-02 3.890535320299193245e-02 -2.756797763465712592e-02 -1.021814385020798355e-01
1.680399932264142748e-01 8.920675017526846773e-02 -2.600317715029287768e-02 -2.312435662513880885e-01
6.827797679070091164e-02 2.996647127397267241e-02 2.343318555000806214e-03 -1.005877666196761666e-01
9.155428288681743965e-02 5.271044420255233121e-02 5.351818651820217099e-03 -1.496165457411908761e-01
2.494801845537697460e-02 -7.591722126356614808e-03 2.113237396210543295e-02 -3.848867029112668092e-02
