4.152841267863430913e-02 -6.791776017599512882e-02 3.247807033152806666e-02 5.637944623966601246e-03 -5.976346551912874346e-03
2.812688610368005090e-02 -1.516940225408454530e-02 -4.118483670483513714e-02 5.187628019557475462e-02 -1.701108941419239920e-02
4.361341937444686984e-02 -4.164676288806030968e-02 -2.826543562778661631e-02 5.409500512387621640e-02 -1.940787750080274696e-02
3.133850242435291117e-02 -1.959719646338075119e-02 -3.786339230443661052e-02 5.055995117997121729e-02 -1.679758120138913693e-02
2.508804267213754144e-02 -2.669713785254705651e-02 -8.041875771823399008e-03 2.361587556152314887e-02 -8.905098224323790626e-03
3.470410898883568435e-02 -4.127325312331765750e-02 -1.046823898980242572e-03 2.440874512869273955e-02 -9.972001451626086657e-03
7.680417344723229622e-02 -1.081586193050726036e-01 3.009336847069590121e-02 3.035917330765921726e-02 -1.588085795854235135e-02
5.889547349810223681e-02 -7.299269288861796878e-02 8.018212527661135527e-03 3.241781341170513198e-02 -1.424839584183681430e-02
6.452824800975773267e-02 -8.851124187155277878e-02 2.878243825238067932e-02 1.916487015223552332e-02 -1.099285007835927239e-02
3.214164290556549564e-02 -4.907438420690896086e-02 2.458304211905503259e-02 1.680351477686410459e-03 -3.329790580806431168e-03
9.235679271229418896e-02 -1.054012318123323660e-01 -1.750423267031750310e-03 5.973366100307628962e-02 -2.435503260193297437e-02
3.699433389920449983e-02 -4.930155282345890372e-02 1.451488915053588194e-02 1.205540521679910292e-02 -6.506865782679376736e-03
9.669890170685957465e-02 -1.224659507855524188e-01 2.679688473890838932e-02 3.902993328149222813e-02 -1.884041517761042214e-02
5.469807838427882818e-02 -6.652857560135898296e-02 1.165377841971968094e-02 2.389479765460702371e-02 -1.101005533404970406e-02
1.019488695909101239e-01 -1.147663548005160294e-01 9.240424050889499766e-03 5.160767897856356756e-02 -2.206101048506363405e-02
8.959574535935845019e-02 -9.398825722548143080e-02 -8.329527255643540823e-03 5.858617005262686112e-02 -2.301856156652791821e-02
4.210473474956645534e-02 -5.255814283544574944e-02 1.243180717257970011e-02 1.547706202454397426e-02 -7.642650376681748257e-03
4.297876796316078829e-02 -5.498468479971740236e-02 1.750855295655031132e-02 1.128940698457676223e-02 -6.444574594647066619e-03
9.978361166087430789e-02 -9.520826108676416766e-02 -2.136464465665256426e-02 7.179457546298159687e-02 -2.701589010476126637e-02
4.490815174018675249e-02 -5.024729136775845512e-02 -1.484527175606247668e-03 2.895331156401617298e-02 -1.172580513243437830e-02
1.067314538160526183e-01 -1.303688959703934169e-01 1.749947274911280160e-02 5.331105253096032198e-02 -2.375417867050540546e-02
1.612717602357040259e-02 -4.604168650195048472e-03 -2.598781506129084137e-02 2.895511903709235835e-02 -9.083064823932548992e-03
1.487425777615072192e-02 -1.255952860018275802e-02 -7.338091755538897649e-03 1.418337858086692396e-02 -5.018950253096642923e-03
5.583302184895582582e-02 -5.528160585861324056e-02 -1.413081055334793577e-02 4.441829095708601377e-02 -1.671075926261580274e-02
6.096382633934329526e-02 -5.215649790831578675e-02 -2.065811659985633195e-02 4.778455013548077446e-02 -1.724349609414973020e-02
1.104896173005102816e-01 -1.279904226200178907e-01 1.473962502109990753e-02 5.329630876063552042e-02 -2.333439156884644858e-02
1.137260625237646317e-01 -1.130056467132743853e-01 -1.655606306755887450e-02 7.662919719639894878e-02 -2.955319994646682380e-02
4.514130326259751386e-02 -3.694327332916728934e-02 -2.864594624563321021e-02 4.951582959127921735e-02 -1.724936814996079829e-02
5.384426056382537323e-02 -5.493305580381641767e-02 -3.436686203061339873e-03 3.226588026942920490e-02 -1.277945384692659100e-02
5.781912491934767390e-02 -5.296955371850439742e-02 -1.811563356451311238e-02 4.639321532444526386e-02 -1.700369965675326347e-02
6.972079929435402723e-02 -7.251926209211254082e-02 -3.663524454481174517e-03 4.195677732294698925e-02 -1.671701314833324431e-02
7.331746391848793787e-02 -1.128716138374341593e-01 5.987571441019122476e-02 1.119642122670764481e-04 -6.445784063166312867e-03
4.231323555709676915e-02 -4.518968697204777535e-02 -5.541430682628689652e-03 3.034464398526747625e-02 -1.186508093084389336e-02
8.633348903670895469e-02 -9.669061769425159325e-02 -1.685263183629729907e-03 5.440126772116362502e-02 -2.214842413681014990e-02
4.871507708822282734e-02 -3.974734206229239147e-02 -1.596363588551561602e-02 3.612964183354975406e-02 -1.296678768014644829e-02
8.889969682588204358e-02 -9.891170819002402526e-02 1.124403438865803455e-02 4.022126559324065015e-02 -1.752048915369766591e-02
6.378599482034255641e-02 -6.587751500939867388e-02 -1.628838404034275295e-02 5.323848969966921835e-02 -2.016749246583322830e-02
2.555100622525645349e-02 -3.730985685369410387e-02 1.602242229576042801e-02 4.044715517770194717e-03 -3.386475532733951906e-03
4.781669193609370400e-02 -6.403847005501484002e-02 1.568586130569716783e-02 1.950596200200908556e-02 -9.736712603499472415e-03
2.997257132845573477e-02 -3.047848954633000651e-02 -5.016991464509598479e-03 2.147016193274106297e-02 -8.250046245059414196e-03
9.946484599329212528e-02 -1.310947726557953608e-01 3.187680125505496648e-02 3.975337379317515907e-02 -1.982977243656532454e-02
2.109522583078173377e-02 -4.028216662614680921e-02 3.466515553510889774e-02 -1.390883822768418723e-02 2.032903620843531500e-03
6.590109094464528805e-02 -7.346047864114708947e-02 -3.878328311007080663e-03 4.428811804555463777e-02 -1.778586836788564884e-02
5.444373582827775893e-02 -5.761337732126754763e-02 -1.193266324984714778e-02 4.431058628405549343e-02 -1.697196989847022178e-02
4.890876569040039645e-02 -5.949417620068897516e-02 7.802770620772108735e-03 2.446511610627242345e-02 -1.087112629618717206e-02
5.650553423431847050e-02 -5.761002629569116767e-02 -1.749163446966749136e-02 5.020765345076069752e-02 -1.882422737708497676e-02
5.805888419931103106e-02 -6.618950399461644152e-02 -8.802715019365525695e-03 4.679248314099882650e-02 -1.840729277982309023e-02
1.021706700751958269e-01 -9.462980250752778266e-02 -1.515671878834669653e-02 6.366792799446223394e-02 -2.424709734570023797e-02
5.699587673682431077e-02 -5.805019326905114935e-02 -3.375890003680024048e-03 3.372865502655248565e-02 -1.336466921450784467e-02
2.996226658847531837e-02 -2.862340723028118997e-02 -1.728207642189788854e-02 3.452872892617329936e-02 -1.243408551448859679e-02
7.228562510089966975e-02 -8.447282762134118717e-02 -3.113115491145624671e-03 5.066929561476953003e-02 -2.058568992195182815e-02
5.312490249088406419e-02 -2.782373269572318078e-02 -5.114194252993896350e-02 6.586888891286118985e-02 -2.142388654905087383e-02
8.602243729961943364e-02 -9.694483461890088249e-02 -2.083580882941070758e-03 5.521136788267295287e-02 -2.246179761004680683e-02
6.164114795607392172e-02 -7.484246844110506447e-02 1.279638596772685044e-02 2.719793094023746638e-02 -1.247943116812156097e-02
4.951973151155407427e-02 -5.279635744127751662e-02 -1.217924259681105181e-02 4.223426370786294293e-02 -1.611692260262745022e-02
1.278038993177683415e-02 -9.713190336432045435e-04 -2.825054652218314186e-02 2.967200459418001257e-02 -9.166585629199615684e-03
4.873142521266096705e-02 -4.979917113758536296e-02 -1.535678104732908847e-02 4.363942003350033266e-02 -1.632830217345223461e-02
2.519745755210783117e-02 -3.257075089512220106e-02 8.786949669903685103e-03 8.650413523820774109e-03 -4.484685339011146819e-03
8.643520659031232733e-02 -9.988565124314251198e-02 -7.062124310856911745e-03 6.374645269340349640e-02 -2.561279368041130891e-02
2.743678624013297027e-02 -1.915658845427936630e-02 -2.781873785833126680e-02 3.961948269398277850e-02 -1.333936539936348732e-02
6.516778942484845183e-02 -8.200522938282681085e-02 1.691721280720433901e-02 2.730322406782739741e-02 -1.301356603574599889e-02
4.810432293441371798e-02 -6.329084239847695970e-02 1.276075621398023267e-02 2.228718088413000897e-02 -1.059140449743351843e-02
5.686456116104975783e-02 -7.192127971434876532e-02 9.767022197238219017e-03 3.014280411622969821e-02 -1.350574219808632452e-02
2.988086126138271570e-02 -3.577963930820795418e-02 2.387075857296023888e-03 1.729239569202296531e-02 -7.369758054945788062e-03
1.503348949840709568e-02 -7.191854166310590428e-03 -2.333408346887089549e-02 2.846264701091840918e-02 -9.238164628871111533e-03
4.141990300881422116e-02 -3.638136784854396899e-02 -2.389154803156993273e-02 4.483235066760764970e-02 -1.589406189200879768e-02
1.015765360233051723e-01 -1.068281199909271728e-01 -1.185881961474789630e-02 6.957327587991329887e-02 -2.719198412621271974e-02
7.700189075405987349e-02 -8.319868517980109901e-02 -1.374469071095428541e-02 6.036345159318867726e-02 -2.337504364173105878e-02
5.423191251520551731e-02 -8.350498605820858011e-02 4.599515534254385724e-02 -1.926355155316082949e-03 -4.103972333752385973e-03
4.770058790375739793e-02 -5.564460080521897029e-02 9.577454924676969544e-03 1.954906059206832497e-02 -8.960844262647591971e-03
4.834800667937593638e-02 -5.444775992970827400e-02 -3.438677298841172521e-03 3.379012615437059636e-02 -1.357050146118330899e-02
2.467142438321857228e-02 -2.183272213225863345e-02 -1.605333992850021749e-02 2.898767343015292916e-02 -1.022949325325769356e-02
8.953319211802814037e-02 -1.022209670182601393e-01 -1.799731596337582991e-04 5.629959839419376721e-02 -2.313510274300211236e-02
1.383420188816752994e-01 -1.473198155951903066e-01 8.081187838319516328e-04 7.676678406862914861e-02 -3.138445653881470621e-02
1.371935779216404694e-01 -1.173983727179214870e-01 -3.388724083436948226e-02 9.360822201792014241e-02 -3.442177583394397111e-02
7.745974463553412237e-02 -9.234990949706851915e-02 5.964506205156563240e-03 4.484427212201968355e-02 -1.910739920143169485e-02
2.776838151725007434e-02 -3.923579314429630205e-02 1.320834617456229446e-02 8.259702206010207867e-03 -4.838193859275721070e-03
1.024442793238908300e-01 -8.910837548163051680e-02 -3.020006620375382395e-02 7.669887736486899477e-02 -2.807188279321612065e-02
1.183203483617629656e-02 -1.651880133330505332e-02 5.560957342932149744e-03 3.398141396955545613e-03 -1.993565799901707031e-03
2.053367793203411326e-02 -3.243302452640974692e-02 1.625761291442437764e-02 1.378068942891393740e-03 -2.333496726359894115e-03
5.226077285461190602e-02 -6.415894519464807044e-02 1.051237656032113534e-02 2.404155154799964000e-02 -1.096536043724634368e-02
1.012783285732291594e-01 -1.151011160448396908e-01 2.157174786728528661e-03 6.029719798197696878e-02 -2.495060669038755286e-02
8.818216603776497797e-02 -1.007579451003530885e-01 3.903718288084009804e-03 5.052133327450706451e-02 -2.110345429810994711e-02
3.839856386160587359e-02 -4.619754465498126378e-02 7.987162974351288145e-04 2.515721937559887295e-02 -1.047772231903914587e-02
9.784392267728221626e-02 -1.174505271211856716e-01 6.849166495069429310e-03 5.807370203796118763e-02 -2.465596602073633417e-02
7.901046233225475501e-02 -9.068904897285755273e-02 -2.607153651215443624e-03 5.303909948098096266e-02 -2.158451016414757173e-02
1.568867996918347010e-02 -2.201393782610634731e-02 8.269271635300137063e-03 3.542242370354611695e-03 -2.336475707541973545e-03
6.603733253440420559e-02 -6.985206264842415413e-02 -1.335076096935061511e-02 5.237384837794466230e-02 -2.012418387011871701e-02
1.137596616900282964e-01 -1.367187185095471436e-01 6.704168942016556706e-03 6.938528850184516594e-02 -2.937797038176520950e-02
-7.043266740956162161e-03 9.660741613782867446e-04 1.502617982231700157e-02 -1.608307111467138437e-02 5.003920461248667975e-03
1.411548506806086511e-01 -1.713736414837027378e-01 3.486682423235196865e-02 5.586613571552014740e-02 -2.650282167477158168e-02
8.373903891533979182e-02 -8.761840519888930423e-02 -1.800591757075094973e-02 6.705113967869869018e-02 -2.570590379991664898e-02
4.472147734120671125e-02 -6.480331361789197497e-02 2.497948002894833514e-02 1.030881045313552721e-02 -6.955677428433960571e-03
4.383784572361173332e-02 -5.220019134364171226e-02 -3.288265243052813838e-03 3.330340420532486301e-02 -1.344108198751530620e-02
4.218073505024856618e-02 -4.030508356638641543e-02 -1.427152217614983433e-02 3.647553900808526983e-02 -1.342633579210934097e-02
2.080156395334365263e-02 -3.709033262863770802e-02 2.677019426844678626e-02 -7.192294823342326726e-03 9.016371148688962422e-05
1.052345814639658317e-01 -1.056311659339176506e-01 -9.156862806980628142e-03 6.451889392435529447e-02 -2.531023812479441318e-02
6.429006213286658777e-02 -7.733766771857990274e-02 9.374302616154631812e-03 3.240940445307564921e-02 -1.427492716244358438e-02
9.684437055372711878e-02 -1.107105386895951837e-01 -1.355816039111683129e-02 7.722729892085251902e-02 -3.054927651024680682e-02
9.172672086805017111e-02 -1.176167163694984974e-01 1.885693390696513774e-02 4.633253749530868298e-02 -2.117830624296980491e-02
5.588969038974857945e-02 -5.199647691060445276e-02 -2.121208898827020919e-02 4.997457653490849222e-02 -1.824557299424367160e-02
9.607540795179904392e-02 -8.659713804543120452e-02 -2.241857573715497556e-02 6.730447921916497822e-02 -2.500202897203623181e-02
6.568492152257884853e-02 -7.881030403803768181e-02 1.680666139421693392e-02 2.449672354708551728e-02 -1.173899053638194356e-02
1.696652829076997215e-02 -1.189890815524806064e-02 -1.723323415054923285e-02 2.458734610395400116e-02 -8.284361589340649701e-03
9.270037106741503552e-02 -7.789882031351880176e-02 -3.059273257344032396e-02 7.091419281400535013e-02 -2.562763408334912604e-02
3.282530498997643376e-02 -4.881440849327790127e-02 2.246340740125345875e-02 3.701670140969318904e-03 -3.928562200924617248e-03
3.969004629479343238e-02 -4.023157483660202288e-02 -2.102054916052270919e-02 4.560517622169751178e-02 -1.665594538149063261e-02
6.774021124529978899e-02 -7.723869707390886019e-02 -3.694525167553317619e-04 4.262124631351035808e-02 -1.744640813264675822e-02
5.371370897777330566e-02 -7.379036637047593772e-02 2.868319231961815804e-02 1.037846130606922927e-02 -7.288969384206763803e-03
1.108066057329886861e-01 -1.182948145276768587e-01 -9.941314103449802250e-03 7.391664424452762394e-02 -2.919205634464162868e-02
9.151323181241946547e-02 -9.614283938123281692e-02 -3.397818995039281371e-03 5.411314468325459370e-02 -2.168029564780880533e-02
6.424382474145109989e-02 -6.127644556108890334e-02 -3.293405857361356853e-02 6.892844193673786091e-02 -2.492877971625680200e-02
4.986655926078933931e-02 -5.917723124098665799e-02 3.792299093008689569e-03 2.863782601229824740e-02 -1.218105516299019392e-02
1.288319532614117489e-02 -2.087185450538482905e-03 -2.789710567638318747e-02 3.020982703317118961e-02 -9.453242476117992843e-03
4.812059483623403605e-02 -6.539023926746924398e-02 1.804536006261146797e-02 1.783111002883399493e-02 -9.314753340758513689e-03
3.490118679743235697e-02 -3.463395741026655678e-02 -1.211593268988252724e-02 3.159810604124233674e-02 -1.168141840768913836e-02
3.771791712933121599e-02 -3.123253918824652614e-02 -2.708216009261056254e-02 4.540807200708468772e-02 -1.577991038990995271e-02
7.436734309576806257e-02 -8.562590907095392334e-02 3.423129028528415323e-03 4.309964086037029046e-02 -1.805224869180791294e-02
2.486108446055531468e-02 -8.368400776219054107e-03 -3.717771720251351192e-02 4.240080334498207149e-02 -1.340888225805195698e-02
3.932595851819939425e-02 -4.011113415594155795e-02 -6.200437571497921518e-03 2.776451180535160351e-02 -1.068192646191342028e-02
5.108718809000311473e-02 -6.704634172002109371e-02 2.833871051115512130e-02 6.071983071469102752e-03 -5.406327241621681698e-03
6.031993708021044648e-02 -6.143945098178597158e-02 -5.048203600475595701e-03 3.732508584527088891e-02 -1.465085187718897022e-02
7.229685999419127596e-02 -6.879257246428753525e-02 -3.686714280464296889e-02 7.738455021869070083e-02 -2.804572169842941762e-02
3.551651939801211966e-02 -5.394766217434093791e-02 3.246435993876995579e-02 -4.664698418767522503e-03 -1.486790031397760680e-03
7.896190311383152749e-02 -9.820276455852607056e-02 1.892075830112171023e-02 3.394099196587593847e-02 -1.593961314544656283e-02
6.414831143771566879e-02 -7.980729083448169503e-02 3.517732057284273656e-03 4.175714997080724050e-02 -1.766435840193086165e-02
4.661171799591120463e-02 -5.445051946807451249e-02 1.177683205618495219e-03 2.887756324297019103e-02 -1.202000094971920896e-02
4.625630511988976928e-02 -5.756590729749275215e-02 6.300733352270234885e-03 2.559335474137568525e-02 -1.123171103078583234e-02
1.391816837850817952e-02 4.051552287377153255e-03 -4.061251799080665970e-02 3.958079533569699299e-02 -1.191006043899118377e-02
1.439440609256896209e-01 -1.423170164245957103e-01 4.264432722520865803e-04 7.218858617179198245e-02 -2.935706425609679524e-02
1.069525088020252812e-01 -1.014321023107521424e-01 -3.217639105821493845e-02 8.720153260654299465e-02 -3.225213505862516844e-02
7.446423400912315083e-02 -9.051881188245049226e-02 1.342143789569561450e-02 3.534965294221911747e-02 -1.590978862228932186e-02
4.116612395847348699e-02 -4.371083832290298399e-02 -8.244796579074401693e-03 3.260929552028995343e-02 -1.251598839974273070e-02
8.840813559514217393e-03 9.267481470486577805e-03 -3.993445728939858802e-02 3.614330020866400595e-02 -1.058775134866513437e-02
6.459321056367670066e-02 -6.557627969471002682e-02 -1.522429471486452281e-02 5.136967740395455978e-02 -1.945342933141520209e-02
5.451958823197874948e-02 -6.999807035420901880e-02 2.153487862360100799e-02 1.522236124979616141e-02 -8.462720720833091098e-03
7.823621498342249458e-02 -8.502456354291788865e-02 -1.100311460514094217e-02 5.826568603311221145e-02 -2.278959950695368109e-02
5.220247226368476823e-02 -5.983756285127567881e-02 -8.552900698894813332e-04 3.380892900605848850e-02 -1.379834860870449674e-02
4.223540176036384014e-02 -5.044641899687599129e-02 2.323695518527104688e-03 2.562184946776106809e-02 -1.081001565297217207e-02
4.371670206739112358e-02 -4.876272379517000710e-02 -4.507989207350986648e-03 3.168093344974776820e-02 -1.255598045608494889e-02
2.329132147748312620e-02 -2.031236142741512252e-03 -5.210330832354936187e-02 5.504463876697698876e-02 -1.705519161547946333e-02
1.040335830082636248e-01 -1.053661957676288174e-01 -1.826710520048597727e-02 7.523430114829814108e-02 -2.885396430771978993e-02
5.398455065658813723e-02 -5.773367428161779724e-02 -1.248845716355279772e-02 4.523035613073313199e-02 -1.730838294682951126e-02
4.543413512750142658e-02 -5.723159581612908414e-02 1.564381151670856188e-02 1.449185078752218865e-02 -7.556544812520829373e-03
5.364579979192463099e-02 -5.422745183538375119e-02 -8.732614645827344382e-03 3.799986656311644950e-02 -1.463997406043288790e-02
2.688651793109635840e-02 -4.775121392084087646e-03 -5.096595367716482555e-02 5.482286278762582565e-02 -1.704467232448627148e-02
7.632824100028939851e-02 -8.018319885252700452e-02 -2.268854315532014415e-03 4.458391976796387962e-02 -1.793926910574119432e-02
6.401743780483938606e-02 -5.557837084445962222e-02 -2.827836266055119147e-02 5.850519040138198873e-02 -2.092401627011196072e-02
6.254979640551484865e-02 -7.478587488328547472e-02 1.016520203770380701e-02 2.992173910816669016e-02 -1.331812188393706985e-02
7.598339889709743167e-02 -7.569781474433888435e-02 -2.063655141452832090e-02 6.252798022417496715e-02 -2.348167532148041914e-02
7.040440247838859744e-02 -5.372365664490032916e-02 -5.744847447925155448e-02 8.903863599586384070e-02 -3.046344430710859474e-02
8.785158491373512568e-02 -1.025950256202196320e-01 -3.262904009019367241e-04 5.738619938193247061e-02 -2.361792370008444428e-02
1.897376275686038227e-01 -1.925021899222175703e-01 2.112517212282538290e-02 7.501851960940582320e-02 -3.239503575073780089e-02
8.240592772254226595e-02 -7.311175421133231378e-02 -1.837875172764866921e-02 5.595667338704379823e-02 -2.080338187594570065e-02
4.394321144152694286e-02 -5.515238747677396469e-02 1.973722358623538654e-03 2.961515372470126251e-02 -1.249988368778710661e-02
1.337204075536090053e-02 -9.621692548165474215e-03 -1.174263194788981515e-02 1.741787206858584278e-02 -5.907167753059976850e-03
8.251067470731186793e-02 -9.090112134362382523e-02 4.928948434888970158e-03 4.295687239197416851e-02 -1.801555075329713471e-02
2.775354487354517521e-02 -3.378083341250658761e-02 4.531225230356097748e-03 1.374019858896066704e-02 -6.110666255218243081e-03
2.185383187196677374e-02 -1.617718979899112133e-02 -1.624515225526218867e-02 2.531951549910775243e-02 -8.635876364189611423e-03
8.432851429578212821e-02 -9.959036206569112093e-02 8.374516799128152791e-03 4.561902874861121365e-02 -1.959960276380598443e-02
5.750449432880264111e-02 -5.264108852340169259e-02 -2.995125987306249127e-02 6.022832618831581303e-02 -2.158499742671082106e-02
3.148702572002508304e-02 -4.732400959861078615e-02 2.004311484517862230e-02 5.810914870268770599e-03 -4.572637613676642544e-03
5.427839354363477031e-02 -5.491499072021158862e-02 -1.528315222224335343e-02 4.598262322098141397e-02 -1.727251242218713623e-02
7.336277422955447824e-02 -8.454489186555853852e-02 1.187965289308813913e-03 4.513862104751851373e-02 -1.867132392064783583e-02
9.332516147216018965e-02 -1.180883753110809342e-01 2.295542819100968371e-02 4.120931146951101187e-02 -1.941037168406060595e-02
7.010381902426714162e-02 -8.134157178382953046e-02 -5.602145519956667347e-03 5.181409351276063113e-02 -2.083154731056203676e-02
3.546873105290879874e-02 -3.777143355625310617e-02 -6.655951401701391996e-03 2.771622017506062546e-02 -1.068762300186481065e-02
7.290569222278478478e-02 -7.933586261975242304e-02 -2.237217476282299736e-03 4.493578663139857071e-02 -1.815682348707636090e-02
1.147193358499008220e-01 -1.397577988432357199e-01 2.985997144770799472e-02 4.401976578429819126e-02 -2.112729840925621841e-02
1.069379195469590677e-01 -1.330545559445656112e-01 2.080962573447300151e-02 5.169622409280803799e-02 -2.348160778197011869e-02
6.635546935721656214e-02 -8.968202499924246562e-02 4.663643642078167673e-02 -1.337249043496035539e-03 -4.242251845000531187e-03
1.034336831911797788e-01 -9.800207287383089216e-02 -2.262091519022982333e-02 7.451292022294209172e-02 -2.800642677418520993e-02
6.109294389689627278e-03 -8.189479033715864678e-03 2.219589545003250106e-03 2.231435360139184462e-03 -1.154679094393751531e-03
7.149394185262904211e-02 -7.757141604548403735e-02 -1.844284401173024125e-03 4.344107222058552625e-02 -1.757034912642437691e-02
5.194723494012737364e-02 -5.234697972004292987e-02 -1.354204389194488614e-02 4.257283107708241532e-02 -1.604605550777439549e-02
7.739599020648303684e-02 -7.555927748040439096e-02 -8.451511842577781944e-03 4.782602536662938081e-02 -1.858150894954282983e-02
7.194126894934982364e-02 -7.862627520201946607e-02 -6.651308281599635844e-03 4.980950541431380246e-02 -1.973547297247692581e-02
3.533941748360471674e-02 -3.562820223770423594e-02 -1.648950756494661427e-02 3.765972042006821008e-02 -1.380292893176437129e-02
1.488134739972486187e-01 -1.393168617007545240e-01 -1.520028846135472629e-02 8.612975058345899437e-02 -3.332400834884850782e-02
7.656669424615607233e-02 -8.116961712868607515e-02 -1.446147630790291759e-02 5.964634404524119665e-02 -2.298362760361154916e-02
6.799908193732503991e-02 -6.968794834818672901e-02 -4.238713915974960666e-03 4.085126779009800452e-02 -1.618965904104579731e-02
7.992865544192186145e-02 -8.226224720264424528e-02 -1.495715625855497354e-02 5.981544191474059968e-02 -2.289447761757385652e-02
1.039235844675951911e-02 -1.101221700197582871e-02 -6.214076307243974421e-04 6.497786595800894918e-03 -2.586639359628602024e-03
8.879782507115335788e-02 -9.878380272219644542e-02 -2.688682497255370958e-03 5.646305991811556568e-02 -2.286975608263291243e-02
5.729509666981527638e-02 -6.251349416723323005e-02 -1.714374758324310744e-02 5.383421072332034846e-02 -2.044501851867849829e-02
7.207790569733056596e-02 -8.483340607583809978e-02 4.963513978822575202e-03 4.147966002693005000e-02 -1.759649935331655465e-02
5.407874561354258924e-02 -4.656827542214032195e-02 -3.332431315878826156e-02 6.017941888519618560e-02 -2.118268669045226052e-02
5.742288701316187322e-02 -7.235572366851518444e-02 1.117210167319471897e-02 2.859121284133440619e-02 -1.298334638044964726e-02
7.388527300151509491e-02 -7.382385882693089096e-02 -1.903869617493175737e-02 5.953645884572635050e-02 -2.235448756512431814e-02
1.750001874869809917e-02 -2.011709770780554032e-02 1.507422751177359046e-03 9.269687846636277123e-03 -3.950612563514303843e-03
6.498198515319159041e-02 -6.565404670359778483e-02 -2.087746440307435697e-02 5.816153745276747555e-02 -2.174460722481224781e-02
7.990834900838142407e-02 -9.593794896524958371e-02 5.755780754938216379e-03 4.732400425844376229e-02 -2.012901830105617851e-02
-1.530662738881355574e-02 2.437838381142866037e-02 -1.560783978019025277e-02 2.972514739223013850e-03 4.236467115948894745e-04
3.196158677145694710e-02 -2.441205106301759173e-02 -1.952587099524629929e-02 3.271783501934796834e-02 -1.128159719031876854e-02
3.711917886791681748e-02 -3.458189317488743336e-02 -1.722071079894570492e-02 3.685021690335383432e-02 -1.330423330024429682e-02
4.689400564341723865e-02 -4.791664645582516951e-02 -1.963712270705425533e-02 4.797846676067005905e-02 -1.775998777171523824e-02
1.506410513438760819e-02 -5.638391052801197852e-03 -2.883049952696878707e-02 3.370267088945361200e-02 -1.084244706771332958e-02
5.725636030641002155e-02 -4.207104267635562028e-02 -4.973820675730868807e-02 7.475000762874135785e-02 -2.545223909375909921e-02
3.160605632747272992e-02 -2.809122553591980945e-02 -1.377064488618320696e-02 2.924107834564555405e-02 -1.052015183508848289e-02
1.413817407696000006e-01 -1.532776311563423532e-01 1.545248830603632682e-03 8.033536085138730243e-02 -3.310499991545252235e-02
1.033100228123572800e-01 -1.026858046652728562e-01 -1.017216354996805863e-02 6.408801675128424080e-02 -2.506883011830021366e-02
1.117717295091258528e-01 -1.107085927226593297e-01 -9.138043210036717393e-03 6.681139037749646292e-02 -2.624025013659365968e-02
3.562748621715117192e-02 -3.796712592891866855e-02 -4.606534117267096606e-05 2.005006437729018459e-02 -8.164305831890152423e-03
1.567487027493981722e-01 -1.451157560210397657e-01 -2.318083026554193168e-02 9.798031963021898438e-02 -3.743705433537726501e-02
1.562243766198228440e-02 -1.629694355747208015e-02 4.430788783509315544e-04 7.946292490417887489e-03 -3.263088476954292827e-03
4.621557537334522459e-02 -5.353213261016630253e-02 1.539798802705291767e-03 2.775730377727440856e-02 -1.157169454237479481e-02
4.299413558565216842e-02 -5.624930094478213655e-02 1.372804201494666303e-02 1.671531044598369153e-02 -8.319890276851139160e-03
7.834455205168615322e-02 -9.166277898429200932e-02 6.335828730638455933e-03 4.332241712381082466e-02 -1.842942937218585917e-02
6.525891128778701922e-02 -7.569877323941094638e-02 -2.872107391432750841e-03 4.518371347466199756e-02 -1.829773841459781183e-02
7.489064133050947480e-02 -8.436108503489436750e-02 1.074486444789449734e-02 3.320339385895616779e-02 -1.461449166893554960e-02
3.672626741848324106e-02 -3.422046814687972061e-02 -1.738075866559345845e-02 3.678923858255751106e-02 -1.324494719919307346e-02
6.462129078847268782e-02 -6.852671027058572506e-02 -9.016363048346107828e-03 4.659935133625465326e-02 -1.816659883638927636e-02
8.395198681070921432e-02 -1.057065173744028141e-01 2.319607029946683247e-02 3.341083187173385372e-02 -1.613310586744625200e-02
5.980032836976613420e-02 -7.314339141044461090e-02 1.228045095583161182e-02 2.709273127569171782e-02 -1.242226259274955592e-02
2.986617097552698302e-02 -2.703109292162469285e-02 -9.259304523493905661e-03 2.360947464387118042e-02 -8.646619344118550848e-03
1.291137422135188277e-02 -3.843454259125414323e-03 -2.038870845425203721e-02 2.283723730430240254e-02 -7.177067620395421316e-03
9.621932029736911252e-02 -8.825281847707110161e-02 -3.583481626166740153e-02 8.377754945431424571e-02 -3.041670824871366835e-02
1.168407058397734344e-01 -1.444963964405568124e-01 2.295713128145867796e-02 5.556415399977199243e-02 -2.530440944621838856e-02
5.099926831005211630e-02 -6.271211860964208407e-02 7.413214546772520057e-03 2.699605688681823434e-02 -1.190579909804187139e-02
1.151750575113985320e-01 -1.228313078808722092e-01 -1.920738843587862718e-02 8.731023720341125893e-02 -3.383384339128599205e-02
7.250882418780310590e-02 -7.743299970299738488e-02 -7.070015005207781061e-03 4.917140060880960395e-02 -1.940974932252352569e-02
1.135182952341566298e-01 -1.230783840383399552e-01 -1.150975120569874659e-02 7.908314130938481901e-02 -3.125639646729593685e-02
4.535771638052073056e-03 1.991790214295491648e-02 -5.395331436808110948e-02 4.506399737669111033e-02 -1.277114537945495988e-02
1.031762986672114524e-01 -1.233825009238553871e-01 2.067101560870621656e-03 6.702083965327403081e-02 -2.788864876977418736e-02
6.452144185255891118e-02 -6.536035826465470822e-02 -7.038096976543149925e-03 4.158960237496480555e-02 -1.620361145977058936e-02
1.196357028026084485e-01 -1.271238398289197546e-01 2.248804491032938783e-03 6.470919795177249023e-02 -2.668203265390942103e-02
9.647073684638092506e-02 -1.022984806697747745e-01 2.149052566150477881e-03 5.132946284184763952e-02 -2.111968849380184421e-02
-1.413392293402888867e-03 7.738753502150010283e-04 1.747683604587692936e-03 -2.223809155365049153e-03 7.256618965479210304e-04
5.772512688084724397e-02 -6.136826486220705451e-02 -2.932964264373297270e-03 3.570884127843307332e-02 -1.427871296529856400e-02
1.006941323954901185e-01 -8.282683887422934155e-02 -3.182160729267673183e-02 7.359425849009162968e-02 -2.642099285851408352e-02
4.373065689204230777e-02 -3.562525448825424462e-02 -3.493113246288262475e-02 5.644424126037756589e-02 -1.953422159265131783e-02
4.506380576721730896e-02 -4.758676007141620506e-02 -1.668206851121981776e-02 4.480793297398315972e-02 -1.676418760390499529e-02
5.051634490245017484e-02 -5.430858074049468159e-02 -1.136801068610181903e-02 4.218017082370085352e-02 -1.617030678113039882e-02
9.551663238223323527e-02 -1.191383722000808054e-01 2.426417532195778923e-02 3.957136256699766291e-02 -1.876913211745172630e-02
3.030259856638279140e-02 -1.809332793550472857e-02 -3.459802356729837353e-02 4.562836413784409489e-02 -1.504020338713711602e-02
4.834081569883104390e-02 -5.102598605882649463e-02 3.075406297969443103e-03 2.316831853544153164e-02 -9.707417587053181543e-03
4.615608957344117386e-02 -5.958136121187726508e-02 2.468694900905973877e-02 5.643840490009085185e-03 -4.813627087360293488e-03
5.126076447072001885e-02 -5.361531940460455281e-02 -1.484472241225491540e-02 4.547932970663003810e-02 -1.717030632526880124e-02
7.271772718521507528e-02 -6.575725190820724819e-02 -3.666979598106370752e-02 7.402518544216339647e-02 -2.650987423872572593e-02
3.536969832977643335e-02 -3.374478670689047555e-02 -7.777223804010561896e-03 2.563424554904459099e-02 -9.620466170877984766e-03
7.894691356591969356e-02 -7.310606908587113928e-02 -3.254494173984365940e-02 7.324318112099546807e-02 -2.658312212004440220e-02
7.575921011566089103e-02 -8.417768363307588653e-02 -1.058803475075256132e-03 4.664521223165384034e-02 -1.900280595397706856e-02
3.514450096524765477e-02 -3.003442136617522767e-02 -2.935885394679755775e-02 4.824870778909561703e-02 -1.682120158412507213e-02
8.636212992855106518e-02 -8.310368449883880071e-02 -3.266034888743846176e-02 7.924777759808074307e-02 -2.905586131180171866e-02
6.851760201544616902e-02 -8.608927354079184968e-02 1.051042962005561965e-02 3.721536318077840744e-02 -1.648009282239656231e-02
1.979186806591177669e-02 -1.494641197288415317e-02 -1.713591223056085133e-02 2.604603920587688498e-02 -8.878748410483514042e-03
6.167048010935054919e-02 -7.410240580565606583e-02 6.221784084123990061e-03 3.445826627480869098e-02 -1.485563409977373392e-02
9.757868453223637883e-02 -1.069329006775613239e-01 1.642810047087961975e-03 5.546997014240013374e-02 -2.287538717509739541e-02
8.064112009207302645e-02 -9.276319010218693484e-02 4.336439615840977264e-03 4.584207573921628837e-02 -1.924342025339570092e-02
3.725643273241414921e-02 -4.634667060055575050e-02 5.911331481028429466e-03 1.955190592479212272e-02 -8.675933989628424603e-03
1.416717882060210265e-01 -1.477802562041622136e-01 7.594302916705840401e-03 6.840765292614900406e-02 -2.855111700852503570e-02
1.046779388432205055e-01 -1.152009266390447845e-01 1.546316076766079788e-02 4.411529777763494031e-02 -1.956856195689243155e-02
6.704443274344797782e-03 -6.638551318363070629e-03 -1.857285190385344394e-03 5.498088647187608126e-03 -2.052475391317198916e-03
4.528991778587954792e-02 -4.258861955913132574e-02 -1.940143598231160865e-02 4.350280233840846111e-02 -1.582425780164201101e-02
2.161853164233736718e-02 -7.923990210827009176e-03 -3.613307672696432910e-02 4.193320028157763307e-02 -1.340693063132624915e-02
3.300883460364115174e-02 -3.556425604988389805e-02 -4.926995634560986208e-03 2.465739210638229553e-02 -9.612173308302917815e-03
5.944972598229803645e-02 -5.873975099882672996e-02 -1.842615705076909235e-02 5.113010351021171629e-02 -1.903317400003587401e-02
5.566993177221273015e-02 -7.910511322123972566e-02 2.869542567740955563e-02 1.426111700669420272e-02 -8.964055970242157736e-03
5.792134827457121049e-02 -6.987975937047144481e-02 1.376770663462194462e-02 2.315129396348397997e-02 -1.089733909050262864e-02
1.630454372773617322e-01 -1.729859746777070439e-01 2.404632282114857120e-02 6.363059219601262251e-02 -2.823530556852361234e-02
5.502407771105925771e-02 -5.235994992439205881e-02 -2.850971606988917870e-02 5.933571935010133885e-02 -2.145529913036996542e-02
2.247824025734124209e-02 -2.216135179290963653e-02 -9.533393906091825951e-03 2.234171252262537322e-02 -8.189352442171541138e-03
4.891944405939070706e-02 -4.653248631336365237e-02 -1.864696410424739742e-02 4.453720127907816184e-02 -1.627054414346811029e-02
1.844759401168269072e-02 -1.772954164990349704e-02 -2.523395139928347880e-03 1.171816925539613356e-02 -4.493687079519537338e-03
3.513130478975193954e-02 -3.324872040471059387e-02 -1.665293241166964505e-02 3.578586552353124617e-02 -1.295434607785521906e-02
8.566261089580377852e-02 -1.056535804834885933e-01 1.898273100860431786e-02 3.781689754240041834e-02 -1.751414040615456927e-02
7.791709211404515556e-02 -1.018611077395098485e-01 3.099119839651682390e-02 2.317927315850797435e-02 -1.278074373085045547e-02
6.191937971979358940e-02 -7.415265824738428990e-02 -1.599049222432225156e-03 4.382558368417392020e-02 -1.798160678622991171e-02
2.591651970040271397e-02 -3.583284264402135377e-02 1.316428913840770112e-02 5.976681673535168791e-03 -3.850303174139660823e-03
7.231187067744543513e-03 -2.611232645285171874e-03 -1.162317119163898925e-02 1.339508041117996179e-02 -4.254993040915603687e-03
1.043424314895612624e-02 -1.714461286311554436e-02 1.137361510037802025e-02 -2.438691775218329843e-03 -2.034275478629633588e-04
8.084394725582873253e-02 -9.377610454627377523e-02 1.818607331558549142e-03 4.966816436282530528e-02 -2.060954612358454480e-02
7.892559263646421741e-02 -9.733949222976066851e-02 3.383818303819273801e-03 5.209473174610332324e-02 -2.201494444788542129e-02
2.062651392296134534e-02 4.175402303250581697e-04 -5.060490919004848043e-02 5.204733927656438053e-02 -1.596276352647111110e-02
3.087082795395223317e-02 -2.572752034125966661e-02 -2.333821064722441802e-02 3.870502199572801311e-02 -1.344056212001072149e-02
1.068870511878080576e-01 -1.005924102231327832e-01 -1.624263921007830904e-03 5.176422953736189991e-02 -2.071406802665934008e-02
5.892494540507352274e-02 -6.492656654541328898e-02 5.770745326649562084e-04 3.420537711748987408e-02 -1.405546723003332603e-02
1.095153604997389368e-01 -9.616920891231886537e-02 -3.465141233357172529e-02 8.538671544013309855e-02 -3.118234831695389231e-02
3.970019618147411361e-02 -4.969269159510426859e-02 7.056451519620863741e-03 2.021955336968702527e-02 -9.076805936603302150e-03
9.971735058956351927e-02 -1.296360643696286841e-01 2.954277091077165546e-02 4.110173981225612866e-02 -2.010268681251755479e-02
2.157954010139500126e-02 -1.907515050364997841e-02 -1.278095200593517937e-02 2.381128687416214293e-02 -8.426143831372504348e-03
7.046653381888266787e-02 -6.882090636741135248e-02 -3.202213470072230034e-02 7.205228249856776568e-02 -2.629196665535678615e-02
8.926648946933159190e-02 -7.573183797808537288e-02 -2.168235851763671701e-02 6.000748395414180758e-02 -2.205458883301136125e-02
7.037251518664952576e-02 -6.207990058879616496e-02 -2.861607061681413489e-02 6.218515420278408062e-02 -2.237052844616168115e-02
4.529630298918063680e-02 -3.895890556286155798e-02 -2.228827282718419747e-02 4.364122882954590832e-02 -1.547171289521825054e-02
9.001886173409519992e-03 1.380790220201122973e-03 -2.415813720472531623e-02 2.416151381669162657e-02 -7.341120690306571911e-03
7.372506960075124460e-02 -8.335545888683158766e-02 -4.429880506988599295e-03 5.080691814613420149e-02 -2.047281255442190417e-02
5.852686804363450845e-02 -5.834068833331378795e-02 -2.287014545290806666e-02 5.636841472735074771e-02 -2.077284188116588354e-02
8.927646740145553372e-02 -1.091976048604955812e-01 2.004276697661220089e-02 3.836834004966770129e-02 -1.783623719924986098e-02
8.214442226708774941e-02 -9.746675979995314543e-02 4.219944188067683601e-03 4.962945274433885195e-02 -2.089829798776832517e-02
1.066693420689222294e-01 -7.908196218849115888e-02 -3.643683395526432778e-02 7.490414098541856025e-02 -2.639451078593771025e-02
1.208644819178790880e-01 -1.270701351396087975e-01 -1.164846502037507683e-02 8.012911673528748391e-02 -3.156740878112043736e-02
4.522034407183688626e-02 -6.670866928611113300e-02 2.479247172897338508e-02 1.201828115242897788e-02 -7.668030728950284841e-03
8.475981982425333239e-02 -1.010667596367779975e-01 1.048131657139790736e-02 4.445411038606447013e-02 -1.940094527293853566e-02
5.254243666369366739e-02 -5.814609166254852690e-02 2.118077515466448065e-03 2.868568084985707867e-02 -1.190839443704808792e-02
1.022922656901781024e-01 -1.265770986018535105e-01 2.308418196402566708e-02 4.525557877247985555e-02 -2.106599218522245409e-02
7.904254052425187249e-02 -5.556688425502964712e-02 -7.493462451669130608e-02 1.081301785355628375e-01 -3.642335676004798684e-02
7.887367560882942163e-02 -6.463558820686254869e-02 -3.931424878476531826e-02 7.431033386677304842e-02 -2.622272009517281899e-02
1.349801019300904681e-01 -1.395014380497301976e-01 1.174354189110383279e-02 5.933993089028908458e-02 -2.529839943748694864e-02
1.028849286300968641e-01 -1.035162642407167627e-01 -2.335982939069061390e-02 8.016187011246207750e-02 -3.041248425475926234e-02
6.813360928338109412e-02 -8.866753109149839995e-02 1.909851253091599671e-02 2.954345012124123815e-02 -1.425835175700131130e-02
7.557547064441438867e-02 -6.728110730202148393e-02 -3.802603465343861594e-02 7.603263869383140861e-02 -2.719146096314436004e-02
4.340566408648158930e-02 -4.525753150933807534e-02 -1.263306378137657275e-02 3.839181058333086122e-02 -1.446250922587706891e-02
-1.197275699756944044e-03 9.607605584800128426e-03 -1.731902945297389765e-02 1.266069205996536197e-02 -3.357277848813127949e-03
8.091845036605926911e-02 -7.997085172004561593e-02 -2.640620236933877499e-02 7.100428242274560431e-02 -2.631467802861736649e-02
5.080024308704862712e-02 -5.591705600893792649e-02 -1.318586265294477769e-02 4.575104521072749508e-02 -1.751698349660224183e-02
4.677349013895578528e-02 -5.785077539946955477e-02 5.289675920814537226e-03 2.689205798231140976e-02 -1.167226866718482081e-02
5.255265310178755533e-02 -5.720209035311307061e-02 -1.051385071802843352e-02 4.293469535629496764e-02 -1.657528176845961265e-02
2.439395899216192931e-02 -1.903683978341199137e-02 -1.880187909502903376e-02 2.991068060473442772e-02 -1.028462487177641931e-02
4.192559271910690361e-02 -3.428069048499390870e-02 -2.666388802242520770e-02 4.602511483813319371e-02 -1.602771630767049760e-02
7.027367622864806596e-02 -8.189205993458541222e-02 1.824144812052119540e-03 4.348222164962720765e-02 -1.814634491580463527e-02
2.658756667127068485e-02 -2.784483452373766321e-02 -9.105820194517545013e-03 2.529248141459630381e-02 -9.470659986059729724e-03
7.216780906502834325e-02 -6.694210617249853057e-02 -2.057019030567029325e-02 5.638682071031789200e-02 -2.085838559405644999e-02
6.518188714782828519e-02 -5.899185611833775156e-02 -3.485775443447265698e-02 6.902877169690192771e-02 -2.474849454503535995e-02
3.940347208916068072e-02 -3.779150870472602203e-02 -1.724791240807757586e-02 3.892443506596489355e-02 -1.419294277895485901e-02
6.945066560431562008e-03 -8.886109961851457531e-03 3.186760657943205847e-03 1.399190906017447290e-03 -8.985078960902893137e-04
2.062746885976217068e-02 -7.587155822750384256e-03 -2.614111808268266071e-02 3.023987740142887806e-02 -9.555876423309090512e-03
4.152656690692596575e-02 -3.675983289864143827e-02 -2.522070881763924938e-02 4.669896697917542971e-02 -1.654090418712877292e-02
9.683227749457115618e-02 -1.108682754113448354e-01 4.837444493521440500e-03 5.532583705267378471e-02 -2.324927093782727314e-02
2.528655488632176873e-02 -2.369647297259699567e-02 -1.554425543986709748e-02 2.983211691972776844e-02 -1.066265376726989976e-02
6.980663253119792633e-02 -8.007836148694280620e-02 -3.949592758249160541e-03 4.871215063541277368e-02 -1.965592316453739635e-02
9.372571891254678766e-02 -8.624587080435903996e-02 -3.692507719904106200e-02 8.477922240173355051e-02 -3.089401783265113138e-02
5.277225927001802375e-02 -4.242733581507526081e-02 -3.998407309363841144e-02 6.513298595422299664e-02 -2.256535258169425212e-02
-1.750389514354628315e-03 2.080691087110884616e-02 -3.978855448888139745e-02 2.979920326033898281e-02 -8.003997346008323230e-03
4.333573196320881366e-02 -5.978222426219299834e-02 2.032420380958189013e-02 1.189747625309084574e-02 -7.061939285696403751e-03
8.983309519828558409e-02 -7.085713602755952523e-02 -3.057877516307566657e-02 6.632005653311465188e-02 -2.369066048394797078e-02
1.428515987201506854e-01 -1.535089692211825951e-01 1.708328544335544971e-02 6.180623539158007496e-02 -2.687470470409739076e-02
5.244929058084581153e-02 -6.568644778959054076e-02 8.975740594680007775e-03 2.715436359046978151e-02 -1.214049000844544084e-02
1.288399493653181183e-01 -1.377167290620835427e-01 1.699103023516977673e-02 5.354026690848188302e-02 -2.351817403935037298e-02
5.027483866944029711e-02 -6.832693252183276444e-02 1.953792068797871595e-02 1.785519569922536590e-02 -9.488069715439063911e-03
4.431021662218353335e-02 -4.075400768736407026e-02 -1.959007609748852213e-02 4.237180795555819252e-02 -1.529056342517985320e-02
2.711664206229607785e-02 -2.510318863533007178e-02 -1.081792153508765071e-02 2.471617212426690732e-02 -8.980737034195922924e-03
6.795989491086863558e-03 -5.870426202164330184e-03 -4.642865986716226447e-03 8.128730565699338745e-03 -2.854274904766593637e-03
4.970947853675040246e-02 -5.973705471762485314e-02 -1.003590338707902388e-03 3.503375471776476457e-02 -1.440627342361834422e-02
-7.861689468448247037e-03 3.457895262066386366e-02 -5.409988325678786319e-02 3.707034960971292842e-02 -9.467830703636976805e-03
6.117475044265569678e-02 -5.895982251263300056e-02 -2.044672130474095573e-02 5.299709620610773553e-02 -1.953861992116613308e-02
9.461919675478466796e-02 -1.110286389312679922e-01 -6.196262967383073077e-03 6.947489109617309422e-02 -2.810743509205317764e-02
7.807848325288979652e-02 -7.702982444261713413e-02 -2.911225214735036967e-02 7.289528328723428319e-02 -2.689463417279848098e-02
7.354144384948185786e-02 -7.217294172057343860e-02 -2.750164479446974911e-02 6.853835749751706341e-02 -2.529534679095092609e-02
8.429252863747668800e-02 -1.006837015324691387e-01 -1.610596993726099184e-03 5.868525345818837585e-02 -2.410788394100476725e-02
5.290836975795294717e-02 -5.671529045756735360e-02 -6.807294380892294459e-03 3.792332749786216789e-02 -1.483017540338120790e-02
2.344281289926255715e-02 -1.990216368705260974e-02 -8.532274472909530394e-03 1.892513326957848824e-02 -6.795493856214621445e-03
7.801442114905987602e-02 -1.031627471251336942e-01 3.061984714494843038e-02 2.485328728626860079e-02 -1.350510126168485633e-02
1.366273447589080869e-01 -1.530011129157598238e-01 4.065951274916456727e-03 7.857925815607406939e-02 -3.271469258211735787e-02
6.646392734565312321e-02 -8.612218558217152320e-02 1.504145632518064796e-02 3.266234696018684158e-02 -1.510891677545623570e-02
3.776139321505443680e-02 -3.935620487884084612e-02 -1.363214308181739422e-02 3.648897045704647263e-02 -1.358526853051636105e-02
3.240246459240143234e-02 -4.443201544666447456e-02 1.912427778999453015e-02 4.047535548810521008e-03 -3.657048186474535015e-03
3.737903769057698833e-02 -4.247823711321403045e-02 1.849140351489344126e-03 2.103149891708203101e-02 -8.811354839127446756e-03
1.164731127366297886e-01 -1.294906327142769653e-01 -8.667110034513533096e-03 8.086828665877192346e-02 -3.252018035534073176e-02
1.190075855588897252e-01 -1.379185531183313718e-01 4.004209880442407242e-03 7.134980424268519417e-02 -2.971388029827037175e-02
1.185692775917324832e-01 -1.047649195406579747e-01 -3.542310521182386041e-02 9.072874961231963686e-02 -3.331626462026219399e-02
1.292946234197182576e-01 -1.298871606636321785e-01 -1.676678765110939037e-02 8.626836545252143662e-02 -3.357789393106899029e-02
5.944231198106685043e-02 -6.916599236661211125e-02 -6.757736656678635595e-04 3.910271254499163296e-02 -1.603096479001288668e-02
7.558917804606539448e-02 -8.198982381221590898e-02 -5.337415849836633225e-03 4.981541328001898306e-02 -1.983194932077965086e-02
5.824940700081936845e-02 -7.357824881056278243e-02 1.915942768334479365e-02 1.985396140616750224e-02 -1.014452216220305091e-02
4.060287430705128431e-02 -5.477064676709236801e-02 1.527380061438209265e-02 1.462204315871645788e-02 -7.676893488608953382e-03
8.046032229873108232e-02 -9.834790056343335751e-02 8.553583092257335471e-03 4.587248398602757071e-02 -1.983559947207781671e-02
8.168023897535646449e-02 -1.064557762010097802e-01 2.585029918718027148e-02 3.198877315186099413e-02 -1.595305764015251052e-02
6.750551285234630827e-02 -7.740876518035384735e-02 3.080797658525979976e-03 3.886814474032349725e-02 -1.626741342676979452e-02
7.951484682087966993e-02 -9.028932984359369640e-02 6.721606327336853402e-05 4.926825583149228166e-02 -2.024466334743052487e-02
1.205114447504496145e-01 -1.282628387903472222e-01 1.344442966065723978e-02 5.208238402267342110e-02 -2.248067623151651581e-02
8.643651672845428791e-02 -9.910443492518378195e-02 -4.034609453052283821e-03 5.955611045425031336e-02 -2.418771878307864748e-02
1.204289262044181269e-01 -1.326713782907744665e-01 -9.070828958658154126e-03 8.244373175633204487e-02 -3.303347564622426125e-02
6.904063602052072646e-02 -9.663242048218240177e-02 3.231694740699293106e-02 2.026543245905313220e-02 -1.182322094114816695e-02
1.431418976223902120e-03 5.945551473313676755e-03 -1.652118716334925394e-02 1.392612541824314598e-02 -3.967482546392030185e-03
5.707885101083603335e-02 -5.568999596093213850e-02 -2.123654636511339636e-02 5.262036576597947657e-02 -1.935521306064479780e-02
1.176514694970584862e-01 -1.222317294488774186e-01 -1.396530926567243411e-02 8.022747013917515269e-02 -3.145589829227039835e-02
1.270202094771218093e-01 -1.441064359604084799e-01 -7.464627760820990998e-03 8.835165981974101024e-02 -3.579606414780249490e-02
4.996047744999018714e-02 -5.801624480695603825e-02 -1.932861408090294974e-03 3.438723825596311234e-02 -1.396648751757012183e-02
9.639614032347126882e-02 -1.095690931951295716e-01 8.842498382418406688e-03 4.962846911122278937e-02 -2.125688846552212935e-02
3.383465901578662505e-02 -2.774796845727862601e-02 -1.989851909862876134e-02 3.528181770110962179e-02 -1.231905773636649860e-02
1.124315505828526601e-01 -1.216537594950419243e-01 1.758095537713179422e-03 6.296626805095061064e-02 -2.596572444738883337e-02
1.404467313062184031e-01 -1.386569633476946173e-01 -3.102298618662156782e-02 1.069537562996772800e-01 -4.071911868513607841e-02
9.182981949550285405e-02 -1.076523999124711084e-01 2.191760742935649695e-03 5.744084155706666306e-02 -2.392153426023097690e-02
1.488606421535710600e-01 -1.425380559793181234e-01 -6.126918936915189823e-03 7.864821320047588049e-02 -3.129041808376941541e-02
5.265633716690748534e-02 -6.409136447639349199e-02 1.418984878869757223e-02 1.962552390155098900e-02 -9.513017835712256690e-03
1.003350293919002129e-01 -1.258967004977691873e-01 3.153978895243067515e-02 3.540393296386905309e-02 -1.786109394539989181e-02
9.531361861706981464e-02 -1.021385675467355730e-01 -2.888829284953399836e-04 5.433347436354688670e-02 -2.213347136589485786e-02
3.964843144770871519e-02 -5.725913969576180984e-02 1.733094661075306603e-02 1.481416708300312655e-02 -8.054565706126344538e-03
8.680849560594799952e-02 -9.654358965762750711e-02 -4.232260822634702495e-04 5.248407352637327050e-02 -2.142688903297796515e-02
6.875049821260181826e-02 -8.175686105315564667e-02 -1.316863889026554345e-02 6.217514035003411654e-02 -2.450299158678423406e-02
1.667786929282067399e-01 -1.666496604132039205e-01 -5.026872911064973401e-03 9.139210360433396019e-02 -3.671817667002053032e-02
3.277075140617867477e-02 -3.490387357067213647e-02 -1.325499289588807396e-02 3.425357071155257782e-02 -1.278923152929843307e-02
9.293023269544926912e-02 -8.781132884379612424e-02 -2.909389075291355861e-02 7.697719802322247618e-02 -2.844220279679651395e-02
1.370264557552619278e-01 -1.537119027965802298e-01 -3.167674309269669433e-03 8.779026436485540263e-02 -3.588097939859119512e-02
1.286075569889603143e-01 -1.384158605816918908e-01 -1.794833098639353475e-02 9.505961405316513957e-02 -3.730988997705492888e-02
5.567368195164476563e-02 -5.607906450697732609e-02 -1.920133148547789256e-02 5.110052838693026483e-02 -1.898437201785700343e-02
1.957828111437479035e-02 -4.007834824716867764e-03 -4.153901211469004928e-02 4.563488525104912596e-02 -1.435759496458579275e-02
5.542993673963722556e-02 -6.510555422471581144e-02 5.462525599188574818e-03 2.980675953428647482e-02 -1.281652948454585841e-02
4.912034612473767381e-02 -4.634855856902018317e-02 -1.864091496167482112e-02 4.430999940066772391e-02 -1.616951652277466914e-02
2.133099728823658614e-01 -2.388356550603552564e-01 7.750551950289053232e-05 1.307630319589192514e-01 -5.399921756149472091e-02
1.051513351864986207e-01 -1.196396521445766137e-01 3.079521429613969827e-03 6.220927217971627954e-02 -2.595298753646724244e-02
4.665783761428884957e-02 -5.229960085464183811e-02 -8.125423742014791298e-03 3.805175694222434624e-02 -1.485073501920164754e-02
3.573248638817275169e-02 -4.792849053317232294e-02 1.256080719091887989e-02 1.362574294322963647e-02 -6.962863150644366464e-03
1.017712804800649795e-01 -1.134930055047870395e-01 -1.037153432368915704e-02 7.384611878484943770e-02 -2.934977916533099140e-02
1.389766522648965830e-01 -1.518215640854651272e-01 -6.453043696067004703e-03 8.961171857167288257e-02 -3.627710981377496591e-02
1.196701149784522578e-01 -1.381227671490467546e-01 -4.814857275836669989e-03 8.277782684294913984e-02 -3.383803793023589662e-02
7.673465012734938251e-02 -8.346590691968688858e-02 -5.063998528808379140e-03 5.060689441024945195e-02 -2.025383351558403267e-02
9.481957037827100365e-02 -1.059425032100372588e-01 2.503075835110070511e-03 5.470145831726149627e-02 -2.273542049485595753e-02
1.411000847881388465e-01 -1.431177879698778410e-01 2.243038046784265414e-03 7.141950536937909100e-02 -2.928201533491782763e-02
1.282974667837527838e-01 -1.543518559709545213e-01 2.971756490445689666e-02 5.221188083669087848e-02 -2.453472666813578951e-02
3.533348112727283802e-02 -3.787281328844450956e-02 -4.208536124631910395e-03 2.490857770405770916e-02 -9.760073557791799914e-03
9.450942246056144580e-02 -1.017320473560335004e-01 -1.276469487388969155e-02 6.918369576372801477e-02 -2.713297237557580482e-02
1.113079176798004166e-01 -1.272622870244782822e-01 6.547179976154895390e-04 6.944689784104569885e-02 -2.871616502633057150e-02
4.312253743504219916e-02 -3.798444988315748116e-02 -2.961356490614127160e-02 5.248982223290846877e-02 -1.851006646583054638e-02
1.477114163262306101e-01 -1.483906242580979584e-01 -3.397625027323988595e-03 8.046368065844183848e-02 -3.246874774446451006e-02
8.865943490254520054e-02 -1.066897777564171923e-01 1.063095878140033791e-02 4.792077601119492519e-02 -2.092184210452762219e-02
4.564974716638694335e-02 -6.319233918898073399e-02 1.913547433361535710e-02 1.546941711747488318e-02 -8.445322795139908675e-03
7.695257883336802107e-02 -9.630949198301211323e-02 1.428821378667360226e-02 3.856331023001274144e-02 -1.742172517829521095e-02
8.214430473099185170e-02 -1.237500075587133486e-01 6.550972068721387653e-02 -2.787176092889895361e-04 -6.856332167251852697e-03
1.257784166764469025e-01 -1.561980533932461890e-01 3.091861721036562316e-02 5.352358366405689238e-02 -2.538907877422991177e-02
1.867419199927342066e-01 -2.040553266189235049e-01 -2.601719105067595156e-02 1.412514370780841022e-01 -5.575094801417104784e-02
1.120047642835658719e-01 -1.195827802691057373e-01 -1.127813409822967829e-02 7.665799995209832129e-02 -3.031720202651446913e-02
7.811399142366053094e-02 -9.917257470797849472e-02 2.041107942108643519e-02 3.314825513574575638e-02 -1.575998863253886065e-02
3.323673170920635883e-02 -2.250791735664225274e-02 -2.863208346892625808e-02 4.133155046514509767e-02 -1.386439987475627036e-02
4.533263346230916035e-02 -5.835753060041646428e-02 1.357720282044442943e-02 1.790855452947011373e-02 -8.791966504427138965e-03
1.643417949417078361e-01 -1.656065224830812477e-01 -3.505416394062694369e-02 1.264394722204648103e-01 -4.836092175434453938e-02
9.118117732050633195e-02 -1.118661321954624310e-01 1.021937796157580333e-02 5.218424505763413768e-02 -2.274724667426881314e-02
6.088799648128092462e-02 -7.619392210506839569e-02 1.202084293614479049e-02 2.961429033153776397e-02 -1.347248014023343966e-02
3.326440062873099041e-02 -3.408331460040010114e-02 -1.083749517480358214e-02 3.030847907619795348e-02 -1.133296787768085963e-02
1.948688429759189711e-01 -2.122530106115477211e-01 3.310701240623982206e-03 1.105349380966044320e-01 -4.578338859360284174e-02
1.276554596635973149e-01 -1.304125810513868389e-01 2.091693041878491931e-03 6.532809441803413830e-02 -2.682439122616723029e-02
8.108364147774274611e-02 -8.349815028149713825e-02 -1.502953294259043795e-02 6.093679814273055689e-02 -2.344676131697413096e-02
7.934439023563008564e-02 -6.939320519489539096e-02 -1.720842370345075645e-02 5.264688142711351770e-02 -1.957678425468056121e-02
1.055770716243614599e-01 -1.123303488976339776e-01 -1.182466807331670339e-02 7.359666688932654799e-02 -2.907452077669513135e-02
1.571330792659095532e-01 -1.531761205015079175e-01 -5.908538276278916916e-03 8.401492996446989492e-02 -3.343314462045155616e-02
8.149678588590658634e-02 -8.818858311431554409e-02 -4.055417667920582954e-03 5.189379589206174342e-02 -2.088658653762350340e-02
1.130348588305907787e-01 -1.303521160825634739e-01 -6.399608638720452602e-04 7.308691402436319484e-02 -3.013378015922279357e-02
4.138993095911837339e-02 -4.944644028123764551e-02 -1.230091827326557519e-03 2.937752954022784108e-02 -1.203455067860444323e-02
2.184732377357730126e-01 -2.249468572223828067e-01 7.460557488151786827e-03 1.089291092010861162e-01 -4.518868114509488887e-02
4.085234577852546456e-02 -3.594654035939822551e-02 -2.249505781425664708e-02 4.307915665854815390e-02 -1.533045501494362597e-02
7.631911707780034138e-02 -8.669456359950004909e-02 8.818744186590665550e-04 4.630889487250424569e-02 -1.909573352809856503e-02
2.741481476894550365e-02 -3.844794879949220423e-02 1.687548888319269705e-02 3.328908016146102898e-03 -3.142372362593875111e-03
1.547511562584354405e-01 -1.607651002042604638e-01 -2.502502249217088484e-02 1.138353833326381792e-01 -4.429229964513139300e-02
3.819977815794468184e-02 -4.095751759875752851e-02 -6.471784866962058957e-03 2.922620102823473426e-02 -1.131687368271945895e-02
4.794616825305200031e-02 -2.726318443822177764e-02 -5.714397597245935573e-02 7.401165663090512881e-02 -2.432110552168912504e-02
1.474061311367317051e-01 -1.663033480711221535e-01 4.066806029408709909e-03 8.616483145742631633e-02 -3.585770187123194647e-02
4.879143201969374927e-02 -4.369223471204054798e-02 -2.051567664152028139e-02 4.445093889932760778e-02 -1.601158959050999128e-02
2.293918745419431734e-02 -2.760058941092279061e-02 9.523649712087818315e-04 1.443785754504272462e-02 -6.054791238582278405e-03
1.075131173442736843e-01 -1.100819650844315073e-01 -2.186790930013314191e-02 8.292872852256422123e-02 -3.186687036214320284e-02
1.279684358638022157e-01 -1.391891865305110443e-01 -1.717077687079197890e-02 9.534509897780892029e-02 -3.762337886842769680e-02
1.117222658577242261e-01 -1.131573846594319810e-01 -2.761543416517641195e-02 9.092448029427187273e-02 -3.458073318460081619e-02
5.955567011825194101e-02 -7.388150129733020433e-02 4.181612115618221076e-03 3.761157697789238585e-02 -1.604302894032543989e-02
4.457455767338035918e-02 -6.035357904089051762e-02 1.624541855451492808e-02 1.681839605016185318e-02 -8.683856897559735083e-03
1.235599018694242407e-01 -1.462548194803758583e-01 1.597531267659655502e-02 6.311457939592711452e-02 -2.764072458360424672e-02
1.127526968713357114e-01 -1.301844706669168794e-01 -1.630855931960329070e-03 7.453535652618058227e-02 -3.072543952897611660e-02
7.259431849395517333e-02 -9.389402980824768097e-02 3.036380293153837298e-02 1.911435892273135456e-02 -1.103529513379552726e-02
1.090612119882234804e-01 -1.289913340593590030e-01 1.194539987844597979e-02 5.835051241346373568e-02 -2.532581341098045363e-02
1.144180533782019893e-01 -1.303277433580764255e-01 -1.374510553469678910e-02 8.835733902011903840e-02 -3.518324090183930219e-02
1.549077154599026174e-01 -1.687287956094838670e-01 8.863221880694199112e-03 8.057280106855757573e-02 -3.398035877464503085e-02
1.076893263876462919e-01 -1.110600393526548074e-01 1.236614710852534070e-02 4.371656854970724926e-02 -1.897267788697198226e-02
1.224003688552949692e-01 -1.348812618160584731e-01 -3.946801544631020620e-03 7.745798646490585637e-02 -3.143181918292330818e-02
9.811401693173800453e-02 -1.023117579555103268e-01 -4.336522363389249020e-03 5.857433476355999868e-02 -2.348569874265934998e-02
6.625554072079110901e-02 -8.665443488238551428e-02 1.658249681793657476e-02 3.142485097789751713e-02 -1.477989168258669016e-02
4.374718805643475900e-02 -4.541577085219205417e-02 -1.957120241328685895e-02 4.686379512489196458e-02 -1.731840653873028060e-02
1.407353648306977345e-01 -1.354681921411405865e-01 -1.091572020415228564e-02 8.073341899322232507e-02 -3.171661768153859889e-02
1.553387037746526700e-01 -1.615602604617308591e-01 -1.924928852587751496e-03 8.699045928756708734e-02 -3.536985646244135417e-02
5.067127206615989338e-02 -5.729037420157504640e-02 -5.815160449309767117e-03 3.815268169319555730e-02 -1.511931545119489517e-02
8.742777866523773755e-02 -1.206038135006978484e-01 4.174822791343324457e-02 2.316236599424055173e-02 -1.398511636672503285e-02
1.311917472829326747e-01 -1.384659987078135368e-01 -2.666217471252054633e-02 1.048891722338886195e-01 -4.055885232722897249e-02
1.139355894975326994e-01 -1.194287948616886003e-01 -1.667367535148742835e-02 8.244219682631305501e-02 -3.218349291541036661e-02
4.533447910136668979e-02 -5.120421612617592766e-02 -4.890656389854742409e-03 3.365541700186316931e-02 -1.334207766112844099e-02
6.453817513844391229e-02 -5.878441963984446655e-02 -1.906595784323794618e-02 5.021218246927663248e-02 -1.844853624492894320e-02
1.279469638882885230e-01 -1.544677336095335585e-01 -6.202124115503615184e-03 9.642485695259414569e-02 -3.968148476868361280e-02
1.533641957333985173e-01 -1.821573201042997747e-01 7.024952502522286910e-03 9.464805165082759708e-02 -3.997955096649016132e-02
1.416615750460714918e-01 -1.670550024129225375e-01 1.466965259025188040e-02 7.657155247428375222e-02 -3.317815404768681420e-02
8.048846955838927231e-02 -1.110453141204809785e-01 3.128219439195364937e-02 3.004132114573113133e-02 -1.582835116942663337e-02
4.079787349813213809e-02 -5.391427151379209193e-02 9.791327853907573833e-03 2.045554814204116056e-02 -9.558914485103759198e-03
2.968148362221274816e-02 -4.037270682206536149e-02 1.187049299105209267e-02 1.011383820759794230e-02 -5.443079203528302691e-03
1.146410381002802709e-01 -1.149545657886535260e-01 -2.393500406435947192e-02 8.708730967438868542e-02 -3.330530656754007029e-02
1.359102039389315786e-01 -1.412567690146285526e-01 -1.055663689350758855e-02 8.644217443098992093e-02 -3.436875371703886767e-02
1.048774990052443318e-01 -1.054496563882212357e-01 -3.214151782259708906e-02 9.217430934650679142e-02 -3.469325967170624331e-02
1.174282242706698315e-01 -1.274138003249011830e-01 -9.505855966820787178e-03 7.952594356347882087e-02 -3.175026232225151152e-02
1.833318951211150016e-01 -1.988553274396364923e-01 1.979179202784166550e-02 8.372163267934222552e-02 -3.625534976326136999e-02
1.064110568983410859e-01 -1.049514939167702360e-01 -2.872916322805843872e-02 8.648917907438478936e-02 -3.243814223987746131e-02
1.069208012663497021e-01 -1.190824689527694435e-01 2.358418797335442435e-02 3.697559639288774264e-02 -1.738571789101913193e-02
1.404381679846423980e-01 -1.457471779476390006e-01 -5.909014479803903833e-03 8.329837786668251032e-02 -3.350234133039001194e-02
1.325227713932568829e-01 -1.462203849936683508e-01 -1.301048307173593467e-02 9.468151404193690668e-02 -3.774518208640600253e-02
2.699085189747289434e-02 -2.673999449255448982e-02 -1.264756775789256486e-02 2.841633023095386720e-02 -1.038635252996868673e-02
5.723551819304310839e-02 -7.064312810664194475e-02 7.774472163194301108e-03 3.113953694250054180e-02 -1.365319545533780557e-02
7.314837975563691364e-02 -7.449242072807138459e-02 -2.430974850663895556e-02 6.670385127010625137e-02 -2.485699423572717767e-02
1.614215217499439803e-01 -1.504610210869431197e-01 -2.080772195981158909e-02 9.832469206781090099e-02 -3.784568078113497575e-02
9.210191341383683339e-02 -9.791851451014130236e-02 -1.500831594346463752e-02 6.918803730273676011e-02 -2.683490269029068995e-02
1.472968821063031231e-01 -1.586215143835664476e-01 -1.685735211937902309e-02 1.047654346808375436e-01 -4.144630762579441796e-02
1.208082358682680407e-01 -1.406003107070895319e-01 1.138538925312318137e-02 6.504262779884363577e-02 -2.803584115787812608e-02
9.934628977855901322e-02 -1.044400747348371294e-01 -1.018744807144917469e-02 6.696029738360592676e-02 -2.644034942624106169e-02
7.073154158643256417e-02 -8.994769624545667641e-02 1.630062565183226092e-02 3.294357950903913090e-02 -1.532658995892857354e-02
5.914427794446679154e-02 -7.675996326618725329e-02 2.321116722925491149e-02 1.740363366683172347e-02 -9.557220557572699768e-03
1.159393628521095954e-01 -1.297972856910988015e-01 9.394241746907547319e-03 5.912283621690554714e-02 -2.507332878405790430e-02
1.736922467277976223e-01 -2.013178512968580580e-01 1.431060540856561071e-02 9.547093925861441233e-02 -4.096018247317791128e-02
1.254200934128541500e-01 -1.396546488922431606e-01 -3.562271125884583674e-03 8.039643219172479260e-02 -3.280963229461222874e-02
1.115227029026057970e-01 -1.193987293615962064e-01 -1.004019842628257018e-02 7.505805107435857548e-02 -2.974612498247297676e-02
1.005394826766096983e-01 -1.096355066695395147e-01 -1.522061853146620437e-02 7.679507120111239704e-02 -3.006580370507722089e-02
4.245196788177831027e-02 -4.791889850640144999e-02 -5.845985465296501572e-03 3.311636113194296044e-02 -1.306188607140421933e-02
6.974495845991190990e-02 -5.711479701723727598e-02 -4.777609297278728046e-02 8.097263603636051243e-02 -2.822935934551460552e-02
1.089006400829900661e-01 -1.009844301509786324e-01 -3.523705640178160375e-02 9.045897465711021102e-02 -3.341239108062400015e-02
1.423776653761805455e-01 -1.559137260186609641e-01 -7.513181577714696247e-03 9.299424453694589421e-02 -3.752608257780167683e-02
1.211548572164119209e-01 -1.409941837064160042e-01 8.840450653400810585e-03 6.820289747086565046e-02 -2.907860525664385243e-02
1.251127669735473957e-01 -1.437306329717525644e-01 3.656289475168971077e-03 7.515604608267099918e-02 -3.136762870849997553e-02
2.261954759801505788e-01 -2.182992105172837094e-01 -1.491409401071533067e-02 1.274473550266665700e-01 -5.035710095612433435e-02
1.287362277087874263e-01 -1.342946701865680992e-01 -1.420648908689289835e-02 8.703798949252425365e-02 -3.424173789452010508e-02
1.701614756101230419e-01 -1.906444926180649313e-01 4.167374915630228487e-03 9.929328927800845639e-02 -4.132723163205068162e-02
3.194825350950954157e-02 -1.952796320045966164e-02 -3.989532128406728106e-02 5.267053839303289381e-02 -1.744747777564745542e-02
1.218573335397512697e-01 -1.193354957963340263e-01 -1.294389544878293483e-02 7.535902989274831376e-02 -2.936887536003659691e-02
1.873401969985008519e-02 -1.473683761285733869e-02 -1.717986175754502784e-02 2.634937804046233109e-02 -9.032094758030739801e-03
4.791275070760193933e-02 -5.477914928493683028e-02 -6.202565967678199017e-03 3.747669652792583878e-02 -1.482575450345974093e-02
8.483747618829831638e-02 -9.331556663472399815e-02 7.931825140286953915e-03 4.086777010538298477e-02 -1.747638521171525003e-02
1.783510703271832809e-01 -1.975568123911257967e-01 -1.335140521880520681e-02 1.234958237096104167e-01 -4.968746289667930888e-02
9.782612243940215502e-02 -1.151149589217438513e-01 -3.028999132669034280e-03 6.784194592828532433e-02 -2.768585754992806958e-02
1.270130093477504496e-01 -1.437076552143107810e-01 8.628259839570286008e-04 7.798501511070683734e-02 -3.226868051958106665e-02
1.438777898162199864e-01 -1.447453061685872178e-01 -2.002111337178432218e-02 9.790947933802900127e-02 -3.806532990291638940e-02
1.004874464410005913e-01 -1.073475070166027973e-01 4.983589082636962018e-04 5.613805662814346648e-02 -2.295016207731674293e-02
1.565608737562138864e-01 -1.593501558431907883e-01 -1.220417035304246882e-02 9.681749602118483455e-02 -3.835976234377669325e-02
2.281402930410099048e-02 -2.538080507622726689e-02 -2.644151270529005414e-03 1.681991286793745738e-02 -6.640569988796780378e-03
1.482367681135880189e-01 -1.682262511431197594e-01 -4.099377263743886508e-03 9.764321798825892351e-02 -3.995615911034471057e-02
1.459196472481280038e-01 -1.486070862818670846e-01 -2.356261235681470639e-02 1.046806669561941017e-01 -4.057177898557774720e-02
5.639202242954667599e-02 -5.987560850122434358e-02 -1.444395037215540599e-02 4.874444363516820117e-02 -1.860916210292964945e-02
9.090376161613010486e-02 -1.183103123816590524e-01 2.389812037444331155e-02 4.120850047372021790e-02 -1.958203816098570346e-02
9.034797177578821059e-02 -1.011820132049304072e-01 3.835689316283318311e-03 5.053964098006127892e-02 -2.113615690190568872e-02
4.926186517652765551e-02 -6.658252649710547089e-02 2.266415971573113725e-02 1.293060627429196488e-02 -7.727002212959317023e-03
1.411809907019817012e-01 -1.494209882476458251e-01 -5.495552880833304635e-03 8.557617481286282357e-02 -3.453950579252650782e-02
1.006940297032175857e-01 -1.142431903016102868e-01 6.688683253052664715e-03 5.501559864376479037e-02 -2.335789292295296568e-02
1.620390206978280512e-01 -1.842933628743492480e-01 5.336278275083420307e-03 9.539353482834354858e-02 -3.993112231865751649e-02
1.877702826709555517e-01 -1.930746715165675420e-01 -3.251034006340491195e-02 1.390922798100551472e-01 -5.392204711596092909e-02
1.171782179177182220e-01 -1.302606023683480219e-01 -2.071381587250982481e-02 9.577371913098980949e-02 -3.754935330052528580e-02
1.630269410749164705e-01 -1.650724641279064098e-01 -6.237329716353262089e-03 9.255362429502946020e-02 -3.712732996653993200e-02
1.284263922315716233e-01 -1.624946839409051047e-01 2.685722782426388025e-02 6.305772656505514995e-02 -2.907240302306354773e-02
1.010117575386418887e-01 -1.141946441426715669e-01 -1.697968785494243654e-02 8.290618465016867666e-02 -3.255787432096908518e-02
3.871949582378065441e-02 -4.139490514079701561e-02 -1.470855859323641317e-02 3.947155995819613683e-02 -1.479676565452285771e-02
1.023739028279057051e-01 -1.110905886341531229e-01 -1.887287135472236546e-02 8.172088380956182840e-02 -3.172609733288372924e-02
8.985474015013766858e-02 -1.000609888210081261e-01 1.379190709092628121e-02 3.829144504344628164e-02 -1.706843731506501802e-02
1.515161104660537605e-01 -1.681088804784715562e-01 4.675364123811154467e-03 8.588629212374498945e-02 -3.580729353373365842e-02
4.489429196709664172e-02 -4.147013494931567346e-02 -2.577756867355386616e-02 5.020947839235863353e-02 -1.794640002993588834e-02
1.873070795675615963e-01 -2.275151058804485149e-01 3.168779328477867863e-02 9.257601253426819832e-02 -4.168480887849991545e-02
1.606703325871203514e-01 -1.799948433024333716e-01 -6.429610417538735891e-03 1.059633974167856069e-01 -4.305810730751269411e-02
6.938026651898418495e-02 -9.803348664261204992e-02 3.045505755594364594e-02 2.376094579866749532e-02 -1.315055755268862599e-02
1.007332886589704102e-01 -1.324334843497744219e-01 4.064721145093914273e-02 3.012308847413887325e-02 -1.671592766226090432e-02
1.350284189322168982e-01 -1.408173212231740024e-01 -1.832849687769922895e-02 9.547989939061606035e-02 -3.736341736646005274e-02
5.928563846714911961e-02 -7.084185890299365962e-02 7.133109014088799896e-03 3.124343127213180873e-02 -1.356040118034355577e-02
1.585065076655214067e-01 -1.817171976116533361e-01 -1.246508756825217418e-02 1.159405557093054900e-01 -4.683577020154994913e-02
1.521172942177279885e-01 -1.766978959721067777e-01 2.029109182915988727e-02 7.447847865962868574e-02 -3.277172481702640000e-02
6.104821623526109770e-02 -7.793806994369149865e-02 1.225061454880494588e-02 3.097047692560031193e-02 -1.413446470315037756e-02
7.108685600858798137e-02 -9.119545129259071237e-02 1.021683492158026105e-02 4.125906839188064890e-02 -1.820908044514229010e-02
1.084873114817259537e-01 -1.147916408954874484e-01 -2.403807321246619402e-02 8.921736007370366373e-02 -3.434191980207512013e-02
1.701045106466020918e-01 -2.040088724861353620e-01 2.340561465374882064e-02 8.751833460911456752e-02 -3.851799978955831871e-02
1.610961250415128831e-01 -1.604456554058451556e-01 -1.739268430365810067e-02 1.021766108526660360e-01 -3.992590447794276687e-02
1.110724054951025830e-01 -1.106061921240474033e-01 -2.171878073006594870e-02 8.161537874127788861e-02 -3.115096723208113025e-02
1.006757232449199679e-01 -8.521291861371579901e-02 -4.285851801940392808e-02 8.874884244307741643e-02 -3.177616824952465835e-02
8.390013094845789887e-02 -8.669397821375839086e-02 1.929604270781400902e-03 4.284479944680897462e-02 -1.760947403650472975e-02
8.045558532926638806e-02 -8.337541667368121578e-02 2.115928711964136510e-03 4.096889532851386712e-02 -1.686869146371723291e-02
1.638562212117273265e-01 -1.674125863337020681e-01 -8.914463266929309460e-03 9.715611824018104137e-02 -3.876048808247812422e-02
1.150684736691927751e-01 -1.265097306712345548e-01 8.547173141798683829e-03 5.803229893906789588e-02 -2.458060850615126358e-02
5.420944698081302249e-02 -4.270949834860679473e-02 -3.016644171249318468e-02 5.333221889919858433e-02 -1.861109544061085447e-02
1.291410806959707169e-01 -1.275119686489568360e-01 -1.431138941488361779e-02 8.140026092857181872e-02 -3.172590557992317761e-02
1.204396127062034860e-01 -1.241212909883904619e-01 -8.323428956689769842e-03 7.433907699662389845e-02 -2.954885285043634333e-02
1.176020187331999617e-01 -1.134606467479824798e-01 -1.897899087769771426e-02 7.881029543586842712e-02 -3.017125666015040009e-02
1.261624611959825393e-01 -1.270893507339403705e-01 -1.077296571367131195e-02 7.774025727200530034e-02 -3.060069501951537957e-02
1.140198323531739222e-01 -1.079989539602173171e-01 -2.674147977762592054e-02 8.449280417247817532e-02 -3.173919870882351696e-02
9.199899569065055072e-02 -1.078741815768935880e-01 6.291938947860137125e-03 5.295404097300208945e-02 -2.253239606421087241e-02
1.126614122683548824e-01 -1.056420570739627224e-01 -3.414889369345028985e-02 9.149612363556064443e-02 -3.386125828863593284e-02
1.853340155370980513e-01 -2.185574117750427592e-01 2.626558684336097182e-02 9.188398787143933766e-02 -4.067858485889212783e-02
1.542258846851653487e-01 -1.602492452748902341e-01 -1.336159324520481799e-02 9.924156844568834956e-02 -3.922881001035958409e-02
8.311059944759463525e-02 -8.180008989440652745e-02 -1.067195569138469809e-02 5.383018541485846964e-02 -2.085566852792234208e-02
1.084204343619169092e-01 -1.287967615344832728e-01 2.001556445497748582e-02 4.885378923924757477e-02 -2.218738891094507518e-02
7.925351974390573706e-02 -9.125774863928828862e-02 2.877194914877092505e-03 4.704033435847299049e-02 -1.967232570620843293e-02
1.322285953502184419e-01 -1.481308257389501171e-01 -1.479551552812259814e-02 9.852511590353107973e-02 -3.919978777675850456e-02
1.021487263707133719e-01 -1.192213291336349373e-01 1.049523580196147152e-02 5.399881557254716802e-02 -2.331650207294085064e-02
1.500884015896709889e-01 -1.433774031455485876e-01 -8.853937685433061963e-03 8.193009942052890959e-02 -3.232498980742257166e-02
1.612365717371147533e-01 -1.906052367063488240e-01 1.534141536712428297e-02 8.891571681442847486e-02 -3.830692483804386261e-02
1.650782160677470023e-01 -1.507726113250563715e-01 -4.093825479088487179e-02 1.205353581132998925e-01 -4.491289005733711814e-02
1.253710473212603371e-01 -1.184480631501179659e-01 -2.244197442477397983e-02 8.466947468248944841e-02 -3.219312732308984848e-02
7.218885475846072153e-02 -6.934457795066925612e-02 -2.425432115793399457e-02 6.289538901010126304e-02 -2.329130793434854019e-02
1.461547792669224410e-01 -1.633672713928958631e-01 3.833662642033182095e-03 8.437223886748593249e-02 -3.505849837195353091e-02
7.090784594047676304e-02 -7.523529148994395621e-02 -1.779693078675601697e-02 6.090194481363846862e-02 -2.329764485684947262e-02
1.671261305466701097e-01 -1.941641386904407185e-01 -1.161157756228587898e-02 1.227692077841799900e-01 -4.983223777675623023e-02
1.025040932283788619e-01 -8.732482343705365302e-02 -4.290205764948388373e-02 8.969954722615042231e-02 -3.209678620655682935e-02
1.039678052840604522e-01 -1.172489032252780894e-01 3.960017595325092746e-03 5.958646851080110635e-02 -2.494196414209537069e-02
1.160419666015913565e-01 -1.144229158840492366e-01 -2.555334818320622800e-02 8.797958286159686392e-02 -3.343984460189101254e-02
1.237966496119372178e-01 -1.279161786409340473e-01 -2.620118034013518837e-02 9.752757928646581254e-02 -3.742158702364849904e-02
1.902386622526601179e-01 -2.234594462285979244e-01 1.853919365899634603e-02 1.034129151617136089e-01 -4.465404056007581113e-02
1.469471938735271432e-01 -1.557384896421364906e-01 -7.521684812532417920e-03 9.108517356341122584e-02 -3.654137307952453478e-02
1.339782000595865774e-01 -1.398069136281096247e-01 -2.947142867938832775e-02 1.082474889026492776e-01 -4.159227187543039495e-02
1.225721057785920942e-01 -1.333201740090806109e-01 -8.497537316920777267e-03 8.154986368984208644e-02 -3.266907445498516693e-02
1.512131659730351352e-01 -1.565069036292975335e-01 -1.845140494822801805e-02 1.033654332654066893e-01 -4.051235443832352373e-02
9.774101632198727019e-02 -1.130679902269241116e-01 -2.129221331829171063e-04 6.329220078230060609e-02 -2.618896382218547161e-02
1.204737230321515085e-01 -1.228186102851838574e-01 -1.425166689498397025e-02 8.021849412934149715e-02 -3.138232331268266118e-02
1.157631311760479037e-01 -1.217289622711851399e-01 -1.030548609443989599e-02 7.622259987601535947e-02 -3.021985656204720025e-02
1.275472063786702304e-01 -1.342594786542992691e-01 -2.095059492976932697e-02 9.553825871848090068e-02 -3.718038189372357277e-02
1.263311922942630672e-01 -1.403818116029259822e-01 -1.451861440154068178e-02 9.381687673155093832e-02 -3.732029012184568534e-02
1.226577427658793462e-01 -1.353185340068868425e-01 -1.441169731009841375e-03 7.500809336987235287e-02 -3.072339630459422835e-02
1.515412538415701893e-01 -1.423973391210939243e-01 -2.754490662051720454e-02 1.022923303536958928e-01 -3.885644131858270039e-02
8.435890900660070191e-02 -1.068309221121452462e-01 9.766511804297092758e-03 5.057279097386680605e-02 -2.202020312081956130e-02
3.856113460008518679e-02 -3.778614117978747883e-02 -2.025722540999560020e-02 4.290383624990513206e-02 -1.558311002778506316e-02
1.389753774232958816e-01 -1.556386947880417926e-01 -1.724168620959705411e-02 1.057491211014715410e-01 -4.200400677306979913e-02
9.287272192594911435e-02 -1.100041036317162130e-01 1.493374732296138922e-02 4.421723913642400250e-02 -1.977324931884912040e-02
1.019780954390625272e-01 -1.064435162296504395e-01 -1.075737903167709765e-02 6.838931578604114103e-02 -2.693656996252782876e-02
1.705986953956529495e-01 -1.857738294154485659e-01 2.069754231553060455e-04 9.967662688428613471e-02 -4.096654358500751575e-02
1.684923369718676067e-01 -1.669974641689638550e-01 -6.918106704630334371e-03 9.338394262268338852e-02 -3.732519799966534102e-02
1.390252896538080041e-01 -1.555348821429608230e-01 -1.040970415479989392e-02 9.746169748410944689e-02 -3.922505085264665903e-02
5.411078701551803177e-02 -5.769667395441024221e-02 -9.118162006082111345e-03 4.120949400780262589e-02 -1.598781727664535385e-02
7.725116426456361818e-02 -8.930543700450778444e-02 -1.944370481127921310e-03 5.183728042775772454e-02 -2.120736171232240341e-02
1.485375852766955829e-01 -1.627950620887797795e-01 1.101841597528593929e-04 8.774543078152051423e-02 -3.608329594238639249e-02
1.251123182683199775e-01 -1.230702157271009456e-01 -3.330918633050661964e-02 1.014272846747661244e-01 -3.821740452520733244e-02
8.606073727192854739e-02 -1.088368388979460977e-01 1.168836506246657449e-02 4.964270190526910015e-02 -2.189240866110254286e-02
1.233123495537053332e-01 -1.415218228301310111e-01 1.719477973302576193e-03 7.641024670514465211e-02 -3.175589686692990160e-02
9.153450709124824614e-02 -1.078369832447688276e-01 2.415394631848933812e-03 5.768396863319880802e-02 -2.412057914732548825e-02
7.778583831077849620e-02 -9.234715159360143422e-02 8.611027220069096891e-03 4.152223633363200800e-02 -1.796576813121707195e-02
5.014561620081672833e-02 -5.095717024399896294e-02 -1.560320869730578118e-02 4.441869484469233853e-02 -1.661386875931337645e-02
7.669942147096872609e-02 -1.076946664532508063e-01 2.883189247081857295e-02 3.179390428874205587e-02 -1.642436420059774707e-02
1.709447154511591904e-01 -1.988897800705104746e-01 1.651510519719104342e-02 9.134235664541685840e-02 -3.937839840941220748e-02
1.310075621729008821e-01 -1.324410421150168382e-01 -4.069881832592409099e-02 1.163778338514745853e-01 -4.380263284423868003e-02
1.074706850276591907e-01 -1.039337534513566502e-01 -3.067591840432263087e-02 8.798646232215519281e-02 -3.292591701603655996e-02
1.311518354240720219e-01 -1.340398948844157834e-01 -1.618928753526317418e-02 8.795333633957749808e-02 -3.425037572325304730e-02
1.668465267400339735e-01 -1.778407594636654820e-01 -2.353468972078646276e-02 1.224802977757939865e-01 -4.808307408715353087e-02
6.013344176522522622e-02 -6.245080760073023346e-02 -2.210574678918383884e-02 5.853069289927891050e-02 -2.180451849438558992e-02
9.364267631762993038e-02 -1.021409121535459402e-01 -8.393080357518595269e-03 6.453763597529423024e-02 -2.563684673628158217e-02
1.429368656676697352e-02 -2.931677353777246628e-02 2.666919734513828466e-02 -1.143565091563217458e-02 1.849787904094832508e-03
1.236801928813735241e-01 -1.309191146702738395e-01 1.019504102368535940e-02 5.748582283275043003e-02 -2.448139909707931078e-02
1.483753583081042771e-01 -1.494555190086139518e-01 5.859485940377474888e-03 7.040799347888322679e-02 -2.921002759394332807e-02
2.187893199247245568e-01 -2.188355036470774062e-01 -2.758915307207217976e-02 1.449853588297347062e-01 -5.664515192646604747e-02
1.717854189153811828e-01 -1.843084083743856405e-01 1.265603096033178498e-02 8.363318618905779545e-02 -3.549308404043931275e-02
1.289085210220156930e-01 -1.421957633421993827e-01 1.896419571091797866e-03 7.478452604704757811e-02 -3.094212481098414236e-02
1.088117940616121493e-01 -1.110344960197534175e-01 -7.197013683293903598e-03 6.600610362944414611e-02 -2.625657923997365417e-02
1.544348338769902795e-01 -1.709579085492466122e-01 -4.472488996324966155e-04 9.343702224390101896e-02 -3.844471794535568587e-02
1.540247828223237081e-01 -1.769200280244777046e-01 -1.684072215359689109e-02 1.185312923709146704e-01 -4.746162959455497293e-02
1.320781899016265359e-01 -1.408051037714194431e-01 -2.510803804811794979e-02 1.046240103778344754e-01 -4.059600434083190934e-02
1.140171213617706264e-01 -1.104999724612925338e-01 -2.935076297095087772e-02 8.981317118192456983e-02 -3.379240294015497387e-02
9.272805763142691338e-02 -1.015316151160825381e-01 -6.843216496007394067e-03 6.291281844719573413e-02 -2.523550272376322984e-02
1.365810706232257477e-01 -1.618666099013849335e-01 -3.313201630396707051e-03 9.572037303721069035e-02 -3.947978014827357301e-02
1.000807594936786171e-01 -1.123185135352512964e-01 -1.501282547817267901e-02 7.967258564243413776e-02 -3.151407210545584953e-02
1.423780127453979361e-01 -1.504376320743049389e-01 -1.213899564320539658e-02 9.365717104739328114e-02 -3.718210529160458772e-02
2.032373872058575448e-01 -2.048753772540326257e-01 -1.193833533444535119e-02 1.194787270633479587e-01 -4.755386305493493337e-02
9.807571330429169787e-02 -1.018846968641322348e-01 -1.587820250789169843e-02 7.196075818508027022e-02 -2.793880434484501477e-02
1.266177296719181722e-01 -1.480725428069497307e-01 1.187946335367537180e-02 6.867136060933631825e-02 -2.955800127976467365e-02
1.289600889815879781e-01 -1.329908179827463954e-01 -2.350080183546821369e-02 9.686030609664328384e-02 -3.737865062609576489e-02
1.613035912339739197e-01 -1.837582900013670917e-01 2.456839362372239058e-02 7.253143650445147139e-02 -3.233362511365298064e-02
1.068656734482524850e-01 -1.032643072840614684e-01 -2.594748077082891652e-02 8.198189016561839570e-02 -3.087984277963762986e-02
1.222557292388291167e-01 -1.313169283941700571e-01 -1.351861525966478912e-02 8.617067798328284511e-02 -3.413114811774493884e-02
1.032298466306174195e-01 -1.132873233260451862e-01 -1.641819561780199328e-04 6.133088913674927117e-02 -2.518662800418473499e-02
1.388084049395082731e-01 -1.563043015247091438e-01 -3.132686132954801660e-03 8.961808397824277961e-02 -3.672454876755058828e-02
1.277048278552387062e-01 -1.408886639421412790e-01 2.304290215418585818e-03 7.349848137447899388e-02 -3.042447554445063332e-02
1.240760084175611677e-01 -1.501445431961468679e-01 1.681792828642955998e-02 6.556906979407911562e-02 -2.889241778745486530e-02
1.548575301509442226e-01 -1.701602642185489067e-01 3.654939739817551683e-03 8.784420341828610979e-02 -3.650993440169930659e-02
1.655223157572459913e-01 -1.767516056754753762e-01 -4.524136094700400949e-03 9.935971704478964439e-02 -4.030883002419293620e-02
1.362502047192955257e-01 -1.535893145747102284e-01 -4.162969919188070148e-03 8.932055731842257484e-02 -3.648504023207300995e-02
1.517960845146748838e-01 -1.662727227986710854e-01 -1.563374795029517927e-02 1.085713976006646431e-01 -4.326619005958934339e-02
1.104729743552838456e-01 -1.249225091680659094e-01 3.289322810083931698e-03 6.468274508593528649e-02 -2.698674531760014358e-02
1.664699460883573012e-01 -1.915161512885325268e-01 -6.169132050371064005e-03 1.143787009601680282e-01 -4.690077852441713185e-02
1.445429916667642922e-01 -1.562253133904764335e-01 -1.508885740527394527e-02 1.015773593310566048e-01 -4.031808651787770897e-02
1.783499781381120142e-01 -2.002182361106354669e-01 -2.972017190456630476e-03 1.132787433528568699e-01 -4.647483731975229904e-02
1.593521289653160866e-01 -1.752484321411594548e-01 -2.730438800197629041e-03 9.822738536772336604e-02 -4.020341440147782996e-02
1.512874501920366266e-01 -1.512636429208723265e-01 -2.416809336158057264e-02 1.055811252520091476e-01 -4.072614572460447890e-02
1.017199962693867976e-01 -1.176480551405594127e-01 -1.593681370106733513e-04 6.568295821371100685e-02 -2.715873053948824473e-02
1.544127216288997961e-01 -1.695234244853120742e-01 -1.042122229010119389e-02 1.037993122512627514e-01 -4.167612496160716384e-02
8.597383159361048077e-02 -7.123473909744666710e-02 -4.969576011506197238e-02 9.001054162549251836e-02 -3.175032050022962710e-02
1.508753280070936342e-01 -1.405547436411906659e-01 -2.898040358837791070e-02 1.026609936466175432e-01 -3.884365424122505212e-02
1.591544504162565044e-01 -1.940584102345821460e-01 3.779318161142559973e-02 6.639300730665798067e-02 -3.139967826010285623e-02
1.306451133698276201e-01 -1.248276912983882214e-01 -2.390540224549541834e-02 9.001460431189106659e-02 -3.427767835265040780e-02
9.622069783717571156e-02 -1.171065302027222282e-01 1.789065196407524719e-02 4.574841700556284141e-02 -2.080134044502601059e-02
9.021372032195532076e-02 -9.140892528332592026e-02 -1.014082542982019768e-02 5.885433506042127283e-02 -2.300270145793185603e-02
1.569988844970445219e-01 -1.656356363935069798e-01 -6.770062085408215524e-03 9.544736360929363672e-02 -3.843699790835612001e-02
1.398395333629746662e-01 -1.690309345552851727e-01 1.422116251989054107e-02 7.957863351279254038e-02 -3.450689072099984156e-02
1.457556628964746526e-01 -1.645911926347185250e-01 4.857281720134164725e-03 8.438184557111975959e-02 -3.521322485740694536e-02
1.455760773003900999e-01 -1.680780564600828364e-01 -6.684700513709730153e-03 1.016778388550270834e-01 -4.147448976626929434e-02
1.425838440154466868e-01 -1.619632388189842231e-01 6.085735515384797442e-03 8.187124660297835643e-02 -3.434352065688187766e-02
1.562586975615834206e-01 -1.768217409643940419e-01 -2.303633242342257616e-03 1.001605836538468491e-01 -4.117542625412966284e-02
1.663347823074616816e-01 -1.702143353574649132e-01 -3.291074981899343166e-02 1.273325281620021621e-01 -4.904231076915625126e-02
1.387261245868252058e-01 -1.441682603466245827e-01 -5.956478959419300376e-03 8.242470878168271786e-02 -3.310439496166750484e-02
1.213126806673894137e-01 -1.342676000215067278e-01 -1.829680202434724994e-03 7.498210622987720730e-02 -3.067444001062893597e-02
1.687404746129011479e-01 -2.008546194578271771e-01 8.449322221251392637e-03 1.039702823640168278e-01 -4.408429561618841530e-02
1.366568813052682629e-01 -1.531769575698929409e-01 -9.785912137950408818e-03 9.538578819434574696e-02 -3.839765512911813561e-02
1.170247809466059136e-01 -1.371107882497415442e-01 -5.121590355424838733e-04 7.773134211236601421e-02 -3.221459513265228364e-02
1.661569698660736172e-01 -1.817518692574812689e-01 -2.296347168171160996e-02 1.255732079331214612e-01 -4.956907550487313352e-02
1.568569283555663330e-01 -1.792144864734116216e-01 4.356206235488420918e-03 9.401809450796856649e-02 -3.929373708063987197e-02
1.245539274180564593e-01 -1.389593902476193299e-01 -5.831023180099112121e-03 8.278323965505667015e-02 -3.358282695069006452e-02
1.533132251488558417e-01 -1.634547257353583805e-01 -1.046536347493184395e-02 9.911188692647818210e-02 -3.963105565624829713e-02
1.843958406840390529e-01 -2.113230010098993694e-01 4.069147151198787560e-02 6.913230841564056706e-02 -3.248479650590377354e-02
1.512661045496079271e-01 -1.669061128517000669e-01 6.585459363149129795e-03 8.269465420663890676e-02 -3.464472625713340553e-02
1.620470830796706396e-01 -1.737159924572926895e-01 -1.067003089347094008e-02 1.051866145716012779e-01 -4.214978373762667124e-02
1.523490932165718348e-01 -1.735093663657315266e-01 6.662772086375979251e-03 8.774971365388967159e-02 -3.685381051249465856e-02
1.642870816032586112e-01 -1.844247602438166267e-01 1.759142584537892046e-02 8.027466267352631468e-02 -3.478685417493485033e-02
1.233757027428495218e-01 -1.171962741183921186e-01 -1.754736315806480068e-02 7.838832392607236743e-02 -3.005098365974948754e-02
1.171348960422968627e-01 -1.352339369389483070e-01 9.117612333189414192e-03 6.430019132729389297e-02 -2.745427005271500187e-02
1.171957326153931223e-01 -1.257856741003974543e-01 -1.191566320877021981e-02 8.118945291520077157e-02 -3.220570633328437987e-02
1.373610707421490384e-01 -1.665165664282210467e-01 2.149201516354000072e-02 6.948599520286208309e-02 -3.100138986256060353e-02
1.220706194217676538e-01 -1.373478864738340299e-01 -4.849665089054322042e-04 7.591636933872997206e-02 -3.128522307119730589e-02
1.449528158806721589e-01 -1.608517982014397996e-01 -1.017331835443148133e-02 9.975944513121785817e-02 -4.018778016316681273e-02
1.556608762346881059e-01 -1.787655405348734516e-01 4.917910620575756528e-04 9.880427083151205325e-02 -4.096729820954386064e-02
1.268606187162382437e-01 -1.362362882370395656e-01 -1.761970641773671561e-02 9.367549346633308183e-02 -3.683734732449545773e-02
1.047921250501700902e-01 -1.157289394113799191e-01 -5.445301113115953717e-03 6.923385086875423478e-02 -2.799231859019400345e-02
1.531352720916831500e-01 -1.732955382924090126e-01 1.149513193277385686e-02 8.182281600559222767e-02 -3.490020050004086910e-02
8.585468368737658729e-02 -7.768018968334278185e-02 -1.563550325528453855e-02 5.564022256136974542e-02 -2.099865457662489221e-02
9.710814527773491134e-02 -1.090551819376631981e-01 -7.330174571006867722e-03 6.860582536294314304e-02 -2.764838202974318621e-02
1.467644160910475393e-01 -1.547698872383050372e-01 -1.739007017601207697e-02 1.023180147706374554e-01 -4.031202941836404402e-02
1.597300152096559622e-01 -1.808996006508431231e-01 4.074268763395613030e-03 9.495989828103182373e-02 -3.965976249639819456e-02
6.921802298479730331e-02 -6.601497448984057492e-02 -3.348585211114981502e-02 7.225144236714325929e-02 -2.632384447571364111e-02
1.427997274871995181e-01 -1.473702282383153594e-01 -8.179975407971809900e-03 8.650100507468828914e-02 -3.456747059334613903e-02
1.489107743401789086e-01 -1.689735830767208902e-01 -3.153368619725331525e-03 9.668248321582320615e-02 -3.958408859725712908e-02
1.644706323367892964e-01 -1.784165362715210423e-01 -1.791103837661640625e-03 9.798002240331077362e-02 -4.009624503010041086e-02
1.498903977025764223e-01 -1.696314978267527418e-01 -7.151959042499855031e-04 9.404708481291447486e-02 -3.872857335862139871e-02
1.057850041191586016e-01 -1.254815834905498306e-01 2.347269917285288096e-02 4.245698284670696571e-02 -1.976397534598025793e-02
1.948884524596863621e-01 -1.999946312768217938e-01 -9.441217428848775947e-03 1.150505415721324864e-01 -4.605857059459315950e-02
1.426283156275512665e-01 -1.549812139096644337e-01 -1.043216590818661464e-02 9.554422760062472597e-02 -3.826408546061725591e-02
1.381775014352842057e-01 -1.322792670633847478e-01 -1.801830312671011403e-02 8.690024424697730121e-02 -3.351364418966789466e-02
1.424820673327947262e-01 -1.536142031055029167e-01 -1.412520558626589873e-02 9.893135503584393753e-02 -3.931559106724969582e-02
1.316762909847289942e-01 -1.314784761875920083e-01 -3.182278649512102625e-02 1.046149816326715082e-01 -3.970647834032270396e-02
1.381419409614105809e-01 -1.553112940745594583e-01 -4.687004802934150414e-03 9.082602966838933256e-02 -3.706433121644116951e-02
2.088001133784943564e-01 -2.488107079059424243e-01 2.719944556703315225e-02 1.091779112284842201e-01 -4.817131223641119703e-02
1.023486754555771039e-01 -9.548684093900579317e-02 -3.217681887305406246e-02 8.435701012765664530e-02 -3.122396930272699003e-02
1.243547739306457428e-01 -1.328884882729278738e-01 -1.107493089247913245e-02 8.386983027886545095e-02 -3.338626022598581433e-02
1.209000836269803064e-01 -1.159312714899574936e-01 -3.828632213962271380e-02 1.027266192746703888e-01 -3.823476565227276053e-02
1.463401002901509040e-01 -1.716366774914807047e-01 1.919212481198064729e-02 7.349409677336182778e-02 -3.231405921981909957e-02
1.477930102013806368e-01 -1.548683201121036357e-01 -6.841922678783331040e-03 8.957680411408093513e-02 -3.601319984009492686e-02
1.384546551082809218e-01 -1.517262115661082711e-01 -1.504432435980694420e-02 9.970181693772539600e-02 -3.958156982770862087e-02
1.465244961638009491e-01 -1.783587596490716354e-01 1.958699165132640058e-02 7.904908326544568542e-02 -3.489056436714431386e-02
1.161749780135586108e-01 -1.220525102041294524e-01 -2.287495464255582048e-02 9.122463835974146951e-02 -3.520791037358257658e-02
7.906064210334985687e-02 -7.745237747095969072e-02 -3.047058533989286527e-02 7.475668418517004976e-02 -2.757823839116777323e-02
1.104099844178769441e-01 -1.254155093665439147e-01 2.665418927236196589e-04 6.885377320006658142e-02 -2.847312185478043101e-02
1.585615178115866164e-01 -1.575893333436303445e-01 -5.500692901288590370e-03 8.695952448328790607e-02 -3.482763792585157059e-02
1.488654727608232919e-01 -1.523019447583246477e-01 -2.350389394377891406e-02 1.067338588199156085e-01 -4.143004958635859714e-02
5.278743973296816383e-02 -5.844057239608380083e-02 2.249266162151807805e-03 2.885261999815863856e-02 -1.202940167345989061e-02
6.081256497520142607e-02 -3.624285286225382985e-02 -4.739689274886826897e-02 6.621470706209910129e-02 -2.195367507989262959e-02
1.504437508664786538e-01 -1.670914276911203145e-01 -4.925911113553185783e-03 9.677102957826230756e-02 -3.940092247104846207e-02
1.559600714535565313e-01 -1.829320863355842208e-01 2.293482806510055774e-02 7.557966683866301771e-02 -3.358765695204965485e-02
1.273778456287737448e-01 -1.371595791484997995e-01 -1.701147182977110969e-02 9.341036549267188460e-02 -3.675209299408076918e-02
1.000511946759174986e-01 -1.139692721588378144e-01 -7.360300495682229813e-03 7.129116507937280356e-02 -2.863835732767605266e-02
9.147712946515834664e-02 -9.545791638569073312e-02 -1.216662733328916987e-02 6.436178243765468265e-02 -2.518420836910496147e-02
1.320747337004013755e-01 -1.436026823766565763e-01 -1.963744473242020477e-02 1.007518711015452650e-01 -3.964617155030298462e-02
2.532805502905032813e-01 -2.871621825606777700e-01 1.587974723394621271e-02 1.399956637580094254e-01 -5.950175214600188223e-02
1.356600970590875477e-01 -1.388547318514679052e-01 -1.217789754594353867e-02 8.631409677761697763e-02 -3.407948397113305661e-02
1.739274580829676120e-01 -2.027288341274204042e-01 1.418228723249977119e-02 9.679571274716877727e-02 -4.153622600636017181e-02
1.596701259177635002e-01 -1.742859750443390143e-01 -2.000598763900735683e-02 1.179928405281725906e-01 -4.674296582599022504e-02
1.720194807247023283e-01 -2.020576761059297843e-01 1.278787305143762147e-02 9.823078576186505817e-02 -4.194853434390678759e-02
1.341650551776963907e-01 -1.443909284438396334e-01 -3.903819778419922049e-03 8.171018633147718313e-02 -3.315017326819694188e-02
5.649697516872249914e-02 -6.669829389233070116e-02 -8.030372613538446641e-03 4.728435307600414167e-02 -1.882975254565420059e-02
6.853810586666685134e-02 -8.145057136444038004e-02 -1.221086930408180971e-04 4.608284209674571447e-02 -1.907544560702083628e-02
1.244544167289949044e-01 -1.390494313909628743e-01 -1.629409621262561253e-02 9.553958134384352152e-02 -3.790166276170411214e-02
8.818664428895953145e-02 -9.234948511252945302e-02 -1.416613912828678691e-02 6.527897879286562177e-02 -2.540774711523483692e-02
1.630737621572785623e-01 -1.704748367220712824e-01 -1.232908917583239866e-03 9.128875713127297675e-02 -3.725849687787882031e-02
1.451790512902571550e-01 -1.603535053623368622e-01 -8.167832707796592040e-03 9.672841248587481233e-02 -3.907089493280323927e-02
1.449740430757395782e-01 -1.584594769561207817e-01 6.991993759444151829e-03 7.711450497722158182e-02 -3.232491181894389665e-02
1.242098808380771718e-01 -1.499548488102191157e-01 1.444746416761445024e-02 6.834863420970758996e-02 -2.985154763956019558e-02
1.264228880378733544e-01 -1.540796979867407879e-01 9.115993358384612971e-03 7.761201960854845205e-02 -3.323303368413695058e-02
4.820000753102386681e-02 -3.749148407176835368e-02 -2.918329669960035774e-02 4.977938333852725827e-02 -1.728282479051648779e-02
1.456976069962575282e-01 -1.756581626186256018e-01 1.589852310893341211e-02 8.120858588630154584e-02 -3.533596004065414631e-02
2.128855891175698567e-01 -2.272067280841694181e-01 -2.502818362277513253e-02 1.510108408650243095e-01 -5.977170521322862362e-02
1.475723776333079940e-01 -1.785910493838404334e-01 2.568639574734311523e-02 7.141701618498100257e-02 -3.224003041855220270e-02
1.435538569707951184e-01 -1.611782346120411435e-01 6.033016141519059045e-03 8.104923170289245193e-02 -3.398164990260329338e-02
1.386504849417571905e-01 -1.450005517997926818e-01 -2.016641032067194306e-02 1.000855879654184571e-01 -3.912042222617656551e-02
1.113754200093434177e-01 -1.256953747715592318e-01 -1.809840290680548788e-02 9.091684779211538225e-02 -3.587277737799559468e-02
9.588279422997615653e-02 -1.318962742189089543e-01 4.304912931299665485e-02 2.878034529698734675e-02 -1.657906871447081473e-02
1.060477489790950384e-01 -1.205773446782332919e-01 4.386960911560034565e-04 6.595771872001407465e-02 -2.727993594534197652e-02
1.579423693450158483e-01 -1.964153291591327899e-01 3.272524062336879674e-02 7.473020925585262264e-02 -3.442195132509111993e-02
7.496047906793103233e-02 -8.148520270315653957e-02 -1.642549035435663524e-02 6.322031599293229109e-02 -2.441821268605292097e-02
3.325639537840972132e-02 -2.979957625242523472e-02 -1.150995060991993370e-02 2.739337599550128316e-02 -9.948612005934215699e-03
1.223488038902280223e-01 -1.430980047321456228e-01 3.086074367924622908e-03 7.663541002611934383e-02 -3.208268847032800380e-02
5.766601681880635655e-02 -5.403225741212625000e-02 -2.429896795131913922e-02 5.470982704878237651e-02 -1.989278601071856056e-02
1.678213336760215335e-01 -1.822441000165951619e-01 -1.089426543172243187e-03 9.911060006060413985e-02 -4.058930047929198981e-02
1.491255457749557645e-01 -1.683304387131094038e-01 1.665657700323116630e-03 9.062602787502099799e-02 -3.760007749398737442e-02
1.304551106975283536e-01 -1.349932122996762018e-01 -1.977579313633757996e-02 9.372460841581714552e-02 -3.646653723741132003e-02
1.368549770165233548e-01 -1.515332838047333819e-01 2.052507280666207579e-02 5.808156103859975217e-02 -2.580719838714103098e-02
