5.863392626484758424e-02 -7.221403541286892935e-02 -3.380271717840103562e-03 4.580413689243355985e-02 -1.873680587119675930e-02
2.630892142356002980e-03 -1.212064881671381933e-02 1.934012189060150752e-02 -1.339658507074174311e-02 3.444984334911757942e-03
5.364571724714722184e-02 -6.021397259355282250e-02 -8.307641373285467798e-03 4.256278745367564342e-02 -1.668092683298201193e-02
2.376107793380858799e-02 -1.832444593566401672e-02 -2.228834400725270351e-02 3.374923588797421048e-02 -1.155101585866543691e-02
3.217756633696643165e-02 -4.087825878597182300e-02 5.097159790206189089e-03 1.768836726955717170e-02 -7.854371265869464214e-03
6.475828314036126410e-02 -8.513227373744514104e-02 1.990740489486774942e-02 2.662570645436405578e-02 -1.311096691618262623e-02
2.903683515939677398e-02 -3.558010768443094912e-02 3.922947235855409401e-03 1.565906635966792318e-02 -6.877731122103557942e-03
9.910032524886332184e-02 -1.187600614278500610e-01 8.772228272309057218e-03 5.652584760785298035e-02 -2.421521598919331580e-02
3.873416919753863014e-02 -4.538621325398573686e-02 1.791623849248448691e-03 2.304589995387085893e-02 -9.649953330695924814e-03
2.761761198654429789e-02 -1.552886552800334871e-02 -3.219119617986539172e-02 4.156701750465787576e-02 -1.362035385875031042e-02
5.061938229122466687e-02 -5.492687524938948129e-02 -9.354620836982765336e-03 4.024175351581221749e-02 -1.556553423635050927e-02
5.137253450727952836e-02 -6.130686871130475862e-02 8.976602960005304610e-03 2.373982823684087431e-02 -1.065230389105733394e-02
8.125447590598798564e-02 -8.380268960523107324e-02 -1.789696548396163892e-02 6.423653992400092660e-02 -2.445869985758560364e-02
8.530657331045102265e-02 -9.111434285287214885e-02 -1.273027132774047672e-02 6.289319243303154172e-02 -2.444358086867690072e-02
9.521998398904327199e-02 -9.405574583405461320e-02 -1.765815980533242194e-02 6.812793247815880637e-02 -2.600109043027381411e-02
3.941918204250483698e-02 -2.968524917695523901e-02 -2.116597390485908808e-02 3.675089090185164331e-02 -1.273260587951633577e-02
7.462007360315965621e-02 -9.455550722296135469e-02 1.949375881404741967e-02 3.160737419218198618e-02 -1.505067573070882625e-02
9.008691512735066131e-02 -8.456966027517330564e-02 -2.967448493474315538e-02 7.568217496306886560e-02 -2.780293914318689857e-02
8.050558121407563883e-02 -7.751546574854463467e-02 -1.898080085660420677e-02 6.043263937037893913e-02 -2.265236730763105569e-02
5.075699161406908855e-02 -4.799571977347290297e-02 -2.122152238802081300e-02 4.829900962960156224e-02 -1.758588664867412679e-02
7.594338166587406846e-02 -7.957375157800714027e-02 -1.448820831295051688e-02 5.866104044684640473e-02 -2.259005983430493678e-02
2.443994186311544692e-02 -1.381257870211468654e-02 -2.786880422079115321e-02 3.613622416956024236e-02 -1.185256430809287359e-02
7.558776259670864361e-02 -8.006759047343585400e-02 -9.989514380312206759e-03 5.368864037883680496e-02 -2.094108478375374810e-02
7.960618299598105907e-02 -9.261003629567916839e-02 -2.528951240625648515e-04 5.168073973367153656e-02 -2.127653772094530160e-02
5.476719126444403590e-02 -4.554509003188957073e-02 -1.926918289525529626e-02 4.273738217687930718e-02 -1.532303222467403490e-02
8.558304678714383218e-02 -7.989792317270590083e-02 -3.084320737191787246e-02 7.495598144115982187e-02 -2.748889442708110989e-02
3.624398329738653945e-02 -3.328515043301258358e-02 -1.267337721473115256e-02 3.065027176168317116e-02 -1.117030772744015930e-02
7.747282886459261331e-02 -9.451978541073309537e-02 1.701448178504493328e-02 3.348248737397630653e-02 -1.549883060908053417e-02
1.033971653274244201e-01 -9.580723857215085737e-02 -2.911973362974033114e-02 8.040431490101310197e-02 -2.978660150388007938e-02
5.859408490194965846e-02 -6.924587412088981098e-02 9.312805050762691314e-03 2.755110178685350047e-02 -1.222949823296282448e-02
6.762617210124317879e-02 -7.132451627091071500e-02 -3.014865841242777081e-03 4.084342946080439518e-02 -1.634090653709042648e-02
4.212763253317494683e-02 -4.924368192646541575e-02 5.951343936898476766e-03 2.029845227388820880e-02 -8.928641469915118284e-03
5.621892515527438655e-02 -7.156459828368089138e-02 1.705997738110583833e-02 2.133459479389217608e-02 -1.056642745544031023e-02
6.589107061613520833e-02 -7.440566742461868222e-02 -2.349143827325494722e-03 4.325960798626680981e-02 -1.752239661397658049e-02
2.989728945819798700e-02 -1.820274454720515606e-02 -2.664599074089958955e-02 3.657478785916151720e-02 -1.210006717509456813e-02
1.105825457855028476e-01 -1.074218642314060945e-01 -5.044640407373329923e-03 5.990712509361589139e-02 -2.377102385496496564e-02
3.592753589269086223e-02 -1.866463098093466833e-02 -4.696646066849551743e-02 5.882626176518224170e-02 -1.916556156474550840e-02
3.702216227490799649e-02 -4.306076825815585707e-02 1.628013838450683218e-03 2.187576059041673043e-02 -9.151629461187056960e-03
4.555581982151814951e-02 -3.999949378773703934e-02 -2.628221790920669265e-02 4.928177256921029148e-02 -1.746365564621240457e-02
7.801415045451677577e-02 -9.201585749132540348e-02 1.010464217121283606e-02 3.936562090531398744e-02 -1.719816989192583800e-02
3.264985019031032415e-02 -1.299034785879345927e-02 -5.218593397512367310e-02 6.137036260753286898e-02 -1.968939804465514101e-02
4.018192521878945211e-02 -5.010923802333315524e-02 1.297741634802347839e-02 1.338237200280836987e-02 -6.817513573852036074e-03
9.268455676336576077e-02 -1.160174677139422239e-01 1.636904033774786577e-02 4.756177191908708690e-02 -2.138892463675927044e-02
5.864011832516279055e-02 -4.767951056972530993e-02 -4.712973114234584454e-02 7.599244200003482663e-02 -2.630028418900825019e-02
6.029182745123910780e-02 -8.277040302512317371e-02 3.082623745911979712e-02 1.316365536944647148e-02 -8.658620750932901483e-03
1.050201866252830490e-01 -1.154347517232298254e-01 -1.676601847260668354e-02 8.197764523163250661e-02 -3.205104809455894266e-02
7.382305215825533951e-02 -9.006351685166211207e-02 1.019876899104338666e-02 3.905174630909213213e-02 -1.714536237757827847e-02
1.210732314210748728e-01 -1.197748769128725993e-01 9.044345576928696298e-03 5.066726116353012510e-02 -2.135110043043855418e-02
6.059007476162622113e-02 -7.029655145675955952e-02 5.038539504880846197e-03 3.290435507536931814e-02 -1.402292203386446175e-02
5.814095752079101453e-02 -7.338349453109208054e-02 1.490333680384785080e-02 2.475616207286188142e-02 -1.175647284281787670e-02
8.391142407598263520e-02 -9.724370316544679593e-02 6.545031130727640067e-04 5.302989808287181944e-02 -2.190415514296769478e-02
1.134388456798726408e-01 -1.358636530061307912e-01 3.248592258606981809e-02 3.828850026318343647e-02 -1.900088497045917049e-02
8.558473740177395539e-02 -1.140896018422359326e-01 2.512204817376128760e-02 3.793412454969052883e-02 -1.836486333696147819e-02
8.141882708613829012e-02 -1.101716439324473273e-01 4.034912739910305468e-02 1.794372201381232851e-02 -1.160690102706564940e-02
5.581401738278617131e-02 -4.953064996579621682e-02 -2.923910037002288090e-02 5.732928064887951591e-02 -2.043786154407543909e-02
9.137287789722316200e-02 -1.226702382533784025e-01 3.995862078342030110e-02 2.562441950241785976e-02 -1.476047283422394010e-02
6.140091113015361951e-02 -6.544266403194377857e-02 -9.305986159347625838e-03 4.544396693626346490e-02 -1.768172932486569357e-02
6.081451826437058589e-02 -5.347805339840817906e-02 -1.780280458385696471e-02 4.562704424475776122e-02 -1.667369546458463345e-02
4.951397924930407701e-02 -6.387643016906700832e-02 1.389644151886618856e-02 2.084953142144146260e-02 -1.006460566936710245e-02
2.396864387553338319e-02 -2.867519775962172265e-02 1.349439567734416140e-03 1.452674680960165492e-02 -6.128315674936415415e-03
2.381307308919347610e-02 -2.598023150225271111e-02 -1.964627554784345240e-03 1.619004953356024609e-02 -6.437536159002212217e-03
9.748287033639436994e-02 -1.058279267228535020e-01 -1.401670877293427139e-02 7.300349863699601149e-02 -2.856701976012179789e-02
1.424756796061650010e-01 -1.724164763353943364e-01 1.609506662341213951e-02 7.867480984208016781e-02 -3.414428792765083348e-02
5.873502015041272978e-02 -6.437122268082454135e-02 -6.626264137798825067e-03 4.229129947490384983e-02 -1.668628806120403540e-02
5.197682460376782526e-02 -7.290894962389493639e-02 2.080627365420118988e-02 1.971696667413240511e-02 -1.043067928877842131e-02
1.079463517258427534e-02 -7.599972218187562830e-04 -2.265614507301785124e-02 2.363999768162773629e-02 -7.282650431810989630e-03
9.146759222144015822e-02 -9.429093999796038517e-02 -1.315444869309894023e-02 6.422641285038030445e-02 -2.492281580935198221e-02
5.418450786881961329e-02 -5.240750895166473855e-02 -1.817659650567872778e-02 4.726628639656171860e-02 -1.746109776902432173e-02
8.475790070343107441e-02 -1.057268363989799648e-01 1.781920981072804278e-02 3.946495961665306279e-02 -1.807878576821247626e-02
7.831001173003200588e-02 -6.926585584292350994e-02 -2.360151724199027745e-02 6.000389223358656987e-02 -2.196501857672695721e-02
5.713463032156334415e-02 -7.183623553839794951e-02 1.220992571444315562e-02 2.697495529712549273e-02 -1.240307114664371095e-02
4.270076640841363042e-02 -4.508824129126338259e-02 -6.023593716486566954e-03 3.067884233457722834e-02 -1.193981498842463553e-02
6.728411340949679020e-02 -6.881333615086854261e-02 -1.029446824445984232e-02 4.740383432601568553e-02 -1.829866397793327229e-02
4.621741812690381007e-02 -4.509376450924707652e-02 -7.775950855221558725e-03 3.167557339241695857e-02 -1.210886608086771642e-02
1.215632729349385849e-01 -1.298766098173297912e-01 1.399902938418891166e-03 6.716860460862768278e-02 -2.757839633745703956e-02
3.046030295529399481e-02 -1.318182708741595481e-02 -3.975244619794678080e-02 4.760211977483234241e-02 -1.526421956630213961e-02
8.385174626138136578e-02 -9.598352460542625142e-02 -1.127071529123476606e-02 6.632011285951812385e-02 -2.624700214598873343e-02
5.725267998384912099e-02 -5.926825629662414024e-02 4.645315259249039458e-03 2.553857945091172338e-02 -1.082929401271510127e-02
4.238505052441600418e-02 -4.828652983196111276e-02 -4.518611419676183197e-03 3.179441549653531235e-02 -1.263193827967611267e-02
3.087074171713075424e-02 -2.817053495508180933e-02 -1.681111103041471252e-02 3.314067939432074894e-02 -1.185205980855899913e-02
8.103349920256519567e-03 -1.104122965527527421e-03 -1.741976192074073948e-02 1.867562870083887272e-02 -5.820756363208452744e-03
4.469411395548501809e-02 -6.282385226693569524e-02 2.477194420382054785e-02 8.784291483118615920e-03 -6.246895832325412290e-03
3.367931385248740944e-02 -3.638977659114828872e-02 -3.635563499931741046e-03 2.356267751985113498e-02 -9.276310801989786498e-03
4.004069690636951478e-02 -4.447109662862734625e-02 -2.163888902242866886e-03 2.652243177177105241e-02 -1.065689035091048863e-02
6.665728324825559437e-02 -7.421506841696291767e-02 -5.896227741786169360e-03 4.709069411992017340e-02 -1.875195413398195177e-02
7.585951334147658653e-02 -7.369309254024743183e-02 -3.407860627172103196e-02 7.706060136592807197e-02 -2.820898324948421798e-02
6.918914891822752766e-02 -7.922292185225492112e-02 -6.972732976128823319e-03 5.176185060652463421e-02 -2.060819761950902912e-02
5.826696299340708429e-02 -6.462611143988807039e-02 -9.218799921035287712e-03 4.578381400557435255e-02 -1.789877591800623224e-02
6.144782782304124974e-02 -7.739117644407653152e-02 1.481411923542516086e-02 2.711799447046712649e-02 -1.272087295388612573e-02
6.071550892089394580e-02 -7.150426100164880561e-02 -1.606390607851676186e-03 4.186449136849189345e-02 -1.712048055345147951e-02
9.421206928831381278e-02 -1.156326867753760534e-01 2.332389137516870103e-02 3.839714987390653589e-02 -1.821181009493322983e-02
7.570279343574368158e-02 -9.426294663415320241e-02 1.117834794686124733e-02 4.101004336538325440e-02 -1.813563605081845720e-02
7.588941951221063464e-02 -8.194789737766561277e-02 -1.253692789279617185e-02 5.821009548010681184e-02 -2.259476117442515974e-02
7.684791071135914364e-02 -8.571721858594934240e-02 2.913577784762032361e-03 4.292752279579527264e-02 -1.786478057994446075e-02
1.178968937427894541e-02 6.577827732975341513e-03 -4.202459069445560469e-02 3.988222135542471292e-02 -1.191079238755910798e-02
3.815865418902312373e-02 -5.471636842205498258e-02 1.928872802160331787e-02 1.069634897475685645e-02 -6.506921984396412187e-03
9.592922692537611540e-02 -9.063806720327555189e-02 -2.288997777390516450e-02 7.106144592598892529e-02 -2.657456023750231003e-02
2.365645014257971440e-02 -2.386699388468139366e-02 -8.104046689886092864e-03 2.171888527322749993e-02 -8.085192232560944187e-03
8.212133518662835530e-02 -1.081774296088405390e-01 2.371007658856554012e-02 3.585658393896617308e-02 -1.736478830159337086e-02
7.326037052376577208e-02 -9.061145420050986665e-02 7.575870852568877649e-03 4.298978299065790015e-02 -1.857789167345882259e-02
3.420992664363711050e-02 -4.718417033795010984e-02 1.970266850212716234e-02 5.077150402993623607e-03 -4.152170442711690390e-03
7.113711938013184133e-02 -8.409839381401343350e-02 2.765934356446540440e-02 1.472491045536735918e-02 -8.773805624359058350e-03
7.768279388478237235e-02 -7.617084049839181747e-02 -1.591031016728793046e-02 5.679919198802411279e-02 -2.153776014084335041e-02
2.483909635352906167e-02 -3.476908679724373397e-02 1.181179357695499518e-02 7.059682448897796822e-03 -4.172647834947116469e-03
1.045578380547864117e-01 -1.039832385961615840e-01 -1.129470970783163749e-03 5.429427391518677065e-02 -2.189693882258945609e-02
6.425743035681953652e-02 -6.921191888722041941e-02 -1.254902012779564487e-02 5.148859733983809223e-02 -1.986280727156889900e-02
2.758552713475349166e-02 -2.545775154056380621e-02 -1.477818397650558849e-02 2.953147838544425627e-02 -1.057597404031661997e-02
8.226645893010457733e-02 -9.105853051479236016e-02 -5.708930402059687707e-03 5.588976342129658992e-02 -2.238728457730232435e-02
4.250192779849844976e-02 -5.204590506734674965e-02 6.577904730482421816e-03 2.176220786010346978e-02 -9.633051701610041012e-03
1.188485898924918766e-01 -1.364658251054649551e-01 9.299526658731816289e-03 6.397050324399985999e-02 -2.716679018702100254e-02
2.519981811418168377e-02 -2.071396024867551075e-02 -1.708299827981356669e-02 2.900763180046192838e-02 -1.008886034205215901e-02
7.209557661761432923e-02 -1.057892565320850270e-01 4.472500801186521380e-02 1.238589751120366435e-02 -9.907585229772745972e-03
5.915022984960136704e-02 -7.241223304615583556e-02 4.901632171555748291e-04 4.081711691865922559e-02 -1.696583267661214145e-02
-1.399048132227946432e-02 3.487033412458297177e-02 -3.934616612872831459e-02 2.154906612448104566e-02 -4.656529001547347717e-03
7.101991721788937506e-02 -9.790719473185846566e-02 2.769204643146516709e-02 2.619879487749959129e-02 -1.380955027196425870e-02
9.266412556975889281e-02 -9.437690122983144470e-02 -3.913664662074858858e-02 9.478703641690854054e-02 -3.500723595956901218e-02
1.048414786033953494e-01 -1.133357404655243872e-01 5.331138208159094151e-03 5.376380453072027860e-02 -2.238361233859463215e-02
4.925319120827283126e-02 -6.052261630377899632e-02 6.911056861480941761e-03 2.640664870469427647e-02 -1.163174407055915169e-02
5.243503284525612151e-02 -5.890733123337263399e-02 -2.874599361205561806e-03 3.543924845415714897e-02 -1.428043074296955935e-02
7.944212090138365323e-02 -9.349436387913653834e-02 1.008923557764163266e-02 4.009081872378166683e-02 -1.747604042726043708e-02
7.162499231118793497e-02 -8.408935965717777294e-02 6.035600264640735881e-03 3.962986449693007424e-02 -1.690510168074764105e-02
8.836724976124075981e-02 -9.380230931022824625e-02 -1.225554277562887658e-02 6.359475568845884830e-02 -2.476704257234145501e-02
3.492544002368213468e-02 -2.278398252889134862e-02 -3.410256872174109027e-02 4.755689787083460657e-02 -1.589720107489576983e-02
8.078659502689905514e-02 -8.209206784270148272e-02 -5.340862067206000353e-03 4.840677100918098358e-02 -1.915918175064589696e-02
6.802907278363895527e-02 -7.674157713081010412e-02 4.462156795733232019e-04 4.130229732153020000e-02 -1.700674635685936811e-02
5.087934427104189722e-02 -5.921564407257655371e-02 3.105043847620245299e-03 2.900345120332159868e-02 -1.220732160560730403e-02
8.276784429757286232e-02 -9.586985627333691196e-02 -3.457129947656924478e-03 5.716751744840158772e-02 -2.321901730285836490e-02
3.914686329168863554e-02 -4.927659153451716123e-02 9.445985808572761322e-03 1.722081478454955822e-02 -8.075704700699430291e-03
6.080781811220482835e-02 -8.431593980308615954e-02 3.206098899225387489e-02 1.288808447710890724e-02 -8.696949138362037798e-03
5.140195328938809011e-02 -3.591036804408207633e-02 -3.714491507345235588e-02 5.665653182943630045e-02 -1.920107021685174206e-02
4.765640293679957590e-02 -5.672404835355269320e-02 4.199840424236964825e-03 2.684597705295033512e-02 -1.148869469563774774e-02
4.063639532851700230e-03 -1.705186080316925534e-02 2.620723432714854723e-02 -1.778122045678501989e-02 4.511432423108495404e-03
8.648548687312944405e-02 -1.017911633788998599e-01 -1.093521982158915519e-05 5.674920837398626794e-02 -2.338615092326316175e-02
5.348669470897471356e-02 -7.322738948371272649e-02 2.624747899814365223e-02 1.282041382123930845e-02 -8.045594198292829735e-03
4.843977209849642529e-02 -4.692319779422995246e-02 -1.293720393224914375e-02 3.841144064011243336e-02 -1.434456869821325829e-02
6.137961587707901207e-02 -6.828757749099409469e-02 -2.125835619092104369e-03 3.926153400923696607e-02 -1.585576424513357799e-02
7.139395062697919542e-03 1.372737801479528147e-02 -4.672959618280449895e-02 4.091854364606594546e-02 -1.183455290855913583e-02
1.543701426456082701e-02 3.396479012854458808e-03 -4.619260484493751401e-02 4.623916061298660729e-02 -1.409830320328336016e-02
6.639101777011544026e-02 -6.093199068567748539e-02 -2.352254928879144585e-02 5.671596756011852009e-02 -2.072856065857239458e-02
3.611850348619083384e-02 -4.409269485897914648e-02 2.524594945799484968e-03 2.208934686341979328e-02 -9.387332293911726522e-03
6.827164529970761175e-02 -7.999775229391170583e-02 1.489772596140872662e-03 4.267559008351855254e-02 -1.771489797140008218e-02
7.332395366732276376e-02 -8.569971740070862765e-02 2.427333838094647769e-03 4.484899388568643758e-02 -1.874414477163356685e-02
3.801390023668703433e-02 -3.475712440757148386e-02 -1.695293010550024196e-02 3.636149590915038060e-02 -1.310670455327649954e-02
7.346742080620020932e-02 -8.558952510936751468e-02 1.195195938820306156e-02 3.325513853823033189e-02 -1.481732935116319462e-02
3.458925127449954257e-02 -2.721448789067985874e-02 -3.183487118283585132e-02 4.881392035818414576e-02 -1.673872736045782864e-02
5.242709912313220366e-02 -5.151120043956362166e-02 -7.834746871965130380e-03 3.493021961581525142e-02 -1.338951582150960627e-02
7.207990120189812500e-02 -7.652282463926449174e-02 1.067298002985190598e-02 2.806660985838271144e-02 -1.244856113008834149e-02
1.121974167571773845e-01 -1.307525034069397518e-01 2.999116065797010136e-02 3.743157815197301758e-02 -1.832926371405662128e-02
4.917569084967143150e-02 -5.748090447716199675e-02 -2.410414652611574636e-03 3.483982568973646027e-02 -1.413089994764841692e-02
5.265671676382702171e-02 -6.620754683085658399e-02 1.074020317859843317e-02 2.556670074718065191e-02 -1.169811734374090126e-02
3.582918571470587732e-02 -4.877292658245262896e-02 1.335221481082062532e-02 1.341079906043538689e-02 -6.973692516812268413e-03
7.721936201995482918e-02 -9.842820931407821050e-02 2.517848639989408999e-02 2.728388331986405721e-02 -1.383317554793498869e-02
6.096328943596975719e-02 -5.541666731391830386e-02 -1.140381979533386034e-02 3.971985476744782639e-02 -1.489108925571409198e-02
1.106844717113001919e-01 -1.229568420390095007e-01 1.062435029054249226e-02 5.412085089514345054e-02 -2.321920573275690694e-02
5.687264883671567378e-02 -7.464225329914092599e-02 1.213932872031345256e-02 2.977367095894343021e-02 -1.366084122913709641e-02
7.275486402139137720e-02 -8.810903249341088539e-02 1.942070522376998162e-02 2.689657700185967698e-02 -1.300837556947519874e-02
6.466919851693678223e-02 -7.280378194184487783e-02 -3.603125558021232945e-03 4.378794523436482788e-02 -1.761156883273136409e-02
9.487374886760858994e-03 -1.251236600049576708e-02 3.807542495758104838e-03 2.866403242138396579e-03 -1.577852701963433158e-03
8.171647789652447536e-02 -9.125139894947088826e-02 1.422406568787497501e-02 3.273116691242152626e-02 -1.474115499444882821e-02
8.592702691971514095e-02 -8.316475994213028133e-02 -2.621619640742282528e-02 7.187423395723158137e-02 -2.665845820589470699e-02
7.805593048175590853e-02 -1.002528885715618379e-01 1.889695815795821437e-02 3.593217897997950244e-02 -1.679512766785354674e-02
9.302580736030298392e-02 -1.180408699761242158e-01 1.779518092931911891e-02 4.744211048968460104e-02 -2.149745762457146506e-02
9.092572976959313602e-02 -9.107217974548389994e-02 -3.525410086061676884e-02 8.785827824915282136e-02 -3.248918936071076846e-02
6.324799729296935735e-02 -6.066619761294102936e-02 -2.355319198758061214e-02 5.750698713099376691e-02 -2.110945992045786673e-02
6.989056001497304105e-02 -8.694231920329478780e-02 1.650299257483985385e-02 3.026294014475894648e-02 -1.415430380738662113e-02
6.447388908759810189e-02 -8.269319625624063641e-02 1.642841619061351580e-02 2.872187018892701643e-02 -1.358530311947363234e-02
7.412419994679336765e-02 -1.005150954243704264e-01 2.933430737270953381e-02 2.527324259656634625e-02 -1.354023952974203748e-02
9.955544998455585770e-02 -1.130593406832502423e-01 6.226486229118565960e-03 5.427426350340396749e-02 -2.283677526036983693e-02
7.127491750889367039e-02 -7.130495158810977452e-02 -1.137550604423544914e-02 4.942063496635813041e-02 -1.896877441886691065e-02
5.298495443102881758e-02 -6.400832045965478001e-02 7.308466679050348511e-03 2.753616830803871582e-02 -1.209747878494334475e-02
9.069140335471698178e-02 -1.024431087245933902e-01 -2.709751854907921191e-03 5.897185274465138738e-02 -2.393964909994797385e-02
6.649854152131011442e-02 -6.965105740689686575e-02 4.800315598186399163e-03 3.086851145840116203e-02 -1.300495042633290424e-02
3.065642406515044910e-02 -3.547061645207482544e-02 -8.130996161797852170e-04 2.053117859328612224e-02 -8.365074039280700341e-03
1.108033216000483545e-01 -1.222868065158913692e-01 -2.710637370288139242e-03 6.913282282447702487e-02 -2.810092568938193230e-02
6.087105598418899449e-02 -6.687121924320695021e-02 -3.186027798535638784e-03 3.963580728800485814e-02 -1.592873451392921511e-02
2.508769724847082633e-02 -2.736699050483403298e-02 2.425376108971824974e-03 1.179015536442578303e-02 -5.044727142671972912e-03
6.150298766049023397e-02 -7.171012587981896724e-02 6.747097864065197508e-03 3.169351209271290687e-02 -1.367464083492475266e-02
7.213422397296802811e-03 1.152639983003873533e-02 -4.234516807967127205e-02 3.758689031860466129e-02 -1.093080075663629795e-02
1.212137535599142751e-01 -1.178507785116478801e-01 -2.077437258584322738e-02 8.308827647331898381e-02 -3.169434208631443511e-02
2.752644599208414495e-03 2.655128851281731914e-02 -6.164818248510481324e-02 4.906905809238570199e-02 -1.356571387897950558e-02
1.000728833607237994e-01 -1.171142794749439470e-01 2.754035313216707248e-02 3.273531111109687780e-02 -1.613463291345347897e-02
4.404370130781432024e-02 -6.824200971296931484e-02 3.553350315390842867e-02 9.190766618776901415e-04 -4.179261961962125495e-03
6.952136398830521813e-02 -7.975703836479941522e-02 3.277935802399275546e-03 3.986080863715060069e-02 -1.667537621881978044e-02
2.642192886738024479e-02 -4.289806560950539666e-02 2.678542585370177753e-02 -4.237545450647344641e-03 -1.107067095787592909e-03
-1.427728281599039079e-03 -6.290750682499095768e-03 1.687639523201903483e-02 -1.404744925000019941e-02 3.975188228111537631e-03
1.097810254299811938e-01 -1.350281121404523776e-01 2.960294041924500449e-02 4.202941861385919159e-02 -2.031608936656387199e-02
4.719743967487755043e-02 -5.281630668749522084e-02 -7.328512344847747280e-03 3.733918488623902410e-02 -1.462884972525967109e-02
7.489625531474550235e-02 -8.812291991304326000e-02 4.944564451532146125e-03 4.310085550480655808e-02 -1.820282546471181997e-02
3.637389425036424012e-02 -3.520153460785023503e-02 -1.492668597232363163e-02 3.492108132268971488e-02 -1.276114584234316722e-02
1.447933644738286403e-02 -2.083949075833925121e-02 9.962281678405770710e-03 9.720752762593177013e-04 -1.448746357169483114e-03
1.101060812065540878e-01 -1.203621826820330948e-01 -1.062093666886247505e-02 7.686562240711776461e-02 -3.044718884678132911e-02
6.581327471298382970e-02 -9.310861332940534307e-02 2.797918371657581033e-02 2.377966684488441035e-02 -1.291284481166642129e-02
7.247571901641518266e-02 -8.427243967498487809e-02 -3.684611477514199585e-03 5.105772337857322762e-02 -2.066884479490875559e-02
4.954369365664419017e-02 -6.347518284282135936e-02 1.292706128220492794e-02 2.160183512786176263e-02 -1.026061612170327264e-02
1.131368620941110292e-02 6.445174545984752763e-03 -4.288004510708424977e-02 4.118436648238007342e-02 -1.238007840535751587e-02
6.309756354789389232e-02 -7.903786322628621186e-02 1.051243974951273849e-02 3.321184595096506736e-02 -1.485373708454917549e-02
6.690060562887938100e-02 -1.037754160517308649e-01 5.523959633457914409e-02 3.858045530069251997e-05 -5.925202956677372811e-03
8.255772106212655448e-02 -9.533421458090429734e-02 3.593865987492692992e-03 4.843266064122847547e-02 -2.029634247894437568e-02
5.011013448006616799e-02 -2.915616069422024767e-02 -5.485247375610832754e-02 7.220868979619231298e-02 -2.379216984185270056e-02
1.215073345467165139e-01 -1.117544276343087478e-01 -2.810154714649730490e-02 8.696285269648566796e-02 -3.253950546529710969e-02
1.222251990492095736e-01 -1.120310423524097099e-01 -2.739227390145267116e-02 8.611276469516924992e-02 -3.223464701153815060e-02
9.031408029093868084e-02 -9.824125077972321873e-02 6.202566161147046730e-03 4.507644376594199809e-02 -1.897544960513607507e-02
2.791372731955583941e-02 -1.789348152821859661e-02 -2.619396245975517956e-02 3.638535543630037200e-02 -1.210313777672989560e-02
7.906021511402583357e-02 -7.936683362982686896e-02 -4.977486527677053678e-03 4.635500964486118786e-02 -1.834715425908966038e-02
9.407642849820690989e-02 -9.110314395867008530e-02 -1.391257854082491967e-02 6.144931601748743893e-02 -2.350900505990840411e-02
5.761497667308496801e-02 -6.059431800875510199e-02 -6.743103451887303042e-03 3.953071654251309741e-02 -1.546237272753386849e-02
3.659904957688591559e-02 -3.733138156070396618e-02 -3.677032759340355134e-03 2.338975780836853591e-02 -9.133302365865380787e-03
1.049362061075935215e-01 -1.254252603513933972e-01 2.178349905600862960e-02 4.483921490185612674e-02 -2.064946266448278167e-02
5.003552951552951017e-02 -5.057603430509174935e-02 -9.918615423848402973e-03 3.729350256276742215e-02 -1.418804442590564270e-02
4.255586829607355820e-02 -3.060957027813909423e-02 -3.197641327064482120e-02 4.897928501568558218e-02 -1.663353677818099619e-02
7.608059143062555207e-02 -9.965375374453547264e-02 3.062854538108362307e-02 2.222298254207012713e-02 -1.231411573425763781e-02
5.257734330592621352e-02 -5.736985319245593157e-02 -1.369084089029588835e-02 4.696052848888820908e-02 -1.795489473774844816e-02
1.786524179220791084e-02 -9.500404307878953722e-03 -2.124723802991759780e-02 2.691290814621914371e-02 -8.763616083883559935e-03
4.900930392711563832e-02 -4.179043830270517956e-02 -1.882719837943440042e-02 4.088015630430865549e-02 -1.466230975340721693e-02
6.185281447210703998e-02 -8.552951918775998641e-02 3.539229185755560225e-02 9.618158546454426763e-03 -7.666423718757062883e-03
3.103322820469536433e-02 -3.697693794042965915e-02 3.891229928198798160e-03 1.612097381378008523e-02 -7.025858962117885638e-03
5.272750685339074039e-02 -5.110520343848952429e-02 -1.805513029366490746e-02 4.650402140335218454e-02 -1.716414910411749942e-02
5.939004033340137406e-02 -4.548722420669572275e-02 -4.616844105563219086e-02 7.277422275767263249e-02 -2.502152590027009044e-02
5.695328887489108788e-02 -7.593110675957252809e-02 7.956544347612158966e-03 3.610771650764631191e-02 -1.593589246294917910e-02
3.531130918504851723e-02 -4.287744129001262727e-02 1.681168626238948964e-03 2.228274357395160915e-02 -9.366062817344618721e-03
8.238092903253473043e-02 -8.753151613140480736e-02 -1.728627587652854791e-02 6.649852541724972366e-02 -2.555192928797830887e-02
9.620798779864214723e-02 -1.009373210653378428e-01 -7.361561363614581126e-03 6.136677382787036894e-02 -2.431074771865740849e-02
2.969180421043189286e-02 -3.194667759216095193e-02 -3.908777571722136211e-03 2.146112086758849430e-02 -8.383386150275545096e-03
3.417281621632223265e-02 -3.495385463073681642e-02 -8.735244861718944112e-03 2.818910389375516717e-02 -1.064519923898991222e-02
6.477048168906485159e-02 -7.957351868008476214e-02 1.845065045542941887e-02 2.373041950081667892e-02 -1.168244295283581494e-02
1.405071214002892588e-01 -1.526130630200402682e-01 2.885073199417076059e-02 4.834057525342851797e-02 -2.253475233854887808e-02
8.145115632809410422e-02 -8.307345170777408194e-02 -1.560009479711301113e-02 6.106819440513705510e-02 -2.341118477660805719e-02
5.966564053527407402e-02 -6.251469916555263406e-02 -1.186598414608184410e-02 4.645278077894646196e-02 -1.779841596458310235e-02
6.257359652204854891e-03 -6.682169935966184721e-03 -1.072694628396359592e-03 4.780146784736291447e-03 -1.849211926776941992e-03
4.803429778992929916e-02 -5.030464021960808635e-02 -9.370833213429538219e-03 3.717639724233134241e-02 -1.425855937139926255e-02
3.290839491565217961e-02 -3.381339274613563012e-02 -8.738889109913649048e-03 2.765067396797566898e-02 -1.042751484453204557e-02
7.611302719673064543e-02 -9.604646998012786319e-02 8.526343251436238613e-03 4.565827196149056105e-02 -1.984206869551553148e-02
5.041766254041082918e-02 -4.974208912303107466e-02 -2.048369319893728058e-02 4.912920781892531757e-02 -1.806683834482019843e-02
5.747810341908748261e-02 -4.098702035100326019e-02 -4.813606108387303434e-02 7.160162122863351908e-02 -2.421107201115206900e-02
2.362529179877399452e-02 -3.213105240908622345e-02 9.076617463646690850e-03 8.469788581769865585e-03 -4.464139735487514422e-03
4.051945478901168574e-02 -5.953739196671497397e-02 3.364330260140453721e-02 -3.023395988198653017e-03 -2.268700080969342139e-03
5.609788223102418758e-02 -6.648418286374917219e-02 3.071136503435005841e-03 3.347510696198639779e-02 -1.408282520615254489e-02
6.873001505716758164e-02 -9.506552977179499875e-02 2.541690428529829945e-02 2.744642181956957055e-02 -1.414306135089243334e-02
6.632745765015045369e-02 -5.056462342236361929e-02 -4.987079079142069105e-02 7.871861183252990002e-02 -2.695382262135896656e-02
8.794274117066835927e-02 -9.434532165425076056e-02 7.131186188284036227e-03 4.159314271634348414e-02 -1.761408820337670780e-02
3.546496290853319577e-02 -3.066441782672344255e-02 -1.456908829150362593e-02 3.096393912284132327e-02 -1.108223149661483921e-02
1.478556296786599257e-02 1.098174442732219530e-03 -3.872233435581686617e-02 3.960172602020819305e-02 -1.215440806437900756e-02
4.985709916714312767e-02 -6.203743072215942012e-02 6.873446696663565447e-03 2.754863339629975635e-02 -1.211718126656859129e-02
8.228169136731655620e-02 -9.857175988711301684e-02 1.964340356846851904e-02 3.239616642067544294e-02 -1.531818671293668117e-02
5.550974898017805442e-02 -3.977015273803431727e-02 -5.532290904267615772e-02 7.980907949978999216e-02 -2.693552054900742038e-02
7.432614526356616513e-02 -7.280371948410896410e-02 -2.897660079392046228e-02 7.035371273360747912e-02 -2.584232003810986097e-02
1.895148710214104512e-02 9.945518354344913201e-04 -4.587426469356173375e-02 4.668121379239124208e-02 -1.427170737778757012e-02
7.299273888915495945e-02 -7.540287093187507395e-02 -1.461800565476382464e-02 5.619756380201181706e-02 -2.152326782086822279e-02
6.894263123618822597e-02 -8.088430151936656931e-02 1.290954857044882866e-02 2.965057067472504429e-02 -1.342827592472609771e-02
4.674601048092378447e-02 -4.758339556546576504e-02 -1.928021802762295428e-02 4.714896008099238311e-02 -1.740448130974040636e-02
6.196722822421810856e-02 -5.517467546015489971e-02 -2.148477352914493488e-02 5.116751879436183537e-02 -1.867051973607627632e-02
1.399847517327846014e-01 -1.336827837019329557e-01 -2.353813288410531654e-02 9.396800281443962177e-02 -3.589929523899747926e-02
6.149599912187047462e-02 -6.852250310317445359e-02 -1.844051606597216231e-03 3.904309726513072176e-02 -1.578338335514736443e-02
6.463373785863231469e-02 -8.159068935873857453e-02 4.551813532070537842e-03 4.223563937250600364e-02 -1.807568501648666726e-02
8.713502677946377561e-02 -9.721004172305632018e-02 -9.173653803914303545e-03 6.367351127981180081e-02 -2.530334051496372846e-02
6.046497643223911617e-02 -5.528568049390165245e-02 -2.688847304929535206e-02 5.773389389234680202e-02 -2.080929224312312240e-02
1.167002444855730001e-02 -2.478202426762450214e-02 2.448700199584465109e-02 -1.182841463673204967e-02 2.257742111009300792e-03
6.368079080658822777e-02 -7.629735476699416041e-02 5.177415220635091242e-03 3.675159122877127288e-02 -1.566528826770669652e-02
2.537258205968015087e-02 -2.979900601042448707e-02 2.309718527982306847e-03 1.382711297728194885e-02 -5.913423898801192444e-03
1.626642945886524194e-01 -1.621093881151867422e-01 1.234143623029169273e-02 6.875417029948113767e-02 -2.900644446346092517e-02
8.329006887452336527e-02 -9.068696688485755608e-02 -1.157999488941239760e-02 6.194019864898631794e-02 -2.422130677172283988e-02
-2.420410394170005835e-04 9.406825359850701923e-03 -1.930509289129914499e-02 1.482442775400585021e-02 -4.031236451745539955e-03
3.984098154400073089e-02 -3.280705552950639176e-02 -2.372536910488672393e-02 4.202616831951606902e-02 -1.468475526401510738e-02
8.672113955902681359e-02 -9.975179938213722675e-02 -3.890656706418678477e-03 5.950090709294138247e-02 -2.409374900832482111e-02
6.590412124666175653e-02 -7.020248563665508479e-02 -1.398610060577806791e-02 5.351508444807964032e-02 -2.055431392395193693e-02
9.858338040349969023e-02 -1.029030617751579418e-01 -8.855863077540972184e-03 6.375816924941343777e-02 -2.507686073202045063e-02
4.119828087161440250e-02 -5.921982773580051346e-02 2.404004591778273470e-02 7.825673014150248685e-03 -5.799800390460341931e-03
5.251005645348958556e-02 -5.575602673444331192e-02 -9.504189641013519735e-03 4.052425822600010108e-02 -1.565526963176267980e-02
3.891208496846169929e-02 -5.119311013301425239e-02 9.939460668888551106e-03 1.843558667001496398e-02 -8.685531091059801867e-03
4.649283202099328198e-05 3.240378476995464749e-03 -7.101481514373777712e-03 5.594928026374130191e-03 -1.542660526257906345e-03
6.279861795262656199e-02 -5.270854087181991304e-02 -4.029303291971732953e-02 7.071639920515911115e-02 -2.478861827191529074e-02
9.556788992619247303e-02 -1.006995057439275115e-01 -1.065015604826903203e-02 6.532098728197970050e-02 -2.565755545024665102e-02
9.239548171548864208e-02 -1.153282938581841333e-01 1.440623670398848838e-02 4.951756089297754820e-02 -2.202870788456077339e-02
8.048566953054477058e-02 -8.141771102505429569e-02 -2.245639636640829953e-02 6.775112943264199883e-02 -2.540619052822725571e-02
4.660811704000564909e-02 -5.510591165246753187e-02 2.038641481562423075e-03 2.835431765269490895e-02 -1.188380454509226081e-02
1.396382981779140942e-01 -1.399767855080360779e-01 5.933498356304839523e-03 6.502582346284753456e-02 -2.695068658242637596e-02
3.707301901381134662e-02 -4.854433713331410272e-02 1.140383107848761020e-02 1.512230378243506826e-02 -7.467347336948595808e-03
1.086432551148576453e-01 -1.168714998307501390e-01 2.076166079250845939e-02 3.827074353825911379e-02 -1.761899996689158740e-02
4.097494801719538116e-02 -4.754576098462710843e-02 8.170244321126794761e-04 2.526089293607177919e-02 -1.045848260249365724e-02
8.270039748534341317e-02 -1.084961798495562707e-01 2.295759192660140613e-02 3.693150728616960421e-02 -1.775844378697411310e-02
2.447138194539089096e-02 -1.631145743925926581e-02 -2.666346148952405959e-02 3.683136410367610775e-02 -1.230821772743410925e-02
5.985306930588815688e-02 -4.971462104613440236e-02 -3.116483962961108523e-02 5.826070618233428200e-02 -2.049783900034794770e-02
8.912645453957820929e-02 -1.029936375315808755e-01 2.730960968451207407e-02 2.521288710749222325e-02 -1.306392932449021785e-02
9.103617988064295619e-02 -1.019331619271134359e-01 1.149228633095311647e-02 4.177735635959414079e-02 -1.820640176128150017e-02
4.029910316403009785e-02 -4.889767832164308020e-02 1.410992329354975494e-04 2.761999364556288680e-02 -1.144452478566078055e-02
1.717220781097371016e-02 -1.006770141413819430e-02 -1.992466487773345701e-02 2.607007198499131442e-02 -8.574783743041538772e-03
1.094978803096631065e-01 -1.258238924966985361e-01 -1.323183992127184572e-03 7.108992795711173429e-02 -2.919018210543531527e-02
8.684315197358105642e-02 -1.103711760850667328e-01 2.029185107755683906e-02 4.015505979802588832e-02 -1.874779017381372065e-02
5.056815798304765269e-02 -4.236817783176983349e-02 -2.552499026179921512e-02 4.858389678900824210e-02 -1.714063469853550556e-02
9.570360656142405664e-02 -1.103427345052335473e-01 -1.812783677066200300e-03 6.300783336706509974e-02 -2.575791650667095048e-02
6.495931802320113746e-02 -4.872150550841004846e-02 -3.057613795866181636e-02 5.544942435273782222e-02 -1.928659764558181278e-02
8.426767745751893857e-02 -1.108773369815303916e-01 1.853302148639335289e-02 4.375064925403441413e-02 -2.016091563782837146e-02
5.591066541634247267e-02 -6.976255498412725631e-02 9.394901804219450356e-03 2.894238013831681652e-02 -1.292158922998256666e-02
1.060779542488744370e-01 -1.367266212133748382e-01 2.315296674648962411e-02 5.277952150257360364e-02 -2.435644256645730019e-02
3.561415919489305942e-02 -3.445202999276927164e-02 -9.292665751827531087e-03 2.786037708355863091e-02 -1.038815488981945437e-02
1.008240141986871119e-01 -1.150604458592005691e-01 9.568906465098913662e-04 6.221134702696565905e-02 -2.573376913624276022e-02
5.330061200068023086e-02 -7.375772999763646753e-02 2.549020781173301151e-02 1.426273022744273776e-02 -8.590039725669322210e-03
1.479099099197937750e-01 -1.532860995806584470e-01 -1.954888888842852904e-02 1.025592553098290671e-01 -3.996230089967756083e-02
1.458867411979256901e-01 -1.431333393095132467e-01 -1.514012380477857897e-02 9.019091987547529776e-02 -3.523201142699382282e-02
4.818312117608758438e-02 -4.098673390119427634e-02 -2.201997456969397027e-02 4.436239027302200932e-02 -1.583599402767917400e-02
7.742505095318553965e-02 -8.833989122246249659e-02 5.911673818674685003e-04 4.783774816940461472e-02 -1.974971765446194641e-02
9.367989718035373004e-02 -1.005173423218448797e-01 -1.119632033698708147e-04 5.341463808996541746e-02 -2.180584721478501242e-02
1.145833020584489763e-02 -4.542790671305440599e-03 -1.817000517509258228e-02 2.130392164426753512e-02 -6.814247590875473388e-03
3.990018240846584380e-02 -4.133930815864757247e-02 -1.016839225067115923e-02 3.332055776243769696e-02 -1.260924080663610933e-02
6.437397905044586754e-02 -8.675694311016106386e-02 3.120808086472208476e-02 1.464388759299299972e-02 -9.273764631160216418e-03
3.487827415980030571e-02 -4.546035010537231857e-02 1.517247704448448573e-02 8.667820834330474192e-03 -5.122362908032262324e-03
4.688631396328001022e-02 -4.677156865336302982e-02 -2.068496261558507021e-02 4.803342731372118452e-02 -1.760551666489844347e-02
5.552987227102620243e-02 -5.014967665898965171e-02 -2.673532381244506442e-02 5.499239088145430748e-02 -1.973606009611829706e-02
3.166391797952849280e-02 -3.464095764765273006e-02 -5.408657251279498819e-03 2.493268021951914465e-02 -9.697949696088852337e-03
9.185497481921617302e-02 -1.001997581673454984e-01 -8.755973374472489704e-03 6.390040019675781446e-02 -2.533429588950467798e-02
9.256904926947677470e-02 -1.140020039963079851e-01 1.342955738666649045e-02 4.928063730281233290e-02 -2.175342747338716159e-02
2.232360732974083758e-02 -1.545384543001948260e-02 -2.148659501489763937e-02 3.072639066406016722e-02 -1.033053892429795957e-02
1.062550146217245972e-01 -1.159027863510626866e-01 1.089618785769497396e-02 4.930466626082211090e-02 -2.119078702519701721e-02
7.405478997625118687e-02 -9.668985886931766305e-02 2.465644736688270625e-02 2.770603224612610410e-02 -1.405094648224901668e-02
1.080951223260650240e-01 -1.418521483280565376e-01 3.001825900994240653e-02 4.823027466246813250e-02 -2.317896587164706285e-02
6.083219016882454588e-02 -5.495988794312071934e-02 -1.165482815492347064e-02 3.970612832573246903e-02 -1.485976159199991174e-02
8.066904408623561118e-02 -7.117334042162110075e-02 -3.359550761257483475e-02 7.216646517526771609e-02 -2.591799504210302516e-02
1.049874033040951449e-01 -1.171444912996254806e-01 8.673780945586451879e-03 5.326041347665145392e-02 -2.265896002236160792e-02
1.236171292534962302e-01 -1.181473078584581587e-01 -2.431663949460843507e-02 8.701352316845856194e-02 -3.298944115005325584e-02
3.753078231251982810e-02 -4.434268482132509848e-02 1.746343023429781363e-03 2.260882944373510811e-02 -9.467734523715029896e-03
2.598010993447523800e-02 -3.949525669838523101e-02 2.302106970695418781e-02 -2.575268012397396392e-03 -1.352890848983110197e-03
4.093476306318129254e-02 -4.660509563671778183e-02 -1.721068855127899340e-03 2.769110292371074547e-02 -1.125305665822210616e-02
1.130626606912643051e-01 -1.180532610869793469e-01 -1.900383922112914084e-02 8.392893890573355220e-02 -3.246022500129194105e-02
8.317026420669519637e-02 -9.247612302956834118e-02 3.213381699880440458e-03 4.589289845817664387e-02 -1.903639815056959797e-02
7.607096276276739677e-02 -1.042431293998960923e-01 3.249757744687428729e-02 2.412229079969681680e-02 -1.342574854783838353e-02
1.052875397931501839e-01 -9.557486550234883804e-02 -1.351064892085798372e-02 6.196392729704153918e-02 -2.371740806206410618e-02
8.794276794135834352e-02 -9.365799010489136989e-02 -1.734988944928603271e-04 4.988627503580711497e-02 -2.040376120154885689e-02
1.192993666428438515e-01 -1.503160639639328222e-01 3.722508641850655331e-02 4.236820081180893427e-02 -2.118856053196156372e-02
9.294838654309056647e-02 -1.016546958897756037e-01 9.541977198749164793e-03 4.356060637913182487e-02 -1.877863007161311923e-02
7.682715497911152269e-02 -7.688065233547661248e-02 -2.672035080931653081e-02 7.062791070862198262e-02 -2.628697422968221883e-02
6.956475801561239070e-02 -7.141820018627578759e-02 -2.344640378549887536e-02 6.446603795669542114e-02 -2.408157438874389961e-02
7.607540013422786629e-02 -8.962815680367187954e-02 1.099709616633794823e-02 3.698596541918638958e-02 -1.630874094546035796e-02
7.776328310629809781e-02 -9.083801298619811893e-02 -1.605364378798342703e-03 5.230040679487076710e-02 -2.137669768706649751e-02
4.372587735195813258e-02 -4.351925731730921926e-02 -1.374325717533473809e-02 3.820004321508785328e-02 -1.425829584362210863e-02
1.091471893615554925e-02 -1.087567198112765650e-02 -4.101659599084038141e-03 1.032308740712836043e-02 -3.814154627317765597e-03
3.227524861221136437e-02 -2.159445291942722889e-02 -3.122150461572266097e-02 4.393852130465938921e-02 -1.469590826411376963e-02
5.268566349870865834e-02 -5.489065008040412696e-02 -1.938598183183795620e-02 5.170928669568124192e-02 -1.935121049357712078e-02
9.484541861364216564e-02 -1.110338172793973038e-01 5.027701970295368229e-03 5.589830648119530065e-02 -2.355157889986490144e-02
1.307569121057544914e-01 -1.428498554484721739e-01 -2.365607248409432387e-03 7.937639915180648431e-02 -3.229876254128255519e-02
4.284859200741415741e-02 -3.961981439400338173e-02 -2.805174799726574408e-02 5.220168320354783009e-02 -1.859113297831884240e-02
4.601816750053033117e-02 -4.121435271298356379e-02 -2.739302267413205177e-02 5.142012259606603547e-02 -1.823555711993924897e-02
6.712713103662858172e-02 -6.775447495884881488e-02 -2.476921462671572913e-03 3.747592539782066551e-02 -1.494154740118658863e-02
6.280906922538286030e-02 -6.991440835596061942e-02 -7.263184617119592193e-03 4.657289711564092938e-02 -1.846182899488212417e-02
8.595754321150435306e-02 -9.771023245589188777e-02 -2.009356091792719595e-03 5.617774976648450685e-02 -2.298660601074318036e-02
4.737860430363909081e-02 -6.621158165581228494e-02 1.646546130336879604e-02 2.077958915715814175e-02 -1.042360319742278822e-02
2.539333231192623941e-02 -3.571574035348237808e-02 1.092768376011884514e-02 8.752691015786843998e-03 -4.795220202836301786e-03
3.300544003700253692e-02 -2.493306345407322183e-02 -2.662007866566635725e-02 4.110018262319519583e-02 -1.402686615935085958e-02
6.387291572894979175e-02 -7.713870150573437501e-02 1.325372484019976711e-02 2.784451215117648287e-02 -1.278280757551727639e-02
1.099571039694900304e-01 -1.178585493638388965e-01 -1.296862390610475924e-02 7.804892775345889655e-02 -3.078624035375866763e-02
1.031081700505870336e-01 -1.019692316837383789e-01 -2.848717686004406321e-02 8.475762227251551484e-02 -3.175604993906244733e-02
1.026674231888785593e-01 -9.346246809487167295e-02 -3.298654546498516055e-02 8.348433301125293693e-02 -3.071848122172731940e-02
1.839966653571670496e-01 -1.870246701929086097e-01 -1.859553773780817099e-02 1.186011144618696195e-01 -4.667063947123187284e-02
7.186570691849558656e-02 -6.849619859134963018e-02 -2.632061809397157406e-02 6.474476350008774583e-02 -2.384981187930850996e-02
9.900614518970259070e-02 -1.155099222428156019e-01 -1.065024612140617888e-02 7.692719022890172342e-02 -3.069065914144314053e-02
5.363560180935152133e-02 -4.444366958004292850e-02 -4.425380738679261100e-02 7.165386588204029905e-02 -2.485914523629182901e-02
3.132809914593424894e-02 -3.580507056275030603e-02 -2.774330227604196390e-05 1.968527962429441475e-02 -8.092242040571531736e-03
7.944130328192419710e-02 -9.053884962766003963e-02 -2.286666145604653033e-03 5.231475956353488777e-02 -2.128641539870987712e-02
5.194551152192574545e-02 -6.095622505777512773e-02 7.056390457027014815e-04 3.309377409927102831e-02 -1.370639390254683315e-02
6.237604364497124909e-02 -5.695203539011703397e-02 -2.256446626365937735e-02 5.343517422124452465e-02 -1.944679161888880278e-02
7.433414428738392699e-02 -9.183493364165985773e-02 1.805365583666495091e-02 3.113493175741567642e-02 -1.467501349355222924e-02
5.839055152593160963e-02 -4.980984745988868007e-02 -2.645744340385572727e-02 5.335162405365354715e-02 -1.898153682287472693e-02
1.533275098915510282e-01 -1.683995455200321123e-01 -4.520047191784386242e-03 9.643253982281568826e-02 -3.925548039815664192e-02
9.497557915386567462e-02 -1.081427331945135628e-01 4.009993539487077298e-03 5.457483668657672066e-02 -2.283402044934562669e-02
1.020486506683264266e-01 -1.169574581221158038e-01 1.023207062074099442e-02 5.210798623689073816e-02 -2.237681224537640262e-02
6.244650056217819489e-02 -6.950979966581205538e-02 1.397866180242501638e-04 3.729337972248071564e-02 -1.527029463736252410e-02
6.350675212966110095e-02 -7.662808275655554058e-02 3.110271310363826609e-03 3.970477432302505633e-02 -1.673274928622589183e-02
7.386256171482359634e-02 -5.851593394344311444e-02 -4.863304645624861450e-02 8.180615875460228725e-02 -2.842368820370836519e-02
1.340156624649279649e-01 -1.471476445727934734e-01 -1.259965642563601849e-02 9.411470848081486540e-02 -3.743840429879034815e-02
3.707453707413035926e-02 -2.257852065963765822e-02 -4.130050905820367713e-02 5.503964885032777699e-02 -1.820079407373986422e-02
1.219782379065796479e-01 -1.213004353313267975e-01 -2.773249002255033860e-02 9.427944578137359422e-02 -3.581118906342509872e-02
4.997167057802338191e-02 -5.463809960876510330e-02 -1.379202496643697901e-02 4.562568447426582768e-02 -1.738955114249512643e-02
9.856545909671084182e-02 -1.006031607361203006e-01 -2.218338275385589239e-02 7.817090583304076024e-02 -2.985774254979991355e-02
1.707268359537471025e-01 -1.973327030807636717e-01 1.020730337243077809e-02 9.790360416037684199e-02 -4.154595675608022814e-02
8.159447831304612875e-02 -9.044789111665850478e-02 -6.701000361607136954e-03 5.680703093637842760e-02 -2.268171144628383304e-02
1.708477816486549949e-01 -1.696394429110037461e-01 -1.225152434559193329e-02 1.009467764615673696e-01 -3.991866938365472295e-02
1.260089257188651002e-01 -1.496438151419561546e-01 1.825554326981659869e-02 6.225656594538558908e-02 -2.746453738404540032e-02
1.041934392482992550e-01 -1.129528084220958323e-01 -1.316653724994471669e-02 7.591274459987795709e-02 -2.987824283676038251e-02
7.464250465931678014e-02 -7.616274887601448551e-02 -1.484072153290832800e-02 5.662689906591118760e-02 -2.167451120584033136e-02
9.797201182088782767e-02 -1.069915519413728311e-01 -1.624948064210311044e-02 7.636400841104430681e-02 -2.971779437980036007e-02
6.159597164800699465e-02 -6.099546322975538115e-02 -2.302407185161868541e-02 5.785628879440594952e-02 -2.138321337826299892e-02
7.429966090819223323e-02 -8.498976062430320388e-02 1.463047861540779399e-04 4.660152113483790465e-02 -1.920649417879694704e-02
3.885696351928000225e-02 -3.246158975128621282e-02 -2.751949404359621890e-02 4.666029815879443876e-02 -1.627307718179911780e-02
8.449810742467475655e-02 -9.009130926764806480e-02 -1.092465111697358063e-02 6.050715272347032686e-02 -2.372117415376406510e-02
1.474254817835884968e-01 -1.506256608692494725e-01 -2.559121472993085289e-02 1.081827163993559354e-01 -4.180739142798026858e-02
9.984081362428197381e-02 -9.475923116993312245e-02 -2.852467858525881833e-02 8.013862367310278789e-02 -2.984894576119244414e-02
3.464072878013604168e-02 -5.375588783613573229e-02 3.162666444239124741e-02 -3.568703338119676681e-03 -1.873045908007187500e-03
5.987752346646970508e-02 -7.616480946799804308e-02 1.307037495815995855e-02 2.870987322644908898e-02 -1.322686152471660125e-02
5.651920401168488567e-02 -4.803979426068696185e-02 -2.952004623938451339e-02 5.611976300225264558e-02 -1.984904501775106717e-02
3.341542757926285051e-02 -3.243444495959799112e-02 -1.549214285770488496e-02 3.433780189806655975e-02 -1.249847637270580340e-02
1.314127509558991325e-01 -1.521674051839258524e-01 -1.763136622566794558e-03 8.711530005148665490e-02 -3.594251323601221210e-02
1.387257353023248763e-01 -1.517045183090772464e-01 -2.299206370300397369e-03 8.428960149739203600e-02 -3.437391180776578486e-02
4.327740233486952054e-02 -5.150366895765284142e-02 -2.682033047801526526e-03 3.219850837328187138e-02 -1.305006066273977500e-02
7.964646740961876803e-02 -7.288895636787252885e-02 -4.509249293585461393e-02 8.765590324123495591e-02 -3.128398424972746172e-02
9.053479402783115582e-02 -1.017873478240631790e-01 -7.392381951353729254e-03 6.423463264384692006e-02 -2.570518203121531856e-02
1.268474969398271646e-01 -1.431071994774067713e-01 -4.095579235806843903e-03 8.368165626888222908e-02 -3.421015216102037820e-02
1.582243718673428945e-01 -1.859154570787280025e-01 1.245561979780749132e-02 8.966484343769848264e-02 -3.839007621249521801e-02
8.308530194314683870e-02 -1.048321406590440458e-01 2.642063207700822910e-02 2.947663675162436048e-02 -1.490608881335683984e-02
1.024559924654596249e-01 -1.020648375410285885e-01 -1.678578711795182185e-02 7.172081316292427955e-02 -2.763209678901254115e-02
1.597420805060801030e-01 -1.399956344675945263e-01 -4.304226954529841859e-02 1.160362440680008239e-01 -4.278835451457355804e-02
1.078975693389575968e-01 -1.078873704511646991e-01 -1.561011443042017131e-02 7.322353605883707983e-02 -2.829933120728317028e-02
7.346407953235330190e-02 -7.899249445988161533e-02 3.727377289465273399e-03 3.738676891081775533e-02 -1.556856108172679533e-02
9.607761355270243164e-02 -1.049933587597256107e-01 -7.591549339297151526e-03 6.530849198679032630e-02 -2.606645353846703816e-02
6.394467127608366441e-02 -8.785095417560311037e-02 2.606224528813661998e-02 2.218613512423487158e-02 -1.201545393596547932e-02
5.081554606042364142e-02 -4.255084334481555597e-02 -3.382418618686842265e-02 5.850823240398752428e-02 -2.044936635535129013e-02
1.341746123462131124e-01 -1.195660186207303799e-01 -3.332831865570293206e-02 9.590736115651861404e-02 -3.564794651476943521e-02
1.166316884088818007e-01 -1.308279824074101150e-01 4.459102138767412002e-03 6.609068458055616935e-02 -2.761665503271873087e-02
1.729674969651031138e-02 -2.201430496403576631e-02 1.809747588463179015e-03 1.070799387035823065e-02 -4.640824872081738411e-03
4.705728235320143921e-02 -4.975787766904248705e-02 -1.826258491339204440e-02 4.792605639569629677e-02 -1.791130792287264073e-02
1.092137842210532395e-01 -1.132000321558829792e-01 -1.833079182113092967e-02 8.067512771884179090e-02 -3.126495200117472562e-02
1.603447175393826196e-01 -1.704460426224685687e-01 -1.698306365428679451e-02 1.104393676796436297e-01 -4.368162375937817421e-02
1.394432439499189436e-01 -1.516558357549000757e-01 -1.684641817421888080e-02 1.017047253108906701e-01 -4.028139185725889554e-02
1.667525120350548395e-01 -1.895050671903037720e-01 2.254967216595254315e-02 7.759592343839193107e-02 -3.413322419086903953e-02
5.144371333395990342e-02 -5.877468692864574323e-02 -5.865536064511970606e-03 3.926711691115514213e-02 -1.559783276522515479e-02
3.155161260954949393e-02 -4.331483362466964637e-02 1.330139716989213808e-02 1.027569741935680826e-02 -5.662311023077317568e-03
-5.305532281738712178e-03 -1.707846967366854216e-03 1.575830339167925975e-02 -1.526185107826171297e-02 4.577623482463646573e-03
9.396960921218290574e-02 -9.214659022448866421e-02 -2.409748064394322264e-02 7.483991150609957399e-02 -2.822949055163982007e-02
1.305712292191650858e-01 -1.440698581707855475e-01 -4.551765721898584464e-03 8.355464276568752569e-02 -3.398109325743699921e-02
8.727016632941586582e-02 -9.158179073665756453e-02 -2.199399912517827765e-02 7.405341730106909659e-02 -2.823581731985242912e-02
4.125270640015378520e-02 -4.715668624116969854e-02 -3.647078100002385057e-03 3.026433626145530117e-02 -1.211010391415089094e-02
1.573658247705411739e-01 -1.773611261464760058e-01 -8.508791206579768840e-03 1.077186311738651397e-01 -4.371529076070613390e-02
1.869601337685976028e-01 -1.986284414341588644e-01 2.490465002720053736e-02 7.669855292825469850e-02 -3.377704367808467140e-02
3.328087529968878910e-02 -3.440913220786839116e-02 -1.246370405386713464e-03 1.933362699549480423e-02 -7.752691880269325236e-03
1.426120212709589830e-01 -1.368121005479903673e-01 -1.240238189271166899e-02 8.284272957654072178e-02 -3.238913050706232477e-02
1.509946146170133008e-01 -1.656457295969801513e-01 -5.090945880493621088e-03 9.552612325640177926e-02 -3.881533692351721299e-02
1.495011602233595194e-01 -1.555149261911905612e-01 1.217662867775392774e-02 6.730318916126376561e-02 -2.857170319980325765e-02
8.562907606311738473e-02 -1.053390921688696635e-01 1.618007271823916973e-02 4.119516009294165587e-02 -1.871573173442662996e-02
8.122353343723567876e-02 -7.890308246278655846e-02 -2.680675102283937294e-02 7.104705179017226091e-02 -2.641610739022680690e-02
3.431750960224261293e-02 -3.238216754507031864e-02 -1.261884725533916722e-02 3.049413070296662018e-02 -1.114842101884556957e-02
1.276389144198354086e-01 -1.241225299697588658e-01 -1.333917948417982433e-02 7.821926784065716398e-02 -3.052950433833622260e-02
7.158270163766272676e-02 -8.455955246276983250e-02 6.243754001941266389e-03 3.969440035306868314e-02 -1.693585056416485948e-02
8.420317009021450333e-03 1.089151295847816392e-02 -4.599064135879661619e-02 4.216355080825634483e-02 -1.248087492551090694e-02
3.411105329119291235e-02 -2.311026825179015101e-02 -3.701175198273608247e-02 5.157662755333576599e-02 -1.730284761311590147e-02
1.458701416449325328e-01 -1.606364159938688529e-01 -2.290975592144299522e-02 1.144312877262484568e-01 -4.500102680674812616e-02
4.355772994582659402e-02 -4.491663928324434590e-02 -1.243912143904175351e-02 3.780428132272841552e-02 -1.422647808290011459e-02
3.363812123560568773e-02 -3.158890716003367322e-02 -1.886908395767023655e-02 3.753254369097652060e-02 -1.346184277284314008e-02
1.218290140757489481e-01 -1.217385865743091516e-01 -2.333141904220364937e-02 8.940212979098850765e-02 -3.420427262046265432e-02
2.808443977745029782e-02 -4.294314071368728752e-02 2.118968640550050395e-02 1.822023091233802069e-03 -3.016221462892656417e-03
3.213553362293627286e-02 -4.169718558394162194e-02 5.731332815300606114e-03 1.767635097417395718e-02 -7.930983191550238301e-03
1.280632221338696142e-01 -1.388378170862911154e-01 -1.121837822818758101e-02 8.788721414547991106e-02 -3.508668741862668028e-02
1.433507763740498320e-01 -1.428094773389481098e-01 -3.325064066227408771e-02 1.119537439817921004e-01 -4.254871037608587425e-02
1.230366289955227427e-01 -1.389883388394287655e-01 -8.668856436511468422e-03 8.678291080900046861e-02 -3.502015694233617804e-02
5.924739668275784410e-02 -6.414942350455160591e-02 -1.289494634969242520e-02 4.945937953621798444e-02 -1.904342160956228047e-02
6.622073440358426655e-02 -8.294927979403170226e-02 7.021969149104320337e-03 3.963162015961958079e-02 -1.716724923248246285e-02
8.106918504532845127e-02 -8.707397298602131963e-02 -1.516160522004015437e-02 6.427123546414886812e-02 -2.492133425118328235e-02
8.578899209676972559e-02 -9.571815513015331789e-02 -6.631765676684309684e-03 6.017843599537468779e-02 -2.419774448196389954e-02
9.698203721143859590e-02 -9.953275099135236448e-02 -1.007953421099514260e-02 6.342810047258792827e-02 -2.492133860865075601e-02
1.432349637364806749e-01 -1.667101660158845644e-01 2.236558096921658126e-04 9.285819045614437939e-02 -3.846052783632115252e-02
6.325318223274682683e-02 -7.478159601828252012e-02 -5.346748587758478298e-03 4.849398671958581736e-02 -1.956066311819676037e-02
1.284706087146388620e-01 -1.416629633995281912e-01 1.004317765194050194e-02 6.513388524236526922e-02 -2.779282589474584009e-02
1.178452320395260572e-01 -1.050083765046449374e-01 -2.392839110569254871e-02 7.765751251569161240e-02 -2.900988009978187898e-02
7.602575177989262523e-02 -9.831269714010142102e-02 2.034381227181411220e-02 3.360365301394047099e-02 -1.607423294937349034e-02
1.226162279265189531e-01 -1.404909717501741928e-01 1.357993588768733467e-02 6.135478601764783602e-02 -2.656568965529807966e-02
2.655144717836651486e-02 -1.199982484943864711e-02 -3.685785451989658651e-02 4.450701870809747190e-02 -1.434751317483162932e-02
5.889173960847871037e-02 -7.574546465093617842e-02 1.418342477181338407e-02 2.739113300385390137e-02 -1.280925286838979597e-02
9.740090712368329462e-02 -9.147987102556720540e-02 -2.236584804650760400e-02 7.112836930303614857e-02 -2.674503266382115968e-02
1.172423609022776453e-01 -1.276888955270820691e-01 8.888128449780903842e-03 5.822977429520916071e-02 -2.474056221876399370e-02
3.705766924315231914e-02 -4.892257383090200390e-02 7.869661744775862527e-03 1.968313279076997283e-02 -9.014424927918618727e-03
4.726824532145668112e-02 -4.383127105697467302e-02 -2.771207300227421927e-02 5.380581415624476754e-02 -1.926174493271265789e-02
1.410888775681080620e-01 -1.600984281020795263e-01 -2.941513233303415849e-03 9.193040943048901015e-02 -3.774725326629191358e-02
7.376132919818076394e-02 -7.727797251526268008e-02 -1.379746134698200261e-02 5.651653458124401147e-02 -2.174464910880885907e-02
8.850461055237562880e-02 -1.027184054892690684e-01 7.020549983696460286e-03 4.840631643646159388e-02 -2.057003659886740693e-02
1.877502439852910265e-01 -1.999175917902764610e-01 -2.879459643177985275e-03 1.096612656780840966e-01 -4.468731500490896041e-02
1.444085171897880326e-01 -1.561337678872424528e-01 -1.611263755338572870e-02 1.027193574834104339e-01 -4.068236499397291650e-02
1.241364736389198448e-01 -1.313609500426518306e-01 -1.635419714643582267e-02 8.883964773049451980e-02 -3.489002702057789063e-02
8.718087645173715206e-02 -1.003382328794518719e-01 -2.826556584557726043e-03 5.872335910701288741e-02 -2.391616964801153780e-02
5.351775851372287535e-02 -5.308266959458510931e-02 -1.727722591430957966e-02 4.709094614860414446e-02 -1.752926831946358122e-02
9.137815475870106341e-02 -1.080198176415082534e-01 -3.358186099322693716e-03 6.466699838397189926e-02 -2.641799144046979089e-02
1.203762261983908760e-01 -1.532662302776849894e-01 3.102864597624750351e-02 5.291201850770328730e-02 -2.526312089954306853e-02
1.308778221788573781e-01 -1.213992940295124112e-01 -2.891772091606331641e-02 9.315543320234857816e-02 -3.504774804203434485e-02
7.554001761981847529e-02 -7.814050016645150698e-02 -9.155463933106653546e-03 5.151569381075722653e-02 -2.019004275430150500e-02
1.489866417516903241e-01 -1.644408331412413882e-01 -9.973157962558775597e-03 1.009777073164130901e-01 -4.062792314741694305e-02
9.011781014431510806e-02 -8.431882219469019613e-02 -2.898574322840458822e-02 7.496250193421416519e-02 -2.764503273046825180e-02
1.039788113001647446e-01 -1.054700096509410406e-01 2.355234563665662643e-03 5.173496661333411295e-02 -2.125499097472580493e-02
1.008900612299385435e-01 -9.645089313604783554e-02 -3.696175604917097818e-02 9.130225717880377512e-02 -3.369599968239437443e-02
1.254892678525589000e-01 -1.431064578263999409e-01 -3.467542250648471703e-03 8.327731420356644654e-02 -3.410207135915205301e-02
5.744828839664221226e-02 -7.425499479618422050e-02 9.041109035505826008e-03 3.293054843968850481e-02 -1.464234972722909360e-02
5.732878833887506548e-02 -8.154544122956992880e-02 2.964730115421361153e-02 1.467542649528292414e-02 -9.246524331605086161e-03
7.562089623257288451e-02 -8.817626232464763347e-02 -9.900812764193103049e-03 6.090202283320454019e-02 -2.417253956179478067e-02
1.833453837087271054e-01 -1.848771763490688613e-01 2.992065421025601559e-04 9.502375801412545064e-02 -3.870552495720315511e-02
7.245906786806191602e-02 -8.106888527078021101e-02 -1.954240338157248180e-02 6.756914362508864569e-02 -2.596451620111455555e-02
1.403666873100726797e-01 -1.422216520062122846e-01 -2.576622668125909746e-02 1.036739277433270379e-01 -3.992666907225161238e-02
1.536481565547847539e-01 -1.734503060134030550e-01 7.761916632335552624e-03 8.605800117718799547e-02 -3.624843298117944729e-02
1.592167009544256384e-01 -1.731319057680196227e-01 -5.471916051018709502e-03 9.933917175059392424e-02 -4.025223192785594428e-02
5.880128574416619569e-02 -6.262753218016996193e-02 -1.146104335297190580e-02 4.643626644642710743e-02 -1.787131991034827602e-02
2.066662521658080981e-02 -1.745458027393652356e-02 -1.427270573199090377e-02 2.455319200588109568e-02 -8.586881748454308280e-03
3.607712975123108373e-02 -3.081538951377215882e-02 -2.290199588937155695e-02 4.076083272838494642e-02 -1.432343103721237486e-02
1.791312678098228028e-01 -1.929431778712079049e-01 -1.207599096673052895e-02 1.176207861746741273e-01 -4.720820868725836283e-02
7.673296024015452410e-02 -7.807150617934527359e-02 -2.492823983903584908e-02 6.986948529279836395e-02 -2.625937284474004138e-02
1.031818849480180822e-01 -1.264783972632261555e-01 2.339264729657610647e-02 4.453091107308803503e-02 -2.077806894937436408e-02
6.650135525906906986e-02 -7.237352662384900770e-02 -7.476583834545519683e-03 4.747570766020014349e-02 -1.873147525717631587e-02
4.810058761625019691e-02 -6.073294519573364803e-02 6.099634707821358429e-03 2.799395704355218256e-02 -1.224351679956319459e-02
6.147572664568459744e-02 -6.899138398229423541e-02 -6.069142402391257060e-03 4.483104646689724249e-02 -1.787122121708963757e-02
1.567443052644477142e-01 -1.647859745895803585e-01 -1.712561970594572713e-02 1.071064268226344235e-01 -4.227512536276343408e-02
1.241662631224116770e-01 -1.442580257027979707e-01 1.917189003205840500e-02 5.772413836721251162e-02 -2.572741637901420145e-02
1.139107893776926811e-01 -1.416898937672648462e-01 1.080318242880256088e-02 6.937960761027603396e-02 -3.003793717461722412e-02
1.447040476901763073e-01 -1.472618577426981212e-01 -1.161996854457428459e-02 8.970254250151048214e-02 -3.546934733016360308e-02
1.585518332479012860e-01 -1.728205095997627228e-01 -6.085626595453924245e-03 1.001183041349998637e-01 -4.055119325790251805e-02
1.652531730885893058e-01 -1.816313098507732482e-01 -8.212728583111774880e-03 1.080634949036180237e-01 -4.371568160007276160e-02
4.369805728668870598e-02 -5.194609502700670012e-02 -1.641764246129500445e-03 3.112292063505345610e-02 -1.269053344879713871e-02
1.133154093541086788e-01 -1.100127802951242767e-01 -8.354085497028897883e-03 6.511858200917221284e-02 -2.561570531830390657e-02
6.435285266390368408e-02 -7.917197361536376654e-02 3.111283479367327361e-03 4.166477295084882598e-02 -1.758597072027961311e-02
2.731021698591979199e-02 -3.441961351103661748e-02 5.856498736927263915e-03 1.292036290528091741e-02 -5.937863971133664626e-03
1.132475101298097003e-01 -1.092490428380935852e-01 -1.067953658643338785e-02 6.711606788153234859e-02 -2.617524263174803717e-02
4.005296777920824142e-02 -3.657660529981024422e-02 -2.180104806411617066e-02 4.306958608612405232e-02 -1.542459658529743254e-02
7.924441971317988664e-02 -8.520988803780790710e-02 1.598568462972429138e-03 4.362401161182081349e-02 -1.803851113485750723e-02
6.978979690549130810e-02 -8.096736709886720451e-02 2.197914824783688860e-03 4.221129562001151025e-02 -1.759561275119791296e-02
1.335090529443161700e-01 -1.536087933703209896e-01 -3.928485877054235451e-03 8.998830395825266337e-02 -3.684367788310397018e-02
5.134082066359647867e-02 -5.440442059050554918e-02 -1.145607200617390804e-02 4.214508519839372386e-02 -1.614939282279500773e-02
1.348358117280857860e-01 -1.322066114028753181e-01 -3.030768129829712609e-02 1.023685218421255538e-01 -3.884753106654698779e-02
9.760935723310142087e-02 -1.025966024447387132e-01 -1.622858284462055586e-02 7.284189028608213656e-02 -2.821922659678488543e-02
8.509535034560576638e-02 -8.122852356816892549e-02 -2.780546696586009767e-02 7.242633295837735963e-02 -2.671984876866901823e-02
1.146942690725931829e-01 -1.488048971109308949e-01 3.137502939360629906e-02 5.045447558559863072e-02 -2.426795333637018701e-02
7.414035501936730443e-02 -7.691349911123598893e-02 -2.364908331192550409e-02 6.794545799693837984e-02 -2.553616594405935109e-02
1.182335496796720897e-01 -1.282025239825086704e-01 -1.281731766330840468e-02 8.395956605035649611e-02 -3.329122962232334421e-02
1.767045438543877467e-01 -1.764876998334173330e-01 1.962347098569830126e-02 6.860533344853292359e-02 -2.978424014699977002e-02
1.451732844025399594e-01 -1.586013764268983106e-01 2.903259042724286830e-03 8.206733915532717083e-02 -3.400292318558890275e-02
1.232735481327574684e-01 -1.357116077778078855e-01 -4.532289165900533871e-03 7.881999272103525078e-02 -3.200334198999989915e-02
1.718551248238325280e-01 -1.883454222320057880e-01 2.712528605535082654e-02 7.015878670502534442e-02 -3.143567726577815163e-02
1.469043470961105546e-01 -1.727974969222068613e-01 1.728259850864614922e-02 7.657442361319043156e-02 -3.342348433930857066e-02
4.818890912637828483e-02 -4.692885835332563649e-02 -2.533357256434954144e-02 5.340956797954755919e-02 -1.938938502459086263e-02
6.231076489840891436e-02 -8.171169648162307508e-02 1.588710449473349634e-02 2.941076288234361832e-02 -1.387797896003139554e-02
5.952141735540989603e-02 -8.518577968556929891e-02 3.637154084965621426e-02 9.084898023334364928e-03 -7.624958326556021196e-03
1.394907737260450975e-01 -1.366959755787304498e-01 -4.554613140858630206e-03 7.468948016237209053e-02 -2.988914392009085416e-02
1.140841228690755854e-01 -1.150329572797571254e-01 -3.155204635933735180e-02 9.630681448665646960e-02 -3.638752279829809977e-02
4.421032936323473356e-02 -5.758698515685672925e-02 8.452708140165151804e-03 2.389297753520468193e-02 -1.081132427568576825e-02
1.800348010257238895e-01 -1.968525443832909450e-01 -9.116047687695326418e-03 1.171067426108603621e-01 -4.734140067681485292e-02
9.837984578795266888e-02 -1.019021374692261339e-01 -2.391472799012243911e-02 8.153421952987811860e-02 -3.115085585084077444e-02
5.481866601828975366e-02 -7.350495902088283184e-02 2.020810506319000235e-02 1.977153733397514143e-02 -1.030666503747814863e-02
6.287833359487063345e-02 -7.608278392867595663e-02 7.264820773097679582e-03 3.456750073008300894e-02 -1.503304791180821998e-02
1.726403631994598564e-01 -1.902947006570452348e-01 1.906205827347916151e-04 1.028636181264192956e-01 -4.234500512732386479e-02
9.401468036294739761e-02 -1.107902562292560067e-01 1.221305988787019063e-02 4.727920190613526391e-02 -2.065157836882488412e-02
1.494718900697981079e-01 -1.660826582650955230e-01 -5.100877403369251167e-04 9.105061221846118269e-02 -3.747158853591133626e-02
1.677825929268303706e-01 -1.728906426806283703e-01 -1.480685364559962934e-02 1.074557735269532632e-01 -4.250311599392864875e-02
9.606701336559086979e-02 -1.202009001316308445e-01 1.056665887855397050e-02 5.710466672420069084e-02 -2.482846944822691970e-02
3.415416168597842916e-02 -3.630276141611576274e-02 -5.167385939858318809e-03 2.517133260036677825e-02 -9.787126921215395792e-03
1.343407229143787629e-01 -1.639859283957742220e-01 1.456674500705976670e-02 7.670698845291154533e-02 -3.336448161047249339e-02
6.374808689965422159e-02 -6.648979923044900930e-02 -1.207022446288061150e-02 4.886847030622653437e-02 -1.880976081402397845e-02
1.020218229295620643e-01 -1.126868918848575180e-01 6.642317552447308399e-03 5.308309935238707949e-02 -2.241580891643100981e-02
1.349693584915392930e-01 -1.585716930154318638e-01 3.504113246613838051e-02 4.739259361327331777e-02 -2.298359252334740768e-02
1.075461970105229398e-01 -9.174231966751579537e-02 -3.730134517558757190e-02 8.556306145275470454e-02 -3.097322397777368258e-02
8.072057729787338043e-02 -7.059770248561203498e-02 -2.695594584545106878e-02 6.433328376070143739e-02 -2.341332760382045658e-02
1.012139621552667484e-01 -9.840511813945054809e-02 -1.693773761142878392e-02 6.892467248497531618e-02 -2.632260636893497471e-02
9.500237490149437969e-02 -9.720249033488523316e-02 -5.724894865182474611e-03 5.689539356012474763e-02 -2.260618165112878927e-02
7.428036822971631481e-02 -6.968948468210663105e-02 -2.345809267710105214e-02 6.137000725397778050e-02 -2.264279750437071456e-02
1.023877863528543236e-01 -9.769816401105965720e-02 -1.636455894901651595e-02 6.749127278289417109e-02 -2.577987819966262931e-02
1.180673146866348944e-01 -1.190932550745105178e-01 -9.740920631029702584e-03 7.259221692485127997e-02 -2.863511018033559896e-02
1.327487403676244349e-01 -1.340448484749432456e-01 -1.800839542547069336e-02 9.001671229950992947e-02 -3.499689776837890121e-02
1.531390120127453236e-01 -1.629932183591946693e-01 -4.363064701357629790e-03 9.162770988203762512e-02 -3.712405870896996057e-02
1.299619303207250054e-01 -1.395226267720710844e-01 4.603922752822139572e-03 6.874663454202932511e-02 -2.853760242513701806e-02
1.123800015879962005e-01 -1.213931390343823691e-01 1.085765968488066821e-02 5.216871131482579693e-02 -2.238296962753468303e-02
1.227387442939334300e-01 -1.376897812438075130e-01 4.532599255829057594e-03 6.982930465138610654e-02 -2.918335271483682089e-02
9.660352385061604652e-02 -1.020788101254660601e-01 -9.477282563541411520e-03 6.484515644914572163e-02 -2.560132046450164234e-02
1.482779886447571915e-01 -1.526735327101055584e-01 -1.203479837580941937e-02 9.355065387663563659e-02 -3.705463237002191296e-02
1.620807639317725646e-01 -1.840413005797536250e-01 1.029380518846422649e-02 8.898322499622604576e-02 -3.766514726554778120e-02
8.294540804147831903e-02 -8.923605441715189157e-02 -2.044769618095184944e-03 4.991483261557977391e-02 -2.024405533692856529e-02
1.116484501857328282e-01 -1.130315974020255493e-01 -1.313846591968196274e-02 7.356264940509306405e-02 -2.873817184797063107e-02
1.198878530786365165e-01 -1.197678360267487307e-01 -2.442870499981544125e-02 8.976893008021244458e-02 -3.428046497526918146e-02
1.133716670344759592e-01 -1.286948837982892779e-01 -1.219090242039790224e-02 8.545801868829042136e-02 -3.412768596199317744e-02
8.729096598775512583e-02 -1.014376405825783423e-01 7.384261320474341979e-03 4.764358862085162766e-02 -2.038208571095101451e-02
1.572898598624858646e-01 -1.401670039864280903e-01 -3.010376898938830689e-02 1.018668935482863747e-01 -3.823928197334838797e-02
1.098802657162602642e-01 -1.307944989388021839e-01 4.254133432069114214e-03 6.888376148271803390e-02 -2.898919973367784786e-02
1.270499580703617903e-01 -1.227300726586224161e-01 -1.912985406977830982e-02 8.383124419458676257e-02 -3.223124710037801599e-02
1.563806856291295178e-01 -1.712266728790349524e-01 7.099276551464559631e-03 8.384330195892346349e-02 -3.507874443179834212e-02
1.181464162633175108e-01 -1.269916735557342358e-01 -8.671740016126422727e-04 6.858944992138410468e-02 -2.799027936334191891e-02
1.176248134585334282e-01 -1.430963896292030135e-01 1.950914857785610371e-02 5.848565032583468576e-02 -2.620793766006522182e-02
6.456976418098268888e-02 -7.313295597892190136e-02 -5.569814901696204003e-03 4.683566340850695703e-02 -1.879326046316111276e-02
1.437962645687074770e-01 -1.666281863177394573e-01 -7.046440205822155495e-03 1.016279189941455274e-01 -4.146829633442863927e-02
8.935749801646562795e-02 -9.609749051425509059e-02 1.220028901981043933e-02 3.699504329288524213e-02 -1.627738389108671427e-02
1.362146231227077675e-01 -1.413940685412641840e-01 -1.168931589099764419e-02 8.768635092181846502e-02 -3.474247620654976471e-02
1.401066541926952180e-01 -1.478536714860751444e-01 1.541908716223190168e-03 7.623485679631653023e-02 -3.131003182623713632e-02
1.300911435416771955e-01 -1.548908139300879394e-01 5.938029633131145651e-03 8.062962490520680925e-02 -3.405934722090357691e-02
1.100573469139874139e-01 -1.040572439979332436e-01 -3.722648600171507560e-02 9.489236032077490168e-02 -3.506620563593818019e-02
1.284208653313240467e-01 -1.308615499340462507e-01 -2.738904449064108459e-02 9.978214101940235947e-02 -3.816355185819371443e-02
1.788748059632514764e-01 -1.904226169527810375e-01 -2.806432558652446549e-02 1.344902613911817812e-01 -5.259245400936782278e-02
1.179932703890620022e-01 -1.061827114820718260e-01 -2.868099670979757168e-02 8.436431456381951466e-02 -3.142280307852494958e-02
1.571042816053456748e-01 -1.754972281303242843e-01 1.834886629336441796e-02 7.421377378112564704e-02 -3.232492915333568667e-02
1.228139406082390528e-01 -1.431763046497930014e-01 1.334526756027826656e-03 7.837364486040851452e-02 -3.255419838272967381e-02
1.417286718683059554e-01 -1.489532805361498680e-01 -9.431425688314069161e-03 8.952795419764338070e-02 -3.574122928119471271e-02
1.022570456190993737e-01 -1.109099982088179864e-01 2.366852008437354566e-03 5.664939070096646628e-02 -2.345624387223710014e-02
1.211051959708124848e-01 -1.288243883503715770e-01 -1.586949346541850075e-02 8.711528669358281629e-02 -3.423907715667527663e-02
1.520249518657375842e-01 -1.831861628560850774e-01 2.246117317875881425e-02 7.762422289017094357e-02 -3.448150548837638357e-02
1.617626599734298398e-01 -1.731457902508805602e-01 4.773634655104258724e-03 8.663669966967037228e-02 -3.595327275886798374e-02
1.365019045888935800e-01 -1.316334152676480462e-01 -2.046245345125271078e-02 8.986817730232507517e-02 -3.457295850701140594e-02
1.176433191042468435e-01 -1.170783860253256231e-01 -3.421934410544165417e-02 9.964259661506880139e-02 -3.737056390897193492e-02
7.673829547026892600e-03 -4.985600359554545613e-03 -9.260739125613837511e-03 1.253075233297027552e-02 -4.179778856533042722e-03
1.189490985133923456e-01 -1.421806720644942235e-01 8.691075011595862654e-03 7.029669113719895501e-02 -3.004699939542852805e-02
1.679389880670297541e-01 -1.766090986932652707e-01 -8.758987146455418302e-03 1.033581721560603434e-01 -4.146423304075746302e-02
1.430451678864178011e-01 -1.423001671834007997e-01 -2.434703137359844893e-02 1.010555371631954164e-01 -3.887203439915304370e-02
1.663743843925208910e-01 -1.869869765402219774e-01 4.759978155665216606e-03 9.691864625316908011e-02 -4.045869066404023801e-02
1.633291083737455074e-01 -1.488286879161750398e-01 -3.522957367513105537e-02 1.131026553106763283e-01 -4.245697844541307386e-02
1.508614557193099504e-01 -1.740340355857075971e-01 2.499095093478735392e-03 9.383048482286900083e-02 -3.906700487452825082e-02
6.364379927872497456e-02 -6.534903062856511902e-02 -1.326551815405471735e-02 4.933430889440740957e-02 -1.886057902687128876e-02
9.975423420442708355e-02 -1.167635261569655858e-01 -4.944559463737613477e-05 6.532987441184637256e-02 -2.700983685445928692e-02
1.076533124788429108e-01 -1.223346177105641280e-01 2.498748202857359671e-03 6.456643810859874488e-02 -2.692846539494520020e-02
1.093520961666490099e-01 -1.248798046660025696e-01 -4.872909216900922491e-03 7.495924956736287059e-02 -3.053979163107206976e-02
1.161626240575187735e-01 -1.382406876194365031e-01 1.175718306109435445e-02 6.385209694415361348e-02 -2.755882987188392266e-02
1.058633629095685202e-01 -1.237994587207198599e-01 5.963951947821823953e-03 6.229185399016676922e-02 -2.639283581776389470e-02
8.385208886199323197e-02 -8.775503153340288853e-02 -1.906136251768346737e-02 6.855295114451026572e-02 -2.627014629013481317e-02
4.923673395479943871e-02 -5.253627796681516193e-02 -8.312116727303590219e-03 3.751603851433474301e-02 -1.454644415636532212e-02
8.116923573637783995e-02 -1.005271232212582716e-01 1.085937276463894499e-02 4.480170718798364565e-02 -1.965662743496975062e-02
3.806997391196861175e-02 -3.151691816212643521e-02 -2.614354665306904690e-02 4.451016130154829969e-02 -1.552324514681249421e-02
1.346602424826599809e-01 -1.427530588427534108e-01 -7.845729385511351212e-03 8.476436630956056539e-02 -3.396805655769571941e-02
1.662739923511492579e-01 -1.751608945786442828e-01 -2.854886733602894980e-02 1.262403758425743872e-01 -4.908346160760852783e-02
1.201338793306281350e-01 -1.313518360230187809e-01 -9.508684989298328907e-03 8.211457667759083923e-02 -3.288052090501404623e-02
1.421186470899405696e-01 -1.669904633166117702e-01 2.993320697807409433e-02 5.816475912340863391e-02 -2.697051899888723916e-02
1.718604664355521394e-01 -1.762217786991873703e-01 -3.638058469837154862e-02 1.346982789592067464e-01 -5.175396026208820000e-02
3.706268250203769571e-02 -3.753079922614500907e-02 -8.293369798240149415e-03 2.882947618540890669e-02 -1.092525254472913147e-02
5.839487914008272690e-02 -5.774676993733480340e-02 -1.812762742475986649e-02 5.042503573436153685e-02 -1.881048273034915258e-02
3.199397920465100326e-02 -4.411291134284194698e-02 1.285564319112850185e-02 1.137570004822906905e-02 -6.088230775695857404e-03
1.434277845618977809e-01 -1.270114337977874264e-01 -2.804873040918997099e-02 9.327318185710463394e-02 -3.503254538616347447e-02
1.115614648675661291e-01 -9.980991967148397648e-02 -3.340113688344469034e-02 8.640115908071316353e-02 -3.178339891993607613e-02
1.572874021052932114e-01 -1.601586360441077939e-01 -4.764564793710972940e-02 1.396980515796047428e-01 -5.284034178773273221e-02
1.520072613792960436e-01 -1.693214373679197138e-01 2.998561330823979951e-02 5.725100173476112275e-02 -2.644872271903596361e-02
1.105158690923967457e-01 -1.195672905835789696e-01 -7.690064293717345512e-03 7.316594056130709678e-02 -2.932712776260337426e-02
1.350353907516891883e-01 -1.316985367974872478e-01 -1.478332272211740905e-02 8.373649523374541992e-02 -3.262330917015185405e-02
1.542645409572828696e-01 -1.504185048256530821e-01 -2.864281601656785622e-02 1.093974553997951460e-01 -4.182740169153746634e-02
1.534531037400242992e-01 -1.813746340023281167e-01 1.425518525587009602e-02 8.515778430777390384e-02 -3.668457065674935597e-02
1.221685600336864658e-01 -1.381094825801710280e-01 -1.305951173479282836e-02 9.156919402951707587e-02 -3.657602603223350513e-02
1.422303057242893520e-01 -1.632359039405720802e-01 2.221844797279763986e-02 6.422233824585152351e-02 -2.868199925938740708e-02
7.800270019615335171e-02 -8.799819610126129177e-02 -5.348661607262113205e-03 5.463650877127895072e-02 -2.202717036198346273e-02
1.467557934719342372e-01 -1.599502583738846573e-01 -4.326613310905677058e-03 9.107766506639705661e-02 -3.699103373593606858e-02
1.582597406152457253e-01 -1.951954343619682897e-01 2.648505915379513465e-02 8.120966320812381123e-02 -3.652347010723444587e-02
1.758920040396795281e-01 -1.794412395089730883e-01 -2.017172203992369586e-02 1.165975163058684538e-01 -4.569781395152204551e-02
8.927092745269862850e-02 -9.248926720498762410e-02 -4.111616287960042542e-04 4.886160536160091133e-02 -1.991036875038306939e-02
1.436546714073180520e-01 -1.547739563627441584e-01 -8.617759158700845010e-03 9.291860695692409633e-02 -3.733131291510619065e-02
1.247566253828687605e-01 -1.488684590670548147e-01 1.745284517254510129e-02 6.354992937832211475e-02 -2.808886922044379758e-02
8.796072547534380948e-02 -9.102375995288582156e-02 -2.085043563762620580e-02 7.214294123482360710e-02 -2.757489427251123490e-02
1.632676150875213561e-01 -1.578730638587650670e-01 -2.792937996829644026e-02 1.119433067154409212e-01 -4.288979485358977023e-02
1.147839955561254649e-01 -1.174660997027773129e-01 -2.881156831562804721e-02 9.491395935249986870e-02 -3.611753749917182704e-02
7.968323345078764941e-02 -8.464797310237714978e-02 -1.573605917742540786e-02 6.349089022597217968e-02 -2.456254912782340760e-02
1.525469463151883920e-01 -1.684697832790034155e-01 -1.129018089331397870e-02 1.051079750827615816e-01 -4.230241627459650072e-02
1.024315207538658429e-01 -1.152132107917790554e-01 -5.463023718070984629e-03 6.963395383797670035e-02 -2.820599624193440014e-02
1.178535339403136706e-01 -1.304735048948870713e-01 -9.672389202759958116e-03 8.227380786017862713e-02 -3.295016702726537294e-02
1.609106139720728745e-01 -1.850586105477931287e-01 2.050993007793286936e-03 1.004072198366673385e-01 -4.175513323698036572e-02
1.078876217228345175e-01 -1.231578323551532628e-01 6.121419633914115983e-03 6.083309832252205979e-02 -2.572838607575760744e-02
1.270930338146070981e-01 -1.403331529568014047e-01 -9.211810247832045648e-03 8.703470483780186007e-02 -3.496445146104228824e-02
1.587111003141706278e-01 -1.579497767095671135e-01 -4.541207160811893545e-02 1.342681292534763648e-01 -5.061920688670038665e-02
9.043790214710889508e-02 -7.098023587521823385e-02 -5.770577927898241227e-02 9.781124644259971135e-02 -3.408984803232242844e-02
1.298105376819846668e-01 -1.382113892742707351e-01 -2.926513070554399160e-02 1.083777035762037988e-01 -4.181110165020528874e-02
1.633254928648430193e-01 -1.801048537146089923e-01 -1.668096425911306038e-02 1.172930011332805889e-01 -4.668295960121841837e-02
1.147439134698681612e-01 -1.355512785321599245e-01 2.771110820959629510e-03 7.333107988824080770e-02 -3.074918686735362075e-02
1.607926772178489838e-01 -1.699272198397014655e-01 -2.228882230711291823e-02 1.163835462801343507e-01 -4.567435076705402691e-02
1.403045368860185438e-01 -1.597052644926060805e-01 1.559577512954283054e-02 6.970642520966226219e-02 -3.028882930772018589e-02
1.193424378924990148e-01 -1.496225062649913229e-01 2.975233498675296587e-02 5.146841935768508430e-02 -2.443610860843352037e-02
1.764388613883976775e-01 -1.949776775111084770e-01 7.456417358392157003e-03 9.698858654203058871e-02 -4.062103188891034306e-02
1.423907252316691796e-01 -1.570579176405860200e-01 -3.250169699289008011e-03 8.896802170939620280e-02 -3.631088192658954439e-02
1.474601387860227930e-01 -1.492552250868717512e-01 -1.684299413367298937e-02 9.665968948575699715e-02 -3.783049685452558736e-02
1.682141958458346354e-01 -1.956793044332930109e-01 5.264564553234750768e-03 1.032804458253582108e-01 -4.333614587098792020e-02
1.648032126475946491e-01 -1.606460587019777897e-01 -2.403441281438570623e-02 1.090527690072636557e-01 -4.205664900945610407e-02
1.469242081645781295e-01 -1.753708096179236731e-01 9.147988835766340376e-04 9.854036878101103680e-02 -4.105459938495471112e-02
1.239988956565512973e-01 -1.383378030715303741e-01 1.567640588195966592e-02 5.682125604583037476e-02 -2.484504999324119862e-02
1.597114008093421800e-01 -1.795702847380908906e-01 -4.370296968127072509e-03 1.037313063377116873e-01 -4.241445969760739010e-02
1.342876284343303972e-01 -1.447891534228797628e-01 -1.732483971596303352e-02 9.800812529291194619e-02 -3.863945819262992742e-02
1.156025726493540018e-01 -1.390630881134339858e-01 1.026858108114600369e-02 6.692884382937801246e-02 -2.882689158811716293e-02
1.381029963864383592e-01 -1.430835041843891431e-01 -2.414504169865689873e-02 1.032293304871456097e-01 -3.997551278629872529e-02
1.477780846989794061e-01 -1.749467617530244545e-01 2.242728524040608559e-02 7.212596451688918497e-02 -3.213428440596745317e-02
1.201022888839741176e-01 -1.255324881884152255e-01 -2.774719604949081250e-02 9.876173813072801344e-02 -3.786602247832700913e-02
1.557421308893580381e-01 -1.694144567641801269e-01 -1.803412121359145720e-02 1.127815746000488950e-01 -4.475479627272250377e-02
1.278145294265605192e-01 -1.556363688817639923e-01 2.366026253238567509e-02 6.098595597932995882e-02 -2.771927995728775546e-02
1.012429602738529749e-01 -8.834495895633326379e-02 -4.367077006484267748e-02 9.230622894326923067e-02 -3.327719069626484255e-02
1.684258566178887806e-01 -1.727443351808584660e-01 -2.652925367408891233e-02 1.210748960382990458e-01 -4.702851055393469926e-02
1.716309589739518082e-01 -1.961899340396157654e-01 6.772145668267647630e-04 1.079384529137493165e-01 -4.473293136286077276e-02
1.359739075914571105e-01 -1.560224343463417485e-01 -2.187805743674337954e-03 8.915020897355807605e-02 -3.666326523782514890e-02
1.478042945164464994e-01 -1.789765597288337229e-01 1.274559074405152807e-02 8.742004725463431436e-02 -3.771120279513953677e-02
8.613405609415056285e-02 -9.242910852692784451e-02 -1.149850939083085603e-02 6.298289249102091703e-02 -2.479623753051607427e-02
1.483812685928735109e-01 -1.568496643122593293e-01 -1.065017500359115299e-02 9.552791806314146761e-02 -3.814242216295638671e-02
8.895740423503749328e-02 -8.534506069877360879e-02 -2.928329548392201442e-02 7.678604460264334963e-02 -2.848317034122882507e-02
1.664733768251047963e-01 -1.665426812190768657e-01 -2.106455534183908004e-02 1.099523601101167480e-01 -4.281948089602275603e-02
1.361457163574017470e-01 -1.714523780089688698e-01 3.347075890031699086e-02 6.007669602039247131e-02 -2.845154620285882813e-02
1.383359022091047441e-01 -1.496592947460006762e-01 -1.686970739227075175e-02 1.001752961005746151e-01 -3.956817854885840563e-02
1.139579371738759089e-01 -1.262265857751442844e-01 -1.004420922049184713e-02 8.052580896637739905e-02 -3.222253219474141561e-02
1.322105972638210891e-01 -1.529330483814839714e-01 8.223587927352489155e-03 7.542850135589565519e-02 -3.201630929840639656e-02
1.399168873779207956e-01 -1.596783158621304377e-01 6.753700938431332764e-05 8.815343516536813806e-02 -3.642856217482288994e-02
1.552423950768653804e-01 -1.595664788861723415e-01 -2.095468113652847186e-02 1.077637453253023486e-01 -4.210621074131113556e-02
1.083723360790410511e-01 -1.217696062982161348e-01 -1.055786591081663180e-02 7.937184885711653926e-02 -3.176592404951041754e-02
1.368458544300268087e-01 -1.451829257098782577e-01 -2.665718205882511987e-02 1.085369974325124109e-01 -4.203450546651793518e-02
1.565296519885248372e-01 -1.800843069595737811e-01 3.306019607981938984e-03 9.622600463048454345e-02 -4.016232329723338351e-02
1.392658856933919054e-01 -1.471785763221163112e-01 -2.282600553041827865e-02 1.049218213281310069e-01 -4.090957516352031892e-02
1.653240744251405214e-01 -1.683677322322989778e-01 1.865611003756580816e-02 6.622669983094875423e-02 -2.877823996019624603e-02
1.491289929066952069e-01 -1.752315852809264163e-01 2.757093824160683666e-03 9.544743269862560053e-02 -3.990634779895835954e-02
9.097989691340653551e-02 -9.305769012265524553e-02 -2.925297402251154921e-02 8.297825886057631772e-02 -3.125099184776463507e-02
1.696797701424035132e-01 -1.985334481358542458e-01 7.316859598261946269e-03 1.028698115361419696e-01 -4.341462428101509896e-02
1.281232062073789368e-01 -1.386049318543235154e-01 -1.126163860346283789e-02 8.739607178810904209e-02 -3.478619008666702234e-02
1.740582343723229841e-01 -1.970988391634630466e-01 1.687022221369559663e-02 8.840659178103695004e-02 -3.807872223525491512e-02
1.572345370132396114e-01 -1.894402921714313515e-01 2.511871833913435076e-02 7.782693144963653831e-02 -3.477518103481001821e-02
1.403967323640817610e-01 -1.649186423936352952e-01 3.838241548420393348e-03 8.814497284923039633e-02 -3.692875522280469891e-02
1.611602034019617435e-01 -1.815409193402435506e-01 1.385944126641739695e-02 8.307777452422164532e-02 -3.555689923109536105e-02
8.734280152037991740e-02 -9.743670868875310698e-02 1.165290870343559104e-02 3.917536078631250057e-02 -1.717558053320079534e-02
1.648957267262279036e-01 -1.465694990787718699e-01 -4.394992663398573918e-02 1.209613095078388989e-01 -4.477353253517753207e-02
1.118443913350673363e-01 -1.320320637858459767e-01 3.565959557352036758e-04 7.420534883010228289e-02 -3.087375965055487448e-02
1.125282276509593365e-01 -1.000826279270864982e-01 -2.557274328784177667e-02 7.727567174390689853e-02 -2.875392574202838974e-02
1.018782071086876545e-01 -1.176373261605745679e-01 4.883918675670214336e-03 5.968192524033456847e-02 -2.517470385097504010e-02
1.173110152770847486e-01 -1.427175418051676581e-01 8.779313655447878659e-03 7.140818299540981073e-02 -3.061055818011644905e-02
1.547904890862461524e-01 -1.556079387128096181e-01 -2.282845745643257221e-02 1.067941518099675552e-01 -4.143989460738008862e-02
1.467044091609699674e-01 -1.655156934029923532e-01 1.937801589847761713e-02 6.797693208417922295e-02 -2.988016078927077657e-02
1.042178919427663997e-01 -1.209159446211868771e-01 5.420984739817688233e-03 6.101002334989886339e-02 -2.578079737996436666e-02
9.284671870074587274e-02 -9.277050537195360991e-02 -1.798010297598388527e-02 6.853568880463871416e-02 -2.625931774648203321e-02
1.283301433476835285e-01 -1.389755093028980093e-01 -1.630800623672221464e-02 9.375272523667441127e-02 -3.696476167608281349e-02
1.133928917895234006e-01 -1.080843234355340771e-01 -2.925316478398835504e-02 8.789142951865777653e-02 -3.296934647105798089e-02
9.112866039989171718e-02 -9.992878800033756781e-02 -8.504220369769959278e-03 6.382967330847537368e-02 -2.539691515143952319e-02
6.791843543461990873e-02 -6.581266631346600893e-02 -2.943321744118077357e-02 6.748634215182119922e-02 -2.471337619296158986e-02
1.155988130607618486e-01 -1.197818466373225810e-01 -1.544427094950667594e-02 8.074561319584173946e-02 -3.156727373421992777e-02
1.082199081413324077e-01 -1.124697266370305315e-01 -9.011294803542237511e-03 6.942247207592737446e-02 -2.752350076276018770e-02
1.174331821313193552e-01 -1.366463346258199596e-01 8.350016927421008081e-03 6.645426636829593336e-02 -2.833427198518703380e-02
9.046618909535537878e-02 -9.248582492865353721e-02 -1.178708404875673452e-02 6.131775895481214600e-02 -2.380838831603698802e-02
1.407768442811936360e-01 -1.597891281465816382e-01 2.486766093766267990e-02 5.839173586476898575e-02 -2.639757309570402166e-02
1.422632541284503671e-01 -1.621953315361737702e-01 2.106845018807083914e-03 8.692089248767269349e-02 -3.607004151447436302e-02
1.414318547683096339e-01 -1.698617738367214636e-01 1.823664514839129849e-02 7.492805969472308980e-02 -3.294119072352424960e-02
1.110843206040830755e-01 -1.273591972005711503e-01 3.625340080384105088e-03 6.624567801104914999e-02 -2.773059082388965729e-02
1.269568491577840741e-01 -1.533678013791139327e-01 2.080453944742810882e-02 6.220848977763680093e-02 -2.778213169994915924e-02
1.265871422361965482e-01 -1.246084853736509068e-01 -2.990584519463553373e-02 9.823997479098060814e-02 -3.722871543201327488e-02
7.725359520473452923e-02 -7.828155573336677275e-02 -1.819626338098394303e-02 6.177526478174730912e-02 -2.352901187356275930e-02
1.453317303518683878e-01 -1.516287125776396572e-01 -1.675810002042459057e-02 9.925703497107972451e-02 -3.903460368417843718e-02
1.279126939171571220e-01 -1.327853950566353913e-01 -1.991483734743722950e-02 9.296491341268876829e-02 -3.618018587204667458e-02
1.552319338114065694e-01 -1.771913074309175440e-01 1.240962552326675466e-03 9.661741091517336844e-02 -4.008476349432769231e-02
1.376856540443336108e-01 -1.414512305696140337e-01 -1.854044431648787378e-02 9.529849351659151757e-02 -3.718803720094891740e-02
1.660163328569035646e-01 -1.829516135403386479e-01 -1.040613262255448215e-02 1.113393502155531900e-01 -4.481909860428642811e-02
1.111548441751528393e-01 -1.339751627226500041e-01 1.579447468140636121e-02 5.721752119240020723e-02 -2.525847682822128515e-02
8.720593572218045264e-02 -9.483294852808683839e-02 -1.436325258958278360e-02 6.786229871299008509e-02 -2.650367100350197250e-02
1.273819911036563335e-01 -1.415597091025818932e-01 -1.100420677818027097e-02 9.026971769847155769e-02 -3.619059601916711083e-02
1.298500259120025369e-01 -1.442228027273741164e-01 -2.032961821556318865e-03 8.090146118184027291e-02 -3.313659838040189376e-02
1.579360382187154632e-01 -1.655071593797875773e-01 -1.938869221294793610e-02 1.099168705018409020e-01 -4.318511811128770972e-02
1.528952075519046105e-01 -1.739410693708783318e-01 6.459896724672792821e-03 8.826019438419915875e-02 -3.706438044507191776e-02
1.413786571298254191e-01 -1.269300641939920538e-01 -3.450774347364379130e-02 1.009185160142511278e-01 -3.753805786528913169e-02
1.758395205944878747e-01 -1.876928170405384177e-01 -1.559903485607215881e-02 1.183014753776300138e-01 -4.707855703643369638e-02
1.093320867679354047e-01 -1.063871255779657160e-01 -2.917486187154903418e-02 8.767064834475331303e-02 -3.294824484011282112e-02
5.774723904256253565e-02 -6.152125120614452408e-02 -1.085110485403396365e-02 4.518345954071187331e-02 -1.742904445598512236e-02
9.037523491351889815e-02 -1.189327241661339019e-01 2.741692603604746828e-02 3.813869857189788187e-02 -1.878786287751760264e-02
1.407950460486536159e-01 -1.500780031253527991e-01 -1.704924889642999916e-02 9.994498351197793340e-02 -3.941266892059088617e-02
1.217894167810491535e-01 -1.246007096695217753e-01 -1.136923254199065023e-02 7.802983161862526995e-02 -3.079508823135427772e-02
1.638156574079214223e-01 -1.736704448332354878e-01 -6.561434607720903651e-03 9.980782445028511807e-02 -4.029090953135090747e-02
1.328260959424108767e-01 -1.410205426271194940e-01 -2.653962360170289067e-02 1.062182672380914406e-01 -4.109438647385885851e-02
1.407799529720003551e-01 -1.519113217446558806e-01 -1.786151831580773744e-02 1.023524127604415329e-01 -4.033831377450844413e-02
1.412156688318172704e-01 -1.606555608185147033e-01 3.583886749875098669e-05 8.864490157666637948e-02 -3.663523818886933736e-02
1.201816739411755708e-01 -1.387701404382499226e-01 4.363615807135965211e-03 7.196398442122932393e-02 -3.018170815356165451e-02
1.175818331084347440e-01 -1.446699468264063537e-01 2.115195550517084619e-02 5.787038009905225155e-02 -2.614052355502478192e-02
4.597489401402638648e-02 -4.759240633093462375e-02 -7.133059144600043715e-04 2.542282509828274611e-02 -1.023854259514483250e-02
1.244991209337442534e-01 -1.388497200282780841e-01 -1.673924456084266779e-02 9.574939762488639261e-02 -3.790368512796409017e-02
1.037691700132633565e-01 -1.298943172741540142e-01 1.530296726377423228e-02 5.676903912245570560e-02 -2.508339011690881304e-02
1.244015925778739623e-01 -1.428099795131905492e-01 -1.837986372649575914e-04 7.942191197456109630e-02 -3.282500833009610597e-02
1.391827140448924638e-01 -1.536544374967311055e-01 -8.419994188453946982e-03 9.350209309159486504e-02 -3.775288088002813625e-02
1.144073144760801436e-01 -1.303604941362120073e-01 -1.713365527484535765e-03 7.399927534515286787e-02 -3.040288099042981126e-02
1.326613490170200915e-01 -1.320791958406109801e-01 -1.659392892901877942e-02 8.674788996668500451e-02 -3.373393380157377330e-02
