3.117516583435942304e-02 -4.656330083517919854e-02 1.260370280196753887e-02 1.456068941554007450e-02 -7.536622210563660024e-03
2.501452910829281631e-02 -3.716253278382881248e-02 1.523264145385198540e-02 5.087774071032868592e-03 -3.758629244122473415e-03
3.473358820627708843e-02 -3.588330281519423737e-02 -1.489193006511837884e-02 3.621698489381004749e-02 -1.338563587692499432e-02
6.104931798441182861e-02 -6.724729697750318758e-02 -1.142985664850272934e-02 4.969525264982713186e-02 -1.928871919227176032e-02
1.106791194774546863e-02 -1.257279467078128120e-02 -1.484270887287836727e-03 8.622927099798260650e-03 -3.397430335891491165e-03
2.943787674112066308e-02 -2.041103385746425442e-02 -3.002943516246239439e-02 4.257921672298894261e-02 -1.431461062809162750e-02
7.833728496962766297e-02 -8.261351278550019273e-02 -2.169640644003139468e-02 6.889059785093643029e-02 -2.609160884871252958e-02
7.947285092147803043e-02 -9.529955935178709148e-02 1.023247538440356062e-02 4.165458030834634506e-02 -1.822933429797094634e-02
4.772546045851906032e-02 -5.819823164029180179e-02 6.183559002972874481e-03 2.581592265034700698e-02 -1.130710837621449680e-02
5.507983386126227149e-02 -5.814731301960523319e-02 -1.059982438890634537e-02 4.288077845368300917e-02 -1.648483102880263923e-02
5.707143255461229192e-02 -6.909553586422520488e-02 5.062600859526409681e-03 3.302849007474279591e-02 -1.412628900402396886e-02
4.908021880009733051e-02 -6.351166526701160220e-02 1.704653838774982874e-02 1.696470796511040727e-02 -8.771207821186668627e-03
5.603922383462252993e-02 -6.992024751252592929e-02 1.359529985848617964e-02 2.403846264199617846e-02 -1.130162573961502465e-02
6.352687910743494426e-02 -7.634089653828045330e-02 9.450117208774226271e-03 3.176656241964807836e-02 -1.402314274295613471e-02
3.072862777901397280e-02 -4.299190882136118969e-02 2.124713585452945447e-02 9.421199463294147296e-04 -2.601731737147723860e-03
5.712383076078000194e-02 -6.119872850862027175e-02 -8.027381731438811745e-04 3.327303122075573466e-02 -1.349323124134942618e-02
3.416278830099975239e-02 -5.534945650572620224e-02 3.727170909554347600e-02 -8.692410944075048412e-03 -3.574971277160244655e-04
7.189777963644639058e-02 -7.880960819941763840e-02 -5.728801747253315160e-03 4.880852651271998938e-02 -1.939567064327017004e-02
4.967353489557724266e-02 -6.548133333803518585e-02 2.076968162861416237e-02 1.404997093797661148e-02 -7.959646230471470810e-03
3.080066747133741734e-02 -7.191124424633211533e-03 -5.758665106045570553e-02 6.348701034381144803e-02 -1.996950689768294332e-02
8.026340480993825188e-02 -1.010593873059852377e-01 1.821876986429896844e-02 3.699121923173817605e-02 -1.722097131891470526e-02
1.138685006554599755e-01 -1.236033466164026678e-01 -8.188054714131066947e-03 7.532363751349972769e-02 -2.998618607054253510e-02
1.125172339926781007e-01 -1.436021488981969463e-01 3.767905846701361666e-02 3.873291898108646020e-02 -1.983243539306146427e-02
8.369261060435574662e-02 -1.040779849775567006e-01 2.162463790523292198e-02 3.407203044949021209e-02 -1.625032927600578159e-02
9.089297438977387081e-03 1.642609443672376351e-02 -5.351796590060074743e-02 4.601039125428373067e-02 -1.317367824667806976e-02
1.140139817877475620e-01 -1.284002151213574916e-01 2.048919196139999815e-02 4.599654275198140907e-02 -2.083906472342440114e-02
6.081081657444413480e-02 -5.825746968056292469e-02 -1.984541710940565876e-02 5.194572049766701949e-02 -1.918995719220079402e-02
2.459226715601725219e-02 -3.402540091623320467e-02 1.387488295848630232e-02 4.064102902198278751e-03 -3.126441506873315658e-03
8.580577494481496370e-02 -9.161847659498711938e-02 7.930142016621340856e-03 3.921011496689883608e-02 -1.672986693164410857e-02
2.709152642599643723e-02 -2.404860802765166478e-02 -7.676291427115219078e-03 2.017973621913080051e-02 -7.389162461355667545e-03
8.279680561543301121e-02 -8.868356921666512016e-02 3.022357540154425783e-03 4.330083367695696656e-02 -1.792323193390331360e-02
5.443492746777287700e-02 -5.886856869456837116e-02 -5.052936173683474780e-03 3.715234206450708510e-02 -1.468849937011306069e-02
1.160724259573327616e-01 -1.218483322218219811e-01 -1.194643938622299076e-02 7.749046333439389700e-02 -3.040903825384879897e-02
8.558971366608462972e-02 -1.040850794285982928e-01 7.101018875805006382e-03 5.067688253622829042e-02 -2.166117195676380697e-02
9.962603678669500196e-02 -9.870812163653726323e-02 6.850590808540627831e-03 4.230926991470959631e-02 -1.772796303133746670e-02
9.837340829511599660e-02 -9.698273415896069283e-02 1.010110087083770144e-03 4.780021520665842655e-02 -1.937473467921945608e-02
8.053881987177106960e-02 -1.097517197479060819e-01 4.116929808508764527e-02 1.696474680028412299e-02 -1.130758416205023681e-02
7.830376970720522023e-02 -7.570961285635516291e-02 -3.362159799305280278e-02 7.705654819129917343e-02 -2.814721873620276010e-02
8.958725412902061869e-02 -9.659992909819811735e-02 -5.604719379514436564e-03 5.773399641960028777e-02 -2.302918329708390430e-02
7.792655598225768643e-02 -9.095087119498879158e-02 8.845530872648688439e-03 3.988508827690743358e-02 -1.724501005382889085e-02
6.981642431785313463e-02 -8.329984612789785581e-02 5.952802191322739645e-04 4.633373568949659960e-02 -1.924633417416449221e-02
2.660854371333185031e-02 -1.133495988322988368e-02 -4.345577682146491150e-02 5.167156574112823780e-02 -1.663117115890414346e-02
3.035485834935485253e-02 -3.793961609021551107e-02 3.879585235385848031e-03 1.723572352238604208e-02 -7.529305265361785522e-03
3.196415516399269546e-02 -4.517971772776447487e-02 1.957201558283741191e-02 4.319012494614674416e-03 -3.847083550319087882e-03
1.031162982590557997e-01 -1.119592027498930858e-01 -6.641032636981354653e-03 6.729856927439771541e-02 -2.684758621530362530e-02
6.291379334190481953e-02 -5.875489215200600107e-02 -2.160661794527002008e-02 5.365416312644455399e-02 -1.965951936875854136e-02
6.687957830132672254e-02 -7.719987516840727537e-02 -4.553425697170735038e-03 4.800851364786426489e-02 -1.932074517924470269e-02
1.409781476015841695e-01 -1.402492114115077848e-01 -1.257667151065497251e-02 8.581516007369940913e-02 -3.360499125955997146e-02
4.496811736961876804e-02 -3.184921763035217235e-02 -3.743260276205825215e-02 5.576024594169481929e-02 -1.890195011506077757e-02
6.206790678382220067e-02 -8.238741336052975150e-02 1.699343374887767044e-02 2.879039369677192581e-02 -1.375393274346140352e-02
7.884149856787542321e-02 -9.937628195124460773e-02 1.763642184043042946e-02 3.647942420992023732e-02 -1.688402184108035720e-02
8.559844796900906161e-02 -9.491527170156251192e-02 4.886006659281570338e-03 4.553995023247318225e-02 -1.913560130089312500e-02
9.880302864418172293e-02 -1.153983609605652716e-01 2.653118063898593764e-03 6.086619598901273076e-02 -2.531336012290239315e-02
3.811926541322359363e-02 -4.079501339807120597e-02 -6.663490157521749328e-03 2.937745445921537135e-02 -1.136846365833879893e-02
5.669885238402642968e-02 -5.328622998874359834e-02 -2.901299806217098876e-02 6.008663307319992569e-02 -2.168425665544169642e-02
9.174889641236423643e-02 -9.883032782174024089e-02 -1.777395906280807708e-02 7.330172468787084228e-02 -2.827260709221029664e-02
-2.712045518560639908e-03 7.852259930999990964e-03 -9.974055057092246629e-03 6.013752250672117425e-03 -1.407489288811777060e-03
7.708797164658766354e-02 -8.735237034812684542e-02 -1.117210835609194026e-03 4.882437684470126993e-02 -1.989762783390191386e-02
6.788616740914375780e-02 -3.714442470364980042e-02 -7.399999221437957020e-02 9.526567536592463192e-02 -3.109467859466875927e-02
2.641851120062521305e-02 -1.225454626953601314e-02 -3.958023184994046567e-02 4.790112673890684764e-02 -1.546933614108024144e-02
2.294840595305155245e-02 -1.930882660167585960e-02 -1.359160486277430704e-02 2.451846571409224337e-02 -8.616387714638656936e-03
6.896103064265764193e-02 -8.624322879677584486e-02 8.413570301651412606e-03 3.988154667772467188e-02 -1.742135268496261546e-02
1.023935554042077617e-01 -1.166203146427964715e-01 2.714151142520031951e-03 6.070602871743846496e-02 -2.521913320716078627e-02
2.863834612856047679e-02 -2.476584143282298603e-02 -1.952799313173906454e-02 3.420766566487364047e-02 -1.200556531216878144e-02
6.274977995755783022e-02 -7.911027850650466375e-02 9.203174379732977431e-03 3.483500037990280851e-02 -1.537144129439735156e-02
6.456344752466068593e-02 -4.766551038466958212e-02 -5.147166189165112982e-02 7.887402162473643175e-02 -2.687636675636160405e-02
8.882247552926522682e-02 -1.042253105089231274e-01 1.681726632759658266e-02 3.820633956054039077e-02 -1.737383874050657875e-02
5.524850513364053251e-02 -7.107323334537814230e-02 1.612211823534678845e-02 2.229492709070889089e-02 -1.086846925885650086e-02
1.156264134999164389e-01 -1.278910026895195839e-01 -4.068805133356872411e-03 7.357794718701288206e-02 -2.973419889160320781e-02
7.447994990802388193e-02 -8.592049017463856964e-02 2.398274874067821485e-02 1.950459143333776318e-02 -1.035338384043390549e-02
6.899187706374600160e-02 -6.836584703410952812e-02 -2.264341413982052034e-02 6.114292283866378658e-02 -2.275435600453502155e-02
5.759206070217157136e-02 -6.042019112096144728e-02 -1.585878014772369726e-02 5.021698402202171008e-02 -1.899480115178493744e-02
2.292609821814186807e-02 -9.944356694811314068e-03 -3.341641435238045660e-02 3.993536875287286014e-02 -1.284183161040870595e-02
1.156037521152732672e-01 -1.283231784174634627e-01 3.444206903134368076e-03 6.528993270717271813e-02 -2.709780337977497552e-02
5.762910113454720006e-03 6.039641230994968919e-03 -2.394842250877484216e-02 2.114453569848176104e-02 -6.109347718711004120e-03
1.131007870356850464e-01 -1.350035618939024462e-01 2.570795051397731582e-02 4.542493986195451916e-02 -2.123422151516459258e-02
5.810814278556768880e-02 -6.564130931192116436e-02 -6.265319506750834100e-03 4.330645997814035891e-02 -1.721524694564377164e-02
8.517714472656555402e-02 -1.029596265239799829e-01 2.169069483911750112e-02 3.264935199226106505e-02 -1.562724587658318939e-02
8.610989327920370862e-02 -1.022874547507119508e-01 1.464510258081874912e-02 3.992399795325823203e-02 -1.787512895231362781e-02
3.805926646349264836e-02 -4.255228084487831103e-02 -6.897634506105895617e-03 3.123853922363420063e-02 -1.216032749349300369e-02
6.303251225943232172e-02 -7.293051329438668406e-02 3.080342289832799490e-03 3.657430224928306939e-02 -1.533165973427647565e-02
3.116636422548925422e-02 -5.335829356521475109e-02 3.669885171207851182e-02 -8.671466564833049326e-03 -3.468058726883738196e-04
6.799932840798909861e-02 -5.171033030913017858e-02 -4.273336039776722689e-02 7.090516187487332089e-02 -2.443998479481699140e-02
9.337007041849093580e-02 -1.073502368090234055e-01 5.206172142353828608e-03 5.286559404432599613e-02 -2.222368271195375097e-02
5.114303589002333617e-02 -5.816873338767844515e-02 -5.492542185770938994e-03 3.839655747685422754e-02 -1.526780886632466035e-02
8.883569147813667743e-02 -1.064655101912060087e-01 8.975301265366081305e-03 4.946216689664810484e-02 -2.134377590966097041e-02
6.694200060644943384e-02 -8.371148264013071605e-02 1.465139486908780334e-02 3.084998329631168448e-02 -1.425623734055130737e-02
1.013489087314565357e-01 -1.098997421290552473e-01 -4.877664430827469491e-03 6.422794266198461610e-02 -2.578972395593267727e-02
3.987319218370021651e-02 -4.654704022382737116e-02 5.608848946453249586e-03 1.917403752251222240e-02 -8.427563425432356772e-03
9.675883004038544899e-02 -1.149754640850629839e-01 3.123731322488182242e-03 6.067860322173745241e-02 -2.532400350123872879e-02
5.052603385544589265e-02 -5.343887256469070229e-02 -1.044129975102053506e-02 4.025820672757419311e-02 -1.543168391584209126e-02
6.444993099453630303e-02 -6.552737007229425537e-02 -1.722823159145275493e-02 5.392250735365698017e-02 -2.036179341468197929e-02
2.417638071184516346e-02 -2.200419859103300638e-02 -1.208041853037852310e-02 2.459232922722141140e-02 -8.817552136816914771e-03
2.669695030076875766e-02 -4.576819762343312115e-02 2.944872472618293574e-02 -4.964708412015310726e-03 -1.132536818549813177e-03
5.514484525395989961e-02 -6.625762501941788452e-02 9.642383111925516628e-03 2.586376394618284877e-02 -1.160470285674515718e-02
5.167713314869466779e-02 -4.960180329532070526e-02 -1.722030279897862615e-02 4.464111726199788965e-02 -1.648036013938665445e-02
9.832428549431088127e-02 -1.108837978045733585e-01 1.983618563656094208e-02 3.736754716944212101e-02 -1.725808679591516945e-02
4.082020546717074483e-02 -4.468654707786004487e-02 -5.871563295318682485e-03 3.077552974589801982e-02 -1.202393219579209888e-02
9.512804585750361808e-02 -1.109511664774485290e-01 2.464739637429533782e-05 6.165276352236447044e-02 -2.542981398874018945e-02
8.676821107582517734e-02 -1.076593005478328202e-01 9.293969607224018478e-03 5.095056549078455510e-02 -2.208812500250159280e-02
1.208189732087910223e-01 -1.218476740937792513e-01 -2.601485330533270107e-02 9.252826171915620734e-02 -3.514728987872693666e-02
6.449667026523354940e-02 -4.626921321273967658e-02 -2.956467442034914350e-02 5.269522039339195885e-02 -1.825174556895447012e-02
3.539759291849373796e-02 -2.085241055867156218e-02 -4.061093452135748627e-02 5.335258968247169609e-02 -1.758173360769632251e-02
4.221988887259234963e-02 -4.008039421161673638e-02 -1.529125373639831677e-02 3.744184147227526405e-02 -1.371198290117837081e-02
1.283838704209157855e-01 -1.348530623520143856e-01 1.246101196269701773e-03 6.926631842254496463e-02 -2.834769348791751561e-02
3.033197191439898632e-02 -3.655754259118911692e-02 1.297062830223735710e-04 2.050338551693027533e-02 -8.482763297779735701e-03
8.881416135690077540e-02 -1.055963001767808163e-01 7.017591242292356424e-03 5.077618124103196184e-02 -2.160716501135405768e-02
4.398304869014945523e-02 -2.537087132653419869e-02 -5.822083013601737217e-02 7.518307015032010820e-02 -2.478695085897683961e-02
7.504320244299354792e-02 -7.931347103372715646e-02 -8.142912088029393217e-03 5.114398479306011408e-02 -2.008883547854297541e-02
7.707222592153033236e-02 -8.753505680445902715e-02 -1.088665820112404321e-02 6.092480317815002211e-02 -2.403008895417717630e-02
3.062008539747151925e-02 -3.203640328267111370e-02 -3.825096116847482154e-04 1.711220688805353829e-02 -6.912786152262800216e-03
5.841795856139277848e-02 -6.910187008462073677e-02 1.166715407908131778e-03 3.726059631196540489e-02 -1.548261634802842145e-02
7.065945128791648044e-02 -9.777217420191559871e-02 3.101294062492000042e-02 2.230628792711947597e-02 -1.254675318441962270e-02
7.501238495882525670e-02 -1.087281648748409657e-01 4.799620560084964793e-02 1.000272163140388144e-02 -9.234189114943339854e-03
3.875186518832118149e-02 -2.586952664423335102e-02 -3.416372391225853261e-02 4.882871152430201533e-02 -1.635345234402656861e-02
9.013867901827427032e-02 -1.000159031653962971e-01 -1.885066429662311718e-03 5.606768937424875393e-02 -2.276779332582218318e-02
8.523758757195325220e-02 -1.116934265350537497e-01 3.053790681915729763e-02 2.948202312861738714e-02 -1.534502297815474973e-02
8.148003452762211940e-02 -1.077249064075169321e-01 3.130075150180499505e-02 2.657164405235074717e-02 -1.424700573008261945e-02
7.654738188424893564e-02 -7.546673625642529026e-02 -2.126601602874530345e-02 6.281742892174931037e-02 -2.350320469432631842e-02
5.177968738085581696e-02 -6.598619444934473999e-02 1.433286515830345040e-02 2.132070499630447924e-02 -1.028347888274501812e-02
1.142062554097936361e-01 -1.190547827121358621e-01 -1.826267174416668082e-02 8.342401578757835390e-02 -3.229224575161076388e-02
7.145082257716170449e-02 -6.815777132154790530e-02 -1.820233777504879150e-02 5.467152479991915781e-02 -2.038103128334598987e-02
4.286848918863921110e-02 -4.049988628775170324e-02 -9.435981284053415741e-03 3.081671119595323638e-02 -1.156178280739088293e-02
5.549718072142202641e-02 -3.099251689954228561e-02 -5.582714932563530991e-02 7.310299812307569089e-02 -2.395298214317753346e-02
5.021758202971065427e-02 -5.846367318428256910e-02 6.275345280931251234e-03 2.492667314066328299e-02 -1.085138939618182641e-02
8.762087649543354867e-03 8.210289804567847197e-03 -3.794424539005310237e-02 3.469387874560359020e-02 -1.020158851741066047e-02
4.960603114591512208e-02 -5.864417343237567776e-02 4.780681905833823915e-03 2.711688712613690919e-02 -1.164800178414103320e-02
4.764811926531184461e-02 -5.989419676184402214e-02 5.166103634762477838e-03 2.852183654296852958e-02 -1.235824852302261703e-02
4.849541764878963213e-02 -6.944382848207102110e-02 3.398580523655368030e-02 2.185599630317598772e-03 -4.450996781469047058e-03
9.766475551709125069e-02 -9.243353285637743999e-02 -2.263370347118386777e-02 7.175606499553509321e-02 -2.689567150683903896e-02
4.297570314241674211e-02 -5.473235574754429372e-02 1.240171720064561257e-02 1.702455668833075669e-02 -8.295102974927312869e-03
3.952259114049934408e-02 -3.875574766133357829e-02 -1.081554465041712279e-02 3.199727735188144517e-02 -1.194915702435814762e-02
4.367479577338689162e-02 -6.701444751883563200e-02 3.905660688949009335e-02 -4.188120051588536431e-03 -2.391100136461806868e-03
8.015753853828254394e-02 -9.094066850461153539e-02 -5.412989472790202599e-04 5.021527417515868341e-02 -2.054672846928580141e-02
6.123906747864303612e-02 -7.368307345733864089e-02 1.470419524218277360e-02 2.408673619502752286e-02 -1.135722561077441919e-02
4.024809831041462060e-02 -4.650654633128893656e-02 6.125457214116848334e-03 1.840356968057741197e-02 -8.146578616288280630e-03
6.271869453152664753e-02 -6.518630975799527549e-02 -1.756484900845447714e-02 5.450946434099537830e-02 -2.057188468887918495e-02
-2.236802882086981557e-03 -1.585184476132902196e-05 5.552750410785995024e-03 -5.754049163274855237e-03 1.772674308150262810e-03
9.951230152351912828e-02 -9.963382277969028145e-02 -2.206752864174839693e-02 7.637213122668878862e-02 -2.894223042704754945e-02
5.076647773979644368e-02 -5.353789666264718861e-02 -1.571364953515862889e-02 4.665921293322684849e-02 -1.759024640807451204e-02
2.541412948072202527e-02 -2.174540165182081014e-02 -1.658021391157405919e-02 2.921742718920968332e-02 -1.023967946128650358e-02
1.178860070763470408e-01 -1.244789772426478924e-01 -1.647002294083711044e-02 8.442054598668019549e-02 -3.284123124723314219e-02
6.606729075557309094e-02 -8.267256278881851550e-02 1.807138280287286930e-02 2.606932418305826435e-02 -1.257392001241911840e-02
8.110662570584876996e-02 -9.480576434201493097e-02 1.427933044209629861e-02 3.580936244950444491e-02 -1.612354666618405138e-02
8.451668169567629063e-02 -1.102137530247394026e-01 2.822861085065927686e-02 3.124491244378219471e-02 -1.584617868697881307e-02
3.789544001894185749e-02 -2.886358240665105185e-02 -2.288887037228509724e-02 3.838513262791014291e-02 -1.322298952595196524e-02
3.272237174059104692e-02 -4.306267596222152633e-02 1.924361625980555365e-02 2.694713720484805553e-03 -3.072658189017312465e-03
4.989652047082283187e-02 -4.904492137728946183e-02 -9.321398448815704924e-03 3.554240385847124567e-02 -1.353819686706806032e-02
8.086468310983985219e-02 -9.296012519460551682e-02 -1.785929010016758375e-03 5.327854639085590621e-02 -2.174342315283224816e-02
4.522753205930464537e-02 -3.813357378954249782e-02 -2.117415477899494206e-02 4.183141988057811900e-02 -1.485600693273570264e-02
5.805415819012401529e-02 -5.192144520367032029e-02 -2.229366568820044872e-02 5.028475109502964641e-02 -1.816232134035565549e-02
7.724628521223139699e-02 -1.018750812584485466e-01 3.412593621474911687e-02 1.969007494378416379e-02 -1.165299917952278622e-02
7.451435111441120918e-02 -7.860016877582973183e-02 -7.849053491854062620e-03 5.033678726168637485e-02 -1.977229655116358870e-02
8.161995371945451883e-02 -8.620621323180986673e-02 7.718914807741358505e-03 3.658629820284788059e-02 -1.567704768958085026e-02
5.246482292302439426e-02 -6.864734720450949013e-02 1.639477086168619757e-02 2.090966729773912139e-02 -1.035090497549301554e-02
5.368622585712558293e-02 -4.902404505838216936e-02 -1.813905208375736836e-02 4.450385389076472881e-02 -1.625030260980223074e-02
4.943763818671138149e-02 -5.822665460391003578e-02 5.146636100404251325e-03 2.631299806392793303e-02 -1.132756281682768124e-02
3.487667033037300524e-02 -3.142817030176442428e-02 -1.694459732357242454e-02 3.456676180617113125e-02 -1.236629711709256486e-02
3.270672541231780389e-02 -2.531401700619020576e-02 -2.281565541179643095e-02 3.703384546219191248e-02 -1.273280486493776759e-02
6.923490762886390371e-02 -8.846090803136949510e-02 1.843190215938986937e-02 2.965051743298063522e-02 -1.417581503450302677e-02
1.576588350057966936e-02 -2.061944901139723882e-02 4.151458960827863684e-03 7.239078162344519257e-03 -3.440358415173047114e-03
3.321195487062700985e-02 -4.185092497307785209e-02 4.511087464072069397e-03 1.886689181750412711e-02 -8.282237612005529173e-03
5.291932804969348703e-02 -5.660379759356281432e-02 -7.778840612548992839e-03 3.900908119308642980e-02 -1.519074064361949396e-02
9.048116367311948016e-02 -1.102695278899283315e-01 1.714739532363846602e-02 4.221571406564732232e-02 -1.911889957640769064e-02
6.611757174510335400e-02 -8.259758554724032364e-02 1.349677392193384014e-02 3.142119595887499228e-02 -1.434208378619450733e-02
5.886496834214950680e-02 -6.591435736927023226e-02 -3.745790689342087029e-03 4.017803459014102074e-02 -1.612931490482785030e-02
7.436246615141464678e-02 -1.020949652781360933e-01 3.053987424845481732e-02 2.525279106816726710e-02 -1.371047800525696664e-02
5.474365453226984202e-02 -6.522586724976799089e-02 9.709582588984744245e-03 2.514370135978924448e-02 -1.132587388994362593e-02
8.459433169840487043e-02 -9.526425888070071124e-02 1.511268646672933418e-02 3.410613916877935914e-02 -1.541376187867243494e-02
5.975458494438706802e-02 -8.372403520598296900e-02 3.123838633983852184e-02 1.371993320410435681e-02 -8.973116837462069909e-03
6.965630390058398513e-02 -5.899014656693967601e-02 -2.734470332904309284e-02 5.842806384103262085e-02 -2.090159081950971470e-02
1.031207652595477892e-01 -9.242657606290849426e-02 -3.126264837161168986e-02 8.014520946039337124e-02 -2.938356687418213278e-02
2.204450446543897157e-02 -2.238642919132902143e-02 -8.087599820967076442e-03 2.096026049897644142e-02 -7.771246077216521254e-03
7.797418279287726683e-02 -1.030130777524652652e-01 2.638454465972943364e-02 2.969314574527770825e-02 -1.507256311308058372e-02
2.077893366039570283e-02 -1.623043859997674865e-02 -1.181514594436651987e-02 2.059005347188477830e-02 -7.159124844298843729e-03
6.930474645490718177e-02 -7.740700778572350005e-02 1.067686892105211213e-02 2.948229308708395779e-02 -1.310392454442301305e-02
5.136793179377539820e-02 -6.353379102301164039e-02 8.292398721850752219e-03 2.651158411539699875e-02 -1.179485363487004293e-02
4.129227866538311142e-02 -4.758080835284314580e-02 -7.784067950935372529e-03 3.557151218847754565e-02 -1.390187770785369058e-02
1.439828522448002301e-01 -1.404193634482706621e-01 -1.810789965317442449e-02 9.143072400196837479e-02 -3.530079606038601103e-02
8.545648550307893832e-02 -8.951112217772129453e-02 6.684754119072557586e-03 3.898860674730006415e-02 -1.646132219319275392e-02
2.543954969261336477e-02 -1.456271819267627651e-02 -2.540657402253904476e-02 3.353446615403360420e-02 -1.100293716689092725e-02
6.212750471532768604e-02 -6.570669202275043752e-02 -6.113582260614315936e-03 4.154245929321664227e-02 -1.633823646264907087e-02
2.756586492563770432e-02 -2.836016390351345576e-02 -4.479089900193290036e-03 1.980974140930399224e-02 -7.620550220607519472e-03
-9.371111153437562680e-03 5.378311796259123943e-03 1.290127556671444818e-02 -1.657073227451381567e-02 5.455232287223165354e-03
3.245381202315110458e-02 -4.931498203177280687e-02 2.367728975671377217e-02 2.864190150046409290e-03 -3.730561716816101561e-03
7.790254311407956989e-02 -9.318678778386624284e-02 -2.960430776197155709e-04 5.285787053564072746e-02 -2.181076956370790743e-02
9.411825533009310699e-03 -1.334506128605349358e-04 -2.333492072156874431e-02 2.439363616745721108e-02 -7.552892531324387551e-03
1.720832683247469977e-02 -7.474092517101246259e-03 -2.864426337445212523e-02 3.421840087690684179e-02 -1.104463678482118030e-02
6.556784306760478354e-02 -6.588239831753195386e-02 -1.692392775278563771e-02 5.314553814099436807e-02 -1.996264306668273092e-02
7.036162991284838908e-02 -8.357723881971185209e-02 5.562210051220151108e-03 4.023900323966349973e-02 -1.714369466111065679e-02
4.939516376322851399e-02 -5.535389120920998496e-02 -3.219755810052052272e-03 3.381127520551808346e-02 -1.355976801335577291e-02
1.108368593706900718e-01 -1.271130940547732791e-01 1.936005307903628132e-03 6.786894872696927483e-02 -2.817150327975472685e-02
3.337966747765306469e-02 -3.646116500460096915e-02 -2.024735566320965113e-03 2.182049661790618628e-02 -8.721704701951143307e-03
2.563781620035443867e-02 -1.693183301465774060e-02 -3.020986128946626104e-02 4.116861506781146346e-02 -1.373623240841773292e-02
1.606565118680633800e-02 -2.450728937701447674e-02 1.380859176857848238e-02 -1.004514148071063194e-03 -1.043550778525013630e-03
7.899598711181389510e-02 -5.372938449487674878e-02 -7.482264525699863777e-02 1.067095825878401488e-01 -3.587862936275065806e-02
2.967712681725525811e-02 -3.803785000098481445e-02 6.592703744917939070e-03 1.430392700870293000e-02 -6.593050644938855398e-03
3.220891465688471150e-02 -3.831478798233230176e-02 3.452643606071215815e-03 1.740381195930607028e-02 -7.519890112401962298e-03
9.977891781762132650e-02 -1.014152730513346035e-01 -1.468826973571010427e-02 6.926444835711391412e-02 -2.679524356551407985e-02
1.548651083962404584e-01 -1.712964118314869166e-01 4.432171560065660543e-02 4.172563744818810066e-02 -2.144743343361920143e-02
1.122627492808925820e-01 -1.021703209941657309e-01 -3.171299906742548746e-02 8.593688253272255273e-02 -3.173743618707845771e-02
9.576471776808245795e-02 -9.965442171815505623e-02 -7.907202017582170422e-03 6.125131136663056891e-02 -2.423615413635733448e-02
4.076162634920280775e-02 -4.859598087585424719e-02 6.950622928537763222e-03 1.896797449719070036e-02 -8.480934004702855161e-03
9.809425654394189620e-02 -8.133673637663732525e-02 -3.449647185846614617e-02 7.656630813786297063e-02 -2.750510363750192228e-02
3.137438297073784355e-02 -2.312402440488091696e-02 -2.608624351666823105e-02 3.947733952772940202e-02 -1.340760134136429783e-02
8.234144450880551136e-02 -9.809682038617043021e-02 2.436184989569560241e-02 2.635589809181202239e-02 -1.323802272217739461e-02
6.993912120419533418e-02 -7.644792785411903824e-02 -5.050586556138376808e-03 4.670199896120885708e-02 -1.859845643754829553e-02
4.520772561530009281e-02 -5.318122766106040539e-02 2.161418110120472223e-03 2.707199281546763397e-02 -1.136647316698935137e-02
2.902061038441308000e-02 -5.228809626617370726e-02 4.168411684959076602e-02 -1.471629000414883745e-02 1.627767742044055992e-03
6.655213338687630820e-02 -6.491004925754766119e-02 -9.697816512714363749e-03 4.361865808994234289e-02 -1.670149980772261608e-02
5.517054704748406563e-02 -5.533038518636867326e-02 -9.133188857467678876e-03 3.862142409353855332e-02 -1.477301933955919855e-02
2.916686581533969869e-02 -2.346215664706993720e-02 -2.350188696384799755e-02 3.757840082825515682e-02 -1.296103353785683920e-02
7.394175494246098268e-02 -8.990455203869970879e-02 1.088615543095699731e-02 3.808233415188026078e-02 -1.681182686834453710e-02
8.163757553648577636e-02 -7.935830072570208837e-02 -2.230225271213011687e-02 6.545745249688228462e-02 -2.440632294497697627e-02
4.925341176590657122e-02 -3.363767792129445516e-02 -4.069260595938772873e-02 5.947696006626461418e-02 -1.999592213381085060e-02
5.631095135092865911e-02 -6.784180311544660280e-02 9.295319168193663661e-03 2.726898650852868644e-02 -1.216880917407896050e-02
2.338366834485873513e-02 -3.930916894692911001e-02 2.685943172476720070e-02 -6.331637725179199878e-03 -2.500492836922330259e-04
1.002608098830201633e-01 -1.213141106719869550e-01 1.400622179585893877e-02 5.210485203159290202e-02 -2.292383059942023141e-02
7.339514214076385545e-02 -9.258876092455277373e-02 1.092861084889898762e-02 4.057644027262263808e-02 -1.792081773806564540e-02
1.052242755769516036e-01 -1.267521064006309206e-01 1.275060809041827538e-02 5.640913442155954388e-02 -2.454368009289926642e-02
9.438591834459168772e-02 -1.276523797438831875e-01 4.396241011616001948e-02 2.421078452239312090e-02 -1.462673233404513523e-02
1.567635134393725177e-02 6.105636186121111367e-04 -3.472233745388465798e-02 3.505823979915961841e-02 -1.066440671318470354e-02
1.162639470515532472e-02 -2.128965612046815684e-02 1.574491801573174241e-02 -4.445546453316308842e-03 1.333997306939557011e-04
7.015515167892016901e-02 -7.249131449631850133e-02 -1.659740168902195528e-02 5.690845776615702234e-02 -2.160012271839185233e-02
3.599173112630515287e-02 -5.171702862595592420e-02 2.513893625520578073e-02 1.889560349534672237e-03 -3.414558708032482733e-03
1.461554053466595227e-01 -1.496994293492165118e-01 2.830847712033700714e-03 7.444337073191151233e-02 -3.057800985104124070e-02
5.833877955618124028e-02 -5.633231369344671169e-02 -1.961337955866611707e-02 5.103930422550031348e-02 -1.890157304182011125e-02
-1.496133933058767587e-03 -9.238736557579733250e-03 2.307277189608378243e-02 -1.880362146774229928e-02 5.263002158358611945e-03
5.566953384798840887e-02 -5.088687253787870651e-02 -2.284785763707470468e-02 5.100181348999777847e-02 -1.848255028698062366e-02
3.306064623045254502e-02 -1.751663456927219850e-02 -3.974491832761876259e-02 5.021275030533005335e-02 -1.633409832669674780e-02
2.683459404170444873e-02 -3.897122465282407133e-02 1.777964064922721646e-02 2.859325816664751250e-03 -3.051333741859970413e-03
5.009391864445024434e-02 -5.597815289194719990e-02 -9.647184107852156730e-04 3.138214166088811735e-02 -1.275812667737111217e-02
4.298950173499426625e-02 -3.365464683318322020e-02 -3.271067075755013792e-02 5.229453874232677102e-02 -1.799432541576223218e-02
6.799227773863779356e-02 -7.159806780474498034e-02 -9.386194604290267612e-03 4.842070849081620693e-02 -1.884457541151858193e-02
4.061498715421263395e-02 -2.973200060287552529e-02 -3.693896838246986392e-02 5.472556615215156545e-02 -1.854941212187139615e-02
9.222838859318981120e-02 -8.782192346349013135e-02 -1.854085485459237848e-02 6.480780199173255540e-02 -2.444292561645488790e-02
8.517281703892147504e-02 -9.497128010647001850e-02 9.650714621081349018e-03 3.990287324540468805e-02 -1.721954084752592637e-02
3.627662567009293237e-02 -3.891241160941383975e-02 -9.597884697786199584e-03 3.191056318669621694e-02 -1.213554582232742769e-02
9.083454448586082697e-02 -1.174151150789975312e-01 3.861922552010104565e-02 2.280093744986980836e-02 -1.332394759569042152e-02
5.484285483478446022e-02 -5.829245208965778968e-02 6.633577444967016234e-03 2.300460436528346808e-02 -9.981261058141555759e-03
1.216270272174162226e-01 -1.116725793428434838e-01 -2.012497484343614765e-02 7.710824951747323464e-02 -2.910921580862881747e-02
4.107125059079533985e-02 -4.399118861360976074e-02 -9.837432643021533710e-03 3.487491115327652491e-02 -1.332942890568437205e-02
6.321337966342702175e-02 -8.787035469895594642e-02 3.317214214621784507e-02 1.382367992858834008e-02 -9.220129949543444392e-03
5.583276812098869613e-02 -6.377342881555171650e-02 -4.137158162056705016e-03 3.988141270805101168e-02 -1.599885043501439799e-02
6.323165760114618505e-02 -7.808154553799216691e-02 7.960906673586464616e-03 3.517277122845674509e-02 -1.533901977184447089e-02
5.832321334819161318e-02 -6.320135483654461261e-02 -5.689112525732210011e-03 4.023488410764033268e-02 -1.588953410789706658e-02
6.651274205282312058e-02 -9.359569714573612309e-02 3.691401370851161295e-02 1.313233332207210807e-02 -9.335975119483946871e-03
8.184220439349974840e-02 -8.660089369041751306e-02 -8.061273496270733585e-03 5.500464656769760152e-02 -2.169870081335963444e-02
5.481963493793554770e-02 -6.254831995569018477e-02 4.774243885250965477e-03 2.857748508658887812e-02 -1.217886852139310819e-02
3.288425227313253492e-03 1.376945274355447944e-03 -1.136856570526971824e-02 1.108816347686443493e-02 -3.348272213108364516e-03
2.914283698570648354e-02 -2.586520443460378280e-02 -6.108003244128903594e-03 1.936229653754374669e-02 -7.223269344214760038e-03
9.593748744911964610e-02 -9.473498602575583516e-02 -5.052268277323459719e-03 5.400506055938118083e-02 -2.143779221416135597e-02
2.458512560578994532e-02 -2.093954743486952860e-02 -1.718104883642448955e-02 2.960398232287331233e-02 -1.036287847628022084e-02
1.121755771911420868e-01 -1.344797602618627297e-01 1.554156076486556265e-02 5.740682561483465007e-02 -2.524742589398208670e-02
9.266910728272173547e-02 -1.054356577012927759e-01 3.515831171589243759e-03 5.360313476355835216e-02 -2.237331112652445400e-02
8.532158744125671601e-02 -1.063628012644194931e-01 6.937484156894438252e-03 5.316619434655651261e-02 -2.277919405099645619e-02
8.938782234113396008e-02 -1.030632120620671582e-01 2.328885538547241160e-02 2.946386212785042508e-02 -1.433081741808428164e-02
1.609683517433431812e-02 -7.939956790299813189e-03 -2.255874845698831871e-02 2.778138380414363340e-02 -9.016607311285137691e-03
8.525529906315219494e-03 -2.254503328095496667e-02 2.731572262633618492e-02 -1.596941757538404214e-02 3.655125808849882425e-03
1.081211635033914598e-01 -1.107256484321530454e-01 5.108695206355018045e-03 5.172078029232612950e-02 -2.156491883716540534e-02
5.894415786313899480e-02 -5.328097543007897369e-02 -3.174390288604493626e-02 6.236268984076380473e-02 -2.226116310700178985e-02
7.708154470947399528e-02 -9.481044269261000579e-02 1.042198938561381995e-02 4.162644422120057031e-02 -1.822542988181946252e-02
7.803998197068591491e-02 -8.275749517227627694e-02 -1.234025007075923754e-02 5.788377457666591536e-02 -2.243383780316206971e-02
5.923601039980910116e-02 -5.527458037395965168e-02 -2.455891310004005776e-02 5.550124299952552409e-02 -2.017256105595671006e-02
3.587212179079513757e-02 -3.939929140354734433e-02 -5.843816521523943763e-03 2.806429439774045173e-02 -1.094827266871163836e-02
8.019099327633311125e-02 -9.472943886902307487e-02 1.157490528329424909e-02 3.903691063026569485e-02 -1.716869156209520700e-02
2.279963550689078494e-02 -2.698910779491473649e-02 -4.342037087191733306e-04 1.559290255802785012e-02 -6.382878556937668542e-03
9.306798284844985947e-02 -1.040205983467486495e-01 -7.776472919843911095e-04 5.733828860527413057e-02 -2.345885985108280003e-02
8.536545583489767164e-02 -1.059581653204069024e-01 1.733758189215760595e-02 4.006467132698003641e-02 -1.828075363611579920e-02
9.641651677653376162e-02 -1.211280385083074451e-01 2.788078913435428421e-02 3.660331705422926324e-02 -1.789428318571869778e-02
7.824714456552490927e-02 -9.499563891386825221e-02 1.899382416461290390e-03 5.171300116659766077e-02 -2.158585726770430660e-02
8.637968869393743143e-02 -8.730785728148202085e-02 -1.950469446241557409e-02 6.733709674309278082e-02 -2.552216026744372548e-02
1.267577070965145436e-01 -1.413448868186382434e-01 1.074767972508541836e-02 6.401990248421686458e-02 -2.729326121580025188e-02
1.689720933514726048e-03 -6.101888508364679969e-03 8.818621478178656839e-03 -5.787250058405329044e-03 1.438186600160694731e-03
2.741366122516152373e-02 -3.601142672691293178e-02 8.437592630922077439e-03 1.120013506099240552e-02 -5.511832773969559812e-03
6.346626169865494937e-02 -5.313483284620017927e-02 -1.268851649936780963e-02 3.903803661579240136e-02 -1.444241631593649183e-02
1.214082733501563732e-01 -1.380687539777826489e-01 1.398345966273758709e-04 7.545493750182676040e-02 -3.103841636022511286e-02
1.364738447164197122e-01 -1.386081458323079607e-01 -1.285456031735775911e-02 8.650424964989872345e-02 -3.402823303711201286e-02
1.240970006374779271e-02 -2.078384925190364732e-02 1.383594478474029464e-02 -2.939777812990302872e-03 -2.617389392027538926e-04
5.881216376443959559e-02 -5.806117318385071308e-02 -1.619131617506238893e-02 4.812726171949016640e-02 -1.801012262275561784e-02
-3.110286376668230761e-03 8.430445174289790886e-03 -1.022397518499046538e-02 5.955988718874665258e-03 -1.357508341460529231e-03
8.032356259564854550e-02 -8.875354440048821569e-02 -5.611583016021058461e-03 5.436943088267556790e-02 -2.173911944782418518e-02
1.254668974467624820e-01 -1.058782264543185053e-01 -2.884504413359906261e-02 8.234437295099683585e-02 -3.039386247993305229e-02
4.410798960208251601e-02 -5.028479853392515270e-02 -5.356619664000768178e-04 2.817059810799685607e-02 -1.152371958293225279e-02
7.085614588331463903e-02 -9.427812052302154966e-02 2.184041245750190444e-02 2.997330291466378596e-02 -1.470204530898090549e-02
5.079624250966472548e-02 -5.615880681191649099e-02 -1.425304877782705747e-03 3.187306019609828511e-02 -1.291057650569047560e-02
1.096199016744500848e-01 -1.261370804696135550e-01 -5.496394272588579245e-03 7.632240942350403123e-02 -3.096138660629860900e-02
3.888703506589646225e-02 -3.778616733892194157e-02 -1.619189757002785501e-02 3.784389397542350930e-02 -1.386044433868802682e-02
5.736408707581888006e-02 -5.027213098756772025e-02 -1.172026210525847073e-02 3.704894941948201625e-02 -1.374353534014783988e-02
1.600586445421664852e-02 2.941675157751659324e-03 -4.282143656489654365e-02 4.243438697226465522e-02 -1.284834040354560641e-02
4.384526199287450132e-02 -5.768924269573262598e-02 2.079217867836303385e-02 9.354972641638644587e-03 -5.987661278154624359e-03
8.645167951891716274e-02 -9.638161561715162529e-02 -5.002238504525769250e-03 5.809906877684216375e-02 -2.336456037661263641e-02
2.685894548148097527e-02 -3.595569975287062070e-02 7.811641685579530890e-03 1.212543182933624279e-02 -5.850766086218773740e-03
1.292539410256601240e-01 -1.531971162170762402e-01 1.456197349223458878e-02 6.877367019883660892e-02 -2.985722521432524618e-02
4.381384685891404757e-02 -3.506925659378871962e-02 -3.299568938027658271e-02 5.348128577637001335e-02 -1.844655839770224445e-02
8.368597814846015503e-02 -8.735468467742284193e-02 -2.326328005602112600e-02 7.308038286382612103e-02 -2.767879977652830392e-02
6.169840887239026739e-02 -5.830278216518498813e-02 -2.548491181304398528e-02 5.821426289555566014e-02 -2.117657932586485686e-02
1.041734400480639894e-01 -9.548991208695316313e-02 -3.042893520777387520e-02 8.140616684785059731e-02 -3.003965636371688785e-02
1.295633697410605301e-01 -1.198774608938682207e-01 -1.727273576246660461e-02 7.850995278340999750e-02 -3.004206411286174105e-02
2.845761795211994988e-02 -2.674801420953934472e-02 -1.083602697259068888e-02 2.573300787593781752e-02 -9.415370775937058692e-03
4.219402817347086415e-02 -5.018493745830054920e-02 5.159366202348869730e-03 2.203809101209450519e-02 -9.597944561888642132e-03
5.597087675562573833e-02 -6.484614926911026755e-02 -3.785536730577984113e-04 3.648865834411216258e-02 -1.503592400179999677e-02
1.514670532043359621e-02 -1.849777367893042437e-02 2.609351636671741574e-03 7.409895661171314422e-03 -3.317961157953521270e-03
4.399648151167776661e-02 -4.950824411119158358e-02 -3.154306939362098473e-03 3.058952422731146467e-02 -1.223873542388527816e-02
2.769371376979313723e-02 -2.409020831665060688e-02 -1.424521511849610039e-02 2.766086492255651411e-02 -9.815494098960231631e-03
4.559243242062134549e-02 -3.396018899069856711e-02 -4.078263758252902160e-02 6.126336257025442877e-02 -2.086819926939698089e-02
1.122402391432668622e-01 -1.211708344478267529e-01 -1.629041823189457741e-02 8.339056941902112108e-02 -3.251874938139935611e-02
5.862166554079233788e-02 -6.415307425675738362e-02 -9.727684346267062229e-03 4.591659587589599911e-02 -1.790374707193368581e-02
6.346173265249445417e-02 -6.822709021914902250e-02 -1.218225898182236783e-02 5.043925998717579962e-02 -1.945151739958503670e-02
5.805995130544936572e-02 -5.753431161473625266e-02 -2.098607032245979748e-02 5.368393352237848387e-02 -1.986549049752330681e-02
7.042701854678036499e-02 -7.928118353285859565e-02 -6.048501096753781600e-03 5.030915996064353607e-02 -2.008328537792141572e-02
4.535106387890103230e-02 -4.634301312399152772e-02 -1.815680243488591167e-02 4.527343620439727712e-02 -1.675668631700507824e-02
1.195291386806222739e-01 -1.224940099969399759e-01 -1.221934243039061660e-02 7.738490488959130775e-02 -3.030174815952786649e-02
1.147417989535344934e-01 -1.390648886794203509e-01 2.149287726709221344e-02 5.342577515983711750e-02 -2.422318080633894741e-02
1.430835468286074386e-01 -1.605195113215150959e-01 -1.005254696437167354e-02 9.917372654281619848e-02 -3.977914389862288735e-02
8.325187055142262149e-02 -7.648053891728745501e-02 -5.796831539560950508e-04 3.800835377310989027e-02 -1.518389642693430790e-02
6.389145190704278998e-02 -5.293461761879775240e-02 -3.715796584883340054e-02 6.665660955567540014e-02 -2.334673099976028107e-02
9.090503440649227995e-02 -9.398231572323369198e-02 -1.586696653983608873e-02 6.754074395955653176e-02 -2.608744680155034718e-02
7.860728211656546616e-02 -8.678709991943898971e-02 -6.836126455157438310e-03 5.498289413209002385e-02 -2.194014415271533514e-02
5.954342461486943766e-02 -7.576864770811948813e-02 1.141548895257701000e-02 3.038678545696646069e-02 -1.373893183902496345e-02
4.062752239056489217e-02 -4.276695045510604115e-02 -1.119113110527883773e-02 3.555546916861374723e-02 -1.345625414222065448e-02
5.889461413391230971e-02 -7.350890289264210009e-02 9.119302090298290683e-03 3.156191444280525421e-02 -1.401464082516764437e-02
9.251664269773977878e-02 -1.017725954945193495e-01 -1.012067835464254377e-02 6.682023466984063353e-02 -2.647494565619202753e-02
5.993115411294845651e-02 -6.627334332164890041e-02 -4.108791878669511809e-03 4.039343866464429472e-02 -1.612479363116318953e-02
1.056165312882443863e-01 -1.184031053292532304e-01 -6.514271835651098963e-03 7.167356275112753139e-02 -2.871564902360616151e-02
2.309273912229537207e-01 -2.352480826008050141e-01 3.315830746154643793e-02 8.432567435971299874e-02 -3.748104961623919401e-02
1.473143649590182847e-01 -1.623493874424318251e-01 1.225400954923634711e-02 7.330118068422510069e-02 -3.124998706940500248e-02
6.346165277840562502e-02 -8.068419105473653707e-02 2.248782300373261198e-02 2.002920518286142523e-02 -1.052305397693511536e-02
1.170770097416198863e-01 -1.142283193720573659e-01 -2.258617362551509911e-02 8.389167229019718619e-02 -3.197451911451659745e-02
9.250961491290773941e-02 -1.051474544485986456e-01 -6.661954974308461480e-03 6.562627127659456661e-02 -2.639012101613778458e-02
8.100184718597243372e-02 -9.349988175711500260e-02 -3.295886253971891302e-03 5.554817528151771017e-02 -2.255676325579538191e-02
7.595317518730736184e-02 -8.825898250355337926e-02 -2.630157726579262622e-03 5.217125001269752593e-02 -2.127630535721906566e-02
6.801566141847274760e-02 -8.574686214402202356e-02 1.543895320054223218e-02 3.118354642456264147e-02 -1.446023089571798689e-02
7.209013031486975753e-02 -7.460025636369073399e-02 -1.611887705894557779e-02 5.756158417524070980e-02 -2.193654106002973156e-02
1.067879446440332808e-01 -1.265881481247163876e-01 -1.062179415676908377e-03 7.224939387166191829e-02 -2.972969026226940023e-02
9.504418145997607648e-02 -1.212703569293210742e-01 2.022241435917037158e-02 4.665477739427019432e-02 -2.143532972651754354e-02
6.574748360197113506e-02 -6.608983185252492731e-02 -2.679738305750025903e-02 6.539242102516770738e-02 -2.416618057139222064e-02
2.759875891834037351e-03 -1.316567159011495895e-02 2.111415362062506879e-02 -1.464308549474453540e-02 3.766882765612821881e-03
1.017506577986866390e-01 -1.083160310409447824e-01 -1.219344159390043508e-02 7.148407664846602450e-02 -2.805945949124630592e-02
4.491833660755760460e-02 -4.849471289144389324e-02 -7.583655304056871604e-03 3.468160933294855280e-02 -1.346264188233101990e-02
1.258736969153572728e-02 -1.950242087451857509e-02 8.613837010736926161e-03 2.149479573846247143e-03 -1.834479714319459023e-03
4.381514598578243463e-02 -5.932906065238183896e-02 1.707312552402517197e-02 1.518163131638508578e-02 -8.076046405439152656e-03
8.252206862368353935e-02 -7.931358792800817514e-02 -3.377856631508815988e-02 7.905554900575643973e-02 -2.898486520138146214e-02
1.034112296467142728e-01 -1.047474230002634066e-01 -2.682710528196390748e-02 8.540715631246173500e-02 -3.233199019966610799e-02
5.946927580632928312e-02 -6.794430953427289810e-02 -7.836388951777238307e-03 4.663081376771722325e-02 -1.843247464019732995e-02
6.046128658343234014e-02 -7.878852190957433277e-02 2.082946466321836110e-02 2.159552244545775643e-02 -1.109567741009892007e-02
7.271522789004296328e-02 -8.927663863933422983e-02 1.339574328979345821e-02 3.495780114690071050e-02 -1.577146442496561371e-02
3.037573363478365471e-02 -2.741243722256779536e-02 -1.663824002360391602e-02 3.240050412146740916e-02 -1.154438489293738331e-02
1.495032919275674776e-01 -1.670906500312077381e-01 7.567342309189047968e-03 8.214462117889444193e-02 -3.453217978658511961e-02
6.895083883714418771e-02 -6.422158168884276042e-02 -2.514372434945996368e-02 6.041809297920850558e-02 -2.207709386290639814e-02
1.312092658722321115e-01 -1.230014309601518419e-01 -3.867759187781554669e-02 1.054091781347097356e-01 -3.910655811850317909e-02
7.580514760236913008e-02 -5.834808143699778127e-02 -4.890379616644490585e-02 8.150776832748291012e-02 -2.825952211534465269e-02
5.593666821407747292e-02 -6.284609014774834856e-02 -6.528496131297696625e-03 4.193232297364155037e-02 -1.660366287019187162e-02
7.744067391044166804e-02 -1.013889256022403040e-01 2.987067083021480857e-02 2.428561153685587434e-02 -1.313677066020819441e-02
6.202161042870212027e-02 -6.568293494556834422e-02 -1.758913939533719370e-02 5.541968961486993389e-02 -2.102439172039312007e-02
6.600225509105073218e-02 -8.232868870611974310e-02 1.352532599395421878e-02 3.131095279205504955e-02 -1.432646371394304292e-02
8.447315018840866052e-02 -1.018681141461736106e-01 8.392655647610674022e-03 4.774113250040449424e-02 -2.058684286713556924e-02
1.064880724337013279e-01 -1.204734736739900003e-01 1.642593063933133878e-03 6.382446129614449681e-02 -2.637676448339849877e-02
7.958534142997054917e-02 -9.194221910471617187e-02 8.458627840053850946e-03 4.064088064691656621e-02 -1.750331656698604285e-02
7.914964830618681502e-02 -8.505213924623962474e-02 -1.532752953137293817e-02 6.320341346411158245e-02 -2.441372867359300342e-02
3.200902530315444250e-02 -4.213935385384546400e-02 1.298881428615056635e-02 9.449332097520638657e-03 -5.247065497569922306e-03
9.471873013738781044e-02 -8.852535029445596226e-02 -1.922340841660886285e-02 6.559128519382216582e-02 -2.469287656832849787e-02
8.384175954994897706e-02 -1.021540386029361203e-01 1.857284687063805867e-02 3.620186133867431266e-02 -1.684173488105812633e-02
6.693501614874110273e-02 -8.282232513488915759e-02 4.936084879081264684e-03 4.168874923689380035e-02 -1.777836260212910940e-02
9.871715728187506478e-03 -1.740383686215895426e-02 1.212770293839917496e-02 -2.888561145602022186e-03 -1.162101957309624305e-04
3.232016858164381973e-02 -2.698701389245528742e-02 -2.353918479979821843e-02 3.949578215964839184e-02 -1.373476584713430662e-02
9.296965210311097794e-02 -9.828815542398930405e-02 -5.404367206567208849e-03 5.816002225274446991e-02 -2.326531777755156197e-02
1.010394400905101492e-01 -9.958798761685887235e-02 -2.631996142297680225e-02 8.109311082900445833e-02 -3.050702415219798055e-02
8.202421663344722225e-02 -9.685089504316909959e-02 -6.863493213857690695e-04 5.490468918824689681e-02 -2.256917165812921677e-02
1.142012687091481793e-01 -1.204558341775091024e-01 -1.173399440382109568e-02 7.714081410321692311e-02 -3.041937903138034610e-02
6.677922926843418705e-02 -7.639535894242252545e-02 5.583454908279174810e-03 3.522530471132769014e-02 -1.498108991191138273e-02
1.074390740626404994e-01 -1.268564534500667973e-01 9.335742150413054580e-03 6.009342493617740588e-02 -2.576534775280973216e-02
1.356053954011418594e-01 -1.454519923757931488e-01 -9.538382493874753357e-03 8.892361881656368761e-02 -3.561754404002765578e-02
6.274347212414287112e-02 -8.117371655676332287e-02 1.832324693330420612e-02 2.583424565281680976e-02 -1.260273284474989347e-02
1.382049987974638683e-01 -1.505112631138338930e-01 6.546204741280477017e-03 7.333555145315927282e-02 -3.075266096451022280e-02
6.785743832642034123e-02 -5.667464475843927985e-02 -4.068751961730367184e-02 7.279397248546069787e-02 -2.555852899548623908e-02
9.864554970084181418e-02 -1.001032107018447748e-01 -1.994225683195436152e-02 7.468230180707637056e-02 -2.851654383960891895e-02
1.309144765062374427e-01 -1.422238038308442920e-01 -9.074273798997016874e-03 8.670665263795646061e-02 -3.466109022598012901e-02
3.022760337001512837e-02 -4.267980328176087385e-02 1.267995089638330845e-02 1.099676295049410550e-02 -5.928319051722988342e-03
7.477830685153512291e-02 -8.796306353399081790e-02 -2.690392869790621255e-03 5.237265007354552360e-02 -2.136343837611062377e-02
3.514389972149650765e-02 -3.842030013114584863e-02 -8.909506666135019737e-03 3.120124619231408672e-02 -1.195888129310723746e-02
2.211145715711804183e-01 -2.139402664865098225e-01 -1.285268416628588617e-03 1.097924739149262058e-01 -4.443287489146158231e-02
5.733481618624899218e-02 -5.887062403035302899e-02 -1.435328705990555551e-02 4.719007757835615852e-02 -1.786691998435077991e-02
6.564897279061841784e-02 -7.246930719137624488e-02 -2.835806940337493812e-03 4.245881650396612222e-02 -1.715858242058609928e-02
1.511253160220947800e-01 -1.678829879435029537e-01 1.567877041446419069e-03 8.956442626251245875e-02 -3.705432005945264590e-02
1.028310139482409569e-01 -9.835732760835697031e-02 -3.447682190013816317e-02 8.915581060385892320e-02 -3.299646628079981603e-02
4.656932786111268874e-02 -3.660916085693040334e-02 -3.573694787147430052e-02 5.712194178623483665e-02 -1.965769992494394505e-02
4.370279591923303258e-02 -4.853140400692975559e-02 -3.955801035633074901e-06 2.614788449901890924e-02 -1.070081767731479762e-02
1.360249999775142993e-01 -1.546192182756547240e-01 3.140726336032825111e-02 4.771885329962927830e-02 -2.255585228740899714e-02
1.662802743108646869e-02 -2.560872754294222370e-02 1.288237626889293663e-02 8.690434893350514360e-04 -1.744236982411839082e-03
1.731100856791377707e-01 -1.821292339498788437e-01 -1.950503261995337884e-02 1.193875407031579211e-01 -4.716509976158819034e-02
1.584693329591430888e-01 -1.608121364025763833e-01 -1.298276336631416263e-02 9.818060169741078813e-02 -3.879042873958643556e-02
7.548404296053931595e-02 -7.803615813023510872e-02 -1.726882173696214773e-02 6.063946303495798551e-02 -2.307376568797082222e-02
4.406458790590878083e-02 -5.267632883730773152e-02 -3.819638896754949144e-03 3.435949590905820750e-02 -1.385156969861855644e-02
7.828508920595945997e-02 -8.454877458148181424e-02 -1.916898375559702300e-02 6.793527879027777550e-02 -2.607921540159282431e-02
2.013517316893800035e-01 -1.974670378493956491e-01 -2.267138390293797073e-02 1.268016620586550069e-01 -4.949571941726792212e-02
1.362874460493296580e-01 -1.482412828147807449e-01 -1.041696159427238713e-02 9.208900679485643170e-02 -3.688657035843511539e-02
1.014439298607416745e-01 -1.121248643826010388e-01 -6.161578169950215379e-03 6.779651443727487126e-02 -2.723867231785409224e-02
1.498858220503669070e-01 -1.541269291818009590e-01 -1.359300744306693801e-02 9.596085061518631887e-02 -3.786280946115225254e-02
1.454741228695861643e-01 -1.614775440559779451e-01 2.589103880545284495e-02 5.752218581606778625e-02 -2.614020871797005999e-02
9.284798867446152071e-02 -1.051176469698202887e-01 -7.524949130757671578e-04 5.842281183644673637e-02 -2.396709189006261675e-02
1.306137885543967314e-01 -1.133132005962492056e-01 -2.426421552913943930e-02 8.117940831118924949e-02 -3.030983531381686510e-02
1.392274159967318015e-01 -1.704367082040744441e-01 3.335278374022524611e-02 5.814624387046070375e-02 -2.749685763043141148e-02
8.784613040443781107e-02 -8.490003855914762809e-02 -1.943033543646730671e-02 6.503145525363036861e-02 -2.455522113665094958e-02
6.421356090341447109e-02 -7.995806057766033370e-02 8.499006211032016436e-03 3.589519871957887881e-02 -1.572858540244723158e-02
1.579019820026013876e-01 -1.456360300041319999e-01 -3.463473508787177219e-02 1.114358865016718408e-01 -4.189848946964986470e-02
9.538609974430549421e-02 -1.274449369178885794e-01 3.425141055338287721e-02 3.543377782022313904e-02 -1.835298914050583277e-02
3.490521145354107818e-02 -4.312904652835779229e-02 1.708980586953402683e-03 2.272815229772015208e-02 -9.595119898897972593e-03
1.682696918447603232e-02 -1.901345575982551009e-02 -9.024460467590369626e-04 1.141677280196493581e-02 -4.598208734296356688e-03
7.059596782041790974e-02 -7.966156551279883480e-02 -1.000544652944316756e-02 5.553814788084193710e-02 -2.192702722628419101e-02
8.741644775126275468e-02 -8.556206598248167206e-02 -3.417344601725737924e-02 8.322460452087579452e-02 -3.069464620715302641e-02
1.600198538609089727e-01 -1.770472174867641912e-01 -1.202312618081237752e-02 1.106958715173598090e-01 -4.453187047556408928e-02
1.308307955936887923e-01 -1.506828299969696916e-01 2.110811726699240911e-03 8.118859702864827943e-02 -3.378195817287917707e-02
6.869484507299856990e-02 -8.625578495927073430e-02 1.003082472165567687e-02 3.800057952045290260e-02 -1.679259179124935678e-02
5.385355848417183733e-02 -3.839116969946569646e-02 -4.735059916863944285e-02 6.983845659801932171e-02 -2.362969249708410380e-02
5.577593397221550231e-02 -7.092772997087538889e-02 8.429856974490173779e-03 3.121490078273918278e-02 -1.380736352012576149e-02
1.353296390260312065e-01 -1.466321235648226362e-01 -2.267730924084421229e-02 1.059470296421220481e-01 -4.151654788653533906e-02
1.341756037887510966e-01 -1.420391306372824070e-01 -5.459314502703999789e-03 8.147550213735670066e-02 -3.282263469326439365e-02
9.874407367016872772e-02 -1.074775059533497612e-01 -1.145067025102437276e-02 7.089443999183671352e-02 -2.793849080815004327e-02
5.716673219495992109e-02 -7.240377154154654937e-02 7.780820933296006374e-03 3.276852600498010581e-02 -1.438333666762404810e-02
1.597112939399510934e-01 -1.927512977528009208e-01 1.868732320408200004e-02 8.776452299796179413e-02 -3.836169895414748982e-02
1.311026404797121792e-01 -1.216137225047908971e-01 -1.559213642940314622e-02 7.792270795120902205e-02 -3.006044296521515752e-02
8.545917080937340260e-02 -9.534740506959789308e-02 3.234166655533482655e-03 4.796610780553516723e-02 -2.001258855208923673e-02
1.073346381820263068e-01 -1.249439009047539489e-01 2.466834076227475067e-02 4.043826601384034602e-02 -1.907011321827157754e-02
1.308595233906945932e-01 -1.378023864768117557e-01 -2.511189803668230011e-02 1.025096681107626889e-01 -3.969566789495284492e-02
6.939394308616057827e-02 -4.856443581581058877e-02 -4.779824159274766865e-02 7.384483740274075392e-02 -2.506501669929715737e-02
1.118564564113381649e-01 -1.277862411502657114e-01 -1.776755370369996045e-03 7.269543282050142108e-02 -2.984935492910698041e-02
1.000842441171952008e-01 -9.310841459680632703e-02 -3.685600941897596711e-02 8.860287706321116896e-02 -3.253149679699980645e-02
4.408967112918729669e-02 -6.304714178670069169e-02 2.622669893047897133e-02 7.459892248344071088e-03 -5.860292722718771566e-03
1.841769969808274565e-01 -1.834321619341875154e-01 -9.893928840795067001e-03 1.055248925851637182e-01 -4.202810590381723943e-02
1.525834035094608861e-02 -1.064610439013586977e-02 -1.365793676061956459e-02 1.988256755279623617e-02 -6.707268633974830703e-03
6.823442690427033996e-02 -8.272274405424621946e-02 1.381034851095650808e-02 3.041750058501890841e-02 -1.390473753544913330e-02
4.460310423486268244e-02 -4.787704195175031957e-02 -9.342628809433097328e-03 3.640153810593372424e-02 -1.400979245803676311e-02
1.363771304949958629e-01 -1.301630963034769439e-01 -4.952368102781157938e-02 1.229727576720563292e-01 -4.547102225861383157e-02
7.210398585338813338e-02 -7.079361856959041910e-02 -2.377089086376838259e-02 6.331410751291488559e-02 -2.347401927920259035e-02
3.980137239426569801e-02 -4.970378534242550495e-02 2.609925200196678164e-03 2.559246069875997093e-02 -1.088334322539997838e-02
1.252600788924451147e-01 -1.322396636300742223e-01 1.438251287816620346e-03 6.809944812171361828e-02 -2.796771290659698719e-02
6.033276031809231554e-02 -5.638568470982562031e-02 -1.268249695996598488e-02 4.207201939939891888e-02 -1.575394352303237031e-02
5.319506204912947261e-02 -5.414071179119656074e-02 -1.456000929591711943e-02 4.475036179631654287e-02 -1.682054104601102273e-02
1.554775372960586488e-01 -1.755738847428863214e-01 -1.317981131697267862e-02 1.124082770543975984e-01 -4.521117896029993449e-02
1.431146908336503598e-01 -1.594773979877390502e-01 2.515361449293941707e-03 8.399267991637419939e-02 -3.485369366699747617e-02
1.345875320632288763e-01 -1.446928178213768845e-01 -1.378019375584376392e-02 9.358690414422060622e-02 -3.713371480850087558e-02
1.093479489238017716e-01 -1.363064472758895029e-01 2.390722298532221846e-02 5.000721572235400370e-02 -2.310466396469459949e-02
9.237436628867198851e-02 -1.067905802996600012e-01 6.890074889735417225e-04 5.820110676775417519e-02 -2.403409122228043759e-02
7.935583057483322489e-02 -8.099815917906327822e-02 -2.090388175677531518e-02 6.620577694584810213e-02 -2.500587270258286185e-02
1.167146125477123986e-01 -1.272368452880671963e-01 -1.201544070023507355e-02 8.275317048576054380e-02 -3.289972261421934829e-02
8.312951971905176152e-02 -8.102156835414153768e-02 -1.562973395759185286e-02 5.889513786145553903e-02 -2.243128755395630211e-02
1.205862813697095998e-01 -1.335296501342678188e-01 -8.973524260983972364e-03 8.304335697918246995e-02 -3.331513690714104498e-02
7.381862112766891804e-02 -7.953301367846622727e-02 -1.237958558313339771e-02 5.710827666286565768e-02 -2.226975852507292325e-02
1.596382268968593865e-01 -1.699552432328085561e-01 -3.583328094935769956e-03 9.463150806358579248e-02 -3.848245663030560454e-02
6.786990733713282875e-02 -5.690529923414952562e-02 -2.576602652775332458e-02 5.574442575824194168e-02 -2.002154075386551949e-02
8.543400163124323377e-02 -1.039208550000704917e-01 1.605366346390230473e-02 4.029990882743918201e-02 -1.833308986623135087e-02
1.370431739510983293e-01 -1.285715096087477749e-01 -3.199778948729611189e-02 1.001068567431402379e-01 -3.746815425287322587e-02
2.224737819325273147e-02 -9.109501716413928932e-03 -3.641746891645503831e-02 4.300393569298262969e-02 -1.381327012335278881e-02
5.455955431378593790e-02 -5.367279784305720863e-02 -2.562489367431305953e-02 5.723869287131934380e-02 -2.091493998729947526e-02
1.357878317762640230e-01 -1.191564780220880221e-01 -3.436221103406632282e-02 9.623491881172106799e-02 -3.561084468565643008e-02
1.063528683169895211e-01 -1.191690934319861866e-01 6.068108108116821928e-03 5.768044264332863186e-02 -2.427309756083915332e-02
3.626584945289584860e-02 -4.501884248997416876e-02 4.846530153601122208e-03 2.010223011280822675e-02 -8.816084840940457967e-03
1.001719376538078576e-01 -1.220296138152768134e-01 1.346650396023418329e-02 5.331197310603574130e-02 -2.336682895887209899e-02
1.161129938687845281e-01 -1.234651921001731767e-01 -7.436441902317424135e-03 7.433743767232407762e-02 -2.978760742687987240e-02
1.318355942325112329e-01 -1.371126319467998178e-01 -1.741613002253224879e-02 9.224358968883623888e-02 -3.608700641808584159e-02
3.295315049319944012e-02 -2.946601045852981909e-02 -1.690474483398315964e-02 3.358336894618207252e-02 -1.198918088561619355e-02
4.177005869977673536e-02 -3.770836513396218920e-02 -1.658971953316809578e-02 3.714801624009571313e-02 -1.343012662520273563e-02
1.712835950867396539e-01 -1.883719873340770345e-01 1.587966660399842481e-02 8.342180615800184884e-02 -3.584507490529459384e-02
1.179655429993555077e-01 -1.278216979922605356e-01 -1.928280169491586662e-02 9.157834470082748535e-02 -3.586111139891261929e-02
1.525200996607761761e-01 -1.732155342568112433e-01 7.889000459741403112e-03 8.611831048902560126e-02 -3.631898328300261353e-02
6.848187137550784676e-02 -7.979755036842112181e-02 6.951564576317540486e-04 4.348708852603487551e-02 -1.799390005970075146e-02
5.345298899934525921e-02 -6.709832543861699028e-02 1.128589532915641978e-02 2.533289846554550792e-02 -1.163504820812604271e-02
8.282563571786083489e-02 -9.562406904226830595e-02 -6.503631238927050189e-03 6.063845635149003876e-02 -2.436879020772238225e-02
1.183550012683155239e-01 -1.330933692457204887e-01 3.877569043720052299e-03 6.832407378981679436e-02 -2.854559349328901832e-02
1.281899202275091632e-01 -1.234204538567644782e-01 -4.355690235912110242e-02 1.128820037127996612e-01 -4.191409939991933009e-02
1.578810158920379292e-01 -1.668195050326886364e-01 -6.520802089030472252e-03 9.580756241784629812e-02 -3.860095639193630163e-02
5.379867674066957095e-02 -4.566280665811379286e-02 -2.971460436427025148e-02 5.548523662585373717e-02 -1.964636942530990915e-02
1.510531668273455974e-01 -1.622898840715924496e-01 -2.349010487669943650e-02 1.145254449662354429e-01 -4.484056204130833917e-02
1.036124378075049118e-01 -1.125550878405006255e-01 -1.378706623216738845e-04 6.036737039756365220e-02 -2.471304653659851802e-02
1.373207279487911048e-01 -1.507432516062441330e-01 1.928761717947966026e-02 5.877705069770952639e-02 -2.595327858410215877e-02
9.865214754901840966e-02 -1.198327873081005551e-01 1.774985055011456606e-02 4.723954456651992262e-02 -2.135807835237700861e-02
1.474622197744831220e-01 -1.624215162434298476e-01 -4.703316914483922535e-03 9.332719032721226160e-02 -3.791046904299413128e-02
6.071221984549321493e-02 -7.128271648062069199e-02 -3.456925712370598289e-03 4.392788432402399551e-02 -1.779986527048591990e-02
7.223146205751981852e-02 -8.466436817804467996e-02 1.759465536106372390e-03 4.495707687046825163e-02 -1.868102463596396645e-02
9.263445024492825142e-02 -1.114922855405726942e-01 4.986871675064809967e-03 5.706159591983643586e-02 -2.407335247175993245e-02
1.398775739259977557e-01 -1.427213571895616928e-01 -9.019752326483831961e-03 8.451263677041320754e-02 -3.362066016263794144e-02
6.074090430020590708e-02 -5.984125122403095853e-02 -2.638686428110921869e-02 6.122881243245196364e-02 -2.246122748075801354e-02
1.648002321014644389e-01 -1.644657415022069413e-01 -2.181662575770908913e-02 1.096408552330017383e-01 -4.261440654812859857e-02
1.540201772035144911e-01 -1.761662833197147060e-01 6.318695223192494475e-04 9.676673923877324168e-02 -4.006471771139074461e-02
8.418156248087294014e-02 -9.398142150859425947e-02 8.999144643482245073e-04 5.015954212973892934e-02 -2.074068837400028925e-02
2.253587311489620507e-02 -2.172417575065747550e-02 -4.083061193062192777e-03 1.550391873213230812e-02 -5.878151325977501798e-03
8.300388317915134706e-02 -9.658962698876190356e-02 2.865363222557060024e-04 5.316347334744074560e-02 -2.191557914283588648e-02
5.477653460752196501e-02 -4.103604777367541451e-02 -3.815015146590984563e-02 6.093017037903857708e-02 -2.087826600829099585e-02
1.659959806767845880e-01 -1.770564143083865061e-01 -3.028112130700602936e-02 1.303732316517156875e-01 -5.077075905664807376e-02
1.652828897605249370e-01 -1.881869465729847368e-01 7.131613819828668682e-03 9.537165363719332656e-02 -4.007050287133645528e-02
1.349649276391101382e-01 -1.290976808465446324e-01 -3.074921604046632756e-02 1.001475657578176637e-01 -3.778071955925323133e-02
9.904541959405771534e-02 -1.237303107052777074e-01 1.701125992361626066e-02 5.100123177937033320e-02 -2.282885710115339223e-02
8.931551432509279853e-02 -8.345655279017828720e-02 -3.563946303681506111e-02 8.229292446715913423e-02 -3.001902299259754173e-02
5.349089286265651388e-02 -6.732786415554162240e-02 1.306883724511475643e-02 2.340748084937617143e-02 -1.101834215890108021e-02
1.316614022225178482e-01 -1.435165308802890394e-01 -6.626218506978204768e-03 8.508339065939700407e-02 -3.434841373779969759e-02
9.431502788633350232e-02 -1.137835789971366474e-01 1.686939390356891055e-02 4.478386048648459739e-02 -2.027954873340939018e-02
9.810149262057557551e-02 -1.180010442266097026e-01 1.026470949291673207e-02 5.484058544307196525e-02 -2.377616471141700411e-02
1.141850672074260359e-01 -1.139031325969050573e-01 -2.176749439900731165e-02 8.335036421096150838e-02 -3.183910654333837326e-02
1.695668812820857463e-01 -1.655795434617344519e-01 -2.731422995691143094e-02 1.155439941810100374e-01 -4.443181426408110424e-02
1.433247410814005585e-01 -1.539580286417309152e-01 -1.163162739984724241e-02 9.588459781845211360e-02 -3.825376397047915850e-02
1.657409777037644194e-01 -1.705742275229528149e-01 -2.662362902020723107e-02 1.200784096397216894e-01 -4.658423406855138893e-02
-1.047669876489653804e-02 3.573488789893316392e-02 -5.026893325894898901e-02 3.249065316117107083e-02 -7.998696151510210212e-03
1.499492268492918778e-01 -1.428138001442785521e-01 -2.776881332929592022e-02 1.033382903214768861e-01 -3.931228245700701951e-02
3.314240287260231815e-02 -4.761395594181681845e-02 2.107041428097675834e-02 4.142385069796027629e-03 -3.923841229134817851e-03
9.399168813186399574e-02 -1.216071556977609686e-01 1.631735219016034952e-02 5.215239858703075299e-02 -2.339512169916881795e-02
8.605948529898281574e-02 -8.899196318032512321e-02 -5.482618072431411430e-03 5.260443807464913052e-02 -2.089747349894386513e-02
1.528902373707486662e-01 -1.726548231227082730e-01 -1.568986591949705911e-02 1.139907752022387283e-01 -4.567604572050591033e-02
3.981893887472712917e-02 -3.959953301969472428e-02 -1.241777919403585367e-02 3.456293381760956046e-02 -1.287909276969702310e-02
1.052671333900009470e-01 -1.066273232309421781e-01 -3.405799398813282031e-02 9.516318841384896476e-02 -3.571344237136660910e-02
1.712557994092655800e-01 -1.714268088731072670e-01 -2.066160588068883044e-02 1.120861500049590842e-01 -4.374392049181536485e-02
4.253477401179447254e-02 -3.998943805684752884e-02 -1.580116013977252848e-02 3.794510558899863439e-02 -1.388225287332356395e-02
1.173351551609090465e-01 -1.231163809597728281e-01 -1.797989391588940625e-02 8.600357285929594031e-02 -3.353463565130434393e-02
4.387436499863773404e-02 -4.899075757238922219e-02 1.547112681487383462e-03 2.467473689705644221e-02 -1.025433264555407516e-02
1.145441458129509843e-01 -1.218144654682352390e-01 -1.224106449304603224e-02 7.915580747136265194e-02 -3.132685370341609793e-02
1.736439339945283766e-01 -1.880610865555057409e-01 -1.409159392133634871e-02 1.177203427844434047e-01 -4.709052231733082405e-02
6.477592422278259654e-02 -8.195959775198240205e-02 1.724869749829112744e-02 2.719739856357320310e-02 -1.306120353437873090e-02
1.171500570020780063e-01 -1.285791099046225405e-01 -1.101044498052406763e-02 8.234699262435958567e-02 -3.279064905685120934e-02
1.199507220886723707e-01 -1.390633512430017871e-01 1.396504837397545898e-02 6.085046813625078627e-02 -2.650317313562641081e-02
7.167706014000574388e-02 -7.736782164857798627e-02 -1.950222230115193287e-02 6.438292541356745169e-02 -2.455697932318930826e-02
1.025475593770845961e-01 -1.141023818014596791e-01 1.826813731429656690e-03 5.996998218051492052e-02 -2.487275045007599980e-02
1.450571617024577209e-01 -1.525507626276914885e-01 -9.455305892896470957e-03 9.165065164628893868e-02 -3.665453325468671225e-02
1.268194888743228721e-01 -1.302671584540914251e-01 -1.803270694990086881e-02 8.897160443633561622e-02 -3.467711804101304696e-02
1.355616918299012430e-01 -1.363973355065637161e-01 -2.375365848067238078e-02 9.789510212499000219e-02 -3.769898099242813272e-02
1.012886350906894856e-01 -1.068602008300247180e-01 -1.266316776523301879e-02 7.106599229004349760e-02 -2.784788642556955060e-02
1.517752227446847180e-01 -1.504332650715334008e-01 -1.009909011138045848e-02 8.871534459050736676e-02 -3.517615231861234010e-02
1.610652446523200276e-01 -1.794733307485310569e-01 -1.538179087159225562e-03 9.959530411402607586e-02 -4.087639527274032625e-02
4.092689645926494285e-02 -3.637807883885336990e-02 -2.724322035322944771e-02 4.902827051002201647e-02 -1.732019966917138984e-02
-1.163811294300656773e-02 1.183249408998256723e-02 4.724751296066082365e-03 -1.164497738213054155e-02 4.304086129275586266e-03
8.192017006489769881e-02 -1.044482572675907300e-01 2.797353489793690320e-02 2.744451229714629098e-02 -1.416951533193190789e-02
1.424227014124170299e-01 -1.439700822571893524e-01 -4.012531261237980637e-03 7.909840734936589290e-02 -3.186786307275268210e-02
9.133290543682144602e-02 -9.379045902903648813e-02 -1.362719787851332694e-02 6.472978155744793516e-02 -2.516128497321669724e-02
3.931079658704510899e-02 -4.671131891179472473e-02 4.140803273911522996e-03 2.119842511196040960e-02 -9.129828104150399665e-03
1.641771861495138485e-01 -1.863045430414917158e-01 -1.170859567710963271e-02 1.168803890086164837e-01 -4.723087373679506901e-02
1.233445913394824178e-01 -1.338292173175569810e-01 -8.957557577642605295e-03 8.235998230309006518e-02 -3.297624640213097508e-02
3.713222345839551491e-02 -3.569723784341609363e-02 -1.743938267022664482e-02 3.815274318154053546e-02 -1.386578846028451405e-02
1.004869612907219462e-01 -1.202834089363481046e-01 2.248372210924374105e-03 6.571400371454169664e-02 -2.753751108301004738e-02
1.509081737590424188e-01 -1.626399891274567244e-01 -1.468981858457532120e-03 8.869700954318898711e-02 -3.625526197212746576e-02
4.346776709909232206e-02 -3.692727750057112068e-02 -2.127250765600243593e-02 4.152237531177709745e-02 -1.474180297827028772e-02
1.463938216093567113e-01 -1.434397018770916521e-01 -3.494567376393720171e-02 1.135670872328045367e-01 -4.300884413516609106e-02
1.282910753024552042e-01 -1.433358576436394027e-01 2.307303571451105751e-03 7.557730052529929021e-02 -3.138255757702737569e-02
9.804354384857764948e-02 -1.108749337722834821e-01 6.095905985499945959e-03 5.347865212460137935e-02 -2.258545078578038171e-02
3.376657678190827377e-02 -2.436178023509484591e-02 -3.845190548444220313e-02 5.465235192163064859e-02 -1.849500908511213584e-02
1.082476424336349663e-01 -1.281565686454398945e-01 2.827953977109279576e-03 6.865461135911483936e-02 -2.867807857581184880e-02
1.173841167249641271e-01 -1.271121517629789643e-01 -1.480244351944797268e-02 8.567333736865313798e-02 -3.380499410462985133e-02
1.074352892209788496e-01 -1.106897944800144390e-01 -9.323517166672372000e-03 6.836568339486255586e-02 -2.698588781859850155e-02
1.547594338919633106e-01 -1.606699493090991693e-01 1.215286615065936694e-02 6.996004264295276054e-02 -2.964980852029395000e-02
1.404884262560559260e-01 -1.376767109030646030e-01 -1.892613116164610157e-02 9.136416356445521691e-02 -3.526356132773024454e-02
1.393765288800431490e-01 -1.399789611450212856e-01 -6.905997288178962988e-03 7.955259972866737805e-02 -3.161982728560813749e-02
5.841820158494634430e-02 -5.943037247158680647e-02 -7.699424360661937666e-03 3.952782271364822103e-02 -1.534930137079116089e-02
1.137632895676027184e-01 -1.036012368762510572e-01 -3.250595336794727397e-02 8.761251388001167761e-02 -3.235616573562245801e-02
9.095143968068281071e-02 -1.004836948159750498e-01 3.551444374481298356e-03 4.996899558705198557e-02 -2.080903261990365433e-02
1.074717530162673657e-01 -1.073620788378983060e-01 -3.607158997839221472e-03 5.901280730512152572e-02 -2.360357691349111026e-02
1.619258098611525976e-01 -1.635209673827861254e-01 -9.772720747842300604e-03 9.552811313094333734e-02 -3.795623167749370003e-02
1.382406907301536869e-01 -1.423865931162732745e-01 5.131084670689830228e-03 6.826400470527595188e-02 -2.830418905077403471e-02
1.305298295714353018e-01 -1.331524076989410443e-01 -4.789413309360677010e-03 7.453451396921149941e-02 -2.991384966094981154e-02
1.343192473033134882e-01 -1.505258462253492580e-01 9.460317722351478317e-03 7.094071122102466043e-02 -3.009000756914345653e-02
1.549385248699351458e-01 -1.546598420108386274e-01 -1.637904878086740568e-02 9.811866069359317932e-02 -3.837105913447855232e-02
1.054835133327091667e-01 -1.172783395549640145e-01 5.426366911301821506e-03 5.730325892966282170e-02 -2.407796291031201810e-02
1.020806975172522391e-01 -1.280991938652332462e-01 3.232957581072173903e-02 3.579480586131544850e-02 -1.811506218140565908e-02
1.456060558263161941e-01 -1.571710729885988644e-01 2.809491338088779960e-03 8.066404013339066592e-02 -3.332003753354569053e-02
1.374493327636266415e-01 -1.464362178048893293e-01 2.957400118527685282e-03 7.403968062959941088e-02 -3.052755531270764933e-02
8.012351073056779571e-02 -1.013928598544534265e-01 2.105220459479643577e-02 3.404259655135109808e-02 -1.630877718605876561e-02
9.401788413511907860e-02 -9.471571566137759746e-02 -1.401821168241204618e-02 6.495821455603502381e-02 -2.513268842035247183e-02
1.101686499739381320e-01 -1.310556346427101948e-01 8.478290406736104304e-03 6.391236311788814350e-02 -2.732428138820366947e-02
1.151513877486120413e-01 -1.202780386122665329e-01 -3.025749807484773291e-02 9.889444831078461617e-02 -3.766660815592210582e-02
7.048528276606334797e-02 -6.569247410323851566e-02 -3.641925891872582755e-02 7.494078447078728056e-02 -2.709413331449904080e-02
1.192681182516135002e-01 -8.167152665241879383e-02 -5.167768384772371965e-02 9.169127553101578953e-02 -3.172829700903768979e-02
1.278629110122821988e-01 -1.422181429898908278e-01 -6.570857893010515621e-03 8.492285355858071594e-02 -3.428168678871645891e-02
1.915369795878378301e-01 -2.075296331034452713e-01 2.211944508695539574e-02 8.537432291564192588e-02 -3.708669166206259721e-02
1.106638947818507357e-01 -1.044884887001521767e-01 -2.179267210891587536e-02 7.692127083791260034e-02 -2.910840508459970610e-02
1.238794394246351266e-01 -1.375552784709276055e-01 -1.387209086350750260e-03 7.618275719724020012e-02 -3.116902033314684906e-02
1.092335303133614433e-01 -1.337508818343514927e-01 1.841053054827240798e-02 5.470700771551360170e-02 -2.454904560781119571e-02
8.552760878721564486e-02 -9.614869598661525407e-02 -1.442788927830502763e-02 6.997731872967412337e-02 -2.751446979574036569e-02
2.098359538770973309e-01 -2.119056983592624843e-01 -4.206243324675265627e-02 1.585616295364568606e-01 -6.080620582990359235e-02
8.285821725983023855e-02 -8.981326560231861489e-02 5.118530166495637197e-03 4.199825396519973886e-02 -1.767123237277829634e-02
1.468451760779249660e-01 -1.669356123397068847e-01 2.299636148775720344e-03 8.920428784323401750e-02 -3.703142430770214877e-02
1.714126168121269389e-01 -1.789527067057463117e-01 -1.055966123273163575e-02 1.061570397570169022e-01 -4.236923581995608729e-02
1.133024085958668631e-01 -1.147132705239639200e-01 -2.884427483751239932e-02 9.290609395787922942e-02 -3.520613177298335256e-02
1.043088566661703326e-01 -1.224230603005588280e-01 -1.108810600821135252e-03 7.016901651251337968e-02 -2.899934867958527465e-02
1.697814966357686361e-01 -1.927463501051383532e-01 1.807368043286883622e-02 8.467336870588956788e-02 -3.664717117593661866e-02
1.339514890351680698e-01 -1.305540062418823477e-01 -5.171659353225633443e-02 1.266871322003046418e-01 -4.684870519743957601e-02
1.137258977662665010e-01 -1.401784439128201942e-01 8.879968979763187484e-03 7.036741483229010108e-02 -3.021712996718572616e-02
1.525725432113831659e-01 -1.401582721926543096e-01 -2.735495901028717550e-02 1.001361115805846774e-01 -3.794518350091068137e-02
6.662753212484534560e-02 -6.814395181239887855e-02 -1.863595519152740076e-02 5.728085799769946918e-02 -2.166987619483245683e-02
1.447720029102398942e-01 -1.504170264979236282e-01 -5.466048674174472368e-04 7.954549090007173584e-02 -3.246222831366146061e-02
1.413079555881940341e-01 -1.400433309985524843e-01 -1.362455808524717232e-02 8.739514487391025765e-02 -3.430103305785935086e-02
9.524608776742721217e-02 -1.016448915954343973e-01 -2.557471805235850271e-02 8.462101177082888281e-02 -3.239324557701731000e-02
1.037313298293773139e-01 -1.013168605740120964e-01 -3.346277489981847042e-02 9.044101675843255195e-02 -3.374263347477687858e-02
1.681236753013254648e-01 -1.816023934664294237e-01 -4.648178061213498885e-03 1.026697383310898465e-01 -4.169686055330239227e-02
1.434389817235413311e-01 -1.472002113732769069e-01 2.199248005213042673e-03 7.410519320885008976e-02 -3.042893053350474372e-02
7.717349301070966505e-02 -7.814770638595124053e-02 -2.334139532717721330e-02 6.739242566724858163e-02 -2.524631775700357517e-02
7.640414207335344265e-02 -9.498671486806201103e-02 1.034734341207090534e-02 4.241192363586409469e-02 -1.864198214133024056e-02
1.153778230470254296e-01 -1.166634979583373866e-01 -2.851304718884316997e-02 9.346561773325105793e-02 -3.545965899478857597e-02
1.128857412709843716e-01 -1.249924142559610540e-01 7.757375786500128644e-04 6.689600100597428711e-02 -2.759510776811257421e-02
1.297422955948210332e-01 -1.156428807426416738e-01 -3.585886644241486482e-02 9.670487510623437810e-02 -3.569196512753076977e-02
1.458816650227921785e-01 -1.506161516610941831e-01 -5.085218519380632976e-03 8.480026998354862899e-02 -3.420691304736552668e-02
2.105576879865631856e-01 -2.163030429539735955e-01 1.375364809398230137e-02 9.704905475148024874e-02 -4.090746136031649105e-02
1.245122259307474277e-01 -1.243190606636924989e-01 -3.680842922179046461e-02 1.069955067340715438e-01 -4.026968982289944043e-02
8.597465269800183552e-02 -1.067689743456470414e-01 1.655617455123617118e-02 4.180746176560157928e-02 -1.901504530617215485e-02
1.147452252394993016e-01 -1.324605372172720508e-01 1.454835670263539358e-03 7.179611140329973662e-02 -2.980230820969686015e-02
1.090307246824419596e-01 -1.208580987680409752e-01 -3.896676689434883708e-03 7.031180599331447734e-02 -2.859065177040527594e-02
1.170757074757070304e-01 -1.295181018727820099e-01 -7.729678999081356951e-03 7.949083214031803235e-02 -3.200504082285367258e-02
9.612990360721496153e-02 -1.153334575603617435e-01 2.112638141300955761e-03 6.320688224593620785e-02 -2.650457977448681876e-02
1.264119858254474094e-01 -1.319641587294933804e-01 -2.334166332388102130e-02 9.677458841686535640e-02 -3.743092463209880816e-02
1.219894371292332691e-01 -1.253276467597829180e-01 -1.807081370106773319e-02 8.638918056316798044e-02 -3.360306609665116712e-02
5.735991858384440617e-02 -4.200164374408858758e-02 -4.865898958297892873e-02 7.343030089148387674e-02 -2.502170628399256330e-02
7.263246073198997843e-02 -8.312606835898954383e-02 -5.498957571684543084e-03 5.227301936408024208e-02 -2.099593614901675009e-02
9.095945896216653392e-02 -9.062939701034512796e-02 -3.556448713870462297e-02 8.816055500657138388e-02 -3.266343052149929538e-02
1.523455758085131007e-01 -1.696644581800634266e-01 -5.421440753758030411e-03 9.894197800128330667e-02 -4.027075449151042152e-02
1.577074159392474195e-01 -1.598154919604816704e-01 -2.949770016686574514e-02 1.172150736916094393e-01 -4.512777967785004674e-02
1.541830839350908089e-01 -1.668123618124095209e-01 -3.030852724252410327e-03 9.292737188233540779e-02 -3.785510708044097922e-02
1.045654088048195846e-01 -1.095242858290507160e-01 -5.790117488863757642e-03 6.393591831288596150e-02 -2.548654309608630597e-02
1.984947285892521007e-01 -2.303756254621132649e-01 3.157973333107150053e-03 1.250581032414782856e-01 -5.215036477054413311e-02
9.963712633541267627e-02 -1.175452754245485676e-01 1.572418754624697271e-03 6.394888383051176850e-02 -2.657037094695200233e-02
5.337165821445342961e-02 -6.745045407440153351e-02 5.305871730662936603e-03 3.288888163938696874e-02 -1.420361394103105551e-02
3.328028945258803412e-02 -2.949686358655788029e-02 -1.920885560980858248e-02 3.626672968328296942e-02 -1.287664673509646661e-02
1.309394627002387346e-01 -1.124567993615683409e-01 -5.439961175249542064e-02 1.153114582288920775e-01 -4.147720824939507556e-02
1.275422544699574556e-01 -1.145268991102276618e-01 -3.733646801506051993e-02 9.820344061155616977e-02 -3.620908040867809596e-02
2.064120592017400779e-01 -2.399192767746309851e-01 1.107848579756593420e-02 1.213043564603100144e-01 -5.143365901286930247e-02
1.797430361773056096e-01 -1.622953331432142321e-01 -3.817094616380956734e-02 1.225955888454301201e-01 -4.597639647190461532e-02
1.005350762302600065e-01 -9.549522066596385916e-02 -2.862460044316956012e-02 8.080254728405956988e-02 -3.015298844293218955e-02
1.001353885352870426e-01 -1.056598149002172943e-01 -5.870060245460368038e-03 6.273769925665383107e-02 -2.514211567256771987e-02
9.620909595646044699e-02 -9.428989417337316215e-02 -2.821168473517707623e-02 8.083944434801364209e-02 -3.032449162996609868e-02
1.284760611530695595e-01 -1.368728478110805835e-01 -1.699774280147128142e-02 9.285697888709604220e-02 -3.651264699016711079e-02
1.260563931989010233e-01 -1.323974540506556996e-01 -2.531985749075580522e-02 9.971002506466900006e-02 -3.849808121633514074e-02
1.175030386719157494e-01 -1.263413436859186501e-01 -1.164642991983055008e-02 8.117235842719931760e-02 -3.221152330380967765e-02
1.197327139233366478e-01 -1.439042064330519621e-01 7.872658642583844901e-03 7.237551758344741570e-02 -3.081516828173688771e-02
1.226569110882173158e-01 -1.377080402575680262e-01 -1.175535364772733321e-02 8.960294617848078846e-02 -3.590074884722151832e-02
1.190881641001216157e-01 -1.388044942528750270e-01 -6.163894244511615656e-04 7.859161979133745535e-02 -3.254812411896806229e-02
1.363160472093955522e-01 -1.420704838372500167e-01 -1.453113411336994301e-02 9.160124610049695526e-02 -3.611156741085801841e-02
1.986823684293909376e-01 -2.008078066323314426e-01 -1.136176443947842750e-02 1.167797567863490399e-01 -4.649908250596162390e-02
1.087688458008950754e-01 -1.088332751656385516e-01 -3.168688526034994096e-02 9.313043630002501572e-02 -3.509421706657684520e-02
1.069571753452564500e-01 -1.203551502807019696e-01 -1.157523467635904191e-02 7.993081355724560022e-02 -3.192032044247174183e-02
1.062677681142371738e-01 -1.226702283497409923e-01 6.452935759709794127e-03 6.047540128457883080e-02 -2.561746827020321138e-02
1.545891149132658238e-01 -1.822274235180830204e-01 3.091488358973284653e-02 6.586755603886604304e-02 -3.031423549841932852e-02
1.144038311542470154e-01 -1.192153551930632271e-01 -3.390500021682068860e-04 6.270764653986175829e-02 -2.552365500528836276e-02
1.657231876787391700e-01 -1.969512700580656750e-01 1.734326736635120533e-02 9.071322733238126879e-02 -3.934887343895192985e-02
1.276038057204433029e-01 -1.434248976511017237e-01 3.514711083397340039e-04 7.804039499813464342e-02 -3.219156940631864861e-02
1.298159734612970573e-01 -1.407898040108155335e-01 -2.859608622445765011e-02 1.098981579992253932e-01 -4.258006528312222733e-02
1.254173150348119326e-01 -1.526818843363869360e-01 1.631666551817902849e-02 6.798198601191873802e-02 -2.989173251345349572e-02
1.515922980228733286e-01 -1.696994513239245550e-01 1.344218351528831887e-02 7.694351539869338785e-02 -3.300465667282138221e-02
1.248307017297465987e-01 -1.193359838030085968e-01 -3.757909234890916689e-02 1.033816301052524478e-01 -3.852738249819573357e-02
1.941551940115570918e-01 -1.909310521914041325e-01 2.733676009492959358e-03 9.429342242603999669e-02 -3.856558754069360634e-02
1.214199441101002225e-01 -1.469174058389612070e-01 2.342245691355901438e-02 5.595701466820725972e-02 -2.556717645494474209e-02
1.702406184081228513e-01 -1.994113903540798149e-01 1.423040973107087166e-02 9.507546350380999267e-02 -4.082443474767476210e-02
1.215596981417539635e-01 -1.464737480241691536e-01 1.241911663409442888e-02 6.868169390705182453e-02 -2.977951826869246546e-02
1.636117288245498846e-01 -1.975583335658482043e-01 2.305074112080987558e-02 8.513624566181632325e-02 -3.764685396185420835e-02
1.304917914463307183e-01 -1.472301115918387415e-01 -7.253090057930709073e-03 8.935671209974906104e-02 -3.615656712184258520e-02
1.210072825602165059e-01 -1.329367534999403855e-01 -1.267982477115401491e-02 8.714503803695963779e-02 -3.472525092186576345e-02
1.196661659389415405e-01 -1.221423318261710966e-01 -2.899618598989002830e-02 9.752195796153642626e-02 -3.717765311617794721e-02
1.151690345252763675e-01 -1.314304705208138857e-01 7.204060675934714428e-04 7.178999173849953674e-02 -2.973625771105900192e-02
1.370224860138713752e-01 -1.658342584333888370e-01 1.849368440566732594e-02 7.275603111917419707e-02 -3.210533715844698238e-02
1.368613505053252744e-01 -1.439298405929121671e-01 -1.548568779642195761e-02 9.414594112274798920e-02 -3.711014851880774928e-02
9.153537048039003809e-02 -9.546784627295766545e-02 -2.057010046893588753e-02 7.434854079044801722e-02 -2.851354577121857636e-02
1.515792956504495026e-01 -1.740683206761020618e-01 2.767288146540705651e-02 6.385747897367814729e-02 -2.905983153214438883e-02
1.745096388185159997e-01 -1.897576220932431224e-01 -1.305403107198341642e-02 1.175539524989036994e-01 -4.711460054864358843e-02
9.499537078101828735e-02 -9.496865454669549400e-02 -2.836756944004388201e-02 8.210169514032623905e-02 -3.090102770495375961e-02
1.539749866474934004e-01 -1.688720620864295197e-01 -1.599078451442201634e-02 1.102609142581595925e-01 -4.387671110547042980e-02
1.517592813832863430e-01 -1.613949126182520899e-01 -2.769366769277943532e-03 8.857707678117952843e-02 -3.594069506101955913e-02
1.390156353742643125e-01 -1.561774590705405641e-01 3.241188869070972187e-03 8.181686620852253455e-02 -3.408365720631108264e-02
1.707357354769833691e-01 -1.958337674170938791e-01 -1.241854973922644273e-03 1.101426274459299942e-01 -4.545166148017118490e-02
1.119107691605764621e-01 -1.247669157231439258e-01 3.119204844514168219e-03 6.423568428444606515e-02 -2.673400588993238292e-02
1.592788177053407472e-01 -1.641959710016892005e-01 -1.972898368459050436e-02 1.087282774941383812e-01 -4.258195623935225743e-02
1.223375302903208506e-01 -1.279585404437363905e-01 -2.279005527381804119e-02 9.413071399390045280e-02 -3.641415725269368103e-02
1.590907058961694709e-01 -1.884892161347892225e-01 1.551027534940728134e-02 8.787999004646447621e-02 -3.796521159072016594e-02
1.746764095353545154e-01 -2.019032439800703682e-01 9.347159544008118784e-03 1.015689169198673303e-01 -4.300683593709241775e-02
1.410647300782964797e-01 -1.537390444644997078e-01 -1.002935215275015286e-02 9.462512729729695427e-02 -3.795761655097203147e-02
1.448572022754547606e-01 -1.455364099705096503e-01 -3.071385768344715717e-02 1.106449746825506064e-01 -4.224469814246491206e-02
1.389153239643836912e-01 -1.617954004470296414e-01 -7.297212472514459820e-03 9.948661686643309188e-02 -4.057224809763258777e-02
1.607508653210219518e-01 -1.888422006160652422e-01 2.398906684066105972e-03 1.035838851477830641e-01 -4.326351004292346147e-02
1.126378856372750453e-01 -1.207297698823646542e-01 -1.973950807864513837e-02 8.781286892626941065e-02 -3.421806644136931447e-02
1.247002408211635438e-01 -1.475448735932135547e-01 3.908319182763377400e-04 8.309970211052655764e-02 -3.459745850918852922e-02
1.154401385551868803e-01 -1.369201439919986996e-01 5.637573917171230346e-03 7.082349228516388040e-02 -2.999441004322813548e-02
1.384059947226523868e-01 -1.437937794968980332e-01 -2.796599654655450642e-02 1.082872475126885614e-01 -4.171522494187049346e-02
1.398823366130392265e-01 -1.682712944134562849e-01 9.268476001318207147e-03 8.488768813984276518e-02 -3.622689868962471887e-02
1.941743858854346194e-01 -2.095558648107223865e-01 1.041059254182897728e-02 1.000854056797623737e-01 -4.206989621046990091e-02
1.242968024200696575e-01 -1.264418513973267211e-01 -2.580423903872470712e-02 9.574208842788642371e-02 -3.670385833022130756e-02
1.247884863354683932e-01 -1.338916532462181563e-01 -1.502046696054833846e-02 8.911157195799469799e-02 -3.515016958491200966e-02
1.815426006677141879e-01 -1.958954746868375729e-01 -3.035115289513181172e-02 1.424301476353218854e-01 -5.611182492004302552e-02
1.644895081382429514e-01 -1.579943513059724747e-01 -2.081935755623362180e-02 1.034497137970140784e-01 -4.004671836898329035e-02
1.430678570706338248e-01 -1.367860488566506605e-01 -2.463072163173049903e-02 9.696446709138874243e-02 -3.705414167319785734e-02
1.591925516412701913e-01 -1.670511271308430246e-01 -7.414720418142509845e-03 9.663411377616359932e-02 -3.882719737596933285e-02
1.254862721335074927e-01 -1.394425588406132399e-01 -1.134512580134990935e-02 8.945138983983798309e-02 -3.580209093657841374e-02
1.225480114123104897e-01 -1.330762379374166582e-01 -5.484803455552942492e-03 7.787744682213086633e-02 -3.145874101907834147e-02
1.494368237663231680e-01 -1.693625798141484839e-01 -6.005172191498096487e-03 1.006011285246607573e-01 -4.102678921631451592e-02
1.182976784851682284e-01 -1.289816423769576947e-01 -1.399277690156638422e-02 8.613413433329618341e-02 -3.412889936646040789e-02
1.746128239550584493e-01 -2.074198930142800990e-01 1.233598916980882011e-02 1.028439630855363940e-01 -4.396743427865881793e-02
1.345383377833201388e-01 -1.278904675068119334e-01 -5.060566932768726517e-02 1.228823313197062173e-01 -4.530850842259105671e-02
1.673949571480694287e-01 -1.947147709598017473e-01 2.761202949705312149e-03 1.056032377797562760e-01 -4.402371790719215167e-02
1.264492970468328592e-01 -1.360337548006977371e-01 -3.362095968979575671e-04 7.316652384454787328e-02 -3.000823070774951556e-02
1.752579965713055576e-01 -1.622837976377220492e-01 -3.788281299048429362e-02 1.234363253098820085e-01 -4.644051021297417731e-02
1.545377063478281243e-01 -1.752632016479371002e-01 -1.509784362277956545e-02 1.149107700462169840e-01 -4.611624055808853651e-02
1.550896743339097994e-01 -1.767005768929415244e-01 -1.470232733725944938e-03 9.938608106185847779e-02 -4.093939367068850227e-02
1.648244370838523321e-01 -1.863971394883136290e-01 8.906868674182159829e-03 9.217944626968692379e-02 -3.896262813757735144e-02
1.242853083627765420e-01 -1.364611776353883144e-01 -1.450417305221475203e-02 9.089540405673153523e-02 -3.601304443898533519e-02
1.553198924017569760e-01 -1.753872684043691621e-01 4.010317498983074699e-03 9.147724495430596681e-02 -3.810433536979628000e-02
1.471661980195226593e-01 -1.643405355539899193e-01 -8.776026736295614028e-03 1.001894916945010178e-01 -4.048568470073166808e-02
1.821993301930067422e-01 -2.131009767343846895e-01 1.566224353644171674e-02 1.008134479377599813e-01 -4.329539394410650971e-02
1.558200333971901108e-01 -1.833473040220447159e-01 3.120869327082414352e-02 6.603203949882271995e-02 -3.039623531773902321e-02
1.029993948802835901e-01 -1.109441904872663226e-01 3.930778689559905927e-03 5.438457487237421950e-02 -2.259339425355651534e-02
1.508215795027426920e-01 -1.423844291979165233e-01 -3.481749345980634375e-02 1.110573061752701679e-01 -4.181856304959259696e-02
1.744895550307627996e-01 -1.736393107895512766e-01 -3.740551468435527466e-02 1.327396348666356751e-01 -5.068628379717445009e-02
1.278806750315337470e-01 -1.353840627283601494e-01 1.408573921893686810e-03 6.979906310781074097e-02 -2.864296739516403525e-02
1.511998618152634588e-01 -1.705940728243839077e-01 -1.280096565644650575e-02 1.091755834551189769e-01 -4.391016176725556081e-02
1.479625459899378270e-01 -1.564909833710711184e-01 -2.635566960555014993e-02 1.139878790422499538e-01 -4.428012512533622408e-02
1.531762711102246932e-01 -1.656205506910319036e-01 7.114265083214631191e-03 8.047211755693917112e-02 -3.371157860261440875e-02
1.988641470428517133e-01 -2.104741713514055867e-01 -3.311024064774399644e-02 1.511915609713378184e-01 -5.907339315933785723e-02
1.170168084733553271e-01 -1.192766995044124839e-01 -1.605209035714343438e-02 8.045434906060214275e-02 -3.130680773535285399e-02
6.804604975438724446e-02 -6.016747355901101019e-02 -3.855812306158336311e-02 7.368398548664402414e-02 -2.633692366352175310e-02
1.573558685573639426e-01 -1.531219566778316277e-01 -3.827271748938038121e-02 1.219089640168243976e-01 -4.603981515728058221e-02
1.761472323590191624e-01 -2.174116592183437946e-01 2.852017575673584243e-02 9.167316390763584344e-02 -4.109660431122640067e-02
1.130289612283461170e-01 -1.336299379349475958e-01 1.979045720468722985e-02 5.176576312630665894e-02 -2.338527809291012990e-02
1.341923708211277544e-01 -1.424793122225540276e-01 -1.786095172037799675e-02 9.658623228903041869e-02 -3.791817722967018994e-02
1.574941048098414953e-01 -1.898753084097256627e-01 1.000308230192295707e-02 9.658301977471921151e-02 -4.120705188105143468e-02
1.527172701596185844e-01 -1.677565537193695666e-01 -1.682685132470122802e-02 1.108734856320573170e-01 -4.409386388276955587e-02
1.211141554655865565e-01 -1.340101562290588466e-01 -7.801858575222366324e-03 8.186628366632217602e-02 -3.293482793895254057e-02
1.637031962868573387e-01 -1.750200562672936666e-01 -8.779676618104291855e-03 1.034604222163679060e-01 -4.159103100321421415e-02
1.439999543270131244e-01 -1.478452957525256406e-01 -8.093000785012812934e-03 8.634997390550783192e-02 -3.447449981258624008e-02
1.461087574514145504e-01 -1.448095116116898950e-01 -2.212068516081569861e-02 9.967490861821994008e-02 -3.852231483041031884e-02
8.753298052789541817e-02 -1.009368705703406338e-01 7.619413631497003354e-03 4.673825898703912879e-02 -1.998109589066329392e-02
1.248596675886704810e-01 -1.283969422057560650e-01 -4.302121256314093978e-03 7.170033639929987435e-02 -2.880446317086425220e-02
1.216769585433537110e-01 -1.343024058439938884e-01 -1.582836589080480541e-02 9.170044233965564395e-02 -3.628145977043375353e-02
1.297350634771574085e-01 -1.442190667103400159e-01 -1.251273101361949705e-02 9.344152366509771157e-02 -3.733232664610997703e-02
1.667565772745232822e-01 -1.986367380372076885e-01 1.673737704658033801e-02 9.243856520502516383e-02 -3.999346824623514068e-02
9.689465723660470320e-02 -9.797006229468065153e-02 -2.094538717387633975e-02 7.485732363686192770e-02 -2.854358294260694526e-02
1.481201970940884682e-01 -1.314465300026614603e-01 -6.169012529294272407e-02 1.342499219830895207e-01 -4.860894995972434018e-02
1.438654372089577527e-01 -1.598662481365417387e-01 -3.717747407563447379e-03 9.151107855383111556e-02 -3.737115189103618756e-02
1.965107068731502538e-01 -2.031970956539769779e-01 -3.103683874111249491e-02 1.430523442234007681e-01 -5.572042088081724520e-02
1.529269385686767846e-01 -1.715524628047846722e-01 -4.970946635275910611e-04 9.434991375009417480e-02 -3.882927934133633546e-02
1.856543327015579836e-01 -2.063197677404602914e-01 -5.935571900726329623e-04 1.130864281370503599e-01 -4.654873449069819175e-02
1.239107606321329380e-01 -1.326422474187103073e-01 -2.247588634708548236e-02 9.756768886400418728e-02 -3.802180055443094703e-02
1.226815720081972233e-01 -1.360785997551828275e-01 -6.965200925467810410e-03 8.225970932943119096e-02 -3.322658603680320177e-02
1.148809071500409562e-01 -1.250731850268365364e-01 -1.223685280544497579e-02 8.170883784543671313e-02 -3.242112629902161453e-02
8.564542349378025110e-02 -1.026100380770151171e-01 9.677555439552570568e-03 4.630999287454756058e-02 -2.007239381801838307e-02
1.159636814468478355e-01 -1.348936327907817312e-01 -7.998969235568401462e-03 8.485574877993183607e-02 -3.433623781934715818e-02
1.362139271521062567e-01 -1.603256104936635895e-01 6.481383518285543238e-03 8.257557520500503900e-02 -3.490225911970418898e-02
1.629011734567908931e-01 -1.700124380235665811e-01 -1.717639105221238638e-02 1.094604405285026644e-01 -4.318093559164106615e-02
1.239728295049159490e-01 -1.301062578932140890e-01 -2.128012938691213954e-02 9.367000930446049700e-02 -3.639080165612549461e-02
9.984750091148909823e-02 -9.955539509168767620e-02 -2.338870793877702650e-02 7.827427943500292473e-02 -2.972625354741935400e-02
1.103119463389558158e-01 -1.285299010887820947e-01 2.347669795079349725e-02 4.399200960004027994e-02 -2.046202049066501646e-02
1.361208708849401261e-01 -1.605649316623271594e-01 2.174158410859167515e-02 6.458009348385213011e-02 -2.889956720215052302e-02
6.223459347182443840e-02 -5.291924818651155826e-02 -3.850211050434500237e-02 6.933055251811384712e-02 -2.450450540250652398e-02
7.114776233731300026e-02 -8.013800496158390851e-02 -7.816895292158780595e-03 5.308506075587279827e-02 -2.110872200817286853e-02
1.305098531394034145e-01 -1.494982621955256441e-01 4.062220654588505862e-03 7.793321316664701681e-02 -3.259581258701302331e-02
2.196020737723315686e-01 -2.497906438772358739e-01 -3.314946479500519190e-03 1.424733990954774321e-01 -5.873555247120734041e-02
1.482516969660299666e-01 -1.723027937289108025e-01 1.654126286986426150e-02 7.671175680851410883e-02 -3.339694203465760208e-02
1.601323424777748305e-01 -1.821633996470737593e-01 4.662519474307820835e-03 9.503032915409478920e-02 -3.971814702246951462e-02
1.141237344519875074e-01 -1.134439349356478471e-01 -1.669802047539159506e-02 7.741018232745919270e-02 -2.995841078230420534e-02
1.552064885237631475e-01 -1.818378750643259989e-01 -6.282887952702848056e-03 1.098648642593935687e-01 -4.500478641972810445e-02
1.280657009236909616e-01 -1.506230691685319922e-01 4.949391808453641956e-04 8.399956317683338058e-02 -3.484369296113817849e-02
9.660235861562381510e-02 -1.138825824155850902e-01 2.082376788920133580e-04 6.392049621955743499e-02 -2.653928699580172454e-02
1.469878280033681539e-01 -1.530272560281136507e-01 -2.176800247171131394e-02 1.058094886149416602e-01 -4.125290632175974276e-02
6.596060326682214037e-02 -7.020313616628078013e-02 -1.551944081770379076e-02 5.547100854279406190e-02 -2.125221622061409035e-02
2.601654296282597187e-02 -1.027306661718692046e-02 -3.659078449758249724e-02 4.289748609970978760e-02 -1.367705441326867374e-02
7.791928341600355690e-02 -7.277625525188015365e-02 -3.620977828931962184e-02 7.825398322532838014e-02 -2.847615840000616849e-02
5.588665550647908126e-02 -4.838137543149437919e-02 -3.401066044463378624e-02 6.194331952267518454e-02 -2.184578327715890056e-02
1.423434892642448379e-01 -1.630759237900820668e-01 2.712096597653123470e-02 5.834329017997499922e-02 -2.672337941871937017e-02
1.518460869719115147e-01 -1.660877946581265918e-01 -2.152254070958711796e-02 1.154324138253367271e-01 -4.553870009748015729e-02
1.184778572077693631e-01 -1.147025944976341194e-01 -3.474212168795761529e-02 9.828558502663796437e-02 -3.676879648735569689e-02
8.738074691669842076e-02 -6.532648354155416726e-02 -4.625802968592107600e-02 8.043746910334549638e-02 -2.788177985831214942e-02
