4.349810970431724350e-02 -6.217395508432829038e-02 1.308135455456764171e-02 2.308920150389993237e-02 -1.113263625747521260e-02
7.447052060211906133e-02 -1.031852572627660336e-01 2.747499561406166468e-02 2.994072110673688669e-02 -1.539536839286565449e-02
4.852003536887552343e-02 -3.605181871439534780e-02 -4.830313661910796974e-02 7.097697442166644999e-02 -2.411834817779378096e-02
4.874735982004321788e-02 -4.999250259985198869e-02 -1.850558175194609578e-02 4.771518899772147354e-02 -1.775026619931874272e-02
-6.776062868016072445e-03 1.449868342617005590e-02 -1.375435589582915154e-02 6.216201693964524058e-03 -1.082892291585932929e-03
6.791008230967450487e-02 -9.068755137202737238e-02 1.823478462520457602e-02 3.248996932590682979e-02 -1.545493490177639838e-02
6.493935268543160610e-02 -7.441610232287210192e-02 -7.058293094925493887e-03 4.929076163045621045e-02 -1.959729610217555290e-02
3.783480936688844026e-02 -4.157000242366835213e-02 -4.496582134099946261e-03 2.759588036146642248e-02 -1.087282139272861305e-02
4.762325586124412091e-02 -3.563562397606742649e-02 -4.113085632891223808e-02 6.244519110945008500e-02 -2.132007745857936523e-02
4.812901536144688353e-02 -5.225054642318451709e-02 -8.167770688605675497e-03 3.744668764770935770e-02 -1.454139585889164393e-02
7.611246014284375749e-02 -8.454219973123798526e-02 -1.213692254775953876e-02 5.996222791012550957e-02 -2.342127751055748941e-02
5.272297450563288856e-02 -5.105164170895416104e-02 -1.296774375652576944e-02 4.048520682070248095e-02 -1.517450168701232546e-02
6.850410705429690883e-02 -8.751009658009049896e-02 1.964335771185853063e-02 2.759207922461285808e-02 -1.342457580565460488e-02
1.030817387554023162e-01 -1.162914743620820229e-01 -4.794154229892509667e-03 6.879143562608026896e-02 -2.773127754243479709e-02
8.883563134110997184e-02 -9.711376961902799809e-02 2.965664570763716580e-04 5.158563161043712431e-02 -2.112127885935759231e-02
9.543710162322736890e-02 -1.067062412301148511e-01 4.434502784506549021e-03 5.242267038787218336e-02 -2.186745356127049039e-02
1.099320601091734600e-01 -1.379198815450185522e-01 3.974112721650167879e-02 3.243604443536386717e-02 -1.738210281338476229e-02
2.492336469583634681e-02 -1.801819620503361877e-02 -2.080959264178657009e-02 3.122097849184663973e-02 -1.059169085950399138e-02
1.079852927851218947e-01 -1.229760363340378776e-01 1.466776041214092399e-02 5.005703346360855510e-02 -2.195288344376496170e-02
6.278784016066310536e-02 -6.230290736513231786e-02 -2.115243172368889285e-02 5.642853093606737397e-02 -2.099806336290238953e-02
6.998275435071366068e-02 -6.916811671486608470e-02 -2.259319725661701472e-02 6.143714005345685819e-02 -2.287635160047496452e-02
8.210965099089749530e-02 -7.439944034004059015e-02 -2.635985436434140280e-02 6.599837082189313753e-02 -2.412782540384983063e-02
6.723742089553555457e-02 -7.660246006797823137e-02 1.211339452770932891e-02 2.771246428552583477e-02 -1.253089929353604429e-02
9.164630342328752843e-02 -1.096609468438090873e-01 1.395792301741926103e-02 4.510074752695849426e-02 -1.996620941236821808e-02
5.800026604990490137e-02 -5.058266415289909557e-02 -2.142619155099765096e-02 4.837849858854532253e-02 -1.747887720457449306e-02
1.014349616486972389e-01 -1.029871648296724201e-01 -1.440689706230111403e-02 6.976408196373626303e-02 -2.703480934287344831e-02
9.882672884254373180e-02 -1.099045977176677791e-01 -1.456025264205867802e-02 7.674174965222498035e-02 -3.012331800749399463e-02
4.421915360293480340e-02 -4.346031411084253643e-02 -1.313538675263501224e-02 3.712757983522727706e-02 -1.382554403876212062e-02
6.547898111027566914e-02 -6.241620297822206981e-02 -1.667956075129697902e-02 5.024338094850636788e-02 -1.878064957073434862e-02
4.848042521003958355e-02 -6.173727644079701066e-02 1.274089793373001794e-02 2.075120566660990096e-02 -9.893184418498814775e-03
7.150067946863201962e-02 -6.827732548814965940e-02 -2.289021249771512265e-02 6.029271108852828076e-02 -2.225805328415154591e-02
8.008281962329211190e-02 -9.365069568581864401e-02 4.089346028180977297e-03 4.709831885387564393e-02 -1.977536467228887401e-02
6.404824910134661320e-02 -6.674982886743641153e-02 -5.627712839257304270e-03 4.121843161370985359e-02 -1.622523431184119680e-02
4.955928497315722353e-02 -6.334343596005910515e-02 1.544787092746395009e-02 1.850502470593833396e-02 -9.225479697199372858e-03
7.486220932823699215e-02 -8.364948141334774268e-02 -2.627977433732671831e-03 4.823330326377175264e-02 -1.948605745683116772e-02
8.507347829966696584e-02 -9.278520877143477119e-02 3.070064164619747474e-03 4.591407490708750150e-02 -1.904087594822105600e-02
4.446719232132623906e-02 -4.630528365248272327e-02 -8.745530945074811435e-03 3.428431836096963725e-02 -1.313557891534701018e-02
8.751103017980646492e-02 -1.014439097848221782e-01 -7.562097177889541902e-03 6.529838488585962275e-02 -2.620820369545970654e-02
4.734049877798475470e-02 -3.892961988763933567e-02 -3.946326663854392985e-02 6.346182054884245971e-02 -2.198544596940363999e-02
6.634510572665174022e-02 -8.051579305396386332e-02 1.773751290228709268e-02 2.464560674779539898e-02 -1.192048433199880894e-02
1.020260145892963322e-01 -1.076580001091520661e-01 -1.761365771424287796e-02 7.718426470942441053e-02 -2.985327675878138298e-02
6.056866558735778117e-02 -6.955488750140023657e-02 -2.866307644594637879e-03 4.162453167078025706e-02 -1.683593531449657094e-02
7.162946036783869250e-03 3.803003079523731463e-03 -2.555229113409175287e-02 2.441730874185861488e-02 -7.315146488430265652e-03
8.236459318223586512e-02 -8.893176269967469072e-02 -5.559172322957280088e-03 5.375220807303654480e-02 -2.143771251977506093e-02
1.109566856037048563e-02 -2.487903459054344180e-02 2.516587332250913231e-02 -1.233032230646893997e-02 2.378301850423422421e-03
5.517591333272665877e-02 -5.258073592581598982e-02 -1.738499444443102754e-02 4.614131326666041227e-02 -1.705014425170045533e-02
5.509867716250482078e-02 -6.482978255270169243e-02 -4.225051946373155690e-03 4.130956705988243077e-02 -1.665186078722532062e-02
8.866392657495469898e-02 -8.851773615266396444e-02 -6.870879886640026898e-03 5.303259864361396791e-02 -2.085893451429379417e-02
6.495299036151289118e-02 -6.623336269200168214e-02 -4.075167358978728019e-03 3.877855689155620261e-02 -1.535383334976031522e-02
4.337647391780740519e-02 -5.788253834079321730e-02 1.948997441492143073e-02 1.124823711877001760e-02 -6.670975654645644112e-03
-1.388235437087832411e-02 1.875569153744799725e-02 -4.699911828129243324e-03 -5.631073814488622709e-03 2.830862323351097595e-03
1.057827205393813419e-01 -1.171320453410707174e-01 5.764742738361423868e-03 5.639729108271377550e-02 -2.365018144903155081e-02
3.442855431982484726e-02 -4.031195440287325960e-02 6.224184561582299553e-03 1.500024213719379149e-02 -6.762039030438396665e-03
1.191782332948627607e-02 8.623155087500807350e-03 -4.660331431786136208e-02 4.345743210099586168e-02 -1.288152964253306762e-02
3.066052809799599613e-02 -4.521093975098149781e-02 2.114517403533003673e-02 2.967522063886338275e-03 -3.484070124911092022e-03
6.341228950412658438e-02 -7.137498973650881207e-02 2.415840954658255053e-03 3.591006481875159279e-02 -1.494832098757851307e-02
8.897281267558683482e-02 -9.262054986590793904e-02 -1.932812869468762684e-02 7.095461435480340806e-02 -2.713417992339717602e-02
3.847432992439691474e-02 -2.171452710836964395e-02 -4.257387688839367468e-02 5.533818440430385288e-02 -1.814510662342959380e-02
3.696376798940723823e-02 -4.088318871480964983e-02 -8.955744646923620650e-04 2.302589178904931866e-02 -9.335769739835707293e-03
2.422437791945787622e-02 -2.806151748363689552e-02 -4.301642572268818540e-04 1.598244668197397120e-02 -6.527285480365716680e-03
9.821046808183814258e-02 -1.021920910297654528e-01 6.670373756886740189e-03 4.554694717666425696e-02 -1.913716368891913919e-02
4.846633475231468952e-02 -6.639827320321399495e-02 1.751712496918178541e-02 1.930982488915534631e-02 -9.911547536140515383e-03
7.194411108111688213e-02 -7.291787266509480725e-02 -2.212448610567768412e-02 6.347149077803011796e-02 -2.380981975672634421e-02
2.225992848609381625e-02 -2.060009222444714530e-02 -8.721654921909472932e-03 2.009306333478812559e-02 -7.305539272391080828e-03
6.194862792854018835e-02 -7.215675932914931978e-02 -6.211262800476408412e-04 4.072180543257403890e-02 -1.670556414762550471e-02
8.846892790282731567e-02 -9.141173148854479791e-02 -1.049450770489218469e-02 5.941617320945559444e-02 -2.314188206050489180e-02
6.669429694782223750e-02 -7.872235386276504876e-02 7.271896756573896330e-03 3.550122426278758819e-02 -1.538304843892092551e-02
4.468738360674062715e-02 -5.080195204572388740e-02 1.926881880346326299e-03 2.544135800010339371e-02 -1.061655610462306290e-02
1.286352768924790002e-01 -1.425896110837270858e-01 3.993546741260771242e-03 7.190541599701991138e-02 -2.975686644295163705e-02
9.427500472586208824e-02 -1.076533965588939851e-01 1.855753292467373153e-02 3.742858837437330888e-02 -1.718881614394687438e-02
7.160632839261765747e-02 -7.062499995351521898e-02 -1.722097616812861415e-02 5.573272122139746182e-02 -2.101816513010439438e-02
-8.190869428815792481e-04 7.447829510327042338e-03 -1.364855723881796407e-02 1.002875539763085737e-02 -2.663556289331207513e-03
7.263360609308081028e-02 -7.661583894850196308e-02 -6.478557657949029699e-03 4.785007989870146417e-02 -1.892643480126019601e-02
7.508096573933910334e-02 -8.184536780017144519e-02 9.595451308666097523e-03 3.258504379480134383e-02 -1.422284829305364186e-02
4.437488982005659971e-02 -4.392383069411597007e-02 -8.067108467688036003e-04 2.315763971652423994e-02 -9.280386751632950168e-03
1.298308812045570471e-01 -1.269554140826001931e-01 -2.980423549628292632e-02 9.839610021926212258e-02 -3.710695159684280348e-02
2.126252601641930029e-02 -7.428057278953553895e-03 -3.627322377994344343e-02 4.176283715708197647e-02 -1.331170054346914218e-02
1.131395692650979806e-01 -1.264684351183849587e-01 7.266545400994047985e-03 6.014456162809773271e-02 -2.538846825686888811e-02
4.948006853925598220e-02 -3.798509277341813317e-02 -2.506010304046930523e-02 4.488186221814790405e-02 -1.560864517763339669e-02
3.075025000449106705e-02 -4.020942967572264243e-02 1.108557390295727453e-02 1.048083094169438741e-02 -5.476367932235815666e-03
4.289050254181413918e-02 -6.363494652484409653e-02 2.392754593535609264e-02 1.128160327005599955e-02 -7.286745063821781047e-03
1.125565786431402537e-01 -1.509104033996651051e-01 3.831664791416049959e-02 4.427935046164197669e-02 -2.235065269272309973e-02
4.385156129688462523e-02 -5.326030300732166600e-02 6.678510762451967363e-03 2.218306800325876155e-02 -9.801626231546142418e-03
6.659618071415629448e-02 -7.172786622072313545e-02 -1.666478873673562719e-02 5.783549461902710853e-02 -2.210683300374414670e-02
1.203989173885944980e-01 -1.320489797094414608e-01 -5.293240209011095812e-04 7.133149000254528083e-02 -2.912118122007920432e-02
8.423498499436649078e-02 -1.038264138200220843e-01 8.222535715608212878e-03 4.982744308036629599e-02 -2.150505203461467243e-02
4.883003621286441387e-02 -5.968648203420191117e-02 3.354770995364288796e-03 2.999851532373127780e-02 -1.274248174662686618e-02
7.211136046551359924e-02 -8.214789850700691953e-02 -5.362776155869696795e-04 4.558563844786335528e-02 -1.867356266101457066e-02
4.738424175782436631e-02 -5.158809807881199749e-02 -4.024470144111437671e-03 3.225155965550082632e-02 -1.280889410036750199e-02
7.908245209536039766e-02 -1.015268387538160177e-01 2.125090526859150369e-02 3.404575127839801901e-02 -1.629396221229210615e-02
9.233298231463159256e-02 -1.127064069750225023e-01 1.467324735898988160e-02 4.658498696881927664e-02 -2.068961209668925341e-02
5.860618775705286887e-02 -6.644541445417612158e-02 -1.544729625045407253e-03 3.820979318468859659e-02 -1.557316593500840222e-02
6.738121985645027096e-03 5.384515597905452887e-03 -2.569196057828279992e-02 2.335708533198621248e-02 -6.830465076295215779e-03
3.640638844752499409e-02 -5.405407703972348737e-02 2.148367318968122039e-02 8.143164419892925596e-03 -5.692801104543197821e-03
3.570058464920587010e-02 -4.054139186524800126e-02 -2.163779020168158599e-03 2.467734877486036163e-02 -9.919779342501062330e-03
-1.582141961998104890e-02 2.537063376249993132e-02 -1.492043009094433728e-02 1.494610923147414580e-03 9.749147478673110588e-04
1.172075123591047735e-01 -1.254115904865828746e-01 6.662278721050559314e-03 5.868180922988629200e-02 -2.458658252708783090e-02
1.745862007237515209e-02 -2.448056247781530206e-02 7.170844176215754665e-03 6.373680791389130934e-03 -3.412197596799860025e-03
9.940602126310475739e-02 -1.204773742592548519e-01 3.087832854778339246e-03 6.483716526086878706e-02 -2.716461168198548021e-02
7.707410929148195144e-02 -7.938817646227461222e-02 -8.409003056382553104e-03 5.081437035897764382e-02 -1.986509165472993138e-02
2.242201053184501164e-02 -2.310454435801001169e-02 -5.765898684189489989e-03 1.869387247158451823e-02 -7.069731283915673195e-03
1.424071608755175800e-01 -1.535630124924972639e-01 1.048276241457931669e-02 6.926113292826109602e-02 -2.923329977523007189e-02
5.817852929576683430e-02 -6.167144078045071892e-02 -8.403174496918514383e-03 4.223004469995766952e-02 -1.643068413343186374e-02
2.655396495885537986e-02 -1.934898205769922108e-02 -2.180893139903718886e-02 3.296558027008002212e-02 -1.120017971746526710e-02
8.227416480576565938e-02 -7.246229862471945116e-02 -3.417262093278938123e-02 7.361630322583374852e-02 -2.650289290458528874e-02
3.732628621041507444e-02 -3.502590685722872799e-02 -4.489830877061516505e-03 2.233141264195515757e-02 -8.566896676557180998e-03
2.765894735115536837e-02 -4.486845151554114813e-02 2.618614233548021905e-02 -2.259286663058134980e-03 -1.878478448784601977e-03
4.445893326576138421e-02 -6.097388689083153845e-02 2.049399443806098481e-02 1.231287208924128872e-02 -7.244641070643630283e-03
6.297516728875114655e-02 -5.296320887255641374e-02 -3.965547379424319563e-02 6.998076757394702807e-02 -2.451178670585751895e-02
6.328136390405943168e-02 -6.714034387741003862e-02 -6.867902951830352765e-03 4.333303137211334810e-02 -1.702695000570106365e-02
6.421799481246583119e-02 -7.850292908304869199e-02 1.544030456901502278e-02 2.630522378241789694e-02 -1.238078513287386301e-02
2.628738526225842670e-02 -2.566416063274644041e-02 -8.212145922726890243e-03 2.241035309442682491e-02 -8.318192162011586732e-03
-7.021517266147944084e-04 1.133186568183216364e-02 -2.225515428389206532e-02 1.683284160159530252e-02 -4.544620789651486643e-03
2.387041860510856137e-02 -2.536622509756247465e-02 -7.293000308570878054e-03 2.197930788840687585e-02 -8.296611724957238948e-03
4.125209814237584122e-02 -2.580450498831938361e-02 -4.412304101200618250e-02 5.970397419974397824e-02 -1.982151394096432276e-02
7.401787486915080427e-02 -8.181200628677419429e-02 -5.593624693969655344e-03 5.056741134458712927e-02 -2.016986785738936888e-02
1.684483858614931051e-02 -7.960522207928644178e-03 -2.224883352422228969e-02 2.717771165932814786e-02 -8.778979806590481161e-03
5.500208397543210337e-02 -5.461146717843549242e-02 -1.739049702600033165e-02 4.798676378308541768e-02 -1.787610637133006664e-02
9.979421062202695203e-02 -1.129187826197411149e-01 3.793612364819687506e-03 5.709536539815093792e-02 -2.379630942263031082e-02
7.297348963514101172e-02 -9.511922951949146332e-02 2.954463236195777401e-02 2.082638105585550570e-02 -1.164088209355326579e-02
4.762607559971031995e-02 -4.625056717899787839e-02 -1.444205554443807674e-02 3.991977322140626006e-02 -1.483630799992516174e-02
3.761428146947673468e-02 -3.715139517837369454e-02 -1.301863419696608348e-02 3.391552741695893353e-02 -1.254740164069424214e-02
7.080440354270960135e-02 -7.990051508885433196e-02 -4.021980380380368349e-03 4.838206914865034181e-02 -1.950966202796286519e-02
3.100794270096134120e-02 -1.897928437320840767e-02 -2.824842118227199536e-02 3.874455436438784678e-02 -1.283123038415417451e-02
3.556395913443851503e-02 -3.994763567272638372e-02 -4.584705135354283020e-03 2.712999249055212184e-02 -1.069745022313975912e-02
7.191928275875326959e-02 -9.530316515229969587e-02 2.002696368188305875e-02 3.264038341182316783e-02 -1.562184624865883310e-02
7.599773346278612673e-02 -7.475249618209847680e-02 -2.134995352648404524e-02 6.242614896149072806e-02 -2.331336198917554128e-02
4.761506778931798300e-02 -4.576478673060421776e-02 -1.787959854914029229e-02 4.353627308091274906e-02 -1.597692153091454306e-02
4.722955768291815098e-02 -5.211487896937798403e-02 1.438241532954236557e-03 2.623033300333834153e-02 -1.084599288535360861e-02
1.150727168295258146e-01 -1.237525217304684677e-01 3.339204911567615792e-03 6.187996670326176285e-02 -2.561182187867494867e-02
1.655391849044389116e-02 -4.990282667964460184e-03 -2.720663685507998183e-02 3.056029466580358067e-02 -9.623670056595062805e-03
6.120117137440674038e-02 -7.818317036400415643e-02 2.202641388771069478e-02 1.922501761788329017e-02 -1.015077884699783044e-02
2.397722109665503462e-02 -2.742276209613291049e-02 6.655943394353907271e-03 7.266576607494468210e-03 -3.619530324593500225e-03
4.820470993426942408e-02 -4.794915750592244896e-02 -1.184461874652026001e-02 3.812224340332283357e-02 -1.437455135593982032e-02
4.232606078321820425e-02 -3.348085706161504221e-02 -2.510331385349042627e-02 4.337785738518307871e-02 -1.505493380835711513e-02
4.316042334234315020e-02 -5.840864402457834892e-02 1.983865508251696566e-02 1.132139165927798473e-02 -6.742712426650056962e-03
5.479197620155264875e-02 -5.254681639102164181e-02 -2.060304255228637485e-02 4.999351001562247349e-02 -1.832617270699631040e-02
1.230523034211521496e-02 -2.159638905432732792e-02 1.424395703961638983e-02 -2.624490402082665496e-03 -4.651835318050984744e-04
2.449051220359610426e-02 -2.092289096465707252e-02 -1.450843803871106237e-02 2.642683931792772639e-02 -9.306419064472003927e-03
-5.301680287208683723e-04 -1.359905682348706152e-02 3.104960975856169147e-02 -2.487899053063406113e-02 6.930944009523387801e-03
7.781078311229293332e-02 -1.062202383606545564e-01 3.382692953241064893e-02 2.345830876175902802e-02 -1.323532381091989396e-02
6.554112932389623281e-02 -6.959265483761924165e-02 -1.242545394921141903e-02 5.118974331830483671e-02 -1.972174856155591710e-02
2.760896387490950968e-02 -3.222168175793480721e-02 2.634456230823832134e-03 1.472829724433136547e-02 -6.310458821018506345e-03
4.752205568260867152e-02 -4.362076361660938845e-02 -2.123950214777286030e-02 4.572896177218505054e-02 -1.651587963852397048e-02
4.196395159357093479e-02 -4.564185605740274376e-02 -4.661341718679917930e-03 2.978008476670756383e-02 -1.172829616396671090e-02
9.683669268089606375e-02 -9.396556697142882664e-02 -3.211822893512868843e-02 8.414206694883885618e-02 -3.107095001872679438e-02
8.377319002431231343e-02 -3.883913847493846577e-02 -9.552898521853782354e-02 1.170304564716783263e-01 -3.765695775572735354e-02
9.061880410323187862e-02 -1.024362494516836558e-01 5.901489286202752683e-03 4.888076090834528320e-02 -2.062236185827035981e-02
5.301789169982396716e-02 -6.094186119890335901e-02 -3.411260204717610645e-03 3.764955049881318211e-02 -1.517566239809217676e-02
5.830779707999008549e-02 -5.528269751109190361e-02 -1.595835670612553298e-02 4.575396619424675071e-02 -1.701972699615612525e-02
6.649315358377072549e-02 -7.407552282464628657e-02 3.072607262619579064e-03 3.628674175564814558e-02 -1.512172025486683072e-02
7.082205802944832596e-02 -8.210106452436033431e-02 -4.879202683047337459e-03 5.132760953241023022e-02 -2.069395012465797060e-02
7.627592186534705443e-02 -7.905050831780853493e-02 -9.928738541046845667e-03 5.257225331567509652e-02 -2.045637707934654451e-02
1.442327625784252110e-01 -1.404212797370553156e-01 -1.202289992151630779e-02 8.458707023328099206e-02 -3.312761602649730991e-02
3.130585565259155767e-02 -2.870136063668481813e-02 -1.892848474423499197e-02 3.593773115896111564e-02 -1.279297038440898801e-02
6.452030251275026052e-02 -6.495026858645626400e-02 -1.025057304030901895e-02 4.490085432460028808e-02 -1.722319156307409657e-02
3.026097815845407712e-02 -3.320625984825747307e-02 -2.598797357730638102e-04 1.802657909638117825e-02 -7.331272499789712009e-03
2.587372415261706554e-02 -2.323910848109544958e-02 -9.568465725145624060e-03 2.205759959281810775e-02 -7.985258959978378326e-03
3.832427474286902169e-02 -4.704211761323338209e-02 8.122814714074612710e-03 1.712781731763632354e-02 -7.871825200906545569e-03
7.482445771957756120e-02 -7.812167636190239794e-02 -1.323641875714945404e-02 5.631381371991420193e-02 -2.173481191855585262e-02
6.203171836205515627e-02 -6.609471772599748163e-02 -1.532389812494665271e-02 5.304903701445023989e-02 -2.026777194734747864e-02
7.912314223321433027e-02 -8.430554428943394518e-02 -1.580716135432703312e-02 6.286981280310154074e-02 -2.414329808066143987e-02
5.193180075917779720e-02 -5.716682172612048279e-02 -4.885206606433678891e-03 3.643345731789067454e-02 -1.445176727172763076e-02
3.922138124896467487e-02 -4.035041978915775152e-02 -1.373460794657242572e-02 3.706396711865188320e-02 -1.383294362068158805e-02
6.030329478967878104e-02 -6.287177829277131036e-02 -1.286304239881628717e-02 4.768769837354348146e-02 -1.819558443142196488e-02
7.138948118837745715e-02 -8.923374935684626197e-02 1.646830852857621152e-02 3.179287772543075430e-02 -1.480800327099406066e-02
4.324621075753019850e-02 -4.271113401605954735e-02 -1.878396715069402534e-02 4.365474720037339912e-02 -1.601215192715453942e-02
9.836995142717554208e-02 -1.119238786960712745e-01 -2.876899423240152163e-03 6.468056675386257837e-02 -2.631111592038316155e-02
1.009004759185536809e-01 -1.012214614315439104e-01 -2.078373913998168843e-02 7.556869955095030233e-02 -2.869127858028587552e-02
6.407804799262183104e-02 -5.693100680979788081e-02 -3.336619091389690650e-02 6.550284112338072839e-02 -2.332048939935982973e-02
7.723142360733857570e-02 -8.547765246423988383e-02 -9.125496180727081606e-04 4.708244384078975886e-02 -1.918990179402028234e-02
6.163480772609741115e-02 -3.648176476957547265e-02 -5.695780123369691833e-02 7.694271798649959804e-02 -2.537051858413260502e-02
5.158620684318997174e-02 -6.306641490507743086e-02 3.179805473708911031e-03 3.214151503723456510e-02 -1.361346762651893458e-02
4.568208358595067520e-02 -5.021641372151417620e-02 -2.700284236540862696e-03 3.014619944375125996e-02 -1.209253632512686735e-02
5.158060061867061202e-02 -6.247187698476002610e-02 1.177039969754778426e-02 2.139685764516666144e-02 -9.984791488695620235e-03
1.003282822669082641e-01 -1.242132488828761872e-01 3.391639079147782537e-02 3.102747904050068284e-02 -1.619805895816631147e-02
4.696682085588515382e-02 -5.451643706631554426e-02 6.382425000274495434e-03 2.258450192955688274e-02 -9.897047149285314108e-03
3.281845002101849151e-02 -2.070357179602291126e-02 -3.774866660494351212e-02 5.073584952230478229e-02 -1.683942901851796445e-02
7.657704270565106330e-02 -7.821862676782190271e-02 -7.047930957153533509e-03 4.851932498668138499e-02 -1.906297490666476052e-02
8.520927455262447547e-02 -7.565745041110659430e-02 -3.816111231625417960e-02 7.983595857282912989e-02 -2.863530790342181873e-02
5.428278356145105343e-02 -4.598122525868810623e-02 -2.495271382282348779e-02 4.972263899018316419e-02 -1.764952607199076970e-02
2.417670179404156697e-02 -3.454486608399504749e-02 1.160540306650923066e-02 7.406043671893787310e-03 -4.319931397815086373e-03
2.937533063223369406e-02 -2.541186084898281253e-02 -1.485575859610409853e-02 2.890097954196415089e-02 -1.024628626073454708e-02
-1.279968852714373322e-02 3.269481014721714596e-02 -3.851197421827153022e-02 2.201854143521015522e-02 -4.950691005510246025e-03
5.844987157586922083e-02 -6.798559422094886673e-02 -4.236341256939223608e-03 4.265990554348858543e-02 -1.714588757739062691e-02
5.012712001695130565e-02 -5.720402058553521879e-02 -9.087889840844468742e-03 4.234417320686753583e-02 -1.658095490555105966e-02
8.286398354255029852e-02 -1.032201285917558053e-01 1.330598300713230209e-02 4.353684409277640277e-02 -1.936727939127513495e-02
5.559254989019304233e-02 -4.790295834427451410e-02 -2.801835206550123622e-02 5.448305603376082940e-02 -1.932394650090119709e-02
5.066135848915415130e-02 -4.412060739127116743e-02 -2.812156276079716757e-02 5.310615514501206003e-02 -1.879819052523556619e-02
1.015025867380671687e-01 -1.258067559978475469e-01 2.240956348265600931e-02 4.557233247093339656e-02 -2.110939850937714607e-02
4.870794655688197999e-02 -4.305623455900010194e-02 -2.557829965060012117e-02 4.993310188981259223e-02 -1.777899794110564952e-02
5.659037754272711052e-02 -5.226262033474443625e-02 -2.801335326152884497e-02 5.799200283197959022e-02 -2.088193614061991180e-02
6.254570767318937130e-02 -6.159855586248905862e-02 -1.665909305943189325e-02 5.031910924924953149e-02 -1.882791375121434241e-02
6.579986693485921634e-02 -6.284404080364687506e-02 -2.627892789813661423e-02 6.166468984090956590e-02 -2.253298162411092667e-02
3.513314457723587525e-02 -5.518721720865416708e-02 3.058003709107327134e-02 -1.239137070455914938e-03 -2.762023136549348820e-03
1.012704121498324283e-01 -1.246032159730262462e-01 1.980575797798531101e-02 4.767053884849960232e-02 -2.169360374842666667e-02
3.198516313133653588e-02 -5.565314674193184985e-02 3.916500006601714851e-02 -9.886893916306652846e-03 -1.198116242045457535e-04
9.658963653448739139e-02 -1.109001456744137665e-01 5.324395880940333697e-03 5.474399079785344235e-02 -2.303268496185268549e-02
1.137567510900860113e-01 -1.051696047474951906e-01 -2.343215754448024074e-02 7.833971803600592310e-02 -2.943989649406824477e-02
9.918587259478463258e-02 -9.055951252348015679e-02 -1.121230844398265168e-02 5.704224019653795358e-02 -2.195176649152761478e-02
1.084576199479718311e-01 -1.023462727442937537e-01 -2.149599568139916664e-02 7.541711793230602978e-02 -2.850466423581203904e-02
5.679241899309227237e-02 -5.873021130293176739e-02 -5.521665681994261665e-03 3.692127777800052746e-02 -1.451210203980816092e-02
1.006096464306182464e-02 6.215370177363500198e-03 -3.736614688838167664e-02 3.523630982465261047e-02 -1.048523896088435561e-02
1.173137388631088629e-01 -1.228923049523624467e-01 1.872269243820503040e-02 4.289088599518051798e-02 -1.921827175470397844e-02
3.311300675734196036e-02 -2.989364565371127255e-02 -1.052445420698418406e-02 2.635940319988846342e-02 -9.621645927678629945e-03
8.734401682053780092e-02 -9.944849807803607389e-02 1.341760302730683578e-02 3.860216938254026897e-02 -1.711409639107950784e-02
5.375434093011911829e-02 -5.681365785047343825e-02 -3.018978083956804469e-03 3.321581207297370775e-02 -1.322154650000200403e-02
4.375052437898881152e-02 -4.806676902391958384e-02 7.927068277558303603e-04 2.477636930676500523e-02 -1.019251067806281434e-02
6.271533407354061562e-02 -8.271844168418220067e-02 2.357245265323330841e-02 2.079437845250767594e-02 -1.102527878484454993e-02
1.233491630149716883e-01 -1.297574789496810099e-01 5.770717729558935694e-03 6.101535523835995012e-02 -2.530499152375739053e-02
8.154328813458724609e-03 -5.547209260864045637e-03 -7.656251055028012731e-03 1.089814655069340846e-02 -3.651905893184041480e-03
4.743438686225470019e-02 -6.777170796901732519e-02 2.518958003180225141e-02 1.161055213487602322e-02 -7.499232202300676851e-03
7.485842089936581289e-02 -8.603607014136541165e-02 2.467340776727349264e-03 4.433420386786651735e-02 -1.844605521108922189e-02
9.997410955692836998e-02 -1.240948618167553169e-01 2.976508469212887920e-02 3.579439225133605740e-02 -1.774137340684858039e-02
5.746242697839766544e-02 -5.722663733189651408e-02 -1.381089581939620031e-02 4.506499293866882139e-02 -1.699131963441840101e-02
3.015285887234286574e-02 -3.259629092540239359e-02 -3.273313375185622938e-04 1.765673027601983094e-02 -7.167704648030529847e-03
4.562833602312757475e-02 -5.024791103731372777e-02 -1.495537006770955883e-03 2.870862208492354004e-02 -1.160194954420751962e-02
5.076700797765743706e-02 -5.060712722027568833e-02 -2.216086466350622800e-02 5.186838597521945676e-02 -1.907389015222933984e-02
4.648468977246406064e-02 -5.882586131596848067e-02 8.024395569912138454e-03 2.450369659435323172e-02 -1.095697891743955231e-02
2.566224670733480845e-02 -2.394008241968169359e-02 -1.079519009601684169e-02 2.423232898509130803e-02 -8.803982968622304020e-03
8.552328855342711256e-02 -9.019702879100542636e-02 -8.025929740306823879e-03 5.665396003421223348e-02 -2.233860356589234195e-02
8.335454383501891829e-02 -8.032042234074056319e-02 -2.308637861104507680e-02 6.701178525545381515e-02 -2.504955985555548659e-02
5.431352130415860457e-02 -6.979821929029678129e-02 1.494852181938408249e-02 2.295771189673139270e-02 -1.103377034522876228e-02
4.188130245253086220e-02 -2.697962889138617176e-02 -4.569279135072047693e-02 6.231814463359895001e-02 -2.074954242106986230e-02
7.038302421099865147e-02 -7.963861771132102474e-02 3.175937731588927230e-03 3.982774709003034097e-02 -1.668848727630781875e-02
7.083742071597946832e-02 -6.439060861931403257e-02 -2.136404850860121676e-02 5.571745948631127293e-02 -2.050422411919572765e-02
8.665425345757604703e-02 -9.295070782425612910e-02 -1.037799256869730707e-02 6.154365885589872798e-02 -2.420698676472753455e-02
6.404450458717349248e-02 -6.891808232349073970e-02 1.300555804863956738e-04 3.631426985854407236e-02 -1.481653837441054659e-02
8.015391095112887887e-02 -7.972079622342909122e-02 -3.157911705157805810e-02 7.749398658795390860e-02 -2.858084759497365318e-02
3.593822925234713486e-03 -2.074126819033806843e-02 3.512674195007582656e-02 -2.498715362672005585e-02 6.520065219636884436e-03
5.694755355232510724e-02 -6.617763938843856941e-02 -2.790367952538003096e-03 3.997125317777031756e-02 -1.619234113883721848e-02
5.678628895520927006e-02 -4.886553167062592656e-02 -3.590914784029210910e-02 6.423103491973609913e-02 -2.257720304876896164e-02
1.189932212827897184e-01 -1.271745923601712847e-01 -1.583459013241494615e-02 8.588753939633263224e-02 -3.361916752995276758e-02
5.552171115166232990e-02 -5.786571809895331431e-02 -3.246494272641088901e-03 3.381695755311719259e-02 -1.343165427754350674e-02
2.691376956550462982e-02 -4.215972859042425858e-02 2.308971272608528399e-02 -6.623176831005853690e-04 -2.196031952457818976e-03
4.373938689287383552e-02 -2.701793345001926236e-02 -3.465183296647259686e-02 4.885666868695005827e-02 -1.622441950099931182e-02
9.320412676992485823e-02 -1.104583450415577012e-01 6.437024357463456796e-03 5.402233079237736546e-02 -2.286668197644680864e-02
3.067292539360969017e-02 -3.479471432914428564e-02 -2.487902481208247897e-03 2.192349861342817938e-02 -8.760214754854066949e-03
5.388394085311861564e-02 -7.246418610613193645e-02 1.559098345793826640e-02 2.472689246552856046e-02 -1.190541036480195249e-02
7.604281578359114134e-03 3.701537042233553863e-03 -2.410503064393636902e-02 2.262510413911300589e-02 -6.698761202988287762e-03
8.054311257527904666e-02 -7.941727164219739010e-02 2.152087791078152214e-03 3.772067779716212904e-02 -1.543048808582851185e-02
5.557473016757390888e-02 -7.073268564993043239e-02 9.391252794917134827e-03 2.994423678783739856e-02 -1.337048155624329625e-02
9.000806584376895569e-02 -9.439212766494356477e-02 -1.608183025883651307e-02 6.815953007741677727e-02 -2.627889493983576880e-02
7.748105139119992879e-02 -8.686667344040073513e-02 4.617191665393556750e-03 4.170193627250005919e-02 -1.753821217157295470e-02
3.820362475055153612e-02 -3.661716523174016885e-02 -1.150065336287257878e-02 3.140663316589984572e-02 -1.161637301321473588e-02
1.029994564642399690e-01 -1.317850081097620696e-01 2.958929969854973835e-02 4.155633343172226990e-02 -2.021177565269107607e-02
5.947647159660038318e-02 -7.280297356856818558e-02 1.279704819103181720e-02 2.631066217608888855e-02 -1.215185500510672367e-02
4.963728119890493257e-02 -4.705322157204463313e-02 -1.882872156434629504e-02 4.513196061347915511e-02 -1.653920113742635492e-02
-3.414894418876484455e-02 6.496630698142633054e-02 -5.127468571358996530e-02 1.690815863544169184e-02 -1.436177047503282844e-03
1.705651281462200117e-02 -6.160606941185028246e-03 -3.042443702217803234e-02 3.517604483713078489e-02 -1.122377881798457787e-02
1.119794402329170879e-01 -1.227367617874310646e-01 2.502905489277753442e-03 6.315806611679956883e-02 -2.615937348775178653e-02
1.033522956898387107e-01 -9.729210224606396618e-02 -6.284435078307564967e-03 5.566627498932179979e-02 -2.193793186644820217e-02
1.320863548984256911e-02 -1.621882916676805134e-02 3.660196656150693784e-03 4.899135202149301413e-03 -2.383293688475104487e-03
6.952202312930344519e-02 -6.331816446232164941e-02 -3.724544268022265264e-02 7.384588091545411792e-02 -2.643565195238083837e-02
9.216228429799420974e-02 -1.033058639428012376e-01 -6.690707497274846899e-03 6.409615352064008953e-02 -2.569863543709121831e-02
4.651325085716229851e-02 -5.567507991608033197e-02 2.150619159045245605e-03 2.882548592360126283e-02 -1.212402059622929261e-02
4.502452979016619006e-02 -4.628984239422019586e-02 -4.585540078480039236e-03 2.912354872451152973e-02 -1.137604767194584990e-02
4.489354565135226377e-02 -4.703724214593804631e-02 -9.815356048287694063e-03 3.600351299672312905e-02 -1.373993228867523113e-02
4.788791851055611976e-02 -6.843782076392203317e-02 3.354255578395885090e-02 2.062623949064785068e-03 -4.350421398405108532e-03
1.455363370382566357e-01 -1.422322057267686179e-01 5.615477253150188107e-03 6.569718979029015582e-02 -2.712631260538238276e-02
5.971455281937464166e-02 -8.090426654511471971e-02 2.959638589163765890e-02 1.323910296807981855e-02 -8.547012345430716682e-03
-2.469549149030508123e-03 -2.067582661929372526e-03 9.918627511898640836e-03 -9.067033810741980879e-03 2.660866671673925692e-03
7.906130240191489023e-02 -9.592177312805498512e-02 1.813015215936571861e-02 3.277265003225066781e-02 -1.529174307011570838e-02
1.805449212336585410e-02 -1.918290506363697426e-02 -3.977646133494441676e-03 1.478202221496633870e-02 -5.663198753759699985e-03
2.334916598526229001e-02 -2.502335118748516204e-02 -5.348995855927855120e-03 1.957218665118030596e-02 -7.503184950554408171e-03
5.034013143774276888e-02 -5.001246263638436940e-02 -1.232764108884833523e-02 3.958036504171575515e-02 -1.488523550308822052e-02
6.305838596042735722e-02 -6.969368391046641686e-02 -6.806403042738435986e-03 4.549771811744490052e-02 -1.798390289017837845e-02
5.569063585159994556e-02 -4.205761877681785804e-02 -4.466629490259023394e-02 6.916123869909912569e-02 -2.364511116861725895e-02
4.123355864193661846e-02 -4.818238667969485661e-02 -2.533771596385517560e-03 2.978730852825527478e-02 -1.202877137927255667e-02
6.183988265384570554e-02 -8.552417740417596337e-02 3.134681260253711910e-02 1.429285237552035612e-02 -9.177873155062179697e-03
9.341804383733319506e-02 -1.237245645573567809e-01 3.255568916610148550e-02 3.473790322469126612e-02 -1.781641691120639664e-02
5.041785404977670165e-02 -6.160638395328037198e-02 8.081891291253367679e-03 2.539191510111827102e-02 -1.128216084919703502e-02
5.542036432387559275e-02 -6.126626729371237312e-02 -6.632513895919700878e-03 4.089914372563263623e-02 -1.615326158817855656e-02
1.800537783593958441e-02 -1.177664367765704836e-02 -1.791565180721487946e-02 2.488639463517089770e-02 -8.302829647436000063e-03
5.431045832654177868e-02 -4.881427561068944765e-02 -3.159167578877025706e-02 5.994164414068891417e-02 -2.128523320949925191e-02
1.168874256219436664e-01 -1.106416995438415235e-01 -7.734311425368836299e-03 6.372168163724417633e-02 -2.497503026242877192e-02
3.204529234073025951e-02 -3.114428019815670967e-02 -9.827075267071570808e-03 2.703699195606917502e-02 -1.005257704547797386e-02
1.078382834790017619e-01 -1.072363467162970180e-01 4.088719733146004183e-03 5.007952949135761195e-02 -2.068240393949745057e-02
5.272109448954214600e-02 -7.680677365761602593e-02 3.167389787395449852e-02 9.752161317985404143e-03 -7.405856687870475581e-03
6.688000603189088455e-02 -7.301116730915216402e-02 -4.929803545059940721e-03 4.479332473771075601e-02 -1.785314415920215975e-02
1.005355753354010839e-01 -1.242444817859722772e-01 1.060793169361598336e-02 5.856932749708065183e-02 -2.531462553269257440e-02
7.449822507207307098e-02 -8.298803739475676955e-02 -1.194283758899442049e-02 5.904034954568131849e-02 -2.308526885802634002e-02
1.081600786794991859e-01 -1.034858173605289478e-01 -7.825926742094929320e-03 6.072767326141687017e-02 -2.382827577118002901e-02
5.179524495066873541e-02 -5.469213668880302387e-02 -3.913075450905958638e-03 3.315491929375877223e-02 -1.311954367185738657e-02
4.555077752879046343e-02 -4.896624947070875311e-02 -3.398849628929714092e-03 2.981493189375344563e-02 -1.182722495128317799e-02
2.894159445268227812e-02 -2.631388340530954606e-02 -1.388655987844727470e-02 2.874138646088256199e-02 -1.032401786671266822e-02
1.068274010059146878e-01 -1.315799954165004781e-01 1.410886276184004570e-02 5.882489444906664755e-02 -2.585307512945853731e-02
3.806948219794677873e-02 -4.388691031165781187e-02 -2.958332346450229331e-03 2.782188709320870465e-02 -1.119396708260717369e-02
3.860394601331510606e-02 -2.943931941808824310e-02 -2.742836792795004877e-02 4.392456248044177003e-02 -1.505741037567941663e-02
4.850557611851186168e-02 -5.501841072678869543e-02 -7.820608161370477471e-03 3.943970155308386405e-02 -1.548014984782621756e-02
6.862195715784412398e-02 -9.546606727081635713e-02 4.994580515634999829e-02 -1.359820937403267722e-03 -4.581475233542298998e-03
4.446617551774890292e-02 -4.978696968810232548e-02 6.044088875066501660e-04 2.629105281414794923e-02 -1.084155804247617996e-02
1.745400796841165350e-02 -2.199917585430686759e-02 3.589884376969895187e-03 8.418511578259298134e-03 -3.840764732888369767e-03
7.959908859676602388e-02 -9.502872589165214934e-02 8.196274602870028125e-03 4.374280249644726948e-02 -1.887257104767353297e-02
5.852509450519302603e-02 -8.449708205187866916e-02 2.732855590076876950e-02 1.957822553740126009e-02 -1.106936055875564796e-02
6.938710902777095457e-02 -6.916482063945468550e-02 -2.809267708207825384e-02 6.818604551065933495e-02 -2.514437106426115412e-02
4.803418050300871378e-02 -5.554825038888450139e-02 -2.422049487476032100e-03 3.352797787008947317e-02 -1.355991510230200765e-02
1.484473421184272501e-01 -1.526221828814890991e-01 -3.464002993084345974e-03 8.328281761281296214e-02 -3.358996170898806422e-02
8.582362975275498185e-02 -9.599398963179554822e-02 3.166061365395123756e-02 1.577119226252272910e-02 -9.546483445202940191e-03
6.449544524217873387e-02 -8.178122679815900964e-02 1.652265738111791810e-02 2.789382876061321376e-02 -1.325275062336764287e-02
5.717785569688269010e-02 -5.814505718987297150e-02 -2.295968648984030719e-02 5.701307663124242919e-02 -2.111427842667796748e-02
8.613214603339330866e-02 -8.846314883884552616e-02 -1.899888411331569424e-02 6.806225305019719674e-02 -2.596979095964012038e-02
6.138990909541841567e-02 -6.286968116686995900e-02 -1.711402395093779283e-02 5.243717685918926341e-02 -1.974099942690521123e-02
7.700478629138598824e-04 5.382667687504193166e-03 -1.351813155731081822e-02 1.109274669429779862e-02 -3.121198742752202999e-03
5.101169810647480235e-02 -4.906942819466805772e-02 -2.284057117970764161e-02 5.110236665836150050e-02 -1.861494985436273550e-02
7.320881514858999795e-02 -6.980900641562357012e-02 -2.799061404797459698e-02 6.698360831193685139e-02 -2.450421471947787991e-02
6.439798198852850208e-02 -7.262960057677655956e-02 -4.408926546444899390e-03 4.471584671267154337e-02 -1.792605037174119578e-02
6.203716133908637742e-02 -7.246953449270200631e-02 -3.819449691215890232e-04 4.075482915778046861e-02 -1.676777515257502765e-02
-1.286042616467570829e-02 6.239516335106267894e-03 1.861077903578512924e-02 -2.279653753047939171e-02 7.390552942118177628e-03
5.531117193378273095e-02 -5.534765367494290378e-02 -1.348477406391655059e-02 4.380812686146984269e-02 -1.651579934993319121e-02
9.389604674494760050e-02 -1.142494014221365206e-01 6.969398371146851880e-03 5.667895817152701632e-02 -2.414596075613487103e-02
5.091444072779344882e-02 -6.102143372916796898e-02 -1.238771491203323515e-03 3.599147435246808496e-02 -1.477658234279120159e-02
2.036760993539250830e-02 -9.620909941382711772e-03 -2.619893658134150871e-02 3.197946158462938726e-02 -1.030541645670364666e-02
8.183892070822897102e-02 -6.215918708935060794e-02 -6.324133016269838092e-02 9.924501252588148470e-02 -3.403781859135737026e-02
9.352774127374961777e-02 -1.095235859439293857e-01 -1.458492625514858695e-03 6.304913903107502160e-02 -2.594985377039536398e-02
8.003939148032652995e-02 -1.005008634936742778e-01 1.930173232804621719e-02 3.484529465370173051e-02 -1.631203356965800835e-02
6.124907639280086080e-02 -6.595259513509169058e-02 8.077744505131592354e-03 2.550011097799504550e-02 -1.112833857675141896e-02
1.256832705468058364e-01 -1.639451533178868381e-01 3.570296427375987264e-02 5.452481941169776830e-02 -2.643675966333884284e-02
1.306581623709369144e-01 -1.236523660987601525e-01 -4.683569938897855917e-02 1.157128268890667139e-01 -4.260029007349973307e-02
-2.573429240234740320e-04 2.241494914742421518e-02 -4.796077915096751132e-02 3.756211711376648138e-02 -1.033601764544577958e-02
7.921566184828698898e-02 -1.066420929042621452e-01 2.970065686647593503e-02 2.824428330447653970e-02 -1.478969001366943828e-02
6.768283310731769420e-02 -5.989071532935564407e-02 -3.289867114583673591e-02 6.648411843162328749e-02 -2.380852029277580328e-02
5.541316607039149973e-03 -5.380066697004266991e-03 -1.547257521247837010e-03 4.478695381873351068e-03 -1.668413759382657551e-03
7.396526642542554375e-02 -8.223159862247100826e-02 -7.446581218008666535e-03 5.321962525789174225e-02 -2.111544670167927670e-02
3.887299743779869254e-02 -6.590923261537380562e-02 3.984272586520491016e-02 -4.220544185424641472e-03 -2.584487013748071153e-03
8.408505529358534236e-02 -8.159876793036086040e-02 -2.793539154304853014e-03 4.445034268048736470e-02 -1.775930502844962761e-02
1.445979497069490305e-01 -1.483805078174142700e-01 -7.564265681244305463e-03 8.602527143079144456e-02 -3.439729807595870437e-02
5.931347089357948132e-02 -7.818602961277133778e-02 2.151075579236268187e-02 2.063384128004630905e-02 -1.077024129709664400e-02
8.527763425444882806e-02 -6.910419983387040832e-02 -2.991546905694315861e-02 6.524161794422153604e-02 -2.334578537964096187e-02
7.590933818262589339e-02 -9.201106662873936859e-02 2.277803124948817037e-03 4.970084912260967769e-02 -2.083712177937519297e-02
8.289072696003517426e-02 -9.689399352535352228e-02 6.437522552298931625e-03 4.599360050830113983e-02 -1.951477263203357446e-02
5.243497018775229723e-02 -6.225141302513809149e-02 6.530194249719408796e-03 2.712615737415569744e-02 -1.182257299120910606e-02
4.084696148590084841e-02 -3.599256929922324544e-02 -2.558201579625987362e-02 4.670421531240336044e-02 -1.650702695392509620e-02
2.759177373829994201e-02 -3.153405588246795815e-02 -3.263415584102158113e-03 2.118063487787720869e-02 -8.396069636638116285e-03
3.685218315888188351e-02 -3.654443078825377056e-02 -1.660299083580377144e-02 3.796775359825240587e-02 -1.388619052609362664e-02
4.175072885796122374e-02 -4.849712599330292806e-02 -2.853938803437415864e-03 3.031169857614462310e-02 -1.222418863985512416e-02
8.408895489142657886e-02 -8.321423518296180988e-02 -2.847911427120766378e-02 7.550982986437358713e-02 -2.806383644399309749e-02
2.553865465587745655e-03 7.358687493932248441e-03 -2.147172701959988370e-02 1.817884071560259621e-02 -5.182333673173521171e-03
9.326371744217584747e-02 -1.064844310147562562e-01 3.558970644115189413e-03 5.435238127087228116e-02 -2.272444461683455208e-02
8.160314268755075595e-02 -9.175139971915387271e-02 -1.183525478130641358e-02 6.392200541202407160e-02 -2.511546872828731777e-02
2.193845450871735950e-02 -1.897270818162195144e-02 -1.650816690416371732e-02 2.807781639455313519e-02 -9.824744560589642253e-03
1.185554255405713575e-01 -1.234168873559040869e-01 3.553678248944995566e-02 2.412322155940647972e-02 -1.315256077496919536e-02
1.186370328495635201e-01 -1.277401675565793815e-01 -1.402849466273043896e-02 8.453812732138893393e-02 -3.330653600848329510e-02
8.576540691295422847e-02 -1.070002292049827275e-01 1.411415048524427597e-02 4.506377715498020853e-02 -2.015463502037683277e-02
1.588491455384592049e-02 -2.356465865103412813e-02 1.088243787897265162e-02 1.712809614472891222e-03 -1.864823874400617929e-03
8.921960182101358605e-02 -1.071844548036034600e-01 1.021087536077165030e-03 5.928073256941356062e-02 -2.459342721184599317e-02
6.121011090002332483e-02 -7.807753294185566795e-02 7.589440909483606730e-03 3.648439028123879463e-02 -1.592199195101283091e-02
1.052840804638686817e-01 -1.420382847476991950e-01 3.984829474692899026e-02 3.758335150223880705e-02 -1.977794590660788068e-02
1.073313887757692264e-01 -1.168649373327377838e-01 -1.205977965170878033e-02 7.710569338775286052e-02 -3.055053877297904050e-02
5.377432350909223946e-02 -6.239950198173834645e-02 3.231685147607426482e-03 3.060936190802003923e-02 -1.288881451041111459e-02
1.020415355380316913e-01 -1.160246906526062466e-01 1.729855326123390380e-02 4.345670008364363457e-02 -1.956626661206450901e-02
1.403328762723235756e-01 -1.414774396792832234e-01 -1.352620300642413433e-02 8.873006223117453628e-02 -3.491768879646153789e-02
7.232914949035924856e-02 -7.547896728370319386e-02 -1.288642826642700037e-02 5.448860738990064789e-02 -2.101594889566180818e-02
8.616259248624116851e-02 -1.002822123905227625e-01 5.554676844941044793e-03 4.904527351394302043e-02 -2.074431974942313184e-02
1.145730190299238394e-01 -1.399127632666040955e-01 2.317940684660647899e-02 5.244101320745744171e-02 -2.406358616358533417e-02
6.492515380700901451e-02 -8.336824150100627384e-02 2.110744331178395980e-02 2.361741408924566965e-02 -1.194015496365096601e-02
9.527694038345863037e-02 -1.129057835861144860e-01 1.337545308951542701e-02 4.755304901517271032e-02 -2.096476296227243671e-02
4.523111140253883999e-02 -4.260532891861270460e-02 -2.264625854377174882e-02 4.738906073131158442e-02 -1.711479726273628515e-02
1.614018808554679857e-02 -4.394501088301428111e-03 -2.698267559770997290e-02 2.995682115206007787e-02 -9.399111745262414205e-03
8.288823121590126186e-02 -8.304674539364238772e-02 -2.236195180404456154e-02 6.834425935171631328e-02 -2.567276290253141940e-02
-1.011035385428738810e-03 -5.363349365975910929e-03 1.341410035163214352e-02 -1.089087032540388307e-02 3.039204387559224074e-03
1.321868452164151331e-01 -1.301762779406100412e-01 -3.505392873406130982e-02 1.067131824231382781e-01 -4.010165062076342241e-02
8.841620632407917735e-02 -9.342153100399226695e-02 4.273593364736244689e-03 4.411036820686402987e-02 -1.836514187936721942e-02
1.609004330129124721e-02 -1.091316243573603288e-02 -1.669510837330337449e-02 2.339274860370304035e-02 -7.839855295809340305e-03
6.441804632342704173e-02 -8.273476323748975292e-02 1.530511034521907406e-02 3.010025575703792824e-02 -1.404374454434499306e-02
5.440614530022706147e-02 -5.971939250434752516e-02 -7.928573340284919557e-03 4.131137385159134451e-02 -1.614866048880130023e-02
1.483398134993544060e-01 -1.629794109562990589e-01 -1.475740769440652377e-02 1.057371018293969261e-01 -4.214723549419317761e-02
1.401204758195855882e-01 -1.428503626744165034e-01 -3.081807887157914441e-02 1.099608053993823831e-01 -4.198227851563581664e-02
4.135249864402495978e-02 -4.005603591645690020e-02 -1.792073174144584100e-02 4.088729955510749664e-02 -1.491231131666569294e-02
1.371442857838397200e-01 -1.559296123279523827e-01 2.487520226820849958e-02 5.654897126569350535e-02 -2.569832782831773729e-02
6.357051772488045427e-02 -7.891829556551079039e-02 2.999543049982361480e-03 4.188251957368357287e-02 -1.768019160187677200e-02
1.228024378411951001e-01 -1.306184270048389440e-01 -1.156728165857032024e-02 8.294583543653701041e-02 -3.291749644166343247e-02
1.522400630466661242e-01 -1.649730755462496812e-01 -1.537800030941193288e-02 1.068750089214755422e-01 -4.251395858529406768e-02
8.562968109074298173e-02 -1.221936571845110842e-01 4.101202020081540917e-02 2.641246147702301997e-02 -1.542077433290796849e-02
2.083347999266680073e-01 -1.825410736456921368e-01 -2.685787135299237335e-02 1.183360772106400172e-01 -4.517131709190937844e-02
9.572631835149454649e-02 -1.081908679790396094e-01 7.538724977512595293e-04 5.804592882649860230e-02 -2.389242797442983970e-02
9.741184884224095286e-02 -1.033316591023612507e-01 -1.055502736247872220e-02 6.705536626427019420e-02 -2.645778567015106067e-02
4.729636475480297753e-02 -4.741962202409943233e-02 -1.670889334280275390e-02 4.381935081360328194e-02 -1.628702014816857738e-02
-2.707072873760554485e-02 3.287588302877515051e-02 -4.630485445876319529e-03 -1.309042854778889181e-02 5.850652885976493148e-03
6.564567377230984269e-02 -9.288653615651251694e-02 3.077622884568511491e-02 2.014404494019017555e-02 -1.164252259926216136e-02
7.307197811119063580e-02 -7.898005722228518266e-02 -3.423127645684029014e-03 4.596030228027599834e-02 -1.844847074569272091e-02
1.557747581697825345e-01 -1.657017618201338527e-01 4.203076787181580370e-03 8.312702248284027651e-02 -3.445712011815626336e-02
2.198615736993962677e-02 -3.331262893131321096e-02 1.517921270200103118e-02 2.878916224299186023e-03 -2.827624779101469039e-03
7.604299195728976557e-02 -9.414491898110551038e-02 1.102735862470909274e-02 4.099761825607511900e-02 -1.811409360262463894e-02
1.444763608421211765e-01 -1.455604953673343971e-01 -2.339984325321394984e-02 1.021155198369742695e-01 -3.941758403410476619e-02
1.393414424513397532e-01 -1.538978828359170992e-01 3.197270449215942542e-03 7.947283679889409480e-02 -3.295144324353970616e-02
7.611792889406687745e-02 -9.265306912661544492e-02 1.011215289176115896e-02 4.055371777248306664e-02 -1.775089840322081891e-02
4.712723852691922538e-02 -6.028263006386750528e-02 7.632596072057465202e-03 2.604320769380237544e-02 -1.157763815634927848e-02
7.839783962198305922e-02 -8.815336988592428757e-02 1.133294172813375036e-02 3.465241592789308767e-02 -1.529044958062306114e-02
4.148559071924402125e-02 -4.959752279084939097e-02 2.243072651961041612e-03 2.526643462651439326e-02 -1.065956701425035090e-02
1.375808301761996810e-01 -1.484582904281303017e-01 -1.582945516707401357e-02 9.798897622839075616e-02 -3.870730475311260493e-02
9.611373410788248695e-02 -9.201231294641924741e-02 -2.932785274742932824e-02 8.017600136647504150e-02 -2.986902583984227949e-02
6.306717219315262357e-02 -8.404157924208191521e-02 1.906622854735887454e-02 2.733889765708387778e-02 -1.335255982617652125e-02
7.024468350485099655e-02 -8.326411754829864120e-02 4.346590154600705504e-03 4.152158955189120398e-02 -1.756954274552816400e-02
6.681618766586309988e-02 -7.635450572144510117e-02 -9.575307801329923339e-05 4.209319657699938516e-02 -1.731970150202564659e-02
1.361994833620362999e-01 -1.626819943336587082e-01 7.118066874474317761e-03 8.397845401825608513e-02 -3.562781580233989609e-02
1.237058611422221649e-01 -1.309328517466921971e-01 -2.585955378403734933e-02 1.000598104175975667e-01 -3.865664958176835697e-02
7.241354999113562563e-02 -8.512925652916400465e-02 9.117747535262567607e-03 3.673902301759592037e-02 -1.604769721404208579e-02
1.246229568997730269e-01 -1.289355634474765033e-01 -9.635480069533509245e-03 7.838487367610785794e-02 -3.105482533918581256e-02
1.613182963321503627e-01 -1.674510726518109449e-01 1.767021759786247936e-03 8.564829464110597368e-02 -3.513839893559118216e-02
1.302921978311173123e-01 -1.279722384808301139e-01 -1.878905946248436709e-02 8.644932708447998493e-02 -3.331031538456410979e-02
6.258857225044851813e-02 -5.285973970730652172e-02 -3.491464364545827925e-02 6.445261093244065986e-02 -2.270309215397346009e-02
1.232889652814051357e-01 -1.335059758443812028e-01 -1.479190223645179998e-02 8.893979604854329590e-02 -3.510776709775818849e-02
1.325323809268142139e-01 -1.508192356545253465e-01 -6.331062877417699408e-03 9.057159313690019142e-02 -3.675827146905335380e-02
2.415416859034067582e-02 -2.303003031599721792e-02 -1.682081211213555180e-02 3.135164856247303622e-02 -1.121229390979771104e-02
1.904528735482925728e-01 -1.863560502644105998e-01 -6.607639649786884242e-03 1.023975348107742794e-01 -4.098709810433909251e-02
1.044420348248423919e-01 -1.233796253560946743e-01 9.521458613899788648e-03 5.793743206439037202e-02 -2.489197138160777548e-02
6.429334303881831247e-02 -8.470403103504015041e-02 1.844270082087495766e-02 2.814836349901736479e-02 -1.359426654061533270e-02
3.849967053155723545e-02 -2.558174847610725916e-02 -4.359687936543871906e-02 6.002174264454084723e-02 -2.010771698006579011e-02
1.094202778970053830e-01 -1.203558164606783054e-01 -5.013703862458852162e-03 7.078329782829226313e-02 -2.857903017332286480e-02
1.215959545607295800e-01 -1.222034913554785052e-01 -3.002816693199287373e-02 9.784637606184751202e-02 -3.708577922335267590e-02
1.287448508116673940e-01 -1.281600355857865636e-01 -3.117449498819768391e-02 1.019318078186527143e-01 -3.863623365943514437e-02
1.561295030454900035e-01 -1.498812983710434976e-01 -4.714690817037672441e-03 8.052128944150638290e-02 -3.210662901754429005e-02
8.457358252127013254e-02 -1.201202223089907067e-01 5.143763782505162557e-02 1.233641207387299772e-02 -1.053478248197559954e-02
5.192373777879826652e-02 -5.875132783347320614e-02 -5.460810817835792981e-03 3.857642583954583315e-02 -1.533755613115216770e-02
7.617124034017822010e-02 -8.334846096052092590e-02 -1.377737591916292602e-02 6.073140209171942056e-02 -2.352008157523232529e-02
1.757805225035615759e-01 -1.864684516101812184e-01 -1.138581029202910891e-02 1.124955237248683321e-01 -4.510156948542339700e-02
1.767374707045748783e-01 -1.889574609789928250e-01 2.201269740666200736e-02 7.531945499710811232e-02 -3.299773974237211333e-02
1.040589937641212687e-01 -1.008352594673865288e-01 -1.579955573814737987e-02 6.877946641144651319e-02 -2.636901386572946052e-02
3.307613189037027918e-02 -4.109326536297509824e-02 6.053678034807476183e-03 1.635215942409716863e-02 -7.363668360150540763e-03
1.420032178490337749e-01 -1.604431842717530809e-01 -2.409730952400892644e-03 9.117642826163244174e-02 -3.744359608680633555e-02
1.599349778254472165e-01 -1.561390619992295281e-01 -9.661200366596256819e-03 9.033679810742129002e-02 -3.578012690191439277e-02
1.087938964040296719e-01 -1.193869116765859106e-01 1.517212171567654169e-03 6.242174093012931024e-02 -2.573420677370273635e-02
1.457811018109455570e-01 -1.400231775485305252e-01 -4.467341596865243535e-03 7.553348535257638219e-02 -3.017046721740989160e-02
1.451401150394633077e-01 -1.705531778976331347e-01 1.483316113502059636e-02 7.825572593246671316e-02 -3.390200966428150858e-02
1.255626401861062169e-01 -1.347734373807898955e-01 1.802944395952833789e-02 5.063634985978266584e-02 -2.236698915345166142e-02
1.025746043704855587e-01 -1.108834263260304182e-01 -1.206609404752947111e-02 7.367917102632759452e-02 -2.913219426538723664e-02
1.671388429868222725e-01 -1.917052576119626095e-01 1.260131216388868380e-02 9.111761920508217039e-02 -3.883186824243344687e-02
7.640216393825653707e-02 -8.114786885947572470e-02 -6.983628420166258961e-03 5.067349881624852448e-02 -1.996181784262993086e-02
2.398056425457978369e-01 -2.405990846479164058e-01 -9.726234017640176047e-03 1.352050435443929721e-01 -5.417410267288845505e-02
2.928395756142779770e-03 9.257534397343118032e-03 -2.692068217655996937e-02 2.281972415803952894e-02 -6.504439539061214817e-03
5.454735879964676265e-02 -5.931227392781776575e-02 -1.187463451433671408e-02 4.570888456273162342e-02 -1.759567803275003534e-02
2.092552403179865142e-02 -1.607104218786081437e-02 -1.478744606728991245e-02 2.384700256421006664e-02 -8.197051333631086636e-03
2.039264881045628475e-01 -1.997415712315164238e-01 -3.386896602036966464e-02 1.408764024028192896e-01 -5.420302501542577367e-02
7.379010755164237823e-02 -9.404825452259794882e-02 1.230254904411551622e-02 4.023910904725400139e-02 -1.798211744963007508e-02
4.549064225964078584e-02 -3.501903091927154738e-02 -4.157724266887494885e-02 6.309299790715079681e-02 -2.155010126519637040e-02
1.290296424226358429e-01 -1.239691326818439521e-01 -2.698510614257599097e-02 9.333457737827811906e-02 -3.535882438632347025e-02
1.539464431300060013e-02 -8.098138351316742575e-03 -2.077458449022306919e-02 2.602184874052109950e-02 -8.477057484742030885e-03
2.860514237184481889e-02 -3.054690529841382063e-02 -5.924989229638162082e-03 2.304579201098179084e-02 -8.842247608937063227e-03
1.649532171623908916e-01 -1.715511733582406884e-01 -1.771528708165155674e-02 1.108022223358488267e-01 -4.368761528630592944e-02
1.474790823051727318e-01 -1.657502848456887390e-01 1.954957824660924146e-02 6.775468474881912728e-02 -2.979622459425710496e-02
1.805966523297841686e-01 -1.889232658798015718e-01 -5.940609009424116342e-03 1.063939956339074039e-01 -4.297335070312191529e-02
8.038043529309349400e-02 -1.013603866167279710e-01 1.010723817643963997e-02 4.681339414813126543e-02 -2.047481394393374510e-02
2.565254454414621008e-02 -3.369104530753806032e-02 6.178598065020787788e-03 1.259236236915128697e-02 -5.880897064547487528e-03
1.173014439892368505e-01 -1.203406611356702544e-01 -8.925743601475881125e-03 7.245008791574127083e-02 -2.859044388423515048e-02
1.168712352312599595e-01 -1.183752131526397550e-01 -2.736526660379332357e-02 9.331848937845739489e-02 -3.557972443434271465e-02
8.845575596277462094e-02 -8.187448094948689137e-02 -2.274101922873559070e-02 6.644835131830964525e-02 -2.479283323971267702e-02
1.038001589247772721e-01 -1.226841730505228850e-01 5.917946882694653798e-04 6.813927326396154727e-02 -2.823064932985242317e-02
6.153578607769542158e-02 -7.189381709989031699e-02 1.432282869575108100e-02 2.303658118625604920e-02 -1.085768516419799261e-02
1.653632838181001707e-01 -1.861578966851211991e-01 2.054222932976203925e-02 7.798252865609477114e-02 -3.415314677066122462e-02
1.617378431948099937e-01 -1.717996387684776194e-01 1.699528196856345610e-02 7.122682626896933988e-02 -3.070547138042321531e-02
8.840073444893312149e-02 -1.054646634070916106e-01 8.487904689187931659e-03 4.947396850933436646e-02 -2.132809643179204087e-02
1.305035214147984568e-01 -1.356464971243470652e-01 -6.241758517511654218e-03 7.791168704715681348e-02 -3.113498365886271241e-02
6.090082329715616749e-02 -6.363587794294001121e-02 -2.930516877255591283e-03 3.657809944320682127e-02 -1.460673271308001245e-02
2.385386282435581623e-02 -3.211205312788591171e-02 8.014210434018037565e-03 9.684995588830565966e-03 -4.869624850314750383e-03
1.213315626539497594e-01 -1.088456554592219794e-01 -2.747374664275892622e-02 8.408056182008002977e-02 -3.138055944845392908e-02
1.465646955082610670e-01 -1.315149470217248096e-01 -4.409229031740952154e-02 1.142304989557194339e-01 -4.208199261793171136e-02
4.737912804959289181e-02 -6.195561380602722379e-02 1.330347656282012715e-02 2.070069171018117452e-02 -9.968095006732347052e-03
6.102563035506158168e-02 -7.422798844912334437e-02 7.974684543839979239e-03 3.262874604749212842e-02 -1.426653299700168277e-02
1.493965266311639839e-01 -1.567556660967727722e-01 -1.447051762273503586e-02 9.961221146862524189e-02 -3.943304158289238220e-02
1.123328893054488936e-01 -1.026279563350351587e-01 -3.875417877946919776e-02 9.478476764874324556e-02 -3.478917611370363483e-02
3.192513309644604783e-03 -6.195122197349922817e-03 5.722968124234602792e-03 -2.581312886071518778e-03 4.556213002008157784e-04
6.482659435374184265e-02 -7.527830534341911628e-02 6.414473658912734667e-03 3.391681971832578857e-02 -1.453680349959703133e-02
1.556430423564861276e-01 -1.656655659493923016e-01 -1.535058673498387871e-02 1.062434313942869218e-01 -4.217196587676932257e-02
9.381478335433007798e-02 -1.031574830465395720e-01 -4.375489907169541511e-03 6.098783030419455825e-02 -2.468157932712152988e-02
1.330463210713671851e-01 -1.501976643367792241e-01 6.268515939741493501e-03 7.511889954817749238e-02 -3.160912406433700333e-02
8.909178541785009453e-02 -1.168312588303345861e-01 1.973577500487771683e-02 4.589233754318393366e-02 -2.121398855971725478e-02
3.817279114658211903e-02 -4.806171881608047036e-02 3.313526745731146771e-03 2.396945220705638119e-02 -1.030055205546052260e-02
4.030982879518341805e-02 -4.731521065974267359e-02 6.040266221989930046e-05 2.631958084694900266e-02 -1.086558084224679283e-02
1.084175087020918665e-01 -1.135774008048031081e-01 -2.328365796136628446e-02 8.738629748667765818e-02 -3.365703372633051249e-02
1.292017201451672870e-01 -1.217822479423953802e-01 -3.192179084715458109e-02 9.746074042656738268e-02 -3.658609060614910480e-02
1.167044059027257386e-01 -1.301162302424631600e-01 -1.028293886115481948e-02 8.305739248385302087e-02 -3.322577692837509755e-02
8.690746314965470953e-02 -8.768582033963204236e-02 -1.327050643862216078e-02 6.039947264759332191e-02 -2.331935706944474399e-02
1.180317068786026768e-01 -1.285113420835786724e-01 -7.197099686207096558e-03 7.750761848896392525e-02 -3.114366856940262857e-02
9.614792567956013947e-02 -1.055122189658540266e-01 2.465992250142124906e-02 2.828252764820165036e-02 -1.394194126285733422e-02
1.263552700874540635e-01 -1.388994702050787289e-01 1.537754983892394497e-02 5.694302818107659092e-02 -2.482461434967560970e-02
9.813883614623461482e-02 -1.084941972814342931e-01 7.051294188782140579e-03 5.053243471810513893e-02 -2.145210871826767896e-02
1.412542056967013016e-01 -1.549338674590562959e-01 -1.816329205836466135e-02 1.053914229084900317e-01 -4.168778929522034410e-02
8.527282327331284217e-02 -9.439966923788413455e-02 -1.528100785236868701e-02 6.906150131661706326e-02 -2.688753297442535856e-02
5.127403268763151140e-02 -5.824325792877933783e-02 -3.163741862214682760e-04 3.214347958739136035e-02 -1.315593820725380683e-02
2.054816937248045081e-02 -2.737126339726814184e-02 4.515152879770700442e-03 1.095251331416128258e-02 -5.034595119517765692e-03
1.529275742740720812e-01 -1.428993790106318496e-01 -2.404865551031824464e-02 9.839867133167896907e-02 -3.760016686945973075e-02
8.474650101350165998e-02 -9.588426784580274254e-02 8.502889256883236707e-04 5.126584630562216333e-02 -2.112315582578842485e-02
1.345614522587305906e-01 -1.307135281663210913e-01 -3.879041575544596443e-02 1.111348428657368548e-01 -4.161075601627068493e-02
1.090498443391535455e-01 -1.200770083828618107e-01 -3.582829429548409477e-03 6.920286172401247937e-02 -2.812593301817696914e-02
1.574461766148132214e-01 -1.774597976604352645e-01 -2.151064466926522027e-03 9.987327332458525997e-02 -4.098976480551796975e-02
6.310596841482600527e-02 -7.161982878108076600e-02 8.907109102013931884e-03 2.863826312136776714e-02 -1.259734705894663756e-02
4.869013193991551802e-02 -5.353911958308617963e-02 -4.452150715798154461e-03 3.389373715960108946e-02 -1.343474969205219437e-02
3.930575684124690272e-02 -3.817339876613003863e-02 -1.169136782119678183e-02 3.264302526294778767e-02 -1.213198600492694339e-02
1.501374581566858879e-01 -1.683114888651854324e-01 -6.218400338089457267e-03 9.974848484332098086e-02 -4.062353976057282018e-02
1.020395372019406860e-01 -1.229467288854268481e-01 1.149379880228470173e-02 5.637762334016047788e-02 -2.457398065517351141e-02
1.044289940085199875e-01 -1.236025230499225719e-01 1.088687236314334755e-02 5.632834148205807107e-02 -2.431512004042155756e-02
3.076178620136207909e-02 -3.483900515615829391e-02 -5.336949182028909860e-03 2.541136106233729888e-02 -9.942647404580796586e-03
1.271953361889782974e-01 -1.576229816187782184e-01 2.885094017188701704e-02 5.620702688555372778e-02 -2.616325335871512447e-02
1.093268017629320521e-01 -1.206659006441447440e-01 -7.045786076906347672e-03 7.358187390104209413e-02 -2.957464591213165503e-02
1.639297499181741058e-01 -1.846618757286756229e-01 1.998640100329665201e-02 7.784526371423311497e-02 -3.404599379520720226e-02
1.141401437805028146e-01 -1.195889618041755253e-01 -2.096137902808964046e-02 8.763197178391805842e-02 -3.392648690786630172e-02
1.549676805799448387e-01 -1.789122228668385273e-01 9.494704499267129019e-03 8.864115604742055232e-02 -3.769506262262706242e-02
1.173554514306855701e-01 -1.549015992198067293e-01 4.000706848406521826e-02 4.455772674724249593e-02 -2.274794153037047045e-02
1.468027211647816577e-01 -1.415862618853376276e-01 -1.868711757618657029e-02 9.283364498239483897e-02 -3.593237663223381589e-02
1.398469024100034708e-01 -1.533192973235885381e-01 -4.666652350297295811e-03 8.832266325086791936e-02 -3.588660095353957830e-02
1.447428977683700713e-01 -1.700689451672194319e-01 1.776365740223801240e-02 7.445911454228133775e-02 -3.259984391970178336e-02
3.560744199221403672e-02 -3.495425698597263986e-02 -1.486029935595564733e-02 3.501358452280090017e-02 -1.284831196221164831e-02
1.095586857934803399e-01 -1.110225528455047878e-01 -6.245508443213190417e-03 6.459490669923205475e-02 -2.572816031611518950e-02
9.266827220717398228e-02 -1.063234859088622031e-01 -4.857570287693553299e-03 6.413652539084503668e-02 -2.588967514350197160e-02
7.771043551874176614e-02 -9.397160799593705371e-02 -4.014309897211141296e-04 5.376198218055124045e-02 -2.219750593390234020e-02
4.688628385761931666e-02 -5.322296234603626774e-02 1.034345628130013163e-02 1.701098958243877149e-02 -7.974023439748654379e-03
1.574338476099325645e-01 -1.847895270918288035e-01 1.413296643645297517e-03 1.025044587737961865e-01 -4.273559852544413229e-02
3.355692280060464106e-02 -4.243666462222547842e-02 3.137918665859590946e-03 2.095088827618045782e-02 -9.026706333352204140e-03
1.003642114765834481e-01 -1.106109946758372792e-01 -1.066788829559366276e-02 7.247509152336381599e-02 -2.879810962444102895e-02
1.369780157560444578e-01 -1.422541772258529846e-01 -1.480042767499454605e-02 9.188393297513873514e-02 -3.619620542986200923e-02
5.919754516417802953e-02 -5.205396080093224742e-02 -3.235540512413743325e-02 6.193818312972152601e-02 -2.199172477424461702e-02
1.239604932536816917e-01 -1.372378256577028721e-01 8.622222865724954964e-04 7.342655377246110060e-02 -3.028808269833032848e-02
7.647169394445120505e-02 -9.820032017351668086e-02 2.198116407868163855e-02 3.125331467683224729e-02 -1.520892394324166626e-02
1.367293783896641746e-01 -1.652091350632069189e-01 1.622512975389448289e-02 7.496591673237568143e-02 -3.277944096605698437e-02
1.802785480791223305e-01 -1.899664328648941747e-01 -2.439594716018904375e-02 1.292958137285123710e-01 -5.075592144180314513e-02
1.116076467903194813e-01 -1.205116894346309753e-01 -7.551903247363898897e-03 7.300268940116329264e-02 -2.915204934552186392e-02
7.691425588266866120e-02 -9.059118097549732906e-02 8.567637641925729061e-03 4.048512570548745693e-02 -1.754491282054481543e-02
1.162687584408286928e-01 -1.360475692476024734e-01 1.259784821747484372e-02 6.101153730351618898e-02 -2.643033181842478416e-02
4.489441527253296843e-02 -4.097399237704706099e-02 -2.662029315552998793e-02 5.077659218717927442e-02 -1.808702938309880714e-02
1.496368467420693960e-01 -1.534290213452087215e-01 -9.661328806604269764e-03 9.101387450187248263e-02 -3.622638876737791641e-02
1.524851518845937448e-01 -1.632578364208881194e-01 -6.721750370002794323e-03 9.491093835868048834e-02 -3.829897803530817740e-02
1.407770680891112791e-01 -1.556595651654566204e-01 1.546449207968229964e-03 8.271654623036524268e-02 -3.421247256424710809e-02
1.997872801937060905e-01 -2.273917646379510493e-01 1.775456214648627254e-02 1.045580272720376264e-01 -4.491237789200054620e-02
1.080201131254803493e-01 -1.183362339280579212e-01 -1.199759751596186745e-02 7.806301820676163350e-02 -3.096978242823960475e-02
2.114673214781140898e-01 -2.097024966821188496e-01 -1.581049996368293423e-02 1.256003864246550972e-01 -4.964124341553859121e-02
1.278571972783737465e-01 -1.427783249950404509e-01 -3.308409988738911060e-03 8.196421596258712805e-02 -3.350044111376909023e-02
-3.185345585167285304e-02 4.232608989564196761e-02 -1.021769539954834292e-02 -1.294347044380450042e-02 6.426368995159043723e-03
5.180109905015814475e-02 -7.704429743207778791e-02 3.137783176413645736e-02 1.087520685850768172e-02 -7.926502188229182441e-03
1.076265113710865168e-01 -1.367462990009378210e-01 3.246747810526182804e-02 4.088885850658854904e-02 -2.023285842316562694e-02
1.556886528603750597e-01 -1.522752755822418536e-01 -7.448088526406595675e-03 8.596942496575872561e-02 -3.422914615411649930e-02
1.264044680671045640e-01 -1.318867398029877624e-01 -1.812361832931567301e-02 9.053163343473881464e-02 -3.534940105830728513e-02
4.807209362153828935e-02 -5.677817671380187836e-02 3.357222571973761307e-03 2.770052047624295757e-02 -1.173870508907364114e-02
1.478568454439218305e-01 -1.616466234221949072e-01 4.593456606872175010e-03 8.187835880000920996e-02 -3.411801245494080342e-02
1.463346331988065463e-01 -1.636254602958758519e-01 2.767019296082790999e-03 8.604193823912197059e-02 -3.571368958208800265e-02
3.587217386655620899e-02 -2.647441217622528709e-02 -2.846193349998880906e-02 4.368093378694202361e-02 -1.489377380959120388e-02
6.679852840454622576e-02 -7.825788351476828386e-02 3.481961266490888815e-03 3.946944357106010881e-02 -1.661934330944481869e-02
1.812477541857507035e-01 -1.944634563921545933e-01 7.999120883154255644e-04 1.026622295342657365e-01 -4.213792045270755432e-02
1.031515300883260600e-01 -1.133506223344909192e-01 8.679727991303915619e-03 5.076780008038662972e-02 -2.160909643084633902e-02
1.893172071509719445e-01 -2.354629290456713153e-01 4.528209538199296641e-02 8.253664865172229137e-02 -3.896720621466808615e-02
1.457951169912814204e-01 -1.453943077220009039e-01 -3.422067711109978011e-02 1.145350251997897112e-01 -4.353547307555449136e-02
8.116674608243798494e-02 -1.054889344851440841e-01 2.720886076688214250e-02 2.973104758693357122e-02 -1.514506100944846591e-02
9.557734946015281063e-02 -1.067746799514674716e-01 -3.637503476440488021e-03 6.200681612085079397e-02 -2.505531834537624500e-02
1.499867141753447319e-01 -1.779620768267009545e-01 3.437470824024391886e-03 9.668272641663350209e-02 -4.051629568298684148e-02
1.082650898361867953e-01 -1.284698530298034325e-01 2.921560224188725439e-03 6.894192274425677003e-02 -2.884813234700257106e-02
1.180301474161174619e-01 -1.316869085475468881e-01 4.910703018760485122e-03 6.574937357719291831e-02 -2.748338731830924850e-02
1.430963900210927842e-01 -1.711064496220190967e-01 4.041237250178588564e-02 4.888995106613402281e-02 -2.419149299751528412e-02
1.855535090661816766e-01 -1.874671775446314359e-01 4.064474526832729563e-03 9.192140508410688582e-02 -3.774226629541251044e-02
9.489164838399413715e-02 -9.869466632881081225e-02 -1.040860173923493235e-03 5.284938216079419077e-02 -2.146508007945878080e-02
7.546372874799685271e-02 -8.024157206201031067e-02 -1.769721138992802652e-04 4.253826743197199056e-02 -1.734117525941530902e-02
1.283534444952786902e-01 -1.277127071841628325e-01 -9.140550750202296876e-03 7.565268951574069534e-02 -2.984298310993662579e-02
9.457749055266888305e-02 -8.791149471583548092e-02 -2.826887956657586284e-02 7.565988260915372521e-02 -2.796137763398004114e-02
9.152641644803355403e-02 -9.888754060131424439e-02 5.231441374397525004e-03 4.662996611277135661e-02 -1.957217290623113407e-02
1.348202152261950004e-01 -1.345111221740906970e-01 -7.542296293825375038e-03 7.757058218726831100e-02 -3.082218037423626114e-02
1.438511473453488454e-01 -1.534142041662378553e-01 1.810351989222603979e-03 7.941036852847020711e-02 -3.269791553228010295e-02
1.733051679828165326e-01 -1.904473781951357414e-01 1.833281411345546313e-02 8.137911695267946444e-02 -3.516469624281546441e-02
1.112217579966875008e-01 -1.214366885290410064e-01 6.300763783755756499e-03 5.783168631260088288e-02 -2.430500120096560149e-02
1.517628715897883229e-01 -1.567790982679826695e-01 -2.377325863036928826e-03 8.452526063507095899e-02 -3.424711333179811246e-02
1.115821499752664009e-01 -1.154331312217680705e-01 -1.805721446684298293e-02 8.127960201199023460e-02 -3.148584951797091247e-02
9.225715330348731313e-02 -8.747302690475018683e-02 -3.683472787186033159e-02 8.623697208225042377e-02 -3.157738044934334243e-02
1.692542235109941173e-01 -1.885580273576848431e-01 -1.400770869838806852e-02 1.193579619809681941e-01 -4.784532491937636134e-02
1.389988447848982400e-01 -1.176930297322363456e-01 -3.916892232828698972e-02 9.955566893331024847e-02 -3.635891044170280056e-02
1.263656274131599311e-01 -1.389083858114793790e-01 2.285042642405560320e-03 7.218653653018178296e-02 -2.984077920772128245e-02
1.629004682442901919e-01 -1.476713511049937144e-01 -2.227267516394363170e-02 9.737635206288590417e-02 -3.720272702908193618e-02
8.156544425752576544e-02 -9.249998173706516780e-02 -7.349802647442839690e-03 5.959254777143255938e-02 -2.387635140562155076e-02
1.197528203249903778e-01 -1.503543348844428029e-01 1.272093543044012370e-02 7.253098745544736548e-02 -3.157022272417916303e-02
6.422096331419045734e-02 -7.073696546279542585e-02 -6.252408953805894606e-03 4.552806707327199109e-02 -1.809675536683592184e-02
1.737226414764300453e-01 -1.665476610404983682e-01 5.768966569108612658e-05 8.372526053325990425e-02 -3.390329822745370703e-02
7.717336828869729437e-02 -7.801100689243110897e-02 -2.143321642003097674e-02 6.518935689330260241e-02 -2.456554154561836623e-02
1.337490505084512338e-01 -1.528512200705816615e-01 1.958282609551235259e-02 6.110256281558933134e-02 -2.704956496984528558e-02
1.364032227641567008e-01 -1.283941014994904595e-01 -1.664976575838988601e-02 8.293143733239728699e-02 -3.201738329661379945e-02
1.186514003804481215e-01 -1.078401131174798050e-01 -4.757824027863659377e-02 1.071609657478980043e-01 -3.892655825130682951e-02
7.307193401033389157e-02 -8.250211334538942731e-02 -7.012178552741084661e-03 5.357016532490437716e-02 -2.141404747549194298e-02
1.302507461111786224e-01 -1.546495711369440251e-01 -2.724511538095989848e-03 9.075530601329666325e-02 -3.740777392381469668e-02
1.403785792939883370e-01 -1.652450997505125752e-01 -3.067193275922661631e-03 9.691616080496183450e-02 -3.995951177170228852e-02
1.362799834821415979e-01 -1.391322667438154304e-01 -2.974261675995062623e-03 7.571560082532050040e-02 -3.060190799048401189e-02
1.335225500586944281e-01 -1.301345210247978335e-01 -2.812761811695398823e-02 9.848151883872449663e-02 -3.743156520293793726e-02
1.329975995566835545e-01 -1.408120307797731396e-01 1.280902373511028309e-03 7.304713901686002431e-02 -3.001863480573605664e-02
1.076894549024185604e-01 -1.302699443317582029e-01 6.702258224042033190e-03 6.645366987700460082e-02 -2.830601369973357803e-02
1.216347147562398395e-01 -1.294961616133505633e-01 -2.056076785631872836e-02 9.296881556764531596e-02 -3.618089846365071804e-02
1.491599121778254267e-01 -1.681384147930878592e-01 1.506413789482635596e-05 9.215597514306742011e-02 -3.800159275009799831e-02
1.460031604405570560e-01 -1.745487913790708945e-01 2.103027404588128299e-02 7.406104388426021368e-02 -3.284324813069087329e-02
1.200661014778214991e-01 -1.472046575335388408e-01 2.370032361169725765e-02 5.621934563733802653e-02 -2.571391218580936985e-02
1.428404682523527480e-01 -1.619574441171176549e-01 2.005143450267579328e-02 6.549174533189183744e-02 -2.894645745155882341e-02
1.189431974391352842e-01 -1.205529712725145197e-01 -3.975153865568785416e-02 1.090588953824674356e-01 -4.085368528016961043e-02
1.324928739436797565e-01 -1.472079311680021541e-01 -1.078797876996667390e-03 8.134724742071747228e-02 -3.339401823311856365e-02
1.301658138855895375e-01 -1.356114804590211609e-01 -8.116387127905567295e-03 8.060628780609470356e-02 -3.218413513626764560e-02
1.242065050713450219e-01 -1.411430525129872549e-01 -2.818601318244932583e-03 8.124872521916436108e-02 -3.331009673123005305e-02
1.130580212709204613e-01 -1.284146441814285888e-01 1.354366265069921818e-03 6.914151500052199972e-02 -2.867636449242758068e-02
1.254241611669900669e-01 -1.346794980775417039e-01 -5.263297070163268539e-03 7.798001847799164443e-02 -3.147327241653737062e-02
1.213556220232910460e-01 -1.169965437361578514e-01 -1.404613775568791176e-02 7.502580887221205197e-02 -2.911602814402378114e-02
5.697950189418272277e-02 -5.467380397653270885e-02 -2.630681179370977438e-02 5.775734356960706556e-02 -2.095189637115145789e-02
1.634493944244975322e-02 -2.475543465233773222e-02 1.002481657944071999e-02 3.692044144176211996e-03 -2.633337858498648390e-03
1.088351098754289370e-01 -1.166777104396186371e-01 -1.851792671694761291e-02 8.414707449159374020e-02 -3.281042775286829860e-02
1.259507823379086289e-01 -1.222391090267290620e-01 -2.735283528801603359e-02 9.335135038534245200e-02 -3.538507376272255478e-02
1.189462745831119245e-01 -1.469839911706831148e-01 3.376913860656712008e-02 4.460241761901442142e-02 -2.193104115080603614e-02
1.616979118194546705e-01 -1.815574065487901290e-01 2.056167286246958666e-03 9.717098715674951648e-02 -4.032400943541915306e-02
1.607735164805386141e-01 -1.537857851643252838e-01 -1.967920104922178670e-02 9.988424856995015144e-02 -3.869989355936636483e-02
1.357685505971871487e-01 -1.431117785870533732e-01 -3.284058603308313146e-02 1.145392119967910127e-01 -4.391268587369310389e-02
1.549818187406157566e-01 -1.662815177020514901e-01 -3.001040814446198982e-02 1.243962127396201489e-01 -4.829620889461872651e-02
1.092511390857001385e-01 -1.159619544457617113e-01 -2.358220886714419012e-02 8.953606493920908405e-02 -3.455739478907204204e-02
1.270747716437931052e-01 -1.381651510305357822e-01 -1.629363550786327303e-02 9.363452250384314557e-02 -3.697351006263887435e-02
9.875622168696068792e-02 -9.865968774073562153e-02 -1.862308109705520381e-02 7.225236435724188833e-02 -2.770057351446363059e-02
9.020318772314611655e-02 -9.728311055278836272e-02 -1.720497809062773720e-02 7.250106321782168184e-02 -2.818018097509681491e-02
1.456057640574611178e-01 -1.500360450183845229e-01 -2.362147145966596654e-02 1.059126933380793029e-01 -4.107939872826813638e-02
5.861941570438736204e-02 -4.564329061837234247e-02 -3.909075131319256213e-02 6.486577744817241531e-02 -2.247577410498168352e-02
3.430644461782102195e-02 -1.015893295646379951e-02 -6.122482284641019012e-02 6.892359825889557423e-02 -2.178844580427516733e-02
1.087916770709658615e-01 -1.190742450723990820e-01 3.724797084500579454e-03 5.950423199787158862e-02 -2.471766589587363547e-02
6.243745993478003881e-02 -7.331129252034633559e-02 -6.821006354891563303e-03 4.933801931463888124e-02 -1.977288949724794603e-02
1.253926619774339002e-01 -1.411630377166565309e-01 -8.309957692739554716e-03 8.737890309448148596e-02 -3.528470412505210069e-02
1.046659574184348462e-01 -1.110723226800887226e-01 -1.929925316975579161e-02 8.182439941403149564e-02 -3.178556190406039983e-02
1.128405368578916101e-01 -1.186952004523236931e-01 -1.154760175239783089e-02 7.618396587006469323e-02 -3.011455723520238548e-02
9.396709823861319755e-02 -9.071437605717017072e-02 -8.191566990607307072e-03 5.488935587458433629e-02 -2.143549865171270885e-02
1.314351891077311096e-01 -1.367360099207475532e-01 -3.213141805739688078e-02 1.098200183788661244e-01 -4.202546732547562253e-02
3.596059272358891751e-02 -3.125001037599384190e-02 -2.104153916193578916e-02 3.894347881606535083e-02 -1.375919364367289045e-02
1.174052889725346258e-02 -3.331081944143087642e-02 4.191264351688323703e-02 -2.512137632908498924e-02 5.854343625835203672e-03
9.369226029595553729e-02 -1.121197852188826616e-01 6.385864005190791800e-04 6.261571243518018748e-02 -2.598716993069084824e-02
1.809140901364272580e-01 -1.819340400875749109e-01 -6.779301289326419323e-03 1.014780266952861748e-01 -4.066319904326200219e-02
1.426707119192165418e-01 -1.590008976343361136e-01 -1.393473984317349036e-04 8.672201520755516702e-02 -3.568724562460658112e-02
1.849858903034183877e-01 -1.952132849446198137e-01 -3.353194177294826356e-02 1.434112270104672127e-01 -5.582543938327120397e-02
1.993782893468492579e-01 -2.105953307803920815e-01 1.745480617566980835e-02 9.122412105214763867e-02 -3.898064931586972537e-02
1.029073894729627403e-01 -1.177392256977550233e-01 1.981723637211771707e-02 4.168427505822975415e-02 -1.910063559375778375e-02
1.599142263209394343e-01 -1.665155992777151706e-01 -6.357597175606699742e-03 9.470432136546089175e-02 -3.809325404613957133e-02
1.164920616558241806e-01 -1.219185032256730888e-01 -1.482813075014578937e-02 8.138474289912955850e-02 -3.188028955387089969e-02
1.622735378024377506e-01 -1.872431276586161986e-01 -3.556418071420399643e-04 1.046397530681357491e-01 -4.327858226327610525e-02
1.311418492833190674e-01 -1.581823716017954629e-01 6.563951891380642202e-03 8.256665550141288612e-02 -3.502036446395050129e-02
1.544142405262759199e-01 -1.554319760456497335e-01 -2.859675809423983459e-02 1.132438726530209383e-01 -4.347740505099214475e-02
1.489963434852282775e-01 -1.336774343386063213e-01 -5.073621054370598682e-02 1.227568326631751500e-01 -4.488507741115740912e-02
1.105125252567867727e-01 -1.261822753102027905e-01 -2.498192970742804924e-03 7.284001274146142957e-02 -2.989088757134581928e-02
1.817613892416828081e-01 -1.863518931984156635e-01 -2.216466826368941948e-02 1.228010819005287690e-01 -4.807228957018207932e-02
1.140687404124334225e-01 -1.255653970993587387e-01 -1.160588379681703336e-02 8.172005353412338524e-02 -3.253326155194664199e-02
1.748398654356196069e-01 -1.873666397963089925e-01 1.809715397590015012e-02 7.879719151947611744e-02 -3.398759478294979125e-02
1.025622648348478994e-01 -1.179505219827941265e-01 1.422018223776376922e-03 6.374044579490274753e-02 -2.648654300011377485e-02
1.425842770202002951e-01 -1.538308932934436268e-01 -6.387612705847149804e-03 8.983496007349046908e-02 -3.627420336078246432e-02
1.242635996024376022e-01 -1.392346208195703039e-01 -4.397986287367705582e-03 8.124559275628684407e-02 -3.305244248552752923e-02
1.645812180244446421e-01 -1.764209534480458696e-01 -1.359842633344603147e-02 1.101528701150566308e-01 -4.393505847614027904e-02
1.313948834988794834e-01 -1.236909015957385755e-01 -3.978112660286598629e-02 1.073008920745486539e-01 -3.981412493581342610e-02
1.389682014476428529e-01 -1.484096843583718461e-01 -4.036197244401115714e-03 8.386569188415568532e-02 -3.404458340645240971e-02
1.078228127031932021e-01 -1.052231386366890148e-01 -4.270009600440501096e-02 1.033810955001668030e-01 -3.819459266679893494e-02
1.329992130504151215e-01 -1.479170510753642365e-01 -8.965211511106054021e-03 9.130454401292878441e-02 -3.680252641578334039e-02
1.045388368623687836e-01 -1.157185849953113743e-01 1.360242912581881378e-03 6.103740127072552341e-02 -2.520495660341302499e-02
9.794041422641183714e-02 -8.942725995068831479e-02 -4.435727023886011644e-02 9.514263108019005433e-02 -3.450328235185982917e-02
1.383553104252700228e-01 -1.609689659220311375e-01 -2.610096200146978752e-04 9.048011315907282526e-02 -3.750142237916483795e-02
8.927980825434576884e-02 -9.863005352153789151e-02 -1.132902865787612998e-02 6.696043477500418506e-02 -2.650044239881296088e-02
1.333669288309907719e-01 -1.411566068152985132e-01 -2.532172049147399934e-02 1.046377799810988690e-01 -4.053187224528736338e-02
1.725228566957140164e-01 -1.965622140952610342e-01 -1.141080668468327959e-02 1.226147299845086747e-01 -4.969781685237625868e-02
8.770493358747197266e-02 -8.601340943043669918e-02 -2.828314599359171497e-02 7.679478308140412490e-02 -2.868411178813907655e-02
2.021733650252522385e-01 -2.279237275108347283e-01 -2.637175168437008114e-03 1.284745534763623576e-01 -5.283194010124383361e-02
1.136591158461388307e-01 -1.248250545695900743e-01 -9.626838286755852112e-03 7.896067604198508949e-02 -3.159984621127936294e-02
1.537366991929861870e-01 -1.766884566388935707e-01 6.639038159666328653e-03 9.032068312505578400e-02 -3.803406247441435545e-02
8.942284052658426574e-02 -9.079132234244463584e-02 -2.909852571084121931e-02 8.142411665586074543e-02 -3.062315576118620000e-02
1.059355175181488501e-01 -1.247683004958302505e-01 7.795902071419263252e-03 6.088236149999261271e-02 -2.599590822243594626e-02
1.067923772270830268e-01 -1.049991085355908571e-01 -3.522068247502454369e-02 9.463121923690206994e-02 -3.531313668634714770e-02
1.483522583360535607e-01 -1.462014718171112670e-01 -3.356451732463027610e-02 1.135079625203639919e-01 -4.310076448762056173e-02
1.305494720737450098e-01 -1.499684843112090160e-01 1.516794698715635305e-02 6.514229573344314239e-02 -2.837175464381695364e-02
2.043011061248717897e-01 -2.156537105462399961e-01 1.518075253759272082e-02 9.631974878155377673e-02 -4.080888325046817117e-02
1.354054443877611702e-01 -1.420614539386408359e-01 -2.456449802643210015e-02 1.040589840334029403e-01 -4.040173482809228389e-02
1.738886813655596275e-01 -1.825775137424915373e-01 1.364920070880356641e-02 8.038726919239846946e-02 -3.413097476609504299e-02
1.241642261169113026e-01 -1.498416111850430499e-01 1.439587298503356219e-02 6.838984794419830648e-02 -2.987895169659725986e-02
8.598890938646799875e-02 -8.106173829671743658e-02 -2.533816566317354316e-02 6.936114899790475630e-02 -2.573427134633589353e-02
1.707187821769077796e-01 -1.816615392373159832e-01 -4.508079931214782274e-03 1.016862604724002722e-01 -4.122705817412852802e-02
1.489489696502673544e-01 -1.549478099223612904e-01 -1.076170568720234179e-02 9.389100294022814652e-02 -3.739482582102787722e-02
1.446544759632820143e-01 -1.500863042470987341e-01 -2.936777198595254615e-02 1.129261535164219343e-01 -4.341181263220108416e-02
1.691318903852151723e-01 -1.858854562064915783e-01 -1.299715840225402347e-02 1.158996909727274677e-01 -4.645476005635439803e-02
1.228124791850817993e-01 -1.224936095744080661e-01 -1.891763477784272340e-02 8.464010003790270464e-02 -3.268017375454019408e-02
1.622703084750573010e-01 -1.661979098756701523e-01 -1.849503795923300095e-02 1.080528913217008447e-01 -4.240569813903553170e-02
1.571579193317223233e-01 -1.711948472219098905e-01 -1.734494270953431186e-02 1.129192267799058041e-01 -4.486035597702977412e-02
1.286613564311193392e-01 -1.410937487538128365e-01 -6.710697666595468770e-03 8.416378105891168804e-02 -3.398983889743378839e-02
1.364857565157388264e-01 -1.511752522088689044e-01 1.597665787131998666e-02 6.323928842284724794e-02 -2.751126451416625526e-02
1.105622680852676037e-01 -1.246536441648186389e-01 -1.285507639234173723e-02 8.399337488351860115e-02 -3.350730708405495750e-02
1.279980535414555476e-01 -1.447938404121560940e-01 -1.207786511138638809e-02 9.428390015246708444e-02 -3.784422858975546727e-02
1.611129550271404032e-01 -1.710899303961695150e-01 -9.082986876336072643e-03 1.014784007376074160e-01 -4.074849882879625490e-02
1.550764729914647089e-01 -1.704031078465382820e-01 -1.121972449956855182e-02 1.056952626704028286e-01 -4.250026751926867102e-02
2.044982527252992566e-01 -2.322126872815891696e-01 -4.396912668036574191e-03 1.334560755633642792e-01 -5.476550649307214413e-02
9.816775248553284705e-02 -1.047736917647304616e-01 -1.637410401930198406e-02 7.509207713692368780e-02 -2.927828608310106481e-02
9.836566739555686889e-02 -1.236527243739324600e-01 1.380056393009340167e-02 5.576636797016214925e-02 -2.470546839988538648e-02
1.809688826917920657e-01 -1.686248837505288645e-01 -2.826522482592900079e-02 1.157876646143065763e-01 -4.421996374824323922e-02
1.627212998509672826e-01 -1.769179023826624175e-01 -1.263229284151222952e-02 1.100550626109609853e-01 -4.404733505128181903e-02
1.571785033849412982e-01 -1.797357819345805630e-01 4.475556268398023750e-03 9.402958365954795783e-02 -3.926483534368577916e-02
2.266256320030442528e-01 -2.726494260935489744e-01 2.851862130630155451e-02 1.210507172684119337e-01 -5.306826802549063221e-02
1.747078111781767973e-01 -1.846344631338676656e-01 3.285954041204288030e-03 9.393978055121687820e-02 -3.878015971653123173e-02
1.533673699419680903e-01 -1.567503341933765004e-01 4.426547564915052531e-03 7.635327473648174934e-02 -3.153877941966738013e-02
1.380688493214659585e-01 -1.453589684490982636e-01 -1.782051232359298590e-02 9.756423566753616439e-02 -3.826174720515252564e-02
9.332006347838364690e-02 -9.844701824002394241e-02 -1.434344474864438293e-02 6.898776749743114334e-02 -2.694428027126795702e-02
1.360420680390746206e-01 -1.500992936198760341e-01 5.906318167355759270e-03 7.440444461469851445e-02 -3.117501542595267627e-02
1.629472442097074092e-01 -1.834966031358371830e-01 7.981134105016513144e-05 1.006369945937149318e-01 -4.155261130581322515e-02
1.035702112579484357e-01 -1.134240233292434924e-01 -2.064807066303147795e-02 8.592222609008302869e-02 -3.344280524572153246e-02
1.931135538424001707e-01 -1.969059288880534164e-01 -3.878574378072309481e-02 1.478871044029001769e-01 -5.688217282777602996e-02
1.531515142174725563e-01 -1.784371710092922947e-01 2.547766051305568220e-03 9.709692867985396381e-02 -4.055404338923922908e-02
1.224194437056662782e-01 -1.303232710518967274e-01 -1.078720612249079933e-02 8.194469167198435711e-02 -3.259294647291211683e-02
1.710011437492487407e-01 -1.971884654738989828e-01 2.374424717761714626e-02 8.154408704655115303e-02 -3.602862364191403849e-02
1.562261134693225528e-01 -1.671504979888162046e-01 9.001115833359900689e-03 7.858835813447495600e-02 -3.306794947797505463e-02
1.078422150503535598e-01 -1.206768292955179983e-01 -1.592021406996112221e-02 8.505626372891614273e-02 -3.359706316299838902e-02
1.038945379025517785e-01 -1.308935703761046065e-01 1.871175181134005633e-02 5.414923109753324443e-02 -2.451948156458394132e-02
1.641758269187203745e-01 -1.893978075325043753e-01 7.911543327753622901e-03 9.608618194490531339e-02 -4.055992685188896524e-02
1.355633684600266731e-01 -1.633719408697759667e-01 1.568593093656196411e-02 7.434580100317364493e-02 -3.243562747660808099e-02
1.605464066500575659e-01 -1.793377057964031795e-01 6.661450016502703901e-03 9.001725894322022692e-02 -3.772777571123771267e-02
1.229810529830877436e-01 -1.297824060319009709e-01 -4.682976382976807538e-03 7.401151900165407749e-02 -2.984235410917141645e-02
1.096223925141091710e-01 -1.033630502924341721e-01 -2.897844870199794629e-02 8.491906393665345221e-02 -3.177603645478673661e-02
1.435090495834280000e-01 -1.543067467863847853e-01 -1.905485967313650525e-02 1.049351040101191013e-01 -4.129081148508456645e-02
1.504636482184824875e-01 -1.577759502107896616e-01 6.670892655060970192e-03 7.514426913735677838e-02 -3.128820882668341408e-02
1.378539253912676732e-01 -1.290758786765945076e-01 -3.581096826014356499e-02 1.052390773577715211e-01 -3.934207168540692495e-02
1.367409575962101886e-01 -1.536071001159874660e-01 -9.805223064467868607e-03 9.593674404826257884e-02 -3.868166579136859268e-02
1.450205893320821726e-01 -1.555260366473340261e-01 8.353475926120009637e-03 7.277613504111608844e-02 -3.051182374137316466e-02
1.585570741925225458e-01 -1.833553211661706206e-01 -5.590911563371330981e-03 1.090320386272350534e-01 -4.464907499329859308e-02
1.563272484146604746e-01 -1.815844344787344578e-01 2.944846780342610503e-03 9.799761594784531238e-02 -4.089399086864976829e-02
1.884701330522739748e-01 -1.958066014134276223e-01 -1.980670991912665893e-02 1.259531550828016655e-01 -4.969501797662202042e-02
1.869937345724490552e-01 -2.082349703278141007e-01 -2.667894700648662867e-02 1.461840119021043660e-01 -5.797970299580409298e-02
1.063832628745899900e-01 -1.251394338482544610e-01 1.754235903637769902e-03 6.823968880138921167e-02 -2.845222539301548934e-02
1.378962994542980436e-01 -1.419734956110351998e-01 -3.200291173234396519e-02 1.118371084912407054e-01 -4.280407504607565417e-02
1.368344564494794746e-01 -1.390236864472556844e-01 -1.355744954363056684e-02 8.785418433496844370e-02 -3.459511156611549954e-02
1.823390862416441882e-01 -1.941867030661270921e-01 -3.356535175292552076e-02 1.429758568213196912e-01 -5.554598260086363731e-02
1.241884166861274008e-01 -1.234941299346148519e-01 -2.531075637758479699e-02 9.259787651239492767e-02 -3.535546282543212959e-02
9.536614766026685341e-02 -9.721543614702365943e-02 -1.802586226232992875e-02 7.144197418299438884e-02 -2.747794005719276719e-02
1.419281074173806834e-01 -1.565278160906667104e-01 -1.049847334365097001e-02 9.735982905725346082e-02 -3.910971280975537867e-02
1.682104073085673168e-01 -1.981329273878771335e-01 5.400241477984461108e-03 1.053056068052909550e-01 -4.425961618120884122e-02
1.234250835791755596e-01 -1.516391906429993830e-01 1.855219093083783702e-02 6.508540869521343974e-02 -2.892612267413141244e-02
1.791775889104672836e-01 -1.972678810960925566e-01 7.738808264620641170e-03 9.769010466009230009e-02 -4.091931110949020844e-02
1.673782240006229105e-01 -1.783091611502524432e-01 -6.317916748740691653e-03 1.020399543936096887e-01 -4.119723800484472592e-02
1.427785144139783469e-01 -1.601170931680332421e-01 1.119085854354759726e-02 7.440347933886014287e-02 -3.174282142516208355e-02
1.000327817308443307e-01 -1.066436686313292082e-01 -3.394865451340992307e-03 6.026300043515921134e-02 -2.427488814017817256e-02
7.016968308741333704e-02 -7.730376179815230675e-02 9.917578673072233175e-03 3.024682037402729937e-02 -1.337738757129536098e-02
1.146331276742868777e-01 -1.200183102738660718e-01 -3.081188195664166796e-02 9.979015633738690105e-02 -3.806529660263052034e-02
1.747745791294116058e-01 -1.985381235258708021e-01 4.181728962571062795e-03 1.045340527328352809e-01 -4.358747834373857821e-02
1.266612803009492527e-01 -1.576719188492221035e-01 1.630697817327766627e-02 7.208347839689187297e-02 -3.171903439791860096e-02
1.321281301363064486e-01 -1.535494172555145753e-01 -2.412754336428141883e-03 8.887926887134980913e-02 -3.663434993816125362e-02
1.882587582882258304e-01 -2.226835425940870694e-01 4.874541713785995878e-02 6.789327803294507857e-02 -3.292273362638131057e-02
2.071791474847427816e-01 -2.106284245573894764e-01 1.449100705751740076e-03 1.077771787031727990e-01 -4.412814457974464227e-02
2.045349977455893919e-01 -2.386505830340205359e-01 3.844315393646686053e-03 1.297285553856754592e-01 -5.431091873296598621e-02
1.444106793209235795e-01 -1.480919032742923080e-01 -2.108053469371133984e-02 1.016855749052699293e-01 -3.956569048483387502e-02
1.821360558654827322e-01 -1.867430250739510744e-01 -2.432009367000689121e-02 1.256295759204377194e-01 -4.905654861702704594e-02
1.321076513445879619e-01 -1.544278227970756479e-01 4.706558601968930007e-03 8.088524508013941738e-02 -3.396029181548024245e-02
9.943230790418523812e-02 -1.091725105148580593e-01 -1.145883454713263368e-02 7.257915796078734383e-02 -2.877659973950735806e-02
1.527220933371612466e-01 -1.702330346376793868e-01 2.930330083629451975e-03 8.933489001777614180e-02 -3.708313048012664565e-02
9.720380460586922067e-02 -1.178463211007453187e-01 2.143539800057408639e-03 6.475927818032124750e-02 -2.711528158700154609e-02
7.063671334242083155e-02 -5.839195712819482409e-02 -4.854991126722130179e-02 8.275271404736239678e-02 -2.891601341123964039e-02
1.294162277456754606e-01 -1.555863282039820494e-01 3.163153142176748818e-03 8.499317284959118091e-02 -3.567945456852828628e-02
1.315300931535423878e-01 -1.366751281941896989e-01 -2.330488506534635421e-02 9.902144419858711910e-02 -3.834357611891632545e-02
1.533326010424103936e-01 -1.530374389039903804e-01 -2.597817659280549432e-02 1.087351247515898067e-01 -4.189610388313413231e-02
1.476505979724146156e-01 -1.818417234737395027e-01 3.355779129382271270e-02 6.482003709405434466e-02 -3.033865760097080935e-02
1.752439718559661297e-01 -1.942058552705303032e-01 9.294934684512892037e-03 9.439373867577333099e-02 -3.969368066152961783e-02
1.544997839280438934e-01 -1.836366737010529382e-01 1.838421765106866210e-02 8.193101398224766907e-02 -3.579877843781821556e-02
1.187070609858501963e-01 -1.451997049574097198e-01 1.767358439769714518e-02 6.235543721130792222e-02 -2.771998196367498821e-02
7.461401432320971527e-02 -7.072155128504548083e-02 -1.786713259222952321e-02 5.554146172395085096e-02 -2.078319994308793633e-02
9.336992355685640177e-02 -7.382512805313466708e-02 -5.438062036403710359e-02 9.525875097203879982e-02 -3.332239650727129160e-02
2.145195743059170879e-01 -2.461720983884293223e-01 1.170453728972231482e-02 1.232866334746104964e-01 -5.228860247855956350e-02
1.770942584217293503e-01 -1.940188762981854553e-01 -6.023526252216685438e-03 1.118760907965256068e-01 -4.544535448944866246e-02
1.153373902780478744e-01 -1.381967984729343124e-01 6.865060510766487351e-03 7.036866855831487577e-02 -2.991819391383259211e-02
1.423617342855108270e-01 -1.577367854976451655e-01 -4.059830913193016380e-03 9.071492047624014898e-02 -3.702621112810407927e-02
1.101507722903119074e-01 -1.303028176111370173e-01 1.069992460747311129e-02 6.066662357999790672e-02 -2.618970237955949715e-02
2.042712804305198138e-01 -2.282687746667232398e-01 -7.035694451222056570e-03 1.332274390316317836e-01 -5.431678001226535046e-02
1.334415978509806699e-01 -1.563663202430741472e-01 1.294475747346544511e-02 7.210420685854254663e-02 -3.107983789644428591e-02
1.106528104428469855e-01 -1.214439743342018291e-01 -1.482837305614796534e-02 8.332293368552526336e-02 -3.291162741729256741e-02
5.332570746897417890e-02 -5.147999026966464109e-02 -2.744335356574678642e-02 5.799881054659802165e-02 -2.104965008443731786e-02
5.012219863677151027e-02 -6.304296977475802588e-02 1.977521503119136770e-02 1.291674166802517405e-02 -7.299261430522602408e-03
8.729008256667242227e-02 -9.985213925997675488e-02 -5.526508718167295886e-03 6.160362364100291366e-02 -2.486476701097543179e-02
4.834647952144752875e-02 -4.580021377122613785e-02 -2.002979122527193817e-02 4.593878877444872860e-02 -1.676387505533727049e-02
1.703569238060255175e-01 -1.864945241025070810e-01 -1.818838007781032121e-02 1.223018116424050422e-01 -4.862175769220885430e-02
1.696850043943164410e-01 -1.918754945200473461e-01 8.609773793190032137e-03 9.544522258475110488e-02 -4.025771857294503653e-02
1.494372067771448653e-01 -1.719181516390879960e-01 2.683461233421759878e-02 6.374268909660552040e-02 -2.894135525308344156e-02
1.015088375665571391e-01 -1.034361316452290236e-01 -2.968999671238159183e-03 5.672220043029645165e-02 -2.275289159280061146e-02
