8.568115370198725600e-02 1.771905713393895354e-02 -3.189339190393081225e-02 -7.150681893199273276e-02
8.564020838518970891e-02 2.029830861191594948e-02 -3.269280772101712529e-02 -7.324570927608764492e-02
9.741492138326712791e-02 2.194377464646812825e-02 -2.724572071453401634e-02 -9.211297531520301618e-02
7.547467148592712505e-02 1.928747147172860110e-02 -1.628425562216495592e-02 -7.847788733548988205e-02
1.033729630906270458e-01 2.774428942967333001e-02 -3.631355759195198374e-02 -9.480369492834661571e-02
7.853602040909368753e-02 2.005823795435901502e-02 -1.681122116790056964e-02 -8.178303719555124474e-02
1.066581126767154331e-01 3.797388318656391704e-02 -4.340426689942233907e-02 -1.012277289638561228e-01
8.988357931468637929e-02 3.897044450994258113e-02 -3.950519799214458061e-02 -8.934882583248793253e-02
9.044285765804804811e-02 1.560475834624330815e-02 -1.473214237817188632e-02 -9.131547362611946994e-02
9.622293604086085139e-02 4.277038560719059745e-02 -3.132532793353703937e-02 -1.076679937145152977e-01
9.010678150732776004e-02 2.689073558362053973e-02 -1.615931418683569376e-02 -1.008382029041090533e-01
9.855422736742269763e-02 3.844148501846245125e-02 -4.760139783139294423e-02 -8.939431455449486918e-02
1.148031892326679682e-01 4.127454030198496326e-02 -4.058644045108117382e-02 -1.154912890835717576e-01
9.587421907276727495e-02 3.519144274980057219e-02 -3.042227296487443056e-02 -1.006433888576934166e-01
1.073611309396111935e-01 2.408918375231294817e-02 -3.167536416195826376e-02 -9.977495052996765423e-02
8.568701332499362167e-02 3.786377412076902260e-02 -3.399790089151011330e-02 -8.955288655425253097e-02
1.085197901218144523e-01 2.314484323362098195e-02 -3.856710901546112069e-02 -9.309752433997520171e-02
8.678232036098698643e-02 2.741714305493125892e-02 -2.386148535607990340e-02 -9.033797805983923013e-02
9.556821197994658235e-02 2.438093762867676872e-02 -2.667415350832857968e-02 -9.327499610029565957e-02
7.471250564908515912e-02 3.205372217710600324e-02 -1.563624121137863199e-02 -9.112998661481341856e-02
1.070855187943235975e-01 3.490002440684847329e-02 -4.760302238714775314e-02 -9.438252081402431770e-02
8.391561250413648310e-02 1.931694810368878024e-02 -2.712078990357547070e-02 -7.611177070425156899e-02
9.337923166622363880e-02 3.742020119703504122e-02 -4.358072864192319429e-02 -8.721870422133459755e-02
8.515469643103568131e-02 3.247000905850594421e-02 -2.662170709879330133e-02 -9.100299839074565966e-02
9.352255196280800931e-02 3.387360683860229926e-02 -3.123191304378103439e-02 -9.616424575762927418e-02
7.899465727506438384e-02 4.148629655654634263e-02 -2.588716320124451187e-02 -9.459379063036799096e-02
9.353514234725857079e-02 3.826137630105641563e-02 -4.326951033528914081e-02 -8.852700831302673379e-02
8.843183773563989547e-02 5.283655706889156534e-02 -3.914068033466833185e-02 -1.021277144698613526e-01
1.100530864910957973e-01 2.499992294845743146e-02 -4.561322374137422031e-02 -8.943978569817634394e-02
9.037837932413239628e-02 3.494129429416492627e-02 -2.914142129756847055e-02 -9.617825232072974018e-02
9.537591355661589887e-02 2.464328709570207110e-02 -2.929828412208745902e-02 -9.072091653022962277e-02
7.548583617663418011e-02 3.417336385476321681e-02 -1.924831851153552265e-02 -9.041088151986187427e-02
8.427869685609667982e-02 1.747442637479501570e-02 -2.352614285116505499e-02 -7.822698037972664054e-02
8.118844918405798694e-02 3.891603748702987531e-02 -4.273092525380040030e-02 -7.737356141728746195e-02
7.822654879698021091e-02 3.517505660576780713e-02 -3.086139385434627513e-02 -8.254021154839996655e-02
7.994139652394771645e-02 3.218692266129519197e-02 -3.740334796525690564e-02 -7.472497121998245007e-02
8.398626125738140047e-02 5.498966113008751933e-02 -5.370736163771727689e-02 -8.526856074975341926e-02
8.848256485140648664e-02 4.109051516150685757e-02 -2.654362484286831858e-02 -1.030294551700468020e-01
9.281928466155253687e-02 3.179862054519411174e-02 -3.709809803300334607e-02 -8.751980717374596708e-02
7.678424815996631736e-02 1.661701871758580751e-02 -1.197640071322592092e-02 -8.142486616432886848e-02
6.239211523020937733e-02 2.416526305604449476e-02 -1.414945747685081301e-02 -7.240792080940217090e-02
7.069172343560570226e-02 2.968557209094768723e-02 -2.623638224129987151e-02 -7.414091328525351798e-02
7.473845818141633401e-02 2.893793648419329401e-02 -2.530205090589809913e-02 -7.837434375970975253e-02
8.853650497140375109e-02 2.670868020105476859e-02 -3.437017867067382326e-02 -8.087500650178647277e-02
7.845928852240202644e-02 3.901061863013310926e-02 -3.911463562551098505e-02 -7.835527152702592701e-02
9.099640150162180419e-02 3.589278283483121612e-02 -3.692639281695342390e-02 -8.996279151949959640e-02
7.896268813188900282e-02 3.619022188928600059e-02 -2.033800309380673355e-02 -9.481490692736649351e-02
7.378906504714155545e-02 2.530135880538164628e-02 -2.833894423929539386e-02 -7.075147961322691970e-02
9.906467371478822059e-02 2.226929034524527395e-02 -2.383686576099730559e-02 -9.749709829903707714e-02
9.345463909388129764e-02 3.475361946651300826e-02 -4.084477180742673852e-02 -8.736348675296667921e-02
6.996508009435320474e-02 3.814060687243348013e-02 -3.063308999522096343e-02 -7.747259697156394509e-02
8.793456331291338302e-02 1.509777446769255960e-02 -2.108667368070271664e-02 -8.194566409990500233e-02
1.051290147335981473e-01 3.423920402006963570e-02 -3.989736069287719289e-02 -9.947085806079059012e-02
8.814959702185909407e-02 2.188141786679054235e-02 -2.023415279714235737e-02 -8.979686209150372633e-02
7.672209461862866675e-02 2.965064055522592668e-02 -1.813408866230670213e-02 -8.823864651155055583e-02
7.665136754998691515e-02 2.447908777328855479e-02 -3.311119239414317406e-02 -6.801926292913229588e-02
8.188425046628466930e-02 4.183150178974326394e-02 -3.699139192376321716e-02 -8.672436033226560426e-02
6.395162164408851879e-02 1.713165988037879117e-02 -1.009131598627188708e-02 -7.099196553819453470e-02
7.695105791866652112e-02 3.133271469216847294e-02 -2.745736545036336906e-02 -8.082640716047073681e-02
1.116075790205934837e-01 2.597624573467083309e-02 -3.562331677418573150e-02 -1.019605079810785853e-01
7.321551061908149194e-02 2.702457904333144256e-02 -2.210504708297289511e-02 -7.813504257944003939e-02
8.089401944751273277e-02 3.379694015142487018e-02 -2.082906155199282239e-02 -9.386189804694478056e-02
8.143208810714597234e-02 3.519605265899006241e-02 -2.552485548816907368e-02 -9.110328527796784925e-02
8.278056743031481091e-02 3.988112842374391676e-02 -2.522297688445007680e-02 -9.743871896960776269e-02
8.948959895574581935e-02 2.076125222255598146e-02 -2.275384896524812461e-02 -8.749700221305545256e-02
8.402401059872044442e-02 2.239253458669221430e-02 -2.975663692715535547e-02 -7.665990825825552690e-02
8.395687655803918403e-02 2.260615360075668434e-02 -2.475571541133358977e-02 -8.180731474746227860e-02
9.303760787967263468e-02 3.339171979974331350e-02 -3.474932205983538580e-02 -9.168000561957878602e-02
9.693241511468819738e-02 2.516487076863072048e-02 -2.778298038784843271e-02 -9.431430549547048514e-02
7.760146098194020681e-02 3.028498706866855628e-02 -1.510874889763424989e-02 -9.277769915297184866e-02
8.139815646286852058e-02 3.317722448234139421e-02 -3.149228340964604911e-02 -8.308309753556386568e-02
1.012182063487605532e-01 2.890429494514368258e-02 -3.246996943104818456e-02 -9.765253186285605125e-02
9.585537814550093572e-02 2.933483933818958889e-02 -3.532846308859749485e-02 -8.986175439509480611e-02
9.632385168706392164e-02 3.944265176589478727e-02 -3.911103856651543254e-02 -9.665546488644238821e-02
9.005733913135482993e-02 1.959209158185526434e-02 -1.469433855120350074e-02 -9.495509216200481717e-02
1.089951493380834080e-01 2.011082192200319696e-02 -2.668819236706543307e-02 -1.024177788930211719e-01
8.747122812624930077e-02 2.238554814505722135e-02 -3.014872002706781018e-02 -7.970805624423960012e-02
7.869841468445049060e-02 3.573354368371006728e-02 -2.753794325028291468e-02 -8.689401511787941956e-02
7.786279428759179666e-02 2.615619248749290193e-02 -2.564239669318624237e-02 -7.837659008189845622e-02
9.103643731617072632e-02 2.740529383849121814e-02 -3.136503426592263111e-02 -8.707669688874108971e-02
9.049095259479944531e-02 1.870634563260242800e-02 -3.022674677782166697e-02 -7.897055144957931816e-02
1.099430173764490704e-01 1.837332863806562244e-02 -3.019970792425308304e-02 -9.811663809026072158e-02
1.020058987340393131e-01 3.075064119035353372e-02 -1.420054956983829442e-02 -1.185559903545545524e-01
8.164861380608723351e-02 4.016893343654093229e-02 -3.703634580141645927e-02 -8.478120144121259472e-02
7.766364039026729671e-02 2.646287117523904442e-02 -3.954428620149030849e-02 -6.458222536402047353e-02
8.774455120825486176e-02 3.122156183766300330e-02 -4.212455702716599859e-02 -7.684155601875097830e-02
6.617464685068430441e-02 3.355595276402834060e-02 -1.511402663683636405e-02 -8.461657297787628096e-02
8.409698082925132212e-02 2.989567638085155465e-02 -3.334546417923789363e-02 -8.064719303086320679e-02
9.390451853819214989e-02 1.203767845125813807e-02 -2.239208822929228404e-02 -8.355010876015889210e-02
7.443753410688813688e-02 3.704871650578756004e-02 -2.410556312964562409e-02 -8.738068748303096100e-02
7.508413658532564483e-02 3.319043783697406269e-02 -2.403704583403154516e-02 -8.423752858826993872e-02
9.107967171419240060e-02 3.249088815160039445e-02 -3.099493036495282183e-02 -9.257562950083908504e-02
9.148362524144637575e-02 1.641425138715479903e-02 -1.405839021599586403e-02 -9.383948641260797530e-02
8.067454158558540200e-02 1.543165309114336026e-02 -2.513411898850126391e-02 -7.097207568822838653e-02
7.978832626295950803e-02 3.578717117909135936e-02 -2.271212249045451159e-02 -9.286337495159635580e-02
8.349552181019515018e-02 2.821631714253758361e-02 -2.601469496172370555e-02 -8.569714399100902824e-02
7.646842014017440903e-02 2.731419208518204300e-02 -2.725209967031982927e-02 -7.653051255503484640e-02
9.654014593220328067e-02 2.470016725676416058e-02 -1.828577249821616846e-02 -1.029545406907486083e-01
8.527936664459012661e-02 2.857854544292148802e-02 -2.336490911424515815e-02 -9.049300297326290377e-02
9.209331015579902413e-02 3.066151697847807611e-02 -2.084787435903834307e-02 -1.019069527752405335e-01
8.600629201139931013e-02 1.706467958703328236e-02 -9.896743467908031278e-03 -9.317422813052367303e-02
8.806790334698266776e-02 3.043752032460833590e-02 -4.109604387455689789e-02 -7.740937979703588212e-02
9.212837874906032454e-02 3.087939305900366804e-02 -3.147577577270599392e-02 -9.153199603535622231e-02
7.973284609580399973e-02 2.837247605786075155e-02 -2.245446370871029274e-02 -8.565085844495357037e-02
8.885687507654171924e-02 3.515642176525268781e-02 -2.946400365193913018e-02 -9.454929318985527686e-02
9.043182027346929885e-02 3.605639226740109393e-02 -3.859963125096577130e-02 -8.788858128990106877e-02
8.890841586946773845e-02 2.980896610389560664e-02 -4.156973347844417077e-02 -7.714764849491828613e-02
9.584188407336036164e-02 2.024089243071713895e-02 -1.823963405718842523e-02 -9.784314244689173989e-02
8.385999053656334468e-02 1.740957131113596290e-02 -3.149280261644626933e-02 -6.977675923125215007e-02
9.306948384718616296e-02 3.575537692484509478e-02 -4.321885991006979566e-02 -8.560600086196323844e-02
1.034370699308828634e-01 2.948655669697153314e-02 -3.695267074479779978e-02 -9.597095588305837310e-02
1.072940064589191778e-01 2.331001446158076362e-02 -3.043469395426789958e-02 -1.001693269662293773e-01
8.297924861651129191e-02 2.896319108363876182e-02 -3.002655546125421182e-02 -8.191588423889673010e-02
8.304034403312066104e-02 1.907277314313038374e-02 -2.216377585145945517e-02 -7.994934132479336597e-02
9.504782230138530963e-02 3.328211543449199894e-02 -2.939363634544456261e-02 -9.893630139043008143e-02
9.897797584326628595e-02 3.272004045867138444e-02 -3.326333541855852616e-02 -9.843468088337825606e-02
7.039334733778357389e-02 1.228643391060213474e-02 -1.902415268114587832e-02 -6.365562856723805396e-02
8.037276298923234918e-02 2.453569355060292168e-02 -2.267899329951994503e-02 -8.222946324031266130e-02
1.059763333782557382e-01 2.449995573641672308e-02 -2.260214337239929705e-02 -1.078741457422704997e-01
8.895175764834561960e-02 4.204724952588811959e-02 -4.168181488114264255e-02 -8.931719229308932029e-02
8.380521546855046466e-02 2.700403265804407482e-02 -3.740151036318550837e-02 -7.340773776340991930e-02
9.687502134634939921e-02 2.815033882085149486e-02 -3.572167125455028014e-02 -8.930368891264972575e-02
8.817701133811972625e-02 2.572315818079395910e-02 -1.953701469193980245e-02 -9.436315482697388290e-02
9.767847660458084391e-02 2.699559919827354548e-02 -2.977632861260470776e-02 -9.489774719024968164e-02
8.905620119899904097e-02 3.125481299398646939e-02 -2.329631160904988008e-02 -9.701470258393563029e-02
1.018889773642666086e-01 3.226868821207951044e-02 -2.946919439041018052e-02 -1.046884711859350503e-01
9.221325614831243911e-02 2.021157987960453539e-02 -2.982493403685282374e-02 -8.259990199106503894e-02
9.025675332671578843e-02 3.336797219174503226e-02 -3.778764894686936771e-02 -8.583707657159322935e-02
9.306806849066084908e-02 2.209584369647199509e-02 -1.428696912919225070e-02 -1.008769430579388171e-01
8.773115029874212212e-02 3.075139334836940463e-02 -3.621868782377202223e-02 -8.226385582334039270e-02
1.047914009915285050e-01 4.123600268373905919e-02 -4.238454185886819658e-02 -1.036428618163967030e-01
8.025043983968771499e-02 3.410986896904333321e-02 -2.395901175277170836e-02 -9.040129705595845166e-02
1.021582014712274500e-01 3.310851599812636437e-02 -2.881040283603386598e-02 -1.064563146333208365e-01
9.773095563771594385e-02 3.732250683107718459e-02 -4.525151594984944126e-02 -8.980194651894102265e-02
1.038534312904202395e-01 2.610919714507708989e-02 -3.503197547576863968e-02 -9.493065295972691331e-02
1.032581640324092831e-01 3.265238847743212602e-02 -3.012935742664968330e-02 -1.057811950831908376e-01
1.000282341103373440e-01 2.781369884749107513e-02 -4.165266250925991898e-02 -8.618927044856672381e-02
1.093719278758653601e-01 1.209400850647579517e-02 -2.495822158731808571e-02 -9.650771479502040506e-02
9.606459253254850950e-02 4.280950679950912274e-02 -4.106569931393266870e-02 -9.780840001812673989e-02
1.064568089524051686e-01 3.234788984137360046e-02 -2.658373512477840706e-02 -1.122209636690021384e-01
1.009369498747956229e-01 4.104055483123492110e-02 -2.779664629457556657e-02 -1.141808584114540892e-01
1.072540001046240477e-01 2.319279825465958567e-02 -4.718193096462197644e-02 -8.326486739465899234e-02
1.049516001953039179e-01 1.964100807670376980e-02 -1.823894284902571883e-02 -1.063536654229828571e-01
9.520383287690048491e-02 4.723754549244763012e-02 -3.140336978762636733e-02 -1.110380085817226359e-01
1.073159984360296804e-01 2.275738147479344775e-02 -2.704534830792315603e-02 -1.030280316029017484e-01
7.226206020989334178e-02 2.064607394502981919e-02 -2.582241578838573304e-02 -6.708571836653742793e-02
1.089881906229992481e-01 3.698365436491979352e-02 -3.091462449284332337e-02 -1.150572204950774946e-01
1.168027388771051278e-01 2.929027444768461663e-02 -3.714183237918700087e-02 -1.089511809456036318e-01
1.132589266504471226e-01 2.999913750980365279e-02 -2.198496373930058922e-02 -1.212731004209519625e-01
9.708519951277416737e-02 2.917802410603709262e-02 -2.728958963283911743e-02 -9.897363398596947803e-02
4.513277595670306397e-02 2.658597980654953119e-02 -2.886113476780050036e-02 -4.285762099545387116e-02
9.232942071373617665e-02 3.606779314704411377e-02 -4.062354609787455217e-02 -8.777366776290751460e-02
7.738900647617885653e-02 2.240769803098174862e-02 -5.687628158513646781e-03 -9.410907634864518201e-02
1.027145791900583305e-01 4.011816657100197858e-02 -2.707307604455699845e-02 -1.157596697165024224e-01
1.147651808387220029e-01 1.373580852574463051e-02 -2.588349298046210833e-02 -1.026174963840018606e-01
8.701531838416975972e-02 3.394079719759179881e-02 -2.660554633417078207e-02 -9.435056924759255281e-02
1.043080957415885024e-01 3.928863562850359870e-02 -4.862045619163346544e-02 -9.497627517845863565e-02
3.713399174207587805e-02 1.109910789875101500e-02 -5.607515231724313765e-03 -4.262558440910080293e-02
9.834317805301928672e-02 1.834378887810839132e-02 -1.472560333529582266e-02 -1.019613635958336317e-01
8.342654766287349588e-02 3.740761266860559431e-02 -3.668595946738051339e-02 -8.414820086409591227e-02
8.816695843497157625e-02 3.133843227899024697e-02 -1.707677566740706254e-02 -1.024286150465520961e-01
1.076620810893480495e-01 3.598554693712330277e-02 -4.501507104612834098e-02 -9.863255698033945862e-02
1.013941851646311676e-01 2.428489158198932074e-02 -2.471462464510398860e-02 -1.009644521015147234e-01
1.034713732953393972e-01 4.330553157212602144e-02 -5.773221245364457133e-02 -8.904469241382351186e-02
9.593371236658487788e-02 2.709965636966682467e-02 -2.622714199292719428e-02 -9.680622674332539646e-02
1.044625522664661688e-01 2.773012275933695037e-02 -2.524147111867147686e-02 -1.069512039071289777e-01
1.040651357848361158e-01 3.424056023126897941e-02 -4.332901690690871277e-02 -9.497667910919549428e-02
1.042291945356002003e-01 1.380973745773417249e-02 -2.423738890570970028e-02 -9.380154308762556070e-02
8.898731251090641337e-02 4.461782653250168096e-02 -3.728508885939518791e-02 -9.632005018401379459e-02
8.872554557912692985e-02 4.152935028394377781e-02 -2.816845583139127029e-02 -1.020864400316785492e-01
8.255846756855067525e-02 4.346137422803408867e-02 -2.749772054624521900e-02 -9.852212125033865675e-02
9.162638373594145236e-02 3.383064898142063015e-02 -4.936899265162075778e-02 -7.608804006573866019e-02
8.262600912273221354e-02 4.469676113804776918e-02 -3.505458489322421656e-02 -9.226818536755576616e-02
7.630344743907357952e-02 3.681433407942247271e-02 -3.249979406612624189e-02 -8.061798745237247488e-02
1.105168368288911296e-01 3.724291589116113244e-02 -3.457517424171019371e-02 -1.131845784783411801e-01
1.188829781130058549e-01 3.003131057266994475e-02 -4.155131781765764032e-02 -1.073629708680208239e-01
9.512570584566404364e-02 2.904337930342837382e-02 -2.156978958782929112e-02 -1.025992955612631263e-01
8.250593407581430228e-02 2.429081796670651272e-02 -1.810388867879364483e-02 -8.869286336372894652e-02
1.021826918244590487e-01 4.691686534203221015e-02 -3.666537991750118408e-02 -1.124341772489909630e-01
9.110751865851973719e-02 3.849274835903315761e-02 -3.669009758617480799e-02 -9.291016943137719863e-02
1.041144375752782736e-01 4.083416453133903445e-02 -5.219658027251750099e-02 -9.275202183409891887e-02
1.036274564079375793e-01 2.060459324083474542e-02 -5.191711765211515228e-02 -7.231493199665717242e-02
8.790929382046552831e-02 3.722804726190087621e-02 -2.164598919329385751e-02 -1.034913518890743234e-01
8.769770433393464515e-02 2.903172349697147325e-02 -2.175482653154059420e-02 -9.497460129936463602e-02
1.102291247183924128e-01 3.106010814766335670e-02 -2.809556539988289359e-02 -1.131936674661728759e-01
8.525182081667992406e-02 4.031285645856463873e-02 -3.105661194367925759e-02 -9.450806533156885791e-02
9.097104703355984867e-02 3.089113042113833529e-02 -2.687129752891959100e-02 -9.499087992577859296e-02
9.539366903822799060e-02 1.778093238695710454e-02 -8.394476424196106734e-03 -1.047801250009863239e-01
1.032305933766544115e-01 3.660399534077640737e-02 -3.665396013771804462e-02 -1.031806285797163270e-01
1.023420173222762131e-01 3.715933491703093949e-02 -4.415251840908407388e-02 -9.534883383022307868e-02
1.143595645382537995e-01 3.423670116973553945e-02 -4.509777183284224833e-02 -1.034984938751506434e-01
9.726743390367875719e-02 4.621622385789248000e-02 -4.509544163190426502e-02 -9.838821612966608399e-02
9.422920111609656146e-02 3.929622769878271527e-02 -4.126833489699865964e-02 -9.225709391787795255e-02
8.604358411310464305e-02 3.633339577079208738e-02 -1.731347471086852607e-02 -1.050635051730282044e-01
1.092168124116996708e-01 3.325304982501098294e-02 -4.471273249100260472e-02 -9.775712974570538449e-02
1.098559609162492734e-01 4.429517111828928932e-02 -4.567733555041542104e-02 -1.084737964841240299e-01
1.096737091230624017e-01 3.686038123053680948e-02 -3.581225868846882321e-02 -1.107218316651321643e-01
1.109718421113612408e-01 2.516599440537792276e-02 -2.493238321491375586e-02 -1.112054533018254077e-01
8.401962344082569700e-02 4.131942022295476136e-02 -3.565876415527391430e-02 -8.968027950850743224e-02
1.090005203883501750e-01 2.976144410608494439e-02 -2.713919952922072554e-02 -1.116227649652152820e-01
1.053951107910826579e-01 1.965709826443262642e-02 -1.794444184661880826e-02 -1.071077672088973642e-01
8.869320226246912853e-02 3.179692786733401277e-02 -3.389274006045628340e-02 -8.659739006934685790e-02
8.140981806074698568e-02 2.984962124833323571e-02 -3.092938696383562558e-02 -8.033005234524281946e-02
1.044900690102021912e-01 3.158225602864028758e-02 -3.142433839358194092e-02 -1.046479866452587615e-01
1.004824034763620588e-01 2.899204045616698977e-02 -2.586712519401679344e-02 -1.036073187385104788e-01
8.855282712106582466e-02 3.503221296768810333e-02 -3.765831122251128704e-02 -8.592672886624352913e-02
9.093637957663069926e-02 2.747813139593624499e-02 -3.477008400152747924e-02 -8.364442697103946500e-02
9.331391487409934626e-02 2.355348138489254950e-02 -1.352612270305542097e-02 -1.033412735559382511e-01
9.010770073873430874e-02 2.827534834876299641e-02 -2.935403228905819617e-02 -8.902901679844266170e-02
8.774470425624514291e-02 3.072886935275587206e-02 -3.373748814333055179e-02 -8.473608546566779864e-02
1.004691541119191456e-01 1.693958451470667370e-02 -1.864416809807512010e-02 -9.876457052855069918e-02
1.069853771711741786e-01 2.174261623279516442e-02 -4.409335821564486224e-02 -8.463463518832270438e-02
7.914689550723341682e-02 1.932106095822749836e-02 -2.587681381014039772e-02 -7.259114265531962928e-02
9.487199370725640790e-02 3.615894810180986241e-02 -3.065421956318648000e-02 -1.003767222458762376e-01
9.869346314626703531e-02 3.411554891550583335e-02 -3.389629152798168121e-02 -9.891272053379118745e-02
9.945657052555478828e-02 1.633094442879201580e-02 -2.201781502669497570e-02 -9.376969992765005202e-02
1.066769303105061795e-01 4.527435303148585888e-02 -4.361873980988750787e-02 -1.083325435321027541e-01
9.071470600888620339e-02 1.103649217335878063e-02 -2.303161399744801940e-02 -7.871958418479518826e-02
9.793358917322336765e-02 4.446574285038984442e-02 -3.038634194542400024e-02 -1.120129900781909882e-01
8.356610891601867763e-02 2.992489832448352871e-02 -3.802589158203062425e-02 -7.546511565847069392e-02
8.735311036475312818e-02 2.230572579058787142e-02 -2.531310533240738181e-02 -8.434573082293539414e-02
8.964790489968699205e-02 2.553167709711168243e-02 -2.753690537904329716e-02 -8.764267661775537732e-02
9.180167498767222156e-02 3.797321844947099123e-02 -2.745483592987962851e-02 -1.023200575072653606e-01
9.334379719166019385e-02 3.971889195563971242e-02 -2.747217542636981591e-02 -1.055905137209300904e-01
8.703690827204368929e-02 2.909195824183630208e-02 -2.580438131000217794e-02 -9.032448520387781343e-02
8.336316410160637957e-02 4.056457723009287974e-02 -3.849930962092873443e-02 -8.542843171076874853e-02
9.778112489826362719e-02 3.778161046742312124e-02 -1.815126439521730362e-02 -1.174114709704685566e-01
9.018062648158142736e-02 2.519568476611855345e-02 -2.335992605960690582e-02 -9.201638518809573952e-02
9.265560248371240704e-02 2.278243455074768775e-02 -2.466909798342076243e-02 -9.076893905103666782e-02
8.474991217303351476e-02 3.612626083840719815e-02 -4.037288907922231829e-02 -8.050328393221928280e-02
7.075784350722358340e-02 3.648841944008118787e-02 -1.998537199353034310e-02 -8.726089095377709270e-02
9.112536516352243154e-02 4.084349363723660531e-02 -3.276203107544972681e-02 -9.920682772531197458e-02
7.901088552493007455e-02 3.167728672560876646e-02 -2.534166076808119783e-02 -8.534651148245941954e-02
8.346753888278435340e-02 5.102557714027788904e-02 -5.278447767561544879e-02 -8.170863834744590548e-02
7.048032691511441072e-02 3.283933228498359114e-02 -2.833863208172182624e-02 -7.498102711837795198e-02
8.033526197982965300e-02 3.148685616843405199e-02 -2.728102194673365233e-02 -8.454109620152827631e-02
9.256827437648951218e-02 3.061362194376293644e-02 -3.653140401076537813e-02 -8.665049230948707049e-02
9.839590907483408699e-02 2.575548033790564517e-02 -3.501619493312269071e-02 -8.913519447962059417e-02
1.016617128561936312e-01 9.718993441588885673e-03 -2.901771064577829407e-02 -8.236299565200244643e-02
8.742351016943850084e-02 3.247962294233275315e-02 -2.352740217290794078e-02 -9.637573093886242503e-02
9.202061073032652416e-02 3.366024580985804704e-02 -2.834715469712545399e-02 -9.733370184305734085e-02
8.695574983227061239e-02 3.640255246329182626e-02 -1.768169125227192495e-02 -1.056766110432896255e-01
8.294863318838618937e-02 3.437163381740493406e-02 -3.250816809642209648e-02 -8.481209890936902696e-02
8.652288286921816507e-02 2.945862982135416530e-02 -3.444774521775251230e-02 -8.153376747282159442e-02
8.194207951530518841e-02 3.129740755782695061e-02 -4.067518105907108605e-02 -7.256430601406105296e-02
8.545665367338006746e-02 3.940919129685838129e-02 -2.612024234975862669e-02 -9.874560262047893389e-02
7.958250450271542320e-02 3.092991043850279453e-02 -2.850041312321849318e-02 -8.201200181800061273e-02
8.179500925385507770e-02 2.716067392168231009e-02 -2.545208698401602021e-02 -8.350359619152136759e-02
7.454419479223162170e-02 2.322260962551947472e-02 -2.455181506336590047e-02 -7.321498935438608413e-02
9.001933507721915362e-02 2.937644453447862958e-02 -3.144483426650257485e-02 -8.795094534519520835e-02
9.483029749918170381e-02 2.131577094501846403e-02 -3.326418774723283178e-02 -8.288188069696822424e-02
8.289124738073905263e-02 4.048936787222157108e-02 -4.048068999854681493e-02 -8.289992525441380877e-02
8.317975018102874429e-02 4.516311697670971625e-02 -4.281821101556726461e-02 -8.552465614217030776e-02
8.405435669920890973e-02 5.404034403243151985e-02 -3.889938921043967213e-02 -9.919531152120075745e-02
1.130072872249172633e-01 3.299941494856017954e-02 -3.674719281693494821e-02 -1.092595093565416065e-01
7.849701819173660056e-02 2.841390376119257155e-02 -3.115921606180371839e-02 -7.575170589112723007e-02
9.031274178885073667e-02 2.555602271552626092e-02 -3.176251586974654373e-02 -8.410624863462956569e-02
9.391176827559100104e-02 2.038629804053027073e-02 -2.775591763067186690e-02 -8.654214868544851669e-02
7.619579893457917308e-02 3.030830622856672818e-02 -3.084837488500902225e-02 -7.565573027814043172e-02
7.759817127458479291e-02 3.296841732376165623e-02 -2.378779611803238936e-02 -8.677879248031228343e-02
8.514504225659624836e-02 3.322632643794953822e-02 -1.402989008889754530e-02 -1.043414786056473531e-01
6.804927953598394197e-02 3.089998661392368007e-02 -2.760894331984609096e-02 -7.134032283006241926e-02
8.938142310352858999e-02 3.125368344809054122e-02 -2.403463760426038931e-02 -9.660046894735785372e-02
7.078224517574227548e-02 3.979494512125292260e-02 -3.311802861990109648e-02 -7.745916167709410161e-02
1.021448885558449149e-01 2.431658426519422989e-02 -2.773240199531290529e-02 -9.872907082572535131e-02
7.507064024872356356e-02 3.208346303927811505e-02 -3.782779873223418576e-02 -6.932630455576660466e-02
8.370386151160236210e-02 3.451396350748403563e-02 -2.477054467676875760e-02 -9.344728034231586378e-02
9.017910282109742326e-02 2.347811232286822758e-02 -1.700838881351174336e-02 -9.664882633045124294e-02
8.600983106971682446e-02 2.486879856621992957e-02 -2.350872712764306982e-02 -8.736990250829279603e-02
6.052589975550759505e-02 4.007318499809464640e-02 -2.360903933820424072e-02 -7.699004541539533619e-02
7.600599492227910758e-02 3.023585964533115344e-02 -2.520070575657928913e-02 -8.104114881103097190e-02
7.419378284972033555e-02 1.932473882872809412e-02 -1.927782877469752520e-02 -7.424069290375001628e-02
9.264524388614692185e-02 3.450188545897692194e-02 -3.156709993127204683e-02 -9.558002941385357332e-02
7.454613281456623497e-02 3.283423314304823037e-02 -2.681998410711905478e-02 -8.056038185049807510e-02
7.477431424334568533e-02 3.577953081735962826e-02 -2.669371368424755531e-02 -8.386013137645864646e-02
8.448981242514452816e-02 3.627454027943688430e-02 -3.551964819342234847e-02 -8.524470451115906400e-02
9.234831200329463030e-02 3.341042627055124115e-02 -3.548512116306223874e-02 -9.027361711078096818e-02
9.096626046230049667e-02 2.356228034832685836e-02 -2.836679804353270384e-02 -8.616174276709642754e-02
8.498870936118585462e-02 3.172397143264316099e-02 -3.153560436922919763e-02 -8.517707642459981798e-02
7.709458093128684908e-02 1.781030276835426918e-02 -1.986817471608848251e-02 -7.503670898355174756e-02
6.429471903232997221e-02 2.324446355934650654e-02 -1.916040845744593213e-02 -6.837877413423143480e-02
8.690437024662411858e-02 2.647560937495452293e-02 -3.777330775033682642e-02 -7.560667187124270328e-02
7.561098946592004211e-02 3.188407709134288837e-02 -1.479656475153312556e-02 -9.269850180573158127e-02
8.678437340135403133e-02 3.611218019505457733e-02 -3.107350493981453354e-02 -9.182304865659407511e-02
8.624414687211778840e-02 2.003129624185184809e-02 -2.132158578786214065e-02 -8.495385732610838403e-02
7.420750673820286636e-02 3.319623574880381511e-02 -3.525464781766363132e-02 -7.214909466934216198e-02
8.696622042744106551e-02 3.225555622939602074e-02 -4.083670302160058441e-02 -7.838507363523383731e-02
8.586077314228202084e-02 3.790034220408866616e-02 -3.397049006479058164e-02 -8.979062528158188172e-02
7.956887807724744022e-02 3.681141569812229619e-02 -3.532387827538308045e-02 -8.105641549998843232e-02
7.011297530237836639e-02 2.186123287180308239e-02 -2.286481295170972317e-02 -6.910939522247172562e-02
7.821563897729078008e-02 1.636011822441041375e-02 -1.078172367632124207e-02 -8.379403352537906358e-02
9.999754716637188068e-02 4.188639738638677557e-02 -4.574983361291451445e-02 -9.613411093984502998e-02
8.549292524701357365e-02 1.997541752635711987e-02 -1.589316641913018913e-02 -8.957517635423961622e-02
8.321268320717756239e-02 1.976813384291897790e-02 -1.998259692290194067e-02 -8.299822012719371145e-02
6.154285760533628746e-02 4.000632588183439253e-02 -3.222615529711969629e-02 -6.932302819005098371e-02
7.970743913697386773e-02 2.476877941776312042e-02 -2.624489026621823484e-02 -7.823132828851875331e-02
9.252004537567959375e-02 3.435174232772286729e-02 -3.380605422422622297e-02 -9.306573347917623806e-02
9.719568945305656626e-02 3.305459440709768160e-02 -3.623055751662995760e-02 -9.401972634352429026e-02
7.421156973690568037e-02 3.207779687184331152e-02 -2.185266882898950769e-02 -8.443669777976037238e-02
9.155226443959030291e-02 2.923545320430243066e-02 -3.387052748812369174e-02 -8.691719015576904184e-02
8.939213516015964700e-02 2.846626469317925512e-02 -3.690132652334554564e-02 -8.095707332999779737e-02
8.780093167450786495e-02 1.993323394154700168e-02 -2.053448053386031091e-02 -8.719968508219277936e-02
9.491255602569292904e-02 2.505013555616564247e-02 -3.306431592454117663e-02 -8.689837565731828306e-02
8.208583574939254390e-02 2.618074061682751363e-02 -2.849330510874992228e-02 -7.977327125747013525e-02
8.576582095074147816e-02 3.595302404306011113e-02 -2.098708123499459788e-02 -1.007317637588069914e-01
9.602435832431144291e-02 3.578037784973275848e-02 -2.974142871281948430e-02 -1.020633074612238289e-01
8.034863889166388162e-02 2.718969144473692978e-02 -1.381110536784646570e-02 -9.372722496855612206e-02
8.470098154826732895e-02 2.401916270553616783e-02 -2.396345924024956275e-02 -8.475668501355393403e-02
9.116374007171668126e-02 2.590930380357292506e-02 -1.978562860372701238e-02 -9.728741527156614666e-02
9.311051011864623916e-02 2.171397831236543396e-02 -2.572848555712603513e-02 -8.909600287388297346e-02
8.583717293984527430e-02 3.421677729303507220e-02 -2.520014844895435147e-02 -9.485380178392865957e-02
8.322847741520433829e-02 3.171933258994652505e-02 -2.184071691683886485e-02 -9.310709308831288666e-02
7.703728954326649614e-02 3.128458963471647536e-02 -1.525287665043251195e-02 -9.306900252754957137e-02
8.513678797124324404e-02 3.173418388392423850e-02 -1.494866509682246658e-02 -1.019223067583423514e-01
8.434971665063262236e-02 2.555976523075731421e-02 -2.946817731505202431e-02 -8.044130456633968862e-02
9.150786225871332391e-02 3.689458929640299090e-02 -2.327639732207487100e-02 -1.051260542330432202e-01
9.789196874478989230e-02 4.605778499551149707e-02 -4.242198133626917667e-02 -1.015277724040313245e-01
1.055709072554016359e-01 2.635236696484177799e-02 -3.154674876202712142e-02 -1.003765254582154043e-01
1.011776035966329701e-01 1.604664377589326563e-02 -2.472724576721230250e-02 -9.249700160531570958e-02
8.562758922510838033e-02 1.327767073780794505e-02 -3.004092960305726479e-02 -6.886433035985728424e-02
9.165248316351704005e-02 2.743190118853711112e-02 -3.716572406048168631e-02 -8.191866029157068851e-02
8.298802262626470139e-02 3.606659303172055075e-02 -2.635835007496023508e-02 -9.269626558302235253e-02
9.606634301692285050e-02 2.467978683220373171e-02 -2.830188510663678159e-02 -9.244424474248980061e-02
7.242349320593266526e-02 2.947265181411573565e-02 -2.141522537300577511e-02 -8.048091964704262580e-02
6.114412732853757859e-02 3.207293774136932285e-02 -2.146673941819798870e-02 -7.175032565170802457e-02
7.333198207878943720e-02 2.484139213671809898e-02 -2.824675529708198241e-02 -6.992661891842466559e-02
8.524097728319546263e-02 3.738000164985955109e-02 -5.157269666216102166e-02 -7.104828227089221571e-02
8.082672083516495576e-02 2.339168610021946648e-02 -1.901918376568190183e-02 -8.519922316970429677e-02
8.752324872601402461e-02 3.489160287309456265e-02 -3.473037870806905403e-02 -8.768447289104308595e-02
9.658944078785225429e-02 2.933109251933441186e-02 -3.003188146121793523e-02 -9.588865184597139546e-02
7.564239587791821151e-02 3.254917988248351435e-02 -3.801400966273149606e-02 -7.017756609767111797e-02
8.484632076710063586e-02 3.577710960555613440e-02 -3.685507004821086952e-02 -8.376836032444678892e-02
9.171998279803350584e-02 3.607115470328992046e-02 -3.029234186625107128e-02 -9.749879563507146685e-02
8.711831228313826614e-02 2.467466452351629869e-02 -1.752460807324673908e-02 -9.426836873340604939e-02
7.758352014161484789e-02 3.509084143995178096e-02 -1.933675691663694352e-02 -9.333760466492879715e-02
7.668544474004423961e-02 2.705271393726249585e-02 -3.778638124123201436e-02 -6.595177743607827381e-02
1.042826589105700918e-01 2.141459526648858969e-02 -2.736324636131737265e-02 -9.833400781573953253e-02
9.616446119681221205e-02 2.114346579034709350e-02 -2.860876836493364550e-02 -8.869915862222654823e-02
8.367249486180838858e-02 3.253347492953473363e-02 -3.723914731208921580e-02 -7.896682247925568277e-02
9.183251579753726190e-02 3.466467038518139532e-02 -3.407178960391377132e-02 -9.242539657880666226e-02
7.921362700535272694e-02 4.885538608816908379e-02 -5.024409436792343087e-02 -7.782491872559926804e-02
8.082481573285438259e-02 3.297361256612774127e-02 -3.441894790384125713e-02 -7.937948039513997855e-02
7.705079680523230223e-02 3.705271325774095459e-02 -2.231682319477634735e-02 -9.178668686819602129e-02
8.225238157733016919e-02 3.233795490701751874e-02 -2.449729211264273232e-02 -9.009304437170406743e-02
8.698591444036907205e-02 3.550072863175213200e-02 -3.717740050018303322e-02 -8.530924257193639448e-02
8.160584184609653846e-02 2.834405479820922835e-02 -3.169878895123723339e-02 -7.825110769306853342e-02
9.163361909685541207e-02 1.166562071152110747e-02 -2.544884468125818699e-02 -7.785039512711477983e-02
9.122081145702942706e-02 2.376449444011985435e-02 -3.554091789580748895e-02 -7.944438800134090428e-02
8.823747118977021131e-02 3.099080136431275889e-02 -2.486231216377898789e-02 -9.436596039030398231e-02
8.077572319923831401e-02 2.430831696877966408e-02 -1.603684751366785122e-02 -8.904719265435101505e-02
8.995550756369308232e-02 4.330664109459281264e-02 -4.693111369296065760e-02 -8.633103496532523735e-02
9.592498117700287708e-02 3.165613317955795480e-02 -3.316786102056834551e-02 -9.441325333599071001e-02
8.897042490003936877e-02 2.245460431166357296e-02 -2.813168810520760843e-02 -8.329334110649622147e-02
9.342041018142488440e-02 2.456342222608132175e-02 -3.775382275817928956e-02 -8.023000964932869294e-02
8.987507250165549522e-02 3.114332746782633166e-02 -4.779164710001282401e-02 -7.322675286946900286e-02
8.985486155797417496e-02 3.319264435344138064e-02 -3.224978573578596297e-02 -9.079772017562959263e-02
8.710861196234187531e-02 1.894979446029054770e-02 -1.500532664506426528e-02 -9.105307977756815774e-02
8.178561506990877916e-02 1.968749720910611956e-02 -1.170632586918696205e-02 -8.976678640982527213e-02
7.888782424801998872e-02 1.935416869670802953e-02 -1.131609126376265095e-02 -8.692590168096536729e-02
8.748606916796308752e-02 2.840988384231923902e-02 -2.898806325745351131e-02 -8.690788975282703888e-02
7.854147225149699096e-02 3.871219173402629110e-02 -2.613173338810170776e-02 -9.112193059742246248e-02
8.178085021564118762e-02 2.614090530227120013e-02 -1.072436992815006818e-02 -9.719738558976143139e-02
7.628601319664696234e-02 2.321626880873939314e-02 -1.797302568934888711e-02 -8.152925631603391565e-02
7.632708696352885624e-02 2.826225272924975940e-02 -1.250678027387142066e-02 -9.208255941890630680e-02
8.177357560263498470e-02 4.698895710432449135e-02 -3.361755400042110153e-02 -9.514497870654015088e-02
8.651157618072957689e-02 1.899995674579280092e-02 -2.655190046718747254e-02 -7.895963245933401708e-02
7.911256047206016717e-02 3.527351711561355074e-02 -3.545332463320693961e-02 -7.893275295446322559e-02
8.473096214131103920e-02 9.376522631662886909e-03 -3.244119179903481864e-02 -6.166629297393999565e-02
8.038683349840436421e-02 3.139623406444602693e-02 -3.055035773332814841e-02 -8.123270982952224273e-02
8.033524591173701879e-02 3.912331963609982921e-02 -3.491829603384832836e-02 -8.454026951399207235e-02
8.715499334064169545e-02 3.706763268046842086e-02 -4.018746845534959533e-02 -8.403515756575963280e-02
9.035959711954877349e-02 5.530498973524977657e-03 -1.676835602438320194e-02 -7.912174006868877285e-02
8.211643024256254364e-02 2.366156338580527319e-02 -3.278721349383850736e-02 -7.299078013453197400e-02
9.092754869336694412e-02 1.611633675894186268e-02 -1.763004397984602178e-02 -8.941384147246100866e-02
7.619303712563763042e-02 2.487621762480252130e-02 -1.957973254250688910e-02 -8.148952220793415080e-02
1.018638465946875016e-01 1.357797024989526591e-02 -2.811227739222843525e-02 -8.732953945235522042e-02
8.143726612760104899e-02 3.425182448295238657e-02 -2.610575659082314814e-02 -8.958333401972851107e-02
8.795422299540067712e-02 4.394943684811103424e-02 -4.422491193501532081e-02 -8.767874790849816691e-02
6.329622205650942135e-02 2.614561422532979407e-02 -1.611769286266540036e-02 -7.332414341917203870e-02
1.001010620787630145e-01 2.331309701751838048e-02 -2.149027351855448131e-02 -1.019238855777278019e-01
9.958676623003182016e-02 1.689790171121963169e-02 -1.310455961051992801e-02 -1.033801083307279711e-01
9.009186109175981727e-02 3.397828237759448200e-02 -2.520917002295686160e-02 -9.886097344639477313e-02
9.735692721194677546e-02 2.578290523515835986e-02 -3.895781529305342161e-02 -8.418201715405082552e-02
9.825788810360691627e-02 3.903702430682187696e-02 -3.575817659863478326e-02 -1.015367358117948982e-01
7.568199054120494651e-02 3.846698503432577354e-02 -3.674095330496118805e-02 -7.740802227056597928e-02
9.351713871171440928e-02 3.122395925816245921e-02 -3.709229722345064317e-02 -8.764880074642444896e-02
8.716880267039162078e-02 2.747166702751524525e-02 -3.087295566400083402e-02 -8.376751403390603201e-02
9.420417791950530528e-02 2.985859317487715714e-02 -2.996398292225599391e-02 -9.409878817212558033e-02
8.670258226568083870e-02 4.772593109123057786e-02 -4.322313918609754779e-02 -9.120537417081209242e-02
9.082842664695878199e-02 3.165512874117215603e-02 -3.652895374983078369e-02 -8.595460163830193068e-02
9.796364712426441912e-02 3.311256653066774192e-02 -3.840604744256204128e-02 -9.267016621237011975e-02
9.006514080538696732e-02 3.477441222099120210e-02 -2.507998778469300305e-02 -9.975956524168605455e-02
9.404172039504388181e-02 3.270309419195704947e-02 -4.030064870319982617e-02 -8.644416588380110511e-02
9.003758797472016795e-02 2.597064226878842419e-02 -2.454792731106625325e-02 -9.146030293244056253e-02
6.570072641771318445e-02 1.592085061091275122e-02 -7.839940959724067682e-03 -7.378163606890186799e-02
9.032125463841200741e-02 3.908700492391670167e-02 -4.413810695651054772e-02 -8.527015260581549683e-02
9.117549728155704969e-02 3.880200199398498029e-02 -3.994715030685291879e-02 -9.003034896868911119e-02
8.094588248145928588e-02 3.667550388984874843e-02 -2.698319612054422834e-02 -9.063819025076114144e-02
8.722363369165808678e-02 2.863822092282308773e-02 -3.245032018271132301e-02 -8.341153443177073967e-02
9.395933347024776339e-02 3.384497281026810356e-02 -5.016884837972757083e-02 -7.763545790078829612e-02
8.354780699028907520e-02 3.412767491328505542e-02 -2.903672235714349625e-02 -8.863875954642708166e-02
8.384432291792442982e-02 2.322215486570033960e-02 -2.200272706179706717e-02 -8.506375072182503772e-02
1.014831320958684557e-01 2.545079530239835464e-02 -4.561138306526846264e-02 -8.132254433299834773e-02
8.543619699722615479e-02 2.778940283842157299e-02 -2.687574514450652430e-02 -8.634985469114209167e-02
7.738033991585702154e-02 2.957391220888094807e-02 -2.896498870830654937e-02 -7.798926341643230842e-02
8.505301407838672390e-02 3.553830021151771490e-02 -2.773318044605233013e-02 -9.285813384385477320e-02
8.617883385806912599e-02 4.347214276494959506e-02 -3.230934391824824559e-02 -9.734163270476958729e-02
7.592388086474333164e-02 2.735766394929228795e-02 -1.941092721329873427e-02 -8.387061760073777350e-02
9.883364674163175323e-02 2.923763948438384830e-02 -1.661949865794554171e-02 -1.114517875680709480e-01
8.766597377750162678e-02 3.036636728222497084e-02 -4.108935632302479490e-02 -7.694298473670357907e-02
9.419323589923944695e-02 3.635249972413046038e-02 -4.595749053256437122e-02 -8.458824509080820064e-02
9.203741939384268989e-02 2.783599346998943957e-02 -3.919991858405769136e-02 -8.067349427977177356e-02
8.992397707764165915e-02 3.414688893202111331e-02 -3.376921710465463633e-02 -9.030164890501168884e-02
8.600168133316365981e-02 2.255925564767746749e-02 -2.559391545805311807e-02 -8.296702152278623288e-02
7.553478130025759185e-02 3.871224599262479416e-02 -3.005899423667912629e-02 -8.418803305620592425e-02
8.102188923930508935e-02 2.446903423666135780e-02 -3.399410687034887246e-02 -7.149681660561579832e-02
8.317694798154828817e-02 2.224159533237646258e-02 -2.069721426960136057e-02 -8.472132904432339018e-02
9.679889629871851753e-02 3.597123742702468263e-02 -3.818994745562864779e-02 -9.458018627011366419e-02
9.421247631248075294e-02 3.201497738851433184e-02 -4.102094985995474730e-02 -8.520650384103856112e-02
7.683339151050461169e-02 3.289042142758447085e-02 -3.224942655914553313e-02 -7.747438637894354940e-02
8.355786721837343833e-02 2.551559466968900125e-02 -2.529087595519019516e-02 -8.378258593287402078e-02
9.622902398491639531e-02 2.828345160355461019e-02 -3.401272335678928727e-02 -9.049975223168260641e-02
1.010436390440627719e-01 2.507489444338339979e-02 -3.085191356518102168e-02 -9.526661992226426179e-02
9.650738750004084210e-02 3.251311983726346000e-02 -4.164532924098374167e-02 -8.737517809631967225e-02
1.049800636803048803e-01 1.878943155012713362e-02 -2.230227928773853563e-02 -1.014672159426943665e-01
8.202220580259567129e-02 3.531992643348580430e-02 -3.509787693569066391e-02 -8.224425530038814713e-02
8.481726561420632748e-02 3.458841855490213391e-02 -2.618066792043638458e-02 -9.322501624867474135e-02
9.368145488924284336e-02 3.266025604014899386e-02 -2.540724645752501232e-02 -1.009344644718641604e-01
8.920268541223119740e-02 3.080077200548458904e-02 -3.559145097395344237e-02 -8.441200644376323226e-02
9.959681524971841782e-02 4.038897398153729057e-02 -2.241017255529786922e-02 -1.175756166759605037e-01
9.954442621093129162e-02 1.940955046545767004e-02 -3.307537118622860817e-02 -8.587860549016390621e-02
9.021015599907222793e-02 3.465898520975496666e-02 -2.573725560878514784e-02 -9.913188560003760585e-02
9.951222380491930863e-02 4.002407706264854426e-02 -4.214762079893663582e-02 -9.738868006863032889e-02
8.559708831713308541e-02 2.697593882290583167e-02 -1.792339500555595322e-02 -9.464963213448296386e-02
1.040697796847886991e-01 2.563013738826924737e-02 -3.098228781107437158e-02 -9.871762926198446308e-02
8.913680037839188941e-02 3.695713684870050031e-02 -3.499798188489133821e-02 -9.109595534219838697e-02
8.983223917864968655e-02 3.740944852357674932e-02 -1.994357158885584624e-02 -1.072981161133714778e-01
8.710122343718929017e-02 3.070761005660571641e-02 -4.257662023625830017e-02 -7.523221325753670641e-02
8.583224281433565750e-02 2.984280412245166048e-02 -3.325798848911176719e-02 -8.241705844767643896e-02
7.302903173081531918e-02 2.792554136886060689e-02 -3.173560819214493733e-02 -6.921896490753098874e-02
9.767457150867731031e-02 3.713228649438438111e-02 -3.829146217668277785e-02 -9.651539582638157810e-02
1.038991335466699084e-01 1.705085542688067335e-02 -3.221114698032856438e-02 -8.873884199321846467e-02
9.615116407139367993e-02 3.850685184584179410e-02 -2.682853747160063307e-02 -1.078294784456357291e-01
9.208173119487916836e-02 3.834698000871306078e-02 -3.230410140978889899e-02 -9.812460979380421833e-02
1.052772508091592840e-01 6.245765952767712292e-03 -3.811712751415186062e-02 -7.340588924777602386e-02
8.404917424677282867e-02 2.649691796878883565e-02 -2.197600675097977074e-02 -8.857008546458278175e-02
8.617850880705457683e-02 3.182508561138330805e-02 -2.815861366655258990e-02 -8.984498075188440680e-02
8.472403263204508761e-02 3.340017698381458899e-02 -2.366459746570193090e-02 -9.445961215015952206e-02
6.990857538970907115e-02 4.641918753522844554e-02 -3.941591365778585043e-02 -7.691184926715344261e-02
8.224307720077916883e-02 2.406298180147459220e-02 -2.372024974914666018e-02 -8.258580925310354814e-02
7.495314815415099474e-02 2.723559968331557002e-02 -2.271481000080566304e-02 -7.947393783665823719e-02
7.992465466161746690e-02 3.237610430342030554e-02 -3.647807575978578853e-02 -7.582268320525287209e-02
9.104185906945971851e-02 3.443970488946668240e-02 -3.526460010751009122e-02 -9.021696385141808605e-02
7.970866026062584098e-02 3.027770360979697983e-02 -2.698066158888678956e-02 -8.300570228153869579e-02
8.881970021198171139e-02 3.862023248410384468e-02 -3.242495450879889773e-02 -9.501497818728843470e-02
7.676017439270399478e-02 3.521136743618846765e-02 -2.315161776096275048e-02 -8.881992406793060013e-02
7.967641841046280149e-02 2.516509482372519813e-02 -3.495236568380555298e-02 -6.988914755038155846e-02
7.648229561201080884e-02 2.469680555896136553e-02 -2.341394720674649932e-02 -7.776515396422389870e-02
9.765653997153744825e-02 3.046740811865511489e-02 -4.562092733215816764e-02 -8.250302075803528368e-02
8.317046104757785940e-02 2.743975961012612430e-02 -3.296923893844105891e-02 -7.764098171926470116e-02
9.849382933787698136e-02 2.919538377267283380e-02 -5.031752470846662106e-02 -7.737168840208141773e-02
7.946305477332238354e-02 4.437301445168717606e-02 -3.141307875917664916e-02 -9.242299046583379862e-02
7.620460249344862547e-02 2.997879124335778300e-02 -2.759160825124151728e-02 -7.859178548556311483e-02
7.436879119968065055e-02 3.863412189518022899e-02 -3.824754896404503057e-02 -7.475536413081407261e-02
8.891384286263281922e-02 3.921827912585129639e-02 -3.751289225085141510e-02 -9.061922973763003597e-02
9.842297837976854424e-02 1.859192366961970322e-02 -2.538764650553471114e-02 -9.162725554385620086e-02
8.463807544008972172e-02 3.382307048799582105e-02 -2.605671694676026107e-02 -9.240442898132616989e-02
8.347919808444714818e-02 2.351382705969307096e-02 -2.267566680084964759e-02 -8.431735834329323609e-02
7.974855289358906418e-02 3.864132616816107202e-02 -4.238782498147664057e-02 -7.600205408027083109e-02
8.532012751539586048e-02 3.637709076319506352e-02 -3.413945706828425131e-02 -8.755776121030667269e-02
9.079450500463170926e-02 2.310805740191490543e-02 -3.251046680039326731e-02 -8.139209560615334738e-02
8.517644256010115100e-02 2.682492043192308273e-02 -3.686664875047718226e-02 -7.513471424154793965e-02
8.392458968040283906e-02 2.489441042626960865e-02 -2.265258855694085582e-02 -8.616641154973159189e-02
8.661567317004337241e-02 2.425244790296776642e-02 -2.424400629275602626e-02 -8.662411478025688893e-02
7.405653699575154292e-02 2.860462079309655792e-02 -2.319084658711467739e-02 -7.947031120173519980e-02
7.493950074222244240e-02 1.347894670968763364e-02 -1.770639866772416582e-02 -7.071204878418946294e-02
9.174744959159486513e-02 4.553841305628480995e-02 -4.003629322312374228e-02 -9.724956942475504462e-02
8.203361477120818535e-02 3.629519043153450752e-02 -2.976144507312206144e-02 -8.856736012962151960e-02
7.727557594026457366e-02 2.746389104681590254e-02 -2.302883178067283154e-02 -8.171063520640586830e-02
7.134027142447507686e-02 2.384254444357747360e-02 -2.293660331519919993e-02 -7.224621255285246235e-02
8.776168116661775542e-02 2.747052921926496083e-02 -2.888226411998395804e-02 -8.634994626589609368e-02
7.109191105094314622e-02 2.733663717979784025e-02 -1.884463693491245095e-02 -7.958391129582853551e-02
8.144182839125502227e-02 2.635926193437665432e-02 -1.916398839196542525e-02 -8.863710193366536316e-02
8.745624711139043939e-02 3.317693315346303962e-02 -2.851427900588010544e-02 -9.211890125897070902e-02
7.251656098823033858e-02 3.677675200380203790e-02 -3.214840202363511423e-02 -7.714491096839726225e-02
7.625485030147771681e-02 4.263053698205343522e-02 -3.664097203723315488e-02 -8.224441524629799716e-02
7.916702842374068183e-02 3.073884363274093090e-02 -4.295306456540171069e-02 -6.695280749107812568e-02
8.969436380698869726e-02 4.081504897843579727e-02 -3.094090497107426785e-02 -9.956850781434845032e-02
8.990420358328776729e-02 4.416102296218760159e-02 -4.652971398223826327e-02 -8.753551256323444107e-02
7.375192603204006048e-02 3.303842365823328464e-02 -2.598705114009813855e-02 -8.080329855017609475e-02
8.020807278189501233e-02 3.903555766090605061e-02 -2.972916791381763346e-02 -8.951446252898165312e-02
8.120790886221662674e-02 3.222897307623551200e-02 -2.047299904773236534e-02 -9.296388289072066158e-02
6.360243632933748614e-02 3.080867101306772327e-02 -2.595616642149867204e-02 -6.845494092090831373e-02
8.310777404337699181e-02 2.817401719421841477e-02 -3.588736176868767558e-02 -7.539442946890773101e-02
8.371776905805372593e-02 2.061322757344008494e-02 -2.092888412665772080e-02 -8.340211250483520189e-02
8.575234202188930510e-02 3.012854168609635508e-02 -1.974569399320902363e-02 -9.613518971477663655e-02
8.856344235747393157e-02 3.721846710447884732e-02 -3.128283611852200607e-02 -9.449907334342899645e-02
7.692804426310395627e-02 2.474703571011360737e-02 -5.914905968643857648e-03 -9.576017400457548234e-02
8.767412514745043239e-02 2.276490175726131326e-02 -6.645781284133178701e-03 -1.037932456205776788e-01
8.111939348363073066e-02 2.957621571578883390e-02 -3.276519827947677044e-02 -7.793041091994279412e-02
8.526435598866033416e-02 2.234365799045079370e-02 -2.986784537012709961e-02 -7.774016860898580461e-02
8.938616454165959624e-02 2.438938511829213951e-02 -1.718212803733809579e-02 -9.659342162261097542e-02
9.398735498275545552e-02 1.743556278833047202e-02 -3.577859365974234152e-02 -7.564432411134625056e-02
8.943729033714653553e-02 2.656068766323205210e-02 -2.994787105245499959e-02 -8.605010694792181170e-02
7.117902806644593738e-02 1.338065810686028811e-02 -2.727322656076669460e-02 -5.728645961254308361e-02
7.612206752843775348e-02 4.279936471760947825e-02 -3.571764437195845687e-02 -8.320378787408877486e-02
9.101257674888341143e-02 3.007565000944367739e-02 -2.508340802191266761e-02 -9.600481873641442121e-02
9.967245197847418581e-02 2.289685754192127831e-02 -3.090682927685151071e-02 -9.166248024354395341e-02
9.087397927703833034e-02 2.685431679375582803e-02 -3.021688252472554126e-02 -8.751141354607039347e-02
8.624702831816932758e-02 3.216098000560840831e-02 -2.784546116919006664e-02 -9.056254715458855742e-02
7.168342578848019286e-02 2.722912190093573770e-02 -3.180033343300969761e-02 -6.711221425640445659e-02
9.104238076009441016e-02 2.321084392059624690e-02 -2.572942525138888215e-02 -8.852379942929999856e-02
8.545051409902093553e-02 3.687879288231687980e-02 -3.400271972423585254e-02 -8.832658725710196279e-02
9.637733594855824037e-02 3.397119852320695799e-02 -3.191191560460193699e-02 -9.843661886716503773e-02
8.838826012585165870e-02 4.683015125551559521e-02 -4.288972871577545476e-02 -9.232868266558824644e-02
1.029139906050371422e-01 3.785914663256484403e-02 -2.320180983876518610e-02 -1.175713273988385765e-01
8.964710533149666816e-02 2.790194435976989240e-02 -4.114327139174012160e-02 -7.640577829952643896e-02
9.127126236836957673e-02 4.845930495625161427e-02 -3.166813640109467087e-02 -1.080624309235274083e-01
9.358058656747747506e-02 3.749204149322338253e-02 -4.188826141385337820e-02 -8.918436664684570303e-02
8.886702796634526891e-02 3.953507646725196167e-02 -2.635243065372439020e-02 -1.020496737798728404e-01
8.856877865867751609e-02 2.747117930810105690e-02 -1.626124006577356340e-02 -9.977871790100412142e-02
8.551455797231977130e-02 2.827983925770194418e-02 -2.018779758672728519e-02 -9.360659964329087757e-02
7.928780724381478962e-02 2.568950593382801628e-02 -2.209863986446869433e-02 -8.287867331317322339e-02
9.043779767482806875e-02 3.517556797674270541e-02 -4.497686705508829874e-02 -8.063649859648247542e-02
8.253183978714417890e-02 2.123776260668464033e-02 -2.609678082114808007e-02 -7.767282157268162734e-02
8.158866975276080069e-02 4.916537952928390354e-02 -4.183360489872711696e-02 -8.892044438331936362e-02
7.637233997943582153e-02 2.410749459802286054e-02 -2.320801525783089403e-02 -7.727181931962867623e-02
1.024842625067741153e-01 4.872102504539999046e-02 -3.865844594465883688e-02 -1.125468416075170452e-01
1.062110237648719036e-01 2.991525755505719530e-02 -3.805019234327211564e-02 -9.807608897665964776e-02
1.041432500466958899e-01 2.616093329392032985e-02 -2.696702836446274176e-02 -1.033371549761543662e-01
6.432419006040124287e-02 4.146252353431911786e-02 -3.104846798270077812e-02 -7.473824561202224714e-02
7.794098735781140874e-02 3.229783686535014908e-02 -2.856427288643015316e-02 -8.167455133673140466e-02
1.180146265348120949e-01 3.010149816083362850e-02 -2.443190364143887905e-02 -1.236842210542068443e-01
8.061150132919969735e-02 3.543191141144319545e-02 -2.688591531975781379e-02 -8.915749742088685537e-02
9.569136178065740239e-02 2.017293307862022544e-02 -3.059676203431749286e-02 -8.526753282495835862e-02
1.073753125861669488e-01 3.441246623765792378e-02 -2.316262661016477153e-02 -1.186251522136601011e-01
8.821077426749734940e-02 3.220143012131782001e-02 -2.397465160563783115e-02 -9.643755278317733826e-02
9.097893926833311440e-02 4.760513784949171878e-02 -3.380499632291744661e-02 -1.047790807949073866e-01
9.820866049344001425e-02 3.159318610582939613e-02 -3.663670322062539952e-02 -9.316514337864401085e-02
1.036009347042643469e-01 3.587036400922372081e-02 -4.117442018339279031e-02 -9.829687853009527743e-02
1.108034511191631211e-01 4.803665387396183206e-02 -4.866703863642296568e-02 -1.101730663567019874e-01
5.556541831234085294e-02 2.961521588144844230e-02 -1.913305752153959816e-02 -6.604757667224703255e-02
1.135989610838645802e-01 5.068434796663279229e-02 -4.796746515959693369e-02 -1.163158438909004389e-01
9.110005109839303117e-02 2.979625541801489419e-02 -4.033166237186414094e-02 -8.056464414454289624e-02
9.045622289811472427e-02 3.983299619466773578e-02 -2.910980421404918417e-02 -1.011794148787359404e-01
9.878842721224767587e-02 3.338537527159513019e-02 -2.960401172367976841e-02 -1.025697907601621495e-01
9.968559866326476282e-02 2.654141349242156167e-02 -3.830701653739598811e-02 -8.791999561828944820e-02
1.039490740972102145e-01 4.126341231596430958e-02 -3.403655677079164832e-02 -1.111759296423810994e-01
9.923766365889452601e-02 3.760679907817277012e-02 -2.763752097221150450e-02 -1.092069417648566798e-01
1.044731214138758801e-01 2.310523270929465411e-02 -3.332124252314816459e-02 -9.425711160002236966e-02
1.078533061923234726e-01 2.101093267331854975e-02 -2.761182452975141643e-02 -1.012524143358906059e-01
7.683196608972853170e-02 3.593288808169869952e-02 -2.760488713758402213e-02 -8.515996703384409727e-02
7.741124362159723660e-02 2.880543880593311457e-02 -1.358776657863192128e-02 -9.262891584889931806e-02
8.340513698548068788e-02 4.021226542383793401e-02 -2.880446535444480816e-02 -9.481293705487559009e-02
7.211363534050896362e-02 3.443785459554060679e-02 -3.610214941492895235e-02 -7.044934052112239442e-02
8.690909250664802244e-02 3.099278401996752308e-02 -3.057008814019290810e-02 -8.733178838642086106e-02
8.825530912745715995e-02 3.586814877861765893e-02 -2.824285459082886973e-02 -9.588060331524683733e-02
8.003979504535951861e-02 2.936392948520616386e-02 -2.972441593080787925e-02 -7.967930859975780322e-02
8.331014654626223148e-02 4.786392326389510288e-02 -4.488575367392133586e-02 -8.628831613623422214e-02
7.904195981087625000e-02 2.185618459015437054e-02 -2.987047383392127387e-02 -7.102767056710757032e-02
8.165528372002839319e-02 1.351165433348633371e-02 -2.771185836884892950e-02 -6.745507968466668558e-02
7.976192042571028651e-02 3.136689919670843096e-02 -7.370474700709728211e-03 -1.037583449217081011e-01
9.048064159742619239e-02 2.065631030871539764e-02 -4.348025367983243683e-02 -6.765669822631004138e-02
1.021392718379789954e-01 2.420534662411011340e-02 -2.613445973476746786e-02 -1.002101587273207528e-01
8.569385219320313496e-02 2.713305569047630428e-02 -3.284233361136124074e-02 -7.998457427231731032e-02
8.365981398205768471e-02 2.691100672866042487e-02 -2.260725856160838987e-02 -8.796356214911060789e-02
8.544120637978114274e-02 3.616935752816541338e-02 -2.668366289826629156e-02 -9.492690100968115274e-02
1.003768417011849934e-01 2.752673956226470153e-02 -2.278902270378591055e-02 -1.051145585596628962e-01
9.484969010306087966e-02 3.927463887861293301e-02 -4.045707200434378592e-02 -9.366725697733002676e-02
9.426406165013645477e-02 2.513516510753532884e-02 -3.620233352350243905e-02 -8.319689323416756821e-02
9.227561163539999001e-02 3.567459097740766083e-02 -4.238428494742496611e-02 -8.556591766538268473e-02
8.324294102871832024e-02 2.586144562791581336e-02 -2.100329437415915379e-02 -8.810109228247497981e-02
7.777074713122011929e-02 2.489974007985296112e-02 -2.667377293171213637e-02 -7.599671427936272039e-02
7.724057326251898559e-02 2.272554059752085465e-02 -2.549815069875105422e-02 -7.446796316128878601e-02
1.007058635872066787e-01 3.465024367895441770e-02 -3.058330471264891770e-02 -1.047728025535112906e-01
9.967063835098066704e-02 3.485659014208764006e-02 -3.903498449879183596e-02 -9.549224399427558296e-02
7.310119119321356607e-02 2.496270256905930296e-02 -2.999294188573919939e-02 -6.807095187653278145e-02
7.602211056241703346e-02 3.015907767090109104e-02 -2.348019084390084998e-02 -8.270099738941816270e-02
6.861477238029234371e-02 2.105685238739685161e-02 -2.639131910053915675e-02 -6.328030566715270311e-02
8.735832356388151254e-02 2.670524552380726391e-02 -3.112044358790200249e-02 -8.294312549978677396e-02
7.727376725050127959e-02 3.175930586095088159e-02 -5.029697882681460896e-02 -5.873609428463844040e-02
9.175625984938218238e-02 3.381964064210851717e-02 -2.992518295879165180e-02 -9.565071753269993593e-02
8.205046373102486967e-02 3.735722020434906199e-02 -2.338037665660230857e-02 -9.602730727876895855e-02
9.049569233445531324e-02 4.405631410793908742e-02 -2.957982759820421137e-02 -1.049721788441901893e-01
9.924120342318953902e-02 2.652984056115315070e-02 -3.090188314477870790e-02 -9.486916083956309365e-02
7.760483515850769010e-02 3.083559584035455714e-02 -1.992221771422730825e-02 -8.851821328463227445e-02
1.049614405298315845e-01 3.037610086181086189e-02 -3.692066258403148282e-02 -9.841687880761185170e-02
1.119695615986593396e-01 3.414197924050466071e-02 -3.744334014360006790e-02 -1.086682006955639324e-01
9.528747946162940963e-02 3.645780311121171735e-02 -3.477904317597513284e-02 -9.696623939686510596e-02
1.016961943700058768e-01 3.030859335451019376e-02 -3.304182344983352948e-02 -9.896296427468342927e-02
8.042354721966304965e-02 2.345726800144642965e-02 -2.338541339789657059e-02 -8.049540182321202053e-02
8.675619454357352822e-02 3.519296709084596131e-02 -1.883946545837211772e-02 -1.031096961760455955e-01
9.184409345831134885e-02 4.816483156838380353e-02 -4.356075060850095326e-02 -9.644817441819597548e-02
9.030093886110623913e-02 4.224156518340915767e-02 -2.623721219246100134e-02 -1.063052918520552836e-01
9.548392140345463019e-02 4.059160268682848738e-02 -3.300730543017582619e-02 -1.030682186601072914e-01
1.021184336392275682e-01 2.921876369544129659e-02 -3.348938755988761784e-02 -9.784780977478302333e-02
1.052019564564030674e-01 4.377877298950938467e-02 -4.822623539091619449e-02 -1.007544940549962575e-01
1.059086942181908242e-01 3.825190326015714959e-02 -3.898654922342270623e-02 -1.051740482549270439e-01
1.023791006242076307e-01 3.884865131577353026e-02 -3.220629869313995641e-02 -1.090214532468412045e-01
8.497616671445662462e-02 3.408936546207286256e-02 -2.481483233848003067e-02 -9.425069983805034468e-02
9.537243577564247232e-02 2.394209115867074189e-02 -1.813017881944922749e-02 -1.011843481148630985e-01
1.086471495204861526e-01 2.253988239311333075e-02 -3.936508094104862465e-02 -9.182195097254819416e-02
8.088201066923073057e-02 1.742822978676628054e-02 -7.408424502485466689e-03 -9.090181595351420896e-02
8.728971864436729788e-02 3.163131530574680994e-02 -3.194393940915762897e-02 -8.697709454095647885e-02
9.716048622000617030e-02 4.923516861992638383e-02 -4.245402729232239381e-02 -1.039416275476092721e-01
9.271190341711221805e-02 3.621120198955640745e-02 -1.882188567896925235e-02 -1.101012197276975968e-01
8.376553153371002480e-02 3.060370042669813273e-02 -3.570991574746607000e-02 -7.865931621294297571e-02
8.751202654054868191e-02 3.601995519968248516e-02 -2.510479950837396501e-02 -9.842718223185720205e-02
1.059611873024222106e-01 2.478999816475191409e-02 -2.521926971360599623e-02 -1.055319157535681285e-01
1.001032827123458091e-01 2.632362909332197631e-02 -3.211520370049658624e-02 -9.431170810517297554e-02
9.162656129320811971e-02 2.770221081810930741e-02 -2.182179679334250721e-02 -9.750697531797491990e-02
9.367783480963343123e-02 2.390796682919571481e-02 -7.707705941840004016e-03 -1.098780956969909184e-01
9.908897023293938844e-02 3.373906933262205143e-02 -3.786657380099089920e-02 -9.496146576456876431e-02
8.266478289657808176e-02 2.674804071853742471e-02 -3.578984250732908379e-02 -7.362298110778731086e-02
9.552250024307884502e-02 4.101224910328138407e-02 -3.582970690124298585e-02 -1.007050424451181314e-01
9.427852697682848060e-02 2.012276533703083459e-02 -3.336260549262703989e-02 -8.103868682123138711e-02
8.729025837321024994e-02 2.539322582435143971e-02 -2.233703842193701661e-02 -9.034644577562200851e-02
1.021544214333340861e-01 3.610776482438637913e-02 -4.400269392243583155e-02 -9.425949233528552185e-02
9.522930004898455536e-02 3.433356060355929884e-02 -3.456715959572953523e-02 -9.499570105681520715e-02
8.239160208151030673e-02 4.531541520714910121e-02 -4.321830489726252722e-02 -8.448871239140043343e-02
8.551168583020540837e-02 3.089374205474282320e-02 -1.525332141980406675e-02 -1.011521064651432766e-01
8.208159935783765349e-02 3.102956796032696474e-02 -1.572285630888625718e-02 -9.738831100927924922e-02
9.091679865101998104e-02 3.353711249213731094e-02 -2.945593028157045268e-02 -9.499798086158683930e-02
8.761615492906660307e-02 2.935167502086066804e-02 -4.769822618143404469e-02 -6.926960376849677914e-02
8.090016408581757190e-02 1.704800626137270569e-02 -1.950395484914668742e-02 -7.844421549804359017e-02
8.212349506413030298e-02 3.206910423600817239e-02 -3.392525086291797720e-02 -8.026734843721960999e-02
8.263577098425134437e-02 2.533503656656144187e-02 -2.089542504640284903e-02 -8.707538250440816086e-02
1.172500950403447817e-01 3.248892482932497217e-02 -3.735353186182965857e-02 -1.123854880078418716e-01
9.431094934047923317e-02 2.914711396847557978e-02 -2.928562042001559007e-02 -9.417244288894188742e-02
8.338864685721425474e-02 3.489583876516189065e-02 -2.451003556766551128e-02 -9.377445005471329864e-02
1.025886582539978775e-01 2.577208789671914246e-02 -4.098023188276567197e-02 -8.738051426795045984e-02
8.437832392405386628e-02 3.603265171750091866e-02 -3.855293700975970239e-02 -8.185803863179152984e-02
1.013926755062852791e-01 3.386527219182955406e-02 -3.081841719736377883e-02 -1.044395305007483898e-01
7.692866478568660682e-02 3.254712077244104051e-02 -3.673416937252227399e-02 -7.274161618560626152e-02
1.060246606658497015e-01 2.183777377739293257e-02 -2.718748518101499201e-02 -1.006749492622294184e-01
8.253709997199187853e-02 3.961607432138070095e-02 -2.462272847298674350e-02 -9.753044582038583599e-02
8.693453223057368007e-02 3.746832685336354274e-02 -2.361526649544387624e-02 -1.007875925884960111e-01
8.970180520971648974e-02 2.456812998719559715e-02 -3.449877717349192352e-02 -7.977115802342282791e-02
8.032762760613287867e-02 2.754081519620577012e-02 -2.077977236841466180e-02 -8.708867043392576335e-02
8.331094023309226770e-02 2.498964706063322438e-02 -2.547727254923337625e-02 -8.282331474449566855e-02
8.456443253212686528e-02 2.679999761598850228e-02 -2.822482643251067458e-02 -8.313960371560202844e-02
7.213239678813909705e-02 2.933229258730651878e-02 -3.122366588267144749e-02 -7.024102349277239199e-02
6.862086281623902551e-02 2.809980158997760213e-02 -1.106841660051305354e-02 -8.565224780570357410e-02
8.293984176046009793e-02 3.635296664852383230e-02 -3.685833763624923876e-02 -8.243447077273646784e-02
7.666293639644816693e-02 3.434991119378505431e-02 -2.066862218356746439e-02 -9.034422540666398049e-02
9.020468807370995989e-02 3.592305729799960545e-02 -3.372743017405177568e-02 -9.240031519765956602e-02
7.599092765331949551e-02 3.300413384868416955e-02 -3.592323859990376178e-02 -7.307182290210079145e-02
8.900900586155202632e-02 5.394015680183272821e-02 -4.559271510891171886e-02 -9.735644755447125931e-02
9.591132509117006322e-02 3.687982731541872283e-02 -3.447861618966818753e-02 -9.831253621692148670e-02
8.164310602099167369e-02 1.999260494547350220e-02 -2.299520947004740634e-02 -7.864050149641599319e-02
8.793149862102378478e-02 3.336719548790512135e-02 -3.001454546452730909e-02 -9.128414864440159704e-02
9.856166440718361343e-02 3.394498035023651994e-02 -2.724482660560134661e-02 -1.052618181518187868e-01
7.775213573378891851e-02 3.419944847144851252e-02 -3.150601963104282532e-02 -8.044556457419460571e-02
7.809252498532082143e-02 3.628603225719562175e-02 -2.934135987422514802e-02 -8.503719736828863063e-02
7.703269321461370112e-02 3.303112798583995868e-02 -1.420563967827259688e-02 -9.585818152218017474e-02
8.879050536890087386e-02 2.369857760366933519e-02 -3.781486906412467874e-02 -7.467421390844553031e-02
8.721155721602880107e-02 1.531569393011977809e-02 -2.429782431024207767e-02 -7.822942683590561330e-02
9.703597253588380767e-02 2.453067199480241101e-02 -3.027688217001323068e-02 -9.128976236067032346e-02
9.294149718644373337e-02 4.236342405793802612e-02 -3.608244474848110173e-02 -9.922247649590154595e-02
7.694273843218013553e-02 6.565908071782367017e-03 -1.062848927685156042e-02 -7.288015722711005395e-02
9.618880444147315245e-02 2.909967091816501039e-02 -3.558215541491360767e-02 -8.970631994472544335e-02
1.136337058832666003e-01 2.872093011635445947e-02 -4.385070849236516466e-02 -9.850392750725411872e-02
9.671723673358822992e-02 3.109172801947490683e-02 -2.766662529127650316e-02 -1.001423394617857454e-01
9.868841562654484534e-02 2.765372584875791517e-02 -4.471796248226045378e-02 -8.162417899304053037e-02
1.059506680433361936e-01 3.304792916728338525e-02 -3.008670415897984896e-02 -1.089118930516397299e-01
9.880838429340244033e-02 4.220504212704234703e-02 -3.377636168087505553e-02 -1.072370647395697318e-01
1.076165967405025015e-01 3.094790717676154657e-02 -3.983451508892432713e-02 -9.872998882833794454e-02
8.176359533323473983e-02 5.069362518255271510e-02 -2.790381128827057466e-02 -1.045534092275177684e-01
8.995344453656972661e-02 3.998362825908419182e-02 -1.889801444039473921e-02 -1.110390583552582910e-01
1.093492654405094910e-01 2.866135066278996391e-02 -3.372416300244207576e-02 -1.042864531008556028e-01
9.129687998569480101e-02 3.289852966967377057e-02 -1.875820875484190964e-02 -1.054372009005248856e-01
9.543946418217608141e-02 2.049265694089275058e-02 -3.250281341505356636e-02 -8.342930770801437745e-02
1.013362825564874115e-01 4.297799168399940584e-02 -4.105565024343516001e-02 -1.032586239970516573e-01
6.947996880393780827e-02 2.560542543228372381e-02 -1.832066958585087946e-02 -7.676472465036887627e-02
9.219845283780880862e-02 3.549717375287020360e-02 -3.234604851542677295e-02 -9.534957807525223927e-02
1.088577616758001909e-01 3.185267199168251295e-02 -3.787940610158724297e-02 -1.028310275658972373e-01
9.153831267468337529e-02 3.482029081816406801e-02 -7.586109355369963225e-03 -1.187724941374748155e-01
1.209613245776219870e-01 4.801933739529751222e-02 -5.419097544868733962e-02 -1.147896865242348241e-01
9.391050676601242486e-02 4.508966036879424877e-02 -3.266464456266859884e-02 -1.063355225721371866e-01
1.201364790588579368e-01 3.242410877799439817e-02 -3.786831236598597883e-02 -1.146922754708663561e-01
1.155191910625417151e-01 1.970256790701885308e-02 -2.287922978772183313e-02 -1.123425291818396232e-01
9.067884130714443103e-02 2.727349197216710763e-02 -3.461297212325753492e-02 -8.333936115605578010e-02
9.563649768348536639e-02 4.765418997665626932e-02 -3.321321818582845253e-02 -1.100774694743140714e-01
1.184706483130595345e-01 3.798146042187955373e-02 -3.545191264094604833e-02 -1.210001960939948162e-01
7.378619195951063858e-02 2.567155175181667914e-02 -1.998348682626271966e-02 -7.947425688506637442e-02
9.233395393173005061e-02 3.616776877712091220e-02 -3.647225582623825346e-02 -9.202946688261448571e-02
1.045026274541598355e-01 4.665526515429796461e-02 -3.629245678731152225e-02 -1.148654358211471660e-01
1.070081823294444234e-01 4.129632929861859481e-02 -2.906643137383646547e-02 -1.192380802542256646e-01
1.034982271451738711e-01 2.961933886884526856e-02 -3.655868188850863731e-02 -9.655888412550961419e-02
9.891529875637861124e-02 1.574962621980446897e-02 -2.970189167722558921e-02 -8.496303329895660283e-02
9.680746335334333708e-02 4.646926018329189390e-02 -3.738729512833405266e-02 -1.058894284083020665e-01
1.012395636910499164e-01 4.258831328457546306e-02 -3.472863931210490307e-02 -1.090992376635204764e-01
7.773677078472829294e-02 2.379127570508821066e-02 -1.394780478841983751e-02 -8.758024170139755427e-02
5.012619185674349609e-02 3.795984326372359163e-02 -1.956801647074257744e-02 -6.851801864972362210e-02
1.103214481102883227e-01 2.768238330085992516e-02 -2.562425023015624248e-02 -1.123795811809884526e-01
1.010523196625996434e-01 1.497777935511646064e-02 -2.351700127411415764e-02 -9.251309774360283456e-02
1.166310475908405309e-01 3.247494887281998643e-02 -2.401057169483067355e-02 -1.250954247688298437e-01
1.109357099277623604e-01 2.643510250682457041e-02 -2.822619320423314093e-02 -1.091446192303529017e-01
8.233647661362830661e-02 3.245643002016596057e-02 -2.602232447188868036e-02 -8.877058216190647499e-02
1.053347322088393767e-01 4.016905214549471026e-02 -3.982761786421651351e-02 -1.056761664901157971e-01
6.636224790395761630e-02 2.485037092633746170e-02 -2.678405794707838794e-02 -6.442856088321580188e-02
8.918330376980954100e-02 3.649601421229142773e-02 -1.948311408692404711e-02 -1.061962038951733689e-01
8.561663085919324345e-02 3.872437007971907263e-02 -2.979909500574073888e-02 -9.454190593317335356e-02
8.729697845390127497e-02 3.659723022502081591e-02 -3.338766775032997458e-02 -9.050654092859566902e-02
1.172546935366707288e-01 2.467626127494693122e-02 -3.464066158070888690e-02 -1.072902932309105495e-01
8.731242929366267447e-02 1.718954983560738725e-02 -3.529918324579739419e-02 -6.920279588347355570e-02
1.155223523597435076e-01 2.980862713063370251e-02 -2.729271052556825339e-02 -1.180382689648107331e-01
9.529112437515241396e-02 2.266514928644713933e-02 -2.940261415410638790e-02 -8.855365950749138904e-02
5.953524108489904876e-02 2.217291155646972101e-02 -2.847332661878709814e-02 -5.323482602258344798e-02
1.138396387174980262e-01 2.536931070424408574e-02 -4.272374295740899441e-02 -9.648520646433667025e-02
1.147248393780770925e-01 2.992680477381970405e-02 -2.979000348416604993e-02 -1.148616406677298585e-01
8.891907191289494250e-02 2.375227465587315123e-02 -1.463552683585689351e-02 -9.803581973291031204e-02
1.028037766165734723e-01 3.968911445540346250e-02 -4.681850183922620090e-02 -9.567438923275162210e-02
8.372222955524311061e-02 1.543003621666727554e-02 -1.767478734950778119e-02 -8.147747842240260496e-02
9.670710077234190294e-02 1.830582533023328295e-02 -8.073750129754309057e-03 -1.069391759728226532e-01
8.877476418572705086e-02 1.831498566371525527e-02 -1.191411168198985848e-02 -9.517563816745155947e-02
1.023717259781218303e-01 3.987871389719543913e-02 -2.510973545809136453e-02 -1.171407044172267931e-01
9.308547867337058079e-02 1.837973577435381145e-02 -2.262605896837310837e-02 -8.883915547935306023e-02
7.963000876988335364e-02 3.254166086479148845e-02 -1.871530734406690044e-02 -9.345636229060616529e-02
9.652115292047369621e-02 2.789995682547097289e-02 -2.972892783084013502e-02 -9.469218191510542226e-02
9.578615171220850044e-02 2.619029972301145648e-02 -1.939705450596118652e-02 -1.025793969292596586e-01
9.048121010593312974e-02 2.645277470237594741e-02 -3.570343761830674367e-02 -8.123054719000233348e-02
8.419047416482161594e-02 2.144917298935844485e-02 -3.002548018453143897e-02 -7.561416696964862183e-02
9.644820187963354385e-02 2.539272954422511219e-02 -4.110191836431109635e-02 -8.073901305954933605e-02
7.347264098501415930e-02 2.854462020911796571e-02 -1.632568750602381158e-02 -8.569157368811097797e-02
9.477074561693754617e-02 3.144905040153656017e-02 -2.141903503494990701e-02 -1.048007609835250875e-01
9.060023713029430326e-02 4.178906174986174449e-02 -4.578630134201056023e-02 -8.660299753814726387e-02
9.792202575336528270e-02 2.684139555752906858e-02 -2.537796155736948833e-02 -9.938545975352575113e-02
9.041642966456642228e-02 3.534915345737932313e-02 -4.190125158370960889e-02 -8.386433153823613651e-02
8.321763457071629233e-02 3.706676229682059898e-02 -2.857438029349079756e-02 -9.171001657404787011e-02
9.166295720208417208e-02 4.095139759011434677e-02 -4.755581036546807638e-02 -8.505854442673133065e-02
8.643876176623255247e-02 3.403057498165562578e-02 -3.426332810404719709e-02 -8.620600864383831663e-02
6.622732530893138403e-02 3.258913824298836914e-02 -4.071829739120325087e-02 -5.809816616071472595e-02
9.121962385881943192e-02 1.733431688460118636e-02 -3.045383509045329617e-02 -7.810010565296909846e-02
7.439217138377340888e-02 2.754285068847561746e-02 -2.305193727395771219e-02 -7.888308479829220232e-02
9.163475985017033310e-02 3.066659964917750614e-02 -3.050208567233436696e-02 -9.179927382701347227e-02
7.764684220299766793e-02 3.470469746953774859e-02 -3.141336570313679744e-02 -8.093817396939773090e-02
6.579840082121890532e-02 3.502071481981694490e-02 -2.493945225115989928e-02 -7.587966338987506276e-02
8.566970765455295123e-02 2.415620771244775256e-02 -2.880471287096231237e-02 -8.102120249604105595e-02
7.065310153501780377e-02 3.519455068393639863e-02 -2.317911751431189771e-02 -8.266853470464319287e-02
5.209840509520979879e-02 1.614400887543876451e-02 -2.167310144731615651e-02 -4.656931252333063043e-02
1.064728672560262268e-01 5.027650781402126512e-02 -3.651400241267932500e-02 -1.202353726573690551e-01
9.428705037038564996e-02 1.575600477867578064e-02 -3.645958612178912261e-02 -7.358346902727497252e-02
1.130485681778994334e-01 3.698641528897628206e-02 -2.757025692619929913e-02 -1.224647265406790808e-01
9.544835654417038739e-02 3.938214616556479086e-02 -4.094814534903523651e-02 -9.388235736069816539e-02
8.919659048841577231e-02 2.766384766976681675e-02 -3.377728603237262206e-02 -8.308315212580819065e-02
9.978833892437588560e-02 2.986147808064565368e-02 -2.782627945720328455e-02 -1.018235375478182547e-01
9.681916139130120058e-02 2.902948693960638593e-02 -3.191962842109496989e-02 -9.392901990981528115e-02
1.008964700151269156e-01 2.484104651986562828e-02 -4.359082349836551629e-02 -8.214669303662525124e-02
1.078254909773388448e-01 2.393422331479921894e-02 -3.217934787123688523e-02 -9.958036642090029034e-02
9.222207300092399862e-02 3.775068393385705434e-02 -2.294833931003470440e-02 -1.070244176247445722e-01
9.508020647408788051e-02 2.419730967439814862e-02 -3.203481122173812423e-02 -8.724270492674879307e-02
9.822344181356434945e-02 2.642461283910524372e-02 -1.648405827114185485e-02 -1.081639963815286265e-01
8.791563601099561254e-02 2.929860800562433809e-02 -3.493446435652280968e-02 -8.227977966009802913e-02
1.002435424561385346e-01 3.491760033311752665e-02 -3.441979973766251533e-02 -1.007413430515935460e-01
9.964761995466631106e-02 3.177817455767595334e-02 -4.458131609089122094e-02 -8.684447842145015528e-02
1.159715609681368775e-01 3.425435805991217109e-02 -3.635332254791734385e-02 -1.138725964801308166e-01
9.505920016125646299e-02 3.452994885396787339e-02 -4.701318018054490011e-02 -8.257596883467854809e-02
1.049885783955906149e-01 2.711672161652334268e-02 -3.568908898726075307e-02 -9.641621102485231631e-02
1.082578870154016215e-01 3.980421657091159915e-02 -2.531252514649029450e-02 -1.227495784398220380e-01
9.871564123472431618e-02 3.220648863826536257e-02 -4.459270404420045963e-02 -8.632942582879010729e-02
1.045718002277427061e-01 3.048412974976599799e-02 -4.330322117216933719e-02 -9.175270880534025508e-02
8.910842372461758032e-02 9.476032996142080833e-03 -1.595776823752625972e-02 -8.262668848323251325e-02
1.030552892271767718e-01 1.888252851323368731e-02 -3.356496758128724167e-02 -8.837285015912499375e-02
8.952967439223069590e-02 5.423409540849100097e-02 -4.291803735397703434e-02 -1.008457324467464389e-01
8.989154152571465772e-02 3.974315188331711823e-02 -2.789748479396880754e-02 -1.017372086150603039e-01
1.037274242138375158e-01 3.318695183966813289e-02 -4.201880033558147431e-02 -9.489557571792328616e-02
1.051512139860273365e-01 3.878748223213968060e-02 -3.266454909348670554e-02 -1.112741471246838643e-01
1.078110107283007935e-01 3.254840451219642716e-02 -2.844893008919058275e-02 -1.119104851513048615e-01
8.106186256200942353e-02 3.346819824268276733e-02 -4.116237355094654049e-02 -7.336768725374476219e-02
9.873389094544116062e-02 3.877637582263560034e-02 -2.936157060308808298e-02 -1.081486961649886780e-01
1.047666719977398131e-01 4.015576830029843336e-02 -4.691209404634388846e-02 -9.801034625169435799e-02
8.889134865511305605e-02 2.283738855417549729e-02 -2.242333640929228267e-02 -8.930540079999627068e-02
8.721495718099436800e-02 4.798586185226394463e-02 -3.142423849041797723e-02 -1.037765805428367827e-01
9.503909389025722021e-02 3.274069329003115314e-02 -3.285109959824072945e-02 -9.492868758204942026e-02
9.579113358466528894e-02 1.841896607412341069e-02 -2.703668843119633181e-02 -8.717341122759236782e-02
9.431146852688776505e-02 2.682061180093597841e-02 -3.373407052376009574e-02 -8.739800980406453590e-02
1.081826576340851886e-01 4.636608211163206761e-02 -3.850046588943811798e-02 -1.160482738562800265e-01
6.611675902453839626e-02 2.579027163669866951e-02 -1.591207741804456788e-02 -7.599495324319160972e-02
1.058232818193616254e-01 2.211095858422584826e-02 -2.955045694940228174e-02 -9.838378345418696824e-02
1.056629434973901382e-01 2.862383547746905066e-02 -3.446522977220745076e-02 -9.982154920264996179e-02
9.291103627274210908e-02 3.390428308173110139e-02 -3.656531521434835952e-02 -9.025000414012751548e-02
1.048924694354340659e-01 1.249052744557133110e-02 -2.516244079998486427e-02 -9.222055608102319724e-02
1.070955156456614432e-01 1.757132153221441229e-02 -2.904738282820584772e-02 -9.561945434967356050e-02
7.710317525569454489e-02 3.305450568322054750e-02 -3.059005090368405178e-02 -7.956763003523015243e-02
9.020279839981792946e-02 4.049646824118990907e-02 -2.675758998624999663e-02 -1.039416766547569537e-01
9.468749370804818710e-02 4.908947583751377408e-02 -3.053618708746341781e-02 -1.132407824580985434e-01
8.752893033918951460e-02 4.343979920282681206e-02 -3.213347852379033753e-02 -9.883525101822598913e-02
1.057284485242977468e-01 2.643189414260316283e-02 -3.936598151616887975e-02 -9.279436115073114166e-02
9.486536587729332837e-02 3.364720946602961504e-02 -3.846082663661043455e-02 -9.005174870670984433e-02
7.627322537847014416e-02 3.128480741678174581e-02 -3.201493378888553565e-02 -7.554309900636724251e-02
1.045566226480545424e-01 5.416072064331345359e-02 -2.966283363253552352e-02 -1.290545096588324725e-01
1.101669111680578794e-01 2.381455571116486425e-02 -4.309254823200081574e-02 -9.088891864722192793e-02
9.783372086006547619e-02 2.689425868349637483e-02 -2.787653820930913184e-02 -9.685144133425360735e-02
1.037438560003316468e-01 2.575992941940974390e-02 -3.484162769068444021e-02 -9.466215772905783865e-02
8.941255348750409837e-02 2.748273563214542747e-02 -3.199319616768736552e-02 -8.490209295196127215e-02
8.372807949239646774e-02 4.041497801407345491e-02 -4.390469430298615805e-02 -8.023836320348642914e-02
9.835797339419372065e-02 1.994154354747390556e-02 -3.070981929433891366e-02 -8.758969764733137708e-02
8.630676978549534084e-02 3.099859211018429761e-02 -3.989787483747075925e-02 -7.740748705820799103e-02
9.813690620023596267e-02 1.305768457164724339e-02 -3.078145722055047884e-02 -8.041313355133006269e-02
9.931183191026526913e-02 2.114795641565159201e-02 -2.450804841997111794e-02 -9.595173990594751956e-02
9.930087265607134839e-02 1.833863731154217191e-02 -3.478752883078417568e-02 -8.285198113682934462e-02
8.308646915926587440e-02 1.848911943049547091e-02 -2.332651399470009324e-02 -7.824907459506036389e-02
8.937511562112465668e-02 1.937162293458971618e-02 -2.905555803757664535e-02 -7.969118051814039205e-02
1.055604487000225689e-01 1.569311989699961885e-02 -2.385014818261055325e-02 -9.740342041441074628e-02
9.060839065299663986e-02 3.818251886288859254e-02 -4.406408406148454304e-02 -8.472682545439891300e-02
8.265468527967723134e-02 3.793584853764464526e-02 -4.045826376056993468e-02 -8.013227005675283010e-02
7.226818285368974415e-02 3.526041848799632561e-02 -2.160872254265733261e-02 -8.591987879902696079e-02
1.029295909364140726e-01 1.979336186124402985e-02 -3.699499573920661533e-02 -8.572795705845059899e-02
8.749693639163336201e-02 4.506822600971371884e-02 -2.948514300151661160e-02 -1.030800193998295811e-01
1.071324566069300488e-01 2.683185764566164977e-02 -3.591133213952435455e-02 -9.805298211306379130e-02
9.862179923473579635e-02 3.553869545765664384e-02 -3.203430556813113839e-02 -1.021261891242604136e-01
1.004979703802426627e-01 3.317472881615302072e-02 -2.474648445977756239e-02 -1.089262147366190092e-01
8.470477819013400023e-02 2.667027427797652450e-02 -2.371519613295536288e-02 -8.765985633515516184e-02
8.803575753998416076e-02 3.012592409717207431e-02 -4.361423050902590859e-02 -7.454745112813121466e-02
8.967070215008376977e-02 3.075891141023845421e-02 -2.942890632064898426e-02 -9.100070723967323971e-02
8.824754034065218633e-02 4.788489506397120010e-02 -4.026807532081821961e-02 -9.586436008380605500e-02
8.776121210470311240e-02 2.264273790826276667e-02 -3.079817053392996939e-02 -7.960577947903590967e-02
8.286360468372411248e-02 3.924460596373968713e-02 -3.978306901292150144e-02 -8.232514163454407452e-02
7.845700820154810629e-02 3.524470643491728339e-02 -1.889334529050756828e-02 -9.480836934596137411e-02
8.377933893414724054e-02 3.853629822827642215e-02 -1.932707140518363786e-02 -1.029885657572435775e-01
8.801986912762593818e-02 3.272484389321572706e-02 -2.678308524968109339e-02 -9.396162777115968368e-02
1.045892517591591186e-01 3.063578072235362271e-02 -3.832340760861274731e-02 -9.690162487289999405e-02
9.546054814719173720e-02 3.591293611406332076e-02 -4.071094161503197029e-02 -9.066254264622664039e-02
9.583919252219708085e-02 3.556118105487460213e-02 -3.140923193998190754e-02 -9.999114163709421632e-02
9.358898643177049337e-02 2.372470792856073984e-02 -2.496166765891238981e-02 -9.235202670142061976e-02
9.685623438007961994e-02 2.556172533278378012e-02 -3.269005359459331572e-02 -8.972790611826919616e-02
9.578829555189027900e-02 3.563711484480869274e-02 -3.893012838816733989e-02 -9.249528200853340820e-02
8.393665808495676117e-02 3.830122047342321423e-02 -2.889912506470615483e-02 -9.333875349367737329e-02
1.209334714459497917e-01 3.516361801285050603e-02 -4.615555691698425278e-02 -1.099415325418178213e-01
9.538984057769184233e-02 3.934968205839428634e-02 -3.576522043000540663e-02 -9.897430220607894569e-02
8.533097192608352088e-02 3.801823549918026401e-02 -4.738931446283345394e-03 -1.186102759789795513e-01
1.033307273981067809e-01 3.832221932124113550e-02 -3.723406393506500933e-02 -1.044188827842846834e-01
9.046883540023653580e-02 2.719336671282324147e-02 -2.377463554324865669e-02 -9.388756656981200877e-02
7.537612570535401346e-02 3.844232460162011478e-02 -3.787453894672943022e-02 -7.594391136024469802e-02
1.032140610929150881e-01 1.896699435534099365e-02 -1.166512188844581743e-02 -1.105159335598120407e-01
1.153445557283223621e-01 2.934400179312923740e-02 -3.699254371913962558e-02 -1.076960138023119740e-01
7.518193763180658351e-02 4.821697580471262512e-02 -3.795334085311008465e-02 -8.544557258340645944e-02
8.986059600021789606e-02 4.453609606853259351e-02 -3.167624043109906751e-02 -1.027204516376496457e-01
8.951029392662768203e-02 2.578193505210446546e-02 -2.817377886539684795e-02 -8.711845011333441136e-02
1.013471071643108345e-01 3.686724224226267665e-02 -3.404065862377336771e-02 -1.041736907828019199e-01
1.011003211482472963e-01 2.659348703835195948e-02 -1.330070067797883837e-02 -1.143931075086230820e-01
9.339427547327705526e-02 3.660400400343100102e-02 -3.319314991956812122e-02 -9.680512955714171142e-02
8.745464839814598434e-02 3.630502862638618211e-02 -3.284392926726642514e-02 -9.091574775726751767e-02
8.983014210755779771e-02 4.505581379369605344e-02 -2.944932787674137131e-02 -1.054366280245142562e-01
9.848688825961993132e-02 4.435244572941510199e-02 -3.455130668038908226e-02 -1.082880273086477274e-01
9.774712923216455351e-02 3.191866780341801046e-02 -2.909015813954063390e-02 -1.005756388960437064e-01
8.432525138374913354e-02 2.045760115471662033e-02 -2.514600550745083041e-02 -7.963684703101758799e-02
8.460021010444940259e-02 3.703422673452205771e-02 -3.503242611529877593e-02 -8.660201072367090802e-02
9.859932567958029637e-02 3.130569532046223458e-02 -2.479692193166105341e-02 -1.051080990683823657e-01
1.007798809602435952e-01 4.044917822384608286e-02 -5.513232507841347996e-02 -8.609673410567619811e-02
9.390964980097749049e-02 2.995179877143705482e-02 -2.816452033723759740e-02 -9.569692823517872426e-02
8.643139581704151198e-02 3.540232754852556951e-02 -3.006823896139909635e-02 -9.176548440416887331e-02
9.475278020148270031e-02 5.698396488876333876e-02 -4.170774301352331292e-02 -1.100290020767262789e-01
1.224081126305760492e-01 2.087108370315782224e-02 -2.739936269575782291e-02 -1.158798336379751603e-01
