1.366769561808878208e-02 2.826510487808464589e-03 -5.087573567082337433e-03 -1.140663253881468719e-02
1.388461047105793433e-02 3.290908716967910763e-03 -5.300394627367754907e-03 -1.187512456065797917e-02
1.503846546532794370e-02 3.387578540473334954e-03 -4.206068477245361592e-03 -1.421997552855625013e-02
1.307836470188727951e-02 3.342162093829648128e-03 -2.821760330088296520e-03 -1.359876646562852009e-02
1.604106688991580043e-02 4.305265025289051195e-03 -5.635015084482275505e-03 -1.471131683072235408e-02
1.341272792194381225e-02 3.425634337900218540e-03 -2.871094491242676128e-03 -1.396726776860113262e-02
1.592027576832366620e-02 5.668154790593682435e-03 -6.478718601136246313e-03 -1.510971195778088028e-02
1.441462308991892094e-02 6.249687357139377397e-03 -6.335445734261480055e-03 -1.432886471279726237e-02
1.472402245703952062e-02 2.540441758214662116e-03 -2.398380600009741848e-03 -1.486608361524444089e-02
1.549238831033705743e-02 6.886252376752111104e-03 -5.043539142153385946e-03 -1.733510154493600464e-02
1.468308461971146173e-02 4.381900445844744141e-03 -2.633193347190143641e-03 -1.643179171836539609e-02
1.621286480405137453e-02 6.323895139959345713e-03 -7.830765337412004534e-03 -1.470599460659915980e-02
1.630483016057615586e-02 5.861983226056688423e-03 -5.764256400891953902e-03 -1.640255698574089038e-02
1.402925211418115659e-02 5.149555609146760915e-03 -4.451684106930975382e-03 -1.472712361639683110e-02
1.707996314720183761e-02 3.832321503460134338e-03 -5.039198523949628417e-03 -1.587308612671278762e-02
1.349269152714605013e-02 5.962212994020443801e-03 -5.353473898778382534e-03 -1.410143062238800038e-02
1.666748752238755849e-02 3.554802173603155424e-03 -5.923498447317210314e-03 -1.429879124867372564e-02
1.355983271391858480e-02 4.283958665451503833e-03 -3.728383251198730264e-03 -1.411540812817169144e-02
1.395506211721819767e-02 3.560153444699842851e-03 -3.895013429894955692e-03 -1.362020213202319585e-02
1.189849396264386350e-02 5.104781542141001438e-03 -2.490181798022850224e-03 -1.451309370676234778e-02
1.590351185732918893e-02 5.183081318786308955e-03 -7.069632192124530867e-03 -1.401696098399085599e-02
1.385831420135996694e-02 3.190113594405241670e-03 -4.478885593003245624e-03 -1.256954220276218503e-02
1.460226152745613959e-02 5.851617694202726483e-03 -6.814975726734839867e-03 -1.363890349492391518e-02
1.380038886072920690e-02 5.262173081453935808e-03 -4.314382241939140883e-03 -1.474817970024355773e-02
1.499692520791362504e-02 5.431844379982342375e-03 -5.008232283951308261e-03 -1.542053730394488120e-02
1.233685764431835530e-02 6.479052539286822565e-03 -4.042884142365976707e-03 -1.477302604123953422e-02
1.432915205183427076e-02 5.861466235811629844e-03 -6.628689252440533863e-03 -1.356192903520536674e-02
1.474818335393424107e-02 8.811795066072436455e-03 -6.527670858758827244e-03 -1.703230756124773926e-02
1.708655862738295284e-02 3.881423617986712316e-03 -7.081791583409935420e-03 -1.388619066195939666e-02
1.405414944933580657e-02 5.433491678383139956e-03 -4.531591439731919024e-03 -1.495604968798702750e-02
1.538876042104675435e-02 3.976157364696808472e-03 -4.727234144236258651e-03 -1.463768364150719314e-02
1.323028945280801949e-02 5.989514301950604747e-03 -3.373623957633076209e-03 -1.584617979712554803e-02
1.431698197075004231e-02 2.968496864448555428e-03 -3.996542134681257963e-03 -1.328893670051745080e-02
1.493844735384652900e-02 7.160441947873241730e-03 -7.862370616759983832e-03 -1.423651868495989792e-02
1.380609779216324107e-02 6.207998164465378110e-03 -5.446685659894812126e-03 -1.456741029673347398e-02
1.403945803411255078e-02 5.652727743067575972e-03 -6.568846141388307025e-03 -1.312333963579093155e-02
1.446958615376447987e-02 9.473902366599062930e-03 -9.252981198041299038e-03 -1.469050732232246581e-02
1.347320283913266969e-02 6.256835416843520292e-03 -4.041786562068883093e-03 -1.568825169390752894e-02
1.484143570854756788e-02 5.084473384629362158e-03 -5.931838829332014562e-03 -1.399407026384535957e-02
1.267082523408591399e-02 2.742116321089893560e-03 -1.976328270539617904e-03 -1.343661328463674476e-02
9.973939175656365563e-03 3.863034022735245543e-03 -2.261917675365432423e-03 -1.157505552302617868e-02
1.271123114137706622e-02 5.337826694178371412e-03 -4.717620433832947491e-03 -1.333143740172237912e-02
1.201399642904910081e-02 4.651691699891102871e-03 -4.067233344487997115e-03 -1.259845478445187350e-02
1.567768714024708743e-02 4.729465346032135642e-03 -6.086132588216108807e-03 -1.432101989806333631e-02
1.301645182772959153e-02 6.471889405727626610e-03 -6.489145899319370692e-03 -1.299919533413806949e-02
1.576783293778905026e-02 6.219492134552861984e-03 -6.398595805159557059e-03 -1.558872926718235519e-02
1.316237346826576449e-02 6.032586119795624313e-03 -3.390163109344812575e-03 -1.580479647871635418e-02
1.350855783240079155e-02 4.631917594327461529e-03 -5.188008100131535905e-03 -1.295246732659660616e-02
1.694436348923544777e-02 3.809016232602990826e-03 -4.077139738644874889e-03 -1.667623998319378575e-02
1.522750071895329071e-02 5.662755434547639410e-03 -6.655247915924977775e-03 -1.423500823757573031e-02
1.215882850318061870e-02 6.628236505178852767e-03 -5.323548365443020458e-03 -1.346351664291589589e-02
1.505754311564566628e-02 2.585279114750482776e-03 -3.610792914077065596e-03 -1.403202931631930550e-02
1.683481223941774019e-02 5.482887596403696051e-03 -6.388955302348731102e-03 -1.592874453347281616e-02
1.495331240825481522e-02 3.711868100957360639e-03 -3.432433253404476581e-03 -1.523274725580703315e-02
1.300273931113204995e-02 5.025143688583089130e-03 -3.073336679518590131e-03 -1.495454632019699304e-02
1.330285288439680969e-02 4.248348252624989385e-03 -5.746450915686485139e-03 -1.180475022133520291e-02
1.433835757778756381e-02 7.324913243532238383e-03 -6.477384865620550158e-03 -1.518588595569925204e-02
1.094071218448422478e-02 2.930849213438557754e-03 -1.726401628764473450e-03 -1.214515976915808704e-02
1.429288083818791577e-02 5.819734900921691434e-03 -5.099927968858053440e-03 -1.501268777025144274e-02
1.735846106492067165e-02 4.040116756899525541e-03 -5.540537324207450709e-03 -1.585804049761263546e-02
1.229691005141808624e-02 4.538912791337779140e-03 -3.712652870453858611e-03 -1.312316997230200677e-02
1.346219215555466420e-02 5.624407165025102628e-03 -3.466323356756229046e-03 -1.562027596382353778e-02
1.462039000955250856e-02 6.319130807429518271e-03 -4.582755408205629877e-03 -1.635676540877661900e-02
1.307872088633299512e-02 6.300925005439550475e-03 -3.985044858164976667e-03 -1.539460103360745791e-02
1.576971865176379772e-02 3.658515740694312512e-03 -4.009648055346981543e-03 -1.541858633711135074e-02
1.373696817205871668e-02 3.660924213415128747e-03 -4.864871022736694250e-03 -1.253302136273692913e-02
1.495513924552294149e-02 4.026807436926072015e-03 -4.409706343030728171e-03 -1.457224033941828534e-02
1.652566756567930284e-02 5.931154867723442692e-03 -6.172296962280721111e-03 -1.628452547112191340e-02
1.552173363360376257e-02 4.029636737438169192e-03 -4.448873172277711951e-03 -1.510249719876410879e-02
1.209670584949251726e-02 4.720897977818161451e-03 -2.355188792271034615e-03 -1.446241503503920001e-02
1.328693414234516368e-02 5.415645954141012908e-03 -5.140606542445635974e-03 -1.356197355404054061e-02
1.609918551740507908e-02 4.597350845837899769e-03 -5.164486513560051506e-03 -1.553204984968281632e-02
1.547036416005376225e-02 4.734430721764937289e-03 -5.701758208767504499e-03 -1.450303667305163913e-02
1.568185681565270606e-02 6.421400375806296523e-03 -6.367412597911514816e-03 -1.573584459354737675e-02
1.565711994058016643e-02 3.406226863271077931e-03 -2.554717065403333542e-03 -1.650862973844779980e-02
1.650267566229679517e-02 3.044927902723371105e-03 -4.040790671156813119e-03 -1.550681289386346418e-02
1.537330785959789559e-02 3.934321383290750873e-03 -5.298720098910414400e-03 -1.400890914397834308e-02
1.315818989843453579e-02 5.974564486712186095e-03 -4.604279363852659124e-03 -1.452847502129417379e-02
1.286667417792175527e-02 4.322259553497742601e-03 -4.237355805310705215e-03 -1.295157792610868164e-02
1.414864832571893771e-02 4.259260096450834254e-03 -4.874672742425478766e-03 -1.353323567974451525e-02
1.498928029548096674e-02 3.098593284201367482e-03 -5.006878222423960523e-03 -1.308099535725826268e-02
1.774866528381457975e-02 2.966100694052897779e-03 -4.875293769510014030e-03 -1.583947220835735248e-02
1.704506281546591673e-02 5.138395104699267080e-03 -2.372894728991381541e-03 -1.981056319117369124e-02
1.446664268233832651e-02 7.117201136288553442e-03 -6.562163838336632082e-03 -1.502167998029046991e-02
1.379615448869841998e-02 4.700859464139561794e-03 -7.024639571871382770e-03 -1.147237438096726514e-02
1.422970414096691449e-02 5.063261269801166975e-03 -6.831421157345585193e-03 -1.246154425342249628e-02
1.129315067298519715e-02 5.726550099992344656e-03 -2.579310781520849361e-03 -1.444038999145680346e-02
1.379394021887314636e-02 4.903614478592555059e-03 -5.469463171250854572e-03 -1.322809152621462481e-02
1.571686279817452458e-02 2.014754386393313723e-03 -3.747778956145420004e-03 -1.398383822842241830e-02
1.215728982703745409e-02 6.050871911391419999e-03 -3.936969714636640028e-03 -1.427119202379234508e-02
1.365988278567642489e-02 6.038259359127495784e-03 -4.373003986450241243e-03 -1.532513815835401250e-02
1.459711503854310699e-02 5.207234755320699904e-03 -4.967481279122165638e-03 -1.483686851474141921e-02
1.401123433160678111e-02 2.513935384134136086e-03 -2.153121928887502534e-03 -1.437204778685374773e-02
1.449291070845259988e-02 2.772244699977610694e-03 -4.515260143741040011e-03 -1.274989526468928158e-02
1.319169298942957091e-02 5.916822638926566569e-03 -3.755077478940438418e-03 -1.535343814941569907e-02
1.499406217107090988e-02 5.067064727562353710e-03 -4.671699094284775811e-03 -1.538942780434837676e-02
1.261571958202822863e-02 4.506280989258648617e-03 -4.496037015437326367e-03 -1.262596355584932883e-02
1.625855338839965469e-02 4.159813351934715797e-03 -3.079550020767096719e-03 -1.733881671956660764e-02
1.364871046214743977e-02 4.573911691973187033e-03 -3.739484614183052891e-03 -1.448313753993701880e-02
1.455617908288875384e-02 4.846329568746199357e-03 -3.295194755779107254e-03 -1.610731389585606799e-02
1.328496463514516890e-02 2.635896275981375325e-03 -1.528700795016657565e-03 -1.439216011610977564e-02
1.536023136584541149e-02 5.308714487576304819e-03 -7.167704897515947415e-03 -1.350124095590621298e-02
1.421882100877791544e-02 4.765834032113058782e-03 -4.857877973122315396e-03 -1.412677706776821474e-02
1.310617824341342441e-02 4.663758370979209644e-03 -3.690978287329671481e-03 -1.407895832706274053e-02
1.428801819149039254e-02 5.653086418996089435e-03 -4.737756305411511271e-03 -1.520334830507508173e-02
1.573774676081041157e-02 6.274852910146178075e-03 -6.717449895969673790e-03 -1.529514977498647177e-02
1.479751317438848801e-02 4.961269012878410933e-03 -6.918677751566404410e-03 -1.284010443570038351e-02
1.520856536336401277e-02 3.211904049275071671e-03 -2.894336536104158419e-03 -1.552613287653525909e-02
1.363583894794184737e-02 2.830838747207575778e-03 -5.120806498421281994e-03 -1.134587119672791911e-02
1.534515019434934402e-02 5.895290341012326962e-03 -7.125857683249803287e-03 -1.411458285211220076e-02
1.639176974973111101e-02 4.672762370512950625e-03 -5.855924485207220087e-03 -1.520860763503717461e-02
1.788567899284809748e-02 3.885729033132001575e-03 -5.073397706702564847e-03 -1.669801031927709012e-02
1.383721590796760381e-02 4.829760875037392154e-03 -5.007082346697333541e-03 -1.365989443630799549e-02
1.358292791448123538e-02 3.119737830434177184e-03 -3.625333844751721379e-03 -1.307733190016402425e-02
1.584711164569330144e-02 5.549052953815580835e-03 -4.900735498832964332e-03 -1.649542910067558488e-02
1.458253109521234769e-02 4.820678573794534572e-03 -4.900722801603030199e-03 -1.450248686740363002e-02
1.198122812342972132e-02 2.091199993658365841e-03 -3.237986567594552945e-03 -1.083444154949309013e-02
1.335530671356788268e-02 4.077024362622916343e-03 -3.768501917877586926e-03 -1.366382915831265699e-02
1.590359598259527552e-02 3.676645390558341830e-03 -3.391845566616757957e-03 -1.618839580653652632e-02
1.321320455277130712e-02 6.245845203681765767e-03 -6.191562266060879338e-03 -1.326748749039197151e-02
1.305222360259516989e-02 4.205736724784525649e-03 -5.825089448260767355e-03 -1.143287087911903921e-02
1.542854810799410004e-02 4.483290436665399170e-03 -5.689118988457808612e-03 -1.422271955620135753e-02
1.424395816212764565e-02 4.155273391156732998e-03 -3.155974733797251019e-03 -1.524325681948701661e-02
1.513039706448204846e-02 4.181618602806302931e-03 -4.612353618648423748e-03 -1.469966204863981662e-02
1.436418911539893983e-02 5.041199136810892156e-03 -3.757544349953900742e-03 -1.564784390225604227e-02
1.749291412106068755e-02 5.540083003042761689e-03 -5.059449020135886599e-03 -1.797354810396756264e-02
1.437525265599060020e-02 3.150811276837917063e-03 -4.649450416743139414e-03 -1.287661351608548888e-02
1.490175337958277169e-02 5.509186560015422174e-03 -6.238892987454947026e-03 -1.417204695214346888e-02
1.598969719061593686e-02 3.796209114549586872e-03 -2.454593867179943878e-03 -1.733131243798524679e-02
1.432221568050051630e-02 5.020201906751564636e-03 -5.912744297896455059e-03 -1.342967328935595894e-02
1.622790220240699632e-02 6.385770325028961025e-03 -6.563632069726210716e-03 -1.605004045770919152e-02
1.239245179521786255e-02 5.267321995798157630e-03 -3.699803998587491982e-03 -1.395996979242841718e-02
1.489563662532078503e-02 4.827536276180488528e-03 -4.200830530435073484e-03 -1.552234237106642212e-02
1.441521025540759560e-02 5.505029391334792521e-03 -6.674549660714346189e-03 -1.324568998602748682e-02
1.623947380736345814e-02 4.082673224181432303e-03 -5.477920576047679013e-03 -1.484422645549698938e-02
1.557469383424270326e-02 4.925043537798545756e-03 -4.544488290487591620e-03 -1.595524908155343535e-02
1.419104662046999366e-02 3.945940869025887920e-03 -5.909280322629717475e-03 -1.222770716686583103e-02
1.634729650647681609e-02 1.807633337428171671e-03 -3.730385451606088587e-03 -1.442454439229856611e-02
1.438945483990838881e-02 6.412409073630165324e-03 -6.151205248144719917e-03 -1.465065866539405626e-02
1.598896003763483620e-02 4.858393963384388670e-03 -3.992664093014353099e-03 -1.685468990800520483e-02
1.533202149973922346e-02 6.233937817758938849e-03 -4.222227629601671417e-03 -1.734373168789626884e-02
1.649314084349140508e-02 3.566506496686772110e-03 -7.255470489756166153e-03 -1.280417685042167797e-02
1.633251797703261232e-02 3.056524311233488334e-03 -2.838335589066209863e-03 -1.655070669920011284e-02
1.493140481271515441e-02 7.408555861598387082e-03 -4.925184339886090612e-03 -1.741477633442756190e-02
1.619493835672725091e-02 3.434291210219653223e-03 -4.081383531497562167e-03 -1.554784603544956401e-02
1.035886275429209746e-02 2.959642249201310804e-03 -3.701677759521349032e-03 -9.616827243972059236e-03
1.666508997973892292e-02 5.655070739754908260e-03 -4.727071767299806382e-03 -1.759308895219413582e-02
1.801723000946697795e-02 4.518127030562091306e-03 -5.729257236450346902e-03 -1.680609980357883337e-02
1.666029495030696417e-02 4.412848452207907002e-03 -3.233970082543669022e-03 -1.783917331997142419e-02
1.466675050619437037e-02 4.407950974758767515e-03 -4.122663439638074578e-03 -1.495203804131461922e-02
6.449305254342174720e-03 3.799037298807039775e-03 -4.124148452176235047e-03 -6.124194100973201493e-03
1.489248392790942788e-02 5.817636735996556396e-03 -6.552467270784956277e-03 -1.415765339312147209e-02
1.223361190451832670e-02 3.542196674524378253e-03 -8.990971549671655794e-04 -1.487671142407531732e-02
1.611100844811641508e-02 6.292622971782790842e-03 -4.246471730787959586e-03 -1.815715968911113531e-02
1.734575343916522350e-02 2.076047336255770759e-03 -3.912063607640625662e-03 -1.550973716778003553e-02
1.471045432678885767e-02 5.737892548822731698e-03 -4.497824997435007077e-03 -1.595052187817691536e-02
1.592785416071018645e-02 5.999377651514148369e-03 -7.424347361935090817e-03 -1.450288445028924400e-02
5.354307357932741596e-03 1.600367541996217113e-03 -8.085411413210064069e-04 -6.146133758607730257e-03
1.521845374894259528e-02 2.838672779837958515e-03 -2.278764198190286194e-03 -1.577836233059037863e-02
1.453756513034742959e-02 6.518495859833661754e-03 -6.392743557859903447e-03 -1.466331743232074381e-02
1.407284774703487784e-02 5.002111833292577359e-03 -2.725724786740157946e-03 -1.634923479358685316e-02
1.565054281582534124e-02 5.231120719494164462e-03 -6.543717989067943108e-03 -1.433794554625111850e-02
1.576664736775490461e-02 3.776265091688379982e-03 -3.843087953940171886e-03 -1.569982450550277964e-02
1.617301170142337874e-02 6.768837085531442810e-03 -9.023788105109842306e-03 -1.391806068184553435e-02
1.508139736906533024e-02 4.260240495169487218e-03 -4.123075616408788946e-03 -1.521856224782636158e-02
1.544546789349832139e-02 4.100079037601567222e-03 -3.732115703564464759e-03 -1.581343122753497976e-02
1.588940046943387863e-02 5.228090750174940737e-03 -6.615780553097194705e-03 -1.450171066651140261e-02
1.545237037170976713e-02 2.047345553074286784e-03 -3.593284126226947706e-03 -1.390643179855721723e-02
1.325003168643501539e-02 6.643504547494405443e-03 -5.551674670004058676e-03 -1.434186156392558420e-02
1.415164718836203761e-02 6.623895174092231386e-03 -4.492844154013186930e-03 -1.628269820844086002e-02
1.246104479929410758e-02 6.559885948037136316e-03 -4.150395927840055954e-03 -1.487053481949096589e-02
1.395737691139831149e-02 5.153396868217585691e-03 -7.520340867762875803e-03 -1.159043291185257729e-02
1.312266956386509698e-02 7.098743279714270216e-03 -5.567372055558683641e-03 -1.465404078802057253e-02
1.121632204330857974e-02 5.411569735095600464e-03 -4.777348453068874790e-03 -1.185054332533586052e-02
1.711601635547244094e-02 5.767902663605273261e-03 -5.354742904293163797e-03 -1.752917611478466142e-02
1.824937328611686560e-02 4.610017393667620311e-03 -6.378419530033263563e-03 -1.648097114975155542e-02
1.509604120740259958e-02 4.609059631873968499e-03 -3.423033023073340786e-03 -1.628206781620322730e-02
1.293242322553900259e-02 3.807473267938732420e-03 -2.837700742919446739e-03 -1.390219575055862133e-02
1.567174319389552650e-02 7.195632175809540954e-03 -5.623363486654042731e-03 -1.724401188305102472e-02
1.392560997870218031e-02 5.883542967132449064e-03 -5.608011244172095289e-03 -1.420114170166253409e-02
1.531272058448052142e-02 6.005719920611385376e-03 -7.676857002666626073e-03 -1.364158350242528073e-02
1.662078171016956318e-02 3.304765535637743668e-03 -8.326973462709719165e-03 -1.159857378309769871e-02
1.450937735666513184e-02 6.144467353791149833e-03 -3.572657813691537676e-03 -1.708118689676485502e-02
1.298854505421620509e-02 4.299768751142130085e-03 -3.222017573865199047e-03 -1.406629623149302510e-02
1.648759062878157877e-02 4.645835203106685185e-03 -4.202411857853860511e-03 -1.693101397403440345e-02
1.288843709177767138e-02 6.094529236780887871e-03 -4.695162935939856119e-03 -1.428780339261925825e-02
1.498637059421681350e-02 5.088937015253591767e-03 -4.426718568681486943e-03 -1.564858904078914037e-02
1.375522248427518690e-02 2.563908940984793716e-03 -1.210435577308044408e-03 -1.510869584795149212e-02
1.664706787744840710e-02 5.902796594420500753e-03 -5.910853967132978504e-03 -1.663901050473659549e-02
1.613141625300351656e-02 5.857151489830236812e-03 -6.959435349339182508e-03 -1.502913239349445984e-02
1.715243236179686548e-02 5.135055414700495646e-03 -6.764073334433073903e-03 -1.552341444206484233e-02
1.508635923136858459e-02 7.168221957289055979e-03 -6.994386557270915183e-03 -1.526019463138672538e-02
1.434229492229022185e-02 5.981140456608802225e-03 -6.281307949489667308e-03 -1.404212742940902370e-02
1.253855708630480237e-02 5.294623204125548099e-03 -2.522977084952193749e-03 -1.531020320547826774e-02
1.675006436041370783e-02 5.099862488655793058e-03 -6.857379650772710278e-03 -1.499254719829623550e-02
1.751549647900896289e-02 7.062447110639524794e-03 -7.282820188644567594e-03 -1.729512340100403112e-02
1.633510368130108859e-02 5.490086493358914410e-03 -5.333976241118199013e-03 -1.649121393354224807e-02
1.608880635616993793e-02 3.648590516702965303e-03 -3.614721337508508547e-03 -1.612267553536439468e-02
1.263433016998050107e-02 6.213348455395673042e-03 -5.362135431474457370e-03 -1.348554319390171674e-02
1.614797237631937499e-02 4.409033788024041556e-03 -4.020559193221195926e-03 -1.653644697112233164e-02
1.682245953104621883e-02 3.137533966890648784e-03 -2.864171255252401238e-03 -1.709582224268468842e-02
1.326012604352899693e-02 4.753817209915522923e-03 -5.067152765915960977e-03 -1.294679048752866990e-02
1.364678163245458542e-02 5.003711747439520963e-03 -5.184713588306966159e-03 -1.346577979158691818e-02
1.559874783718284696e-02 4.714741339409078691e-03 -4.691166684021697009e-03 -1.562232249257000660e-02
1.550750020508062654e-02 4.474356282943459107e-03 -3.992086528318616878e-03 -1.598976995970502468e-02
1.439622783222049840e-02 5.695263897788516161e-03 -6.122194465849828404e-03 -1.396929726415940820e-02
1.535910935754314366e-02 4.641042748963597475e-03 -5.872649923349904100e-03 -1.412750218315683703e-02
1.530555648584597250e-02 3.863294560743524286e-03 -2.218584820339208896e-03 -1.695026622625073198e-02
1.360437961879146229e-02 4.268986664141882770e-03 -4.431845395328593007e-03 -1.344152088760508512e-02
1.468985187456683938e-02 5.144498951716203194e-03 -5.648189342551734882e-03 -1.418616148373086361e-02
1.614337586665559598e-02 2.721851121999740997e-03 -2.995743479566437273e-03 -1.586948350908889971e-02
1.729723272878924689e-02 3.515313055443725077e-03 -7.128946955335724311e-03 -1.368359882889713663e-02
1.353431972127761007e-02 3.303950391068122272e-03 -4.425000743616069876e-03 -1.241326936872944042e-02
1.585466723309081338e-02 6.042753685790325235e-03 -5.122823200744530681e-03 -1.677459771813594180e-02
1.588340424374989901e-02 5.490445234648699824e-03 -5.455158665422565889e-03 -1.591869081297592192e-02
1.634104642684253150e-02 2.683228666491288550e-03 -3.617600482980765086e-03 -1.540667461035272190e-02
1.702553560640973629e-02 7.225743254432703822e-03 -6.961508974605568056e-03 -1.728976988623665001e-02
1.648013337691778268e-02 2.004998649419054146e-03 -4.184151470726815703e-03 -1.430098055560968806e-02
1.541309026564752216e-02 6.998155730511212980e-03 -4.782296198899027573e-03 -1.762894979725981859e-02
1.403123649619675284e-02 5.024564754324556404e-03 -6.384768714101651810e-03 -1.267103253641943539e-02
1.421797568601612660e-02 3.630577842337334715e-03 -4.120072137682617708e-03 -1.372848139067128770e-02
1.465304645699960773e-02 4.173180076519455994e-03 -4.500936795484800079e-03 -1.432528973803426364e-02
1.504221151006523982e-02 6.222121586687334727e-03 -4.498626512935088861e-03 -1.676570658381792978e-02
1.573030622597126893e-02 6.693431724612786127e-03 -4.629613805651078273e-03 -1.779412414493308781e-02
1.408265269955744081e-02 4.707105897986174625e-03 -4.175172893088996418e-03 -1.461458570445461902e-02
1.381932059209045605e-02 6.724491608092186823e-03 -6.382127021681949230e-03 -1.416168517850058262e-02
1.541851689882745013e-02 5.957554692308741906e-03 -2.862163603700840220e-03 -1.851390798743501875e-02
1.462149302946125218e-02 4.085118318129632442e-03 -3.787476416778234878e-03 -1.491913493081309383e-02
1.464322143661611619e-02 3.600518749532266582e-03 -3.898685613493380053e-03 -1.434505457265444761e-02
1.453744448518756727e-02 6.196862013537973723e-03 -6.925300789663579870e-03 -1.380900570906207214e-02
1.172255516013964716e-02 6.045089680396964482e-03 -3.311005734172089987e-03 -1.445663910636496574e-02
1.431451898444935367e-02 6.415940984294543625e-03 -5.146456367632445961e-03 -1.558400360111189542e-02
1.258234468335683864e-02 5.044552248302247577e-03 -4.035614947412335951e-03 -1.359128198424675027e-02
1.478262793345908044e-02 9.036951754549882310e-03 -9.348464140489176621e-03 -1.447111554751967510e-02
1.302200996949509637e-02 6.067425211033095067e-03 -5.235871705511319085e-03 -1.385356347501720542e-02
1.377401282303347685e-02 5.398630065212461915e-03 -4.677511927627886479e-03 -1.449513096061771922e-02
1.522536388155915077e-02 5.035240604470470061e-03 -6.008580400947982625e-03 -1.425202408508163820e-02
1.533719186404569612e-02 4.014564703017198255e-03 -5.458053135417251234e-03 -1.389370343164619825e-02
1.681833075915850628e-02 1.607854537902131398e-03 -4.800523636706799380e-03 -1.362566166035350523e-02
1.422926131022284046e-02 5.286461744766768334e-03 -3.829376706793952145e-03 -1.568634634819554563e-02
1.593305959191204657e-02 5.828158475698286267e-03 -4.908214599597338079e-03 -1.685300346801277271e-02
1.532671882105041128e-02 6.416271345478730126e-03 -3.116554231628598792e-03 -1.862643593490032057e-02
1.418606889127715931e-02 5.878317055955095682e-03 -5.559622798096075513e-03 -1.450476314913617948e-02
1.518086341260183048e-02 5.168660830642268778e-03 -6.044025553485821156e-03 -1.430549868975872219e-02
1.365677931992981264e-02 5.216145243462033676e-03 -6.779080721501129503e-03 -1.209384384189060579e-02
1.475410603699001122e-02 6.804003693477111980e-03 -4.509664359350629148e-03 -1.704844537111627201e-02
1.301860282285582926e-02 5.059707807155477965e-03 -4.662275471939092419e-03 -1.341603515807243685e-02
1.357933228112861990e-02 4.509123717038043822e-03 -4.225469861266040184e-03 -1.386298613690062353e-02
1.296889909984599853e-02 4.040176192229294472e-03 -4.271426006576928280e-03 -1.273764928549847575e-02
1.431178431257351669e-02 4.670433720567856994e-03 -4.999278048218980253e-03 -1.398293998492250445e-02
1.642609772539183055e-02 3.692226491622818685e-03 -5.761880043627876091e-03 -1.435644417338688417e-02
1.427738804885203550e-02 6.973986219668715236e-03 -6.972491521811008397e-03 -1.427888274670996438e-02
1.262480736636795164e-02 6.854741095696947895e-03 -6.498837333215767842e-03 -1.298071112884902067e-02
1.357242338381725588e-02 8.726001337920008538e-03 -6.281161387330480572e-03 -1.601726333440667283e-02
1.877270485515647458e-02 5.481843626501614608e-03 -6.104422307163681616e-03 -1.815012617449418553e-02
1.337301906952625963e-02 4.840689310133816647e-03 -5.308390053341605075e-03 -1.290531832631880427e-02
1.444249077573989126e-02 4.086827783354340937e-03 -5.079347978778070427e-03 -1.344997058031616177e-02
1.693264890356904750e-02 3.675727052128596739e-03 -5.004497485952441593e-03 -1.560387846974486958e-02
1.240127292141934845e-02 4.932838589291721476e-03 -5.020737645388018144e-03 -1.231337386532371792e-02
1.355514059203088983e-02 5.759047211808532296e-03 -4.155341749143892649e-03 -1.515884605469530744e-02
1.361384079207117459e-02 5.312557328569278425e-03 -2.243239123951634717e-03 -1.668315899668870728e-02
1.134259413333360555e-02 5.150473440381331258e-03 -4.601915562700842344e-03 -1.189115201101431651e-02
1.420617245722399780e-02 4.967421658444548527e-03 -3.820035471548965944e-03 -1.535355864411946936e-02
1.200289364218631860e-02 6.748224679806291704e-03 -5.615987090782259550e-03 -1.313513123121035076e-02
1.716872731793861462e-02 4.087182535076561152e-03 -4.661320350539788215e-03 -1.659458950247527653e-02
1.603237783616662249e-02 6.851869119993914126e-03 -8.078651786854296191e-03 -1.480559516930612940e-02
1.517968519972234809e-02 6.259103123524178969e-03 -4.492135292550214487e-03 -1.694665303069586848e-02
1.416922815735488506e-02 3.688955864494358750e-03 -2.672412278992730705e-03 -1.518577174285606901e-02
1.444896170211995567e-02 4.177758677025966705e-03 -3.949277584995747326e-03 -1.467744279414995301e-02
1.049655638035607019e-02 6.949594262490421670e-03 -4.094340001562057907e-03 -1.335181064128398987e-02
1.284535075494930290e-02 5.109994585543509160e-03 -4.259031212558217483e-03 -1.369631412793448355e-02
1.370400815688532781e-02 3.569387735290030506e-03 -3.560723184995118196e-03 -1.371267270718012909e-02
1.649382804863264163e-02 6.142443392057161944e-03 -5.619957338557468596e-03 -1.701631410213244600e-02
1.334417362507833715e-02 5.877510896467708079e-03 -4.800926768897539887e-03 -1.442075775264894943e-02
1.378796175993213247e-02 6.597543657740345679e-03 -4.922170229621825044e-03 -1.546333518805076412e-02
1.418241922440199865e-02 6.089026861921587042e-03 -5.962311039910295207e-03 -1.430913504641329048e-02
1.704847253779617766e-02 6.167917121530308577e-03 -6.550927683737772789e-03 -1.666546197558826936e-02
1.688473316885508169e-02 4.373520627421356721e-03 -5.265312802633537181e-03 -1.599294099364312327e-02
1.379902227883245125e-02 5.150799345730705525e-03 -5.120215503192193651e-03 -1.382960612137085210e-02
1.562526797505281451e-02 3.609731710201513621e-03 -4.026814211374296626e-03 -1.520818547387992048e-02
1.078313255566576423e-02 3.898424870940608855e-03 -3.213471142372470446e-03 -1.146808628423401366e-02
1.481307697625999786e-02 4.512836794646979399e-03 -6.438559001875177046e-03 -1.288735476903191124e-02
1.454709340007021012e-02 6.134302046554518384e-03 -2.846768848829284160e-03 -1.783462659779577741e-02
1.562367158319855065e-02 6.501226216285793669e-03 -5.594120428493942754e-03 -1.653077737099040156e-02
1.745128248999838760e-02 4.053281550523646359e-03 -4.314368339343066516e-03 -1.719019570117907847e-02
1.307341546714901881e-02 5.848305662937924865e-03 -6.210943856318262846e-03 -1.271077727376868083e-02
1.560097739406574036e-02 5.786363959414231317e-03 -7.325746451401937698e-03 -1.406159490207747886e-02
1.607984099009085455e-02 7.097903429099883255e-03 -6.361928254385751380e-03 -1.681581616480531949e-02
1.407767271703175282e-02 6.512836110943664991e-03 -6.249654506556456823e-03 -1.434085432141929406e-02
1.302556278804223311e-02 4.061371809819913636e-03 -4.247816548290650474e-03 -1.283911804957160729e-02
1.304951992268676975e-02 2.729526875935084362e-03 -1.798825909431034376e-03 -1.398022088919059769e-02
1.688321283512705939e-02 7.071943082708864736e-03 -7.724231243126267188e-03 -1.623092467470976796e-02
1.412256132185807367e-02 3.299735716500773464e-03 -2.625389372327036064e-03 -1.479690766603158902e-02
1.512470656843456496e-02 3.593048706713286577e-03 -3.632029436927530774e-03 -1.508572583822009872e-02
1.105191578634401317e-02 7.184368126070372895e-03 -5.787198845159324812e-03 -1.244908506725506125e-02
1.231017179564197761e-02 3.825338426405311409e-03 -4.053311854364305411e-03 -1.208219836768287259e-02
1.464012896400768149e-02 5.435729476505724023e-03 -5.349381224330929108e-03 -1.472647721618236538e-02
1.532096557723083841e-02 5.210398793714654531e-03 -5.711026154346710015e-03 -1.482033821659878292e-02
1.282042530735139074e-02 5.541602209437446191e-03 -3.775159445913445211e-03 -1.458686807087550275e-02
1.522172315988901126e-02 4.860764262400341096e-03 -5.631404049474042495e-03 -1.445108337281519884e-02
1.463936465194026759e-02 4.661797465464578849e-03 -6.043171182204098990e-03 -1.325799093520163563e-02
1.423089865261939480e-02 3.230806628484517162e-03 -3.328257522880018193e-03 -1.413344775822367172e-02
1.479873393884489907e-02 3.905808743864591648e-03 -5.155377062069033123e-03 -1.354916562064056862e-02
1.385189917275031490e-02 4.417972674352732554e-03 -4.808215520516689878e-03 -1.346165632658624656e-02
1.427608649407630104e-02 5.984534110121897399e-03 -3.493389133895963283e-03 -1.676723147030223515e-02
1.648014398807329250e-02 6.140793744434436263e-03 -5.104361394875245317e-03 -1.751657633763226141e-02
1.353583967739169225e-02 4.580479636623779882e-03 -2.326671747094555265e-03 -1.578964756692136095e-02
1.401860224587903048e-02 3.975338680769491262e-03 -3.966119369383624971e-03 -1.402782155726467472e-02
1.425427367896014985e-02 4.051153528331852272e-03 -3.093661633516986420e-03 -1.521176557377557081e-02
1.529957876386567328e-02 3.567961565709154570e-03 -4.227610725734853858e-03 -1.463992960383964093e-02
1.481036619661768583e-02 5.903770877136116368e-03 -4.348039595848507410e-03 -1.636609747790584990e-02
1.371134998741596611e-02 5.225553608752653290e-03 -3.598115968515225305e-03 -1.533878762765361614e-02
1.307896082624981915e-02 5.311322928462480775e-03 -2.589548222443505132e-03 -1.580073553226868377e-02
1.396991212620157796e-02 5.207193867883264105e-03 -2.452894251509296630e-03 -1.672421174257510135e-02
1.419719057544099883e-02 4.302051891265978867e-03 -4.959890155713297943e-03 -1.353935231099390180e-02
1.437955849061167690e-02 5.797621009600240072e-03 -3.657656385821939082e-03 -1.651952311439031096e-02
1.472510269050930631e-02 6.928102708041672386e-03 -6.381197962623263997e-03 -1.527200743592749266e-02
1.656265300419024200e-02 4.134331334501473165e-03 -4.949259855196452840e-03 -1.574772448349526233e-02
1.659252381442799518e-02 2.631553916365048096e-03 -4.055120893092012402e-03 -1.516895683770136394e-02
1.458858709620214356e-02 2.262150058714995637e-03 -5.118148507170294792e-03 -1.173258864774651133e-02
1.472786224315503212e-02 4.408099462529735391e-03 -5.972251326276878380e-03 -1.316371037940744504e-02
1.296323368143803556e-02 5.633821107764891423e-03 -4.117334534136984914e-03 -1.447972025506560900e-02
1.680009912115920656e-02 4.316005502541742089e-03 -4.949438691794427747e-03 -1.616666593190652090e-02
1.211653889558750308e-02 4.930810656238682199e-03 -3.582793368610115436e-03 -1.346455618321595882e-02
1.034723828066042017e-02 5.427607583432525473e-03 -3.632752278488582398e-03 -1.214209358560425223e-02
1.274291006363448275e-02 4.316692620057294150e-03 -4.908443112221827498e-03 -1.215115957146972736e-02
1.342816495755538853e-02 5.888539107199441958e-03 -8.124339961339099858e-03 -1.119236410341550858e-02
1.412446046894233476e-02 4.087694542232567230e-03 -3.323600245985103285e-03 -1.488855476519013177e-02
1.476964970077299100e-02 5.887998439675357076e-03 -5.860791674897058989e-03 -1.479685646555206624e-02
1.585800264545955685e-02 4.815563057119609525e-03 -4.930618210184478656e-03 -1.574294749239513180e-02
1.305819267645902393e-02 5.618984663734893914e-03 -6.562381543041895249e-03 -1.211479579715213362e-02
1.392570862965203382e-02 5.872047243459022070e-03 -6.048971391766078121e-03 -1.374878448134508879e-02
1.514344660303135193e-02 5.955535407826895167e-03 -5.001423327155030130e-03 -1.609755868370310594e-02
1.548480299503740554e-02 4.385786513787071073e-03 -3.114903129637247581e-03 -1.675568637918689596e-02
1.185553209167933275e-02 5.362228938001312173e-03 -2.954848423424749626e-03 -1.426291260625578428e-02
1.253470398367695360e-02 4.421931206217699639e-03 -6.176414638772720345e-03 -1.078022055112248800e-02
1.745505922504753116e-02 3.584421729959208491e-03 -4.580119943393134996e-03 -1.645936101161349363e-02
1.630496647574752878e-02 3.584936645016467693e-03 -4.850700594557388889e-03 -1.503920252620694065e-02
1.367263640056948226e-02 5.316183941846519545e-03 -6.085121782329450113e-03 -1.290369856008677374e-02
1.492472305420355916e-02 5.633740955161448127e-03 -5.537385308278186535e-03 -1.502107870108704279e-02
1.287477882509380223e-02 7.940581868031815205e-03 -8.166291921091417549e-03 -1.264906877203453295e-02
1.359028187346433825e-02 5.544345323857280405e-03 -5.787371113190720173e-03 -1.334725608413078746e-02
1.289651493667265392e-02 6.201764158008771233e-03 -3.735318200511761333e-03 -1.536296089416944177e-02
1.409454881526706060e-02 5.541345737136493810e-03 -4.197790664564382546e-03 -1.543810388783917187e-02
1.487783157260502698e-02 6.071946989188115040e-03 -6.358720334292522480e-03 -1.459105822750028647e-02
1.411394350552352961e-02 4.902178313335170401e-03 -5.482388347822331198e-03 -1.353373347103625779e-02
1.398730701309824909e-02 1.780685080417176991e-03 -3.884609242696845932e-03 -1.188338285081791401e-02
1.611162510888286548e-02 4.197338515254278590e-03 -6.277316941349253554e-03 -1.403164668278777949e-02
1.479626294393021624e-02 5.196749630814956333e-03 -4.169082626792164348e-03 -1.582392994795289720e-02
1.408845341545683638e-02 4.239721758703351995e-03 -2.797057954774584410e-03 -1.553111721938593703e-02
1.549237149853821549e-02 7.458382375489902572e-03 -8.082598474103197539e-03 -1.486815539992492052e-02
1.662395218431678146e-02 5.486058353728395787e-03 -5.748043198930297137e-03 -1.636196733911443602e-02
1.421113626850467604e-02 3.586646260113068863e-03 -4.493439854595937533e-03 -1.330434267402191839e-02
1.482206021114240713e-02 3.897226767894057531e-03 -5.990012600413541222e-03 -1.272927437862325650e-02
1.563047038676512734e-02 5.416238832210318321e-03 -8.311603027833180946e-03 -1.273510619114248676e-02
1.447624194984342694e-02 5.347565421438105204e-03 -5.195664353014772807e-03 -1.462814301826664831e-02
1.458334629290236606e-02 3.172492461631870597e-03 -2.512126755018107005e-03 -1.524371199951601863e-02
1.512518898995751648e-02 3.640947320289189548e-03 -2.164933173127492338e-03 -1.660120313711865858e-02
1.269759465909792162e-02 3.115200494083536498e-03 -1.821410862351435789e-03 -1.399138429082991131e-02
1.485694858614983183e-02 4.824587361142773645e-03 -4.922774214500380552e-03 -1.475876173279200287e-02
1.321808479213659737e-02 6.515042539453563819e-03 -4.397822676195817237e-03 -1.533530465539456600e-02
1.328848361754175755e-02 4.247607978407952345e-03 -1.742591495721868000e-03 -1.579350010022761985e-02
1.296442576575063121e-02 3.945488575379352270e-03 -3.054425674793748158e-03 -1.385548866633568021e-02
1.226335100713304982e-02 4.540850951598729424e-03 -2.009444386903647128e-03 -1.479475757182779905e-02
1.381428818056384955e-02 7.938004299794521046e-03 -5.679127706781139651e-03 -1.607316477357756401e-02
1.430368800156167630e-02 3.141422978668595434e-03 -4.390049481213464944e-03 -1.305506149901680679e-02
1.386346811041305749e-02 6.181234392573120573e-03 -6.212743368787410070e-03 -1.383195913419810186e-02
1.568782401778667790e-02 1.736050591506277385e-03 -6.006443158543928185e-03 -1.141743145074924914e-02
1.230761069160624110e-02 4.806914381761506760e-03 -4.677406648671778022e-03 -1.243711842469608087e-02
1.313079890987012277e-02 6.394708038768071034e-03 -5.707396775750606110e-03 -1.381811017288836485e-02
1.500234728513571980e-02 6.380603992897304622e-03 -6.917634150015450345e-03 -1.446531712801735203e-02
1.676047610361575124e-02 1.025832328183096109e-03 -3.110301942490512062e-03 -1.467600648930800222e-02
1.306016637822815518e-02 3.763241456975041643e-03 -5.214625892079660652e-03 -1.160878194312386924e-02
1.348828938975810132e-02 2.390714554952655391e-03 -2.615259495845956295e-03 -1.326374444886446735e-02
1.283258130180109369e-02 4.189701542218315922e-03 -3.297657098311090884e-03 -1.372462574570842975e-02
1.719036635820470060e-02 2.291394747002239995e-03 -4.744179251925939589e-03 -1.473758185328111203e-02
1.372589140769497895e-02 5.772993688562655379e-03 -4.400009935499493707e-03 -1.509887516075791858e-02
1.363676264614044342e-02 6.814090538444839140e-03 -6.856801260535339004e-03 -1.359405192405016560e-02
1.178764070682247755e-02 4.869091654036150629e-03 -3.001594191805012635e-03 -1.365513816905339350e-02
1.675383737247493343e-02 3.901895024579271620e-03 -3.596810464773780858e-03 -1.705892193228064624e-02
1.614890306790628394e-02 2.740148988824131493e-03 -2.125023945541815173e-03 -1.676402811118826719e-02
1.591446841993127137e-02 6.002165959375416193e-03 -4.453127456368166648e-03 -1.746350692293807683e-02
1.558956181906268057e-02 4.128562872198093814e-03 -6.238233757362876553e-03 -1.347989093389789783e-02
1.791004001230622755e-02 7.115506762768397664e-03 -6.517852011773017651e-03 -1.850769476330171859e-02
1.311366683490389207e-02 6.665300717860311863e-03 -6.366225536519221073e-03 -1.341274201624442775e-02
1.592215341009328711e-02 5.316166386479581618e-03 -6.315304925497922106e-03 -1.492301487107472457e-02
1.495048620162298114e-02 4.711717566931339363e-03 -5.295079013569403692e-03 -1.436712475498491681e-02
1.626580334878124923e-02 5.155546341785388620e-03 -5.173743506111883050e-03 -1.624760618445453275e-02
1.347095786465413170e-02 7.415165615382468545e-03 -6.715567997384486176e-03 -1.417055548265189202e-02
1.588722987450719160e-02 5.536948349583292739e-03 -6.389452143154894515e-03 -1.503472608093581186e-02
1.683607530330011315e-02 5.690740187415777029e-03 -6.600480135502628798e-03 -1.592633535521326138e-02
1.615512595359502868e-02 6.237541010525537999e-03 -4.498636852762305516e-03 -1.789403011135837218e-02
1.442962541293790757e-02 5.017915421492435968e-03 -6.183673185079507917e-03 -1.326386764935083562e-02
1.566646125133308587e-02 4.518868951603138839e-03 -4.271317798154927736e-03 -1.591401240478107493e-02
1.155209979537641374e-02 2.799348882617014311e-03 -1.378489786867498346e-03 -1.297295889112592970e-02
1.495473506044220358e-02 6.471741400000174949e-03 -7.308066060935369812e-03 -1.411841039950678667e-02
1.461226355509825936e-02 6.218612417880908794e-03 -6.402139894628566807e-03 -1.442873607835049032e-02
1.398216554985820537e-02 6.335133440910967195e-03 -4.660935228029128297e-03 -1.565636376273948915e-02
1.453231588115433404e-02 4.771409480553989724e-03 -5.406542738253916625e-03 -1.389718262345451816e-02
1.661057548566735598e-02 5.983274411512695679e-03 -8.869086361753875103e-03 -1.372476353542606553e-02
1.416072901684817253e-02 5.784385896308252839e-03 -4.921507477566144928e-03 -1.502360743558961431e-02
1.335108793157968599e-02 3.697817822158722123e-03 -3.503640240784866577e-03 -1.354526551295309744e-02
1.667119432086394681e-02 4.180942638881024465e-03 -7.492833682016475372e-03 -1.335930327772838488e-02
1.352939980896672445e-02 4.400639947323981005e-03 -4.255956070185695772e-03 -1.367408368610523173e-02
1.277550527787196799e-02 4.882657170060644702e-03 -4.782123812312799593e-03 -1.287603863562003514e-02
1.382624505203544629e-02 5.777117398854336727e-03 -4.508314644393940362e-03 -1.509504780649606470e-02
1.438569162820435565e-02 7.256733611222809799e-03 -5.393345877515609565e-03 -1.624907936191155589e-02
1.314828322807559680e-02 4.737722966303925531e-03 -3.361529545291341847e-03 -1.452447664908829150e-02
1.742898707999884778e-02 5.155961128856523246e-03 -2.930793681453547350e-03 -1.965415452740193469e-02
1.369812562359862262e-02 4.744854769080486534e-03 -6.420360608029307414e-03 -1.202261978465002379e-02
1.566548344752161093e-02 6.045863880433932636e-03 -7.643290947108583033e-03 -1.406805638084740462e-02
1.503261502039898723e-02 4.546496156678125899e-03 -6.402583740244938149e-03 -1.317652743683173089e-02
1.454353621040471722e-02 5.522626242684181008e-03 -5.461544826187103574e-03 -1.460461762690246079e-02
1.338668811162890826e-02 3.511486225671101025e-03 -3.983849600161626370e-03 -1.291432473713793883e-02
1.319904392746940047e-02 6.764627190175120930e-03 -5.252546952752235043e-03 -1.471112416489273045e-02
1.370855567798678898e-02 4.140055500669648225e-03 -5.751656881009203914e-03 -1.209695429764701124e-02
1.378079565473466772e-02 3.684997920082144773e-03 -3.429124143084827381e-03 -1.403666943173187409e-02
1.538823183725224197e-02 5.718388971003518506e-03 -6.071099855169292958e-03 -1.503552095308635650e-02
1.470884559839724659e-02 4.998312088538625630e-03 -6.404362154630471871e-03 -1.330279553230517831e-02
1.193647606931236282e-02 5.109701922064502355e-03 -5.010119959622749697e-03 -1.203605803175422650e-02
1.267637064234139466e-02 3.870911811899357957e-03 -3.836820255830764026e-03 -1.271046219841043268e-02
1.553625620099041704e-02 4.566386856734716559e-03 -5.491382560913415922e-03 -1.461126049681193972e-02
1.745818723045089449e-02 4.332407325368325957e-03 -5.330553100960089274e-03 -1.646004145485902015e-02
1.509076384213092759e-02 5.084044091804296173e-03 -6.512038559775668034e-03 -1.366276937415944470e-02
1.738257341875004691e-02 3.111149507503352396e-03 -3.692805981763913614e-03 -1.680091694448970774e-02
1.381720220460325166e-02 5.949883456654481151e-03 -5.912477698293838735e-03 -1.385460796296344999e-02
1.367469414978739195e-02 5.576530219855380111e-03 -4.220987600302428255e-03 -1.503023676934089892e-02
1.456262747208292296e-02 5.076982871560220545e-03 -3.949514508391982481e-03 -1.569009583525082796e-02
1.333388002124458183e-02 4.604051958580601678e-03 -5.320155271958060261e-03 -1.261777670786723426e-02
1.572044167715680452e-02 6.375028240461322326e-03 -3.537239717427365093e-03 -1.855823020019120584e-02
1.536117483405163853e-02 2.995180237600258977e-03 -5.104018163871959501e-03 -1.325233690778038209e-02
1.375264951482790821e-02 5.283805031156996179e-03 -3.923676352635907527e-03 -1.511277819334821970e-02
1.606511381876485345e-02 6.461430856604888362e-03 -6.804252778557562387e-03 -1.572229189681206840e-02
1.423496515421862618e-02 4.486152002316723397e-03 -2.980696053633380416e-03 -1.574042110290208019e-02
1.673251719412038874e-02 4.120857330877525371e-03 -4.981385230968804478e-03 -1.587198929402933167e-02
1.409981679433403023e-02 5.845945295296139932e-03 -5.536042696771659166e-03 -1.440971939285795589e-02
1.526138890298223139e-02 6.355403670045500775e-03 -3.388166708465312205e-03 -1.822862586456264200e-02
1.419397776824471435e-02 5.004098877826823610e-03 -6.938267652649598993e-03 -1.225980899342216102e-02
1.345891020173772823e-02 4.679495812790701592e-03 -5.215013215181030226e-03 -1.292339279934773266e-02
1.246751865902262502e-02 4.767449325672412641e-03 -5.417904056970290760e-03 -1.181706392772463587e-02
1.560378933690120817e-02 5.931987897222157358e-03 -6.117169494352925341e-03 -1.541860773977077326e-02
1.653974174193928448e-02 2.714332021961141095e-03 -5.127704477217553958e-03 -1.412636928668231651e-02
1.540341781417597922e-02 6.168798198320946113e-03 -4.297932074036059369e-03 -1.727428393846108801e-02
1.533842841450727690e-02 6.387612397635855643e-03 -5.381025536111860852e-03 -1.634501527603138271e-02
1.791443865932018653e-02 1.062806923445958063e-03 -6.486177568975404206e-03 -1.249106801379096243e-02
1.425915656586851377e-02 4.495269646797694918e-03 -3.728285539543407801e-03 -1.502614067312302293e-02
1.450186734051905901e-02 5.355432300067297646e-03 -4.738449127723143306e-03 -1.511885051286310233e-02
1.441055140444680305e-02 5.680973301084746296e-03 -4.025066886583217318e-03 -1.606645781894866509e-02
1.171849083678533354e-02 7.781060059516953231e-03 -6.607129675400003066e-03 -1.289242122090250575e-02
1.274048074650546702e-02 3.727656682844804337e-03 -3.674563203581615589e-03 -1.279357422576810066e-02
1.274820623459627100e-02 4.632294309663054221e-03 -3.863387857630740108e-03 -1.351711268662836307e-02
1.327289995820168933e-02 5.376623712357142537e-03 -6.057828492061712033e-03 -1.259169517849711983e-02
1.491844955089893787e-02 5.643415075139879278e-03 -5.778585400317171050e-03 -1.478327922572209019e-02
1.409911443722311475e-02 5.355613890573929226e-03 -4.772422897209471770e-03 -1.468230543058801629e-02
1.511496655395472288e-02 6.572230269973777794e-03 -5.517943674030578727e-03 -1.616925314989825502e-02
1.248609150511725829e-02 5.727610174246056118e-03 -3.765927059727447457e-03 -1.444777461963608900e-02
1.344296484602081065e-02 4.245842017136958191e-03 -5.897145385628466130e-03 -1.179166147752919169e-02
1.329097202168383340e-02 4.291771698044843930e-03 -4.068838608358715803e-03 -1.351390511136973949e-02
1.561711813479416122e-02 4.872311797947226353e-03 -7.295644631407416369e-03 -1.319378530133397120e-02
1.453938503513696467e-02 4.796862073603191945e-03 -5.763494072339114815e-03 -1.357275303640137487e-02
1.649452456090494401e-02 4.889280657891958981e-03 -8.426554767208882524e-03 -1.295725045158768740e-02
1.368212037665950120e-02 7.640241454788032627e-03 -5.408771739402573608e-03 -1.591359009204529329e-02
1.245257782578890193e-02 4.898827877398703734e-03 -4.508738814257395866e-03 -1.284266688892998776e-02
1.313754785226284305e-02 6.824873941614573170e-03 -6.756584269303811396e-03 -1.320583752457327176e-02
1.402676843647898686e-02 6.186952470667472781e-03 -5.917915996479949925e-03 -1.429580491066606562e-02
1.613404179009880757e-02 3.047691488125447989e-03 -4.161684155625455794e-03 -1.502004912259913283e-02
1.445318139941886848e-02 5.775780825668208607e-03 -4.449563092575381518e-03 -1.577939913251180659e-02
1.323689044367526435e-02 3.728473198626458540e-03 -3.595570202728826104e-03 -1.336979343957334088e-02
1.274793623313352775e-02 6.176879003845003879e-03 -6.775762948904029415e-03 -1.214905228807416915e-02
1.451191981421473542e-02 6.187302335368016770e-03 -5.806707958639356626e-03 -1.489251419094350659e-02
1.546635320633527044e-02 3.936332685243959517e-03 -5.537982308643774054e-03 -1.386470358293556693e-02
1.390869703275132707e-02 4.380315495707831630e-03 -6.020057103481857297e-03 -1.226895542497752345e-02
1.475845935590736069e-02 4.377777071827182453e-03 -3.983544141196726507e-03 -1.515269228653792766e-02
1.512709301864534339e-02 4.235596421883203178e-03 -4.234122127240946831e-03 -1.512856731328815485e-02
1.476220574592335133e-02 5.701958457172029426e-03 -4.622793106849765188e-03 -1.584137109624594864e-02
1.344415678203492170e-02 2.418124901112816971e-03 -3.176530366180818632e-03 -1.268575131696758618e-02
1.635936498080847734e-02 8.119893502770647586e-03 -7.138817877022973768e-03 -1.734044060655592912e-02
1.456797504010842736e-02 6.445497126479793337e-03 -5.285199124676065452e-03 -1.572827304191248832e-02
1.496980307735173987e-02 5.320297334651780119e-03 -4.461138887203119907e-03 -1.582896152480006702e-02
1.370786546875524259e-02 4.581288872882671726e-03 -4.407214414481330778e-03 -1.388193992715636149e-02
1.572446981697850354e-02 4.921960265832581172e-03 -5.174904176441841308e-03 -1.547152590636868830e-02
1.312833864987084098e-02 5.048178127999181086e-03 -3.479984878140607307e-03 -1.469653189972963681e-02
1.520753028488108782e-02 4.922031860929987346e-03 -3.578467473124846698e-03 -1.655109467268611745e-02
1.615778757729646742e-02 6.129531692310674629e-03 -5.268093227347891983e-03 -1.701922604225880598e-02
1.340258897885293621e-02 6.797118952788672175e-03 -5.941702319827824041e-03 -1.425800561181378434e-02
1.399296858506060559e-02 7.822817334185661053e-03 -6.723716178263172694e-03 -1.509206974098298293e-02
1.354410040945142057e-02 5.258881038250784457e-03 -7.348521612477121323e-03 -1.145445983522475064e-02
1.559158045981323681e-02 7.094884149999591827e-03 -5.378460684486774390e-03 -1.730800392532583221e-02
1.504384494676247463e-02 7.389549716861676387e-03 -7.785907384380785778e-03 -1.464748727924292115e-02
1.410610136892453959e-02 6.319066880911661244e-03 -4.970391925797290611e-03 -1.545477632403913226e-02
1.459606988652439874e-02 7.103595784271776736e-03 -5.410041626586092889e-03 -1.628962404420986054e-02
1.456463501188243193e-02 5.780264954976077618e-03 -3.671831511321776986e-03 -1.667306845553673256e-02
1.171818366135513045e-02 5.676223838722238568e-03 -4.782192991741207599e-03 -1.261221450833660551e-02
1.396727609326031683e-02 4.734987566897386202e-03 -6.031309295088993494e-03 -1.267095436506870954e-02
1.495057453124348790e-02 3.681173048848185303e-03 -3.737543958850397807e-03 -1.489420362124127539e-02
1.461426239936258753e-02 5.134628437300836623e-03 -3.365141364892521025e-03 -1.638374947177090313e-02
1.605171369913827029e-02 6.745674765785247828e-03 -5.669869143576700132e-03 -1.712751932134637389e-02
1.301288493710672789e-02 4.186123946278819119e-03 -1.000545269557617800e-03 -1.619846361382837330e-02
1.631189517119691068e-02 4.235442217672913401e-03 -1.236457021443482240e-03 -1.931088036742589775e-02
1.384883880980281035e-02 5.049301116071269746e-03 -5.593729564006943988e-03 -1.330441036186702508e-02
1.431450900053499176e-02 3.751139496693367548e-03 -5.014329099420233860e-03 -1.305131939780823647e-02
1.511636850400255305e-02 4.124563738969966309e-03 -2.905722383628073224e-03 -1.633520985934422409e-02
1.541448185886995503e-02 2.859535374191812807e-03 -5.867900878848697488e-03 -1.240611635421340342e-02
1.475718374589995996e-02 4.382522623239459847e-03 -4.941409050448819507e-03 -1.419829731869026723e-02
1.170773846254147266e-02 2.200890484561845994e-03 -4.485981507151515224e-03 -9.422647439952358539e-03
1.266949335830580559e-02 7.123378077282138676e-03 -5.944721062335900363e-03 -1.384815037325215492e-02
1.445757857448515260e-02 4.777593259335688458e-03 -3.984562962031756861e-03 -1.525060887178908420e-02
1.560196014807280207e-02 3.584098231699028858e-03 -4.837917690485471489e-03 -1.434814068928624842e-02
1.593192450904057367e-02 4.708068814678556535e-03 -5.297590081478009694e-03 -1.534240324224145358e-02
1.356340545093415173e-02 5.057709465724924414e-03 -4.379041077365530832e-03 -1.424207383929387838e-02
1.179296449751987552e-02 4.479585962086973794e-03 -5.231616640244962646e-03 -1.104093381936155360e-02
1.446612374258271494e-02 3.688072933965891309e-03 -4.088261383376146085e-03 -1.406593529317201607e-02
1.554125546512441503e-02 6.707305947455610706e-03 -6.184222053140731035e-03 -1.606433935943929470e-02
1.644149416359153015e-02 5.795317506468888880e-03 -5.444014082752191008e-03 -1.679279758730856109e-02
1.529606349082501815e-02 8.104209381080362817e-03 -7.422298081291023308e-03 -1.597797479061369152e-02
1.729028606648586042e-02 6.360607257202666176e-03 -3.898069902974143908e-03 -1.975282342071471575e-02
1.459140643672207638e-02 4.541458522533847741e-03 -6.696682428209088656e-03 -1.243618253104683546e-02
1.498189125118210008e-02 7.954442812812878572e-03 -5.198225195723993330e-03 -1.773810886827087430e-02
1.574233684345771600e-02 6.306995582995522653e-03 -7.046537590231993775e-03 -1.500279483622102283e-02
1.443208083806712949e-02 6.420530005016411579e-03 -4.279657125679237062e-03 -1.657295371740419299e-02
1.522329752740159137e-02 4.721776029535940111e-03 -2.794999540862708187e-03 -1.715007401607471227e-02
1.416829311369283140e-02 4.685483516630339906e-03 -3.344771233235288577e-03 -1.550900539708710557e-02
1.373549770188442487e-02 4.450345670824029654e-03 -3.828278617162284014e-03 -1.435756475554594846e-02
1.488270388082924001e-02 5.788592551978499756e-03 -7.401522494776657801e-03 -1.326977393803097094e-02
1.373969129565821845e-02 3.535608836285453194e-03 -4.344525860780379389e-03 -1.293077427116351430e-02
1.258427296905506587e-02 7.583290161472078239e-03 -6.452433958299308436e-03 -1.371512917222805772e-02
1.250229257228796520e-02 3.946441221134300292e-03 -3.799194798190685951e-03 -1.264953899523180159e-02
1.606974249536508026e-02 7.639556624980059496e-03 -6.061723589615541918e-03 -1.764757553072993090e-02
1.648670480703229302e-02 4.643623637678340188e-03 -5.906376445472205639e-03 -1.522395199923876064e-02
1.542275671345771926e-02 3.874218534645423873e-03 -3.993594568668989986e-03 -1.530338067943426417e-02
9.314866515518271939e-03 6.004239956322265925e-03 -4.496167530420924763e-03 -1.082293894141994617e-02
1.190079287293732691e-02 4.931549879062968600e-03 -4.361472784876085917e-03 -1.247086996712420959e-02
1.855662487399034610e-02 4.733160845540984596e-03 -3.841673563216518872e-03 -1.944811215631481183e-02
1.138964058301716875e-02 5.006193030664629617e-03 -3.798724836880817968e-03 -1.259710877680120245e-02
1.505380278187362642e-02 3.173529464379098997e-03 -4.813366774780725166e-03 -1.341396547147177820e-02
1.697981496848877114e-02 5.441821730259421841e-03 -3.662826254490991751e-03 -1.875881044425709021e-02
1.423685311946276677e-02 5.197177268658981220e-03 -3.869409336150986256e-03 -1.556462105197076173e-02
1.432986957822146579e-02 7.498168500563284766e-03 -5.324542056606151874e-03 -1.650349602217837663e-02
1.572125216266861969e-02 5.057440381493139014e-03 -5.864807104041247499e-03 -1.491388544012040018e-02
1.631500649763228949e-02 5.648841137905646903e-03 -6.484120387001079955e-03 -1.547972724853663440e-02
1.648663382169202052e-02 7.147455376526723470e-03 -7.241251396781445138e-03 -1.639283780143729885e-02
8.085681400214816961e-03 4.309500539884991710e-03 -2.784174258556593173e-03 -9.611007681542771408e-03
1.648187996976768765e-02 7.353705804714838479e-03 -6.959517901143796870e-03 -1.687606787333872926e-02
1.330267238021498599e-02 4.350928668030773494e-03 -5.889336884157048146e-03 -1.176426416408860032e-02
1.397064961083183121e-02 6.152067983339337687e-03 -4.495908207138632484e-03 -1.562680938703298050e-02
1.476824025982037547e-02 4.990900828048205895e-03 -4.425611077404023597e-03 -1.533353001046433572e-02
1.583349601770134285e-02 4.215687827245684360e-03 -6.084469591678298706e-03 -1.396471425326861748e-02
1.649096948455630596e-02 6.546221592073742102e-03 -5.399719275436587473e-03 -1.763747180119312752e-02
1.492037888169206461e-02 5.654180782637796554e-03 -4.155300206114320716e-03 -1.641925945821576249e-02
1.635254679071684869e-02 3.616522545472289352e-03 -5.215572868029871856e-03 -1.475349646815915516e-02
1.640718355540182749e-02 3.196288006476200039e-03 -4.200448640409137901e-03 -1.540302292146888963e-02
1.326203239540379997e-02 6.202407019539002420e-03 -4.764903543696408228e-03 -1.469953587124661620e-02
1.563549654538465283e-02 5.818112690968213485e-03 -2.744452452387968755e-03 -1.870915678396511961e-02
1.392872114230048197e-02 6.715478828196452810e-03 -4.810367563390816059e-03 -1.583383240710645179e-02
1.273252872961005977e-02 6.080416982910508139e-03 -6.374268228966140093e-03 -1.243867748355476088e-02
1.462899498413228194e-02 5.216868211317615689e-03 -5.145717820412842869e-03 -1.470014537503683272e-02
1.500665246065802094e-02 6.098906099241352408e-03 -4.802325293874143419e-03 -1.630323326602545198e-02
1.514379464019421917e-02 5.555752831464699781e-03 -5.623958062370926214e-03 -1.507558940928777069e-02
1.430007833123014827e-02 8.215780193515875851e-03 -7.704581255741027590e-03 -1.481127726900455244e-02
1.437223503801843272e-02 3.974119856284152874e-03 -5.431361667464940091e-03 -1.291499322683731243e-02
1.381886512436847347e-02 2.286633764959189463e-03 -4.689793675296427544e-03 -1.141570521403134642e-02
1.531422883159971882e-02 6.022421093578422813e-03 -1.415125608332346019e-03 -1.992152431684557357e-02
1.658917776739454730e-02 3.787232248577465654e-03 -7.971889289594469297e-03 -1.240452072637776570e-02
1.720046880053760496e-02 4.076231423253418029e-03 -4.401098139801162823e-03 -1.687560208398974915e-02
1.428326242664934576e-02 4.522477925140044874e-03 -5.474087786566439462e-03 -1.333165256522284015e-02
1.499372386510100519e-02 4.823058821382897321e-03 -4.051730168709188895e-03 -1.576505251777493566e-02
1.505686474926393181e-02 6.373940016116463880e-03 -4.702324794997547741e-03 -1.672847997038295897e-02
1.837940697616491370e-02 5.040257698562200517e-03 -4.172762519355055488e-03 -1.924690215537183668e-02
1.558342874191787075e-02 6.452667748986895546e-03 -6.646936832384930938e-03 -1.538915965851994638e-02
1.669648648393273760e-02 4.452056670833703933e-03 -6.412324716130068936e-03 -1.473621843863603953e-02
1.592095426978246131e-02 6.155185768788928868e-03 -7.312856023882541301e-03 -1.476328401468884888e-02
1.588621523621069898e-02 4.935439407683706037e-03 -4.008302097138427555e-03 -1.681335254675586643e-02
1.419486819613702266e-02 4.544749042403095629e-03 -4.868548972796760133e-03 -1.387106826574358021e-02
1.312843397992624617e-02 3.862617103820298325e-03 -4.333872392700111043e-03 -1.265717869104643345e-02
1.744334426537630378e-02 6.001796795553904218e-03 -5.297359000488333081e-03 -1.814778206044176390e-02
1.667723913765617461e-02 5.832326339436422202e-03 -6.531469869076600432e-03 -1.597809560801599638e-02
1.480985081933061664e-02 5.057289697481870405e-03 -6.076385182104737659e-03 -1.379075533470752735e-02
1.309894905388442332e-02 5.196543729194758043e-03 -4.045741710725359042e-03 -1.424975107235415539e-02
1.359952527667851463e-02 4.173491893298741928e-03 -5.230789212612108052e-03 -1.254222795736570362e-02
1.592302107593224214e-02 4.867632183927828038e-03 -5.672401425837358957e-03 -1.511825183402271122e-02
1.296149495205467517e-02 5.327138785184537539e-03 -8.436550466783820923e-03 -9.852083270455724850e-03
1.422578784592620771e-02 5.243359238812139722e-03 -4.639566877737810735e-03 -1.482958020700064772e-02
1.289609194042018459e-02 5.871534717623472233e-03 -3.674756646758425838e-03 -1.509287001128467587e-02
1.347696529503350504e-02 6.561035127124137389e-03 -4.405141280103719303e-03 -1.563285914205392313e-02
1.573129608441581340e-02 4.205398186881703637e-03 -4.898435897069508549e-03 -1.503825837422778644e-02
1.325983706265887463e-02 5.268679145287613608e-03 -3.403980696279007567e-03 -1.512453551166703658e-02
1.513879419885810762e-02 4.381204537489358231e-03 -5.325139496215935964e-03 -1.419485924013141886e-02
1.700288252725212779e-02 5.184552426443778117e-03 -5.685873060497836917e-03 -1.650156189319806899e-02
1.430809105038610696e-02 5.474397784048123938e-03 -5.222320069947383736e-03 -1.456016876448673614e-02
1.514653456192038838e-02 4.514133096239714149e-03 -4.921217789634280138e-03 -1.473944986852615546e-02
1.344900714072982950e-02 3.922693984036662584e-03 -3.910677937621898081e-03 -1.346102318714448298e-02
1.357729387339001725e-02 5.507678834725471262e-03 -2.948365362169358406e-03 -1.613660734594568602e-02
1.450197095830962901e-02 7.605116043021498129e-03 -6.878142256729669057e-03 -1.522894474460156911e-02
1.456747629315802151e-02 6.814469563175773459e-03 -4.232624504603599291e-03 -1.714932135173019567e-02
1.481833913335206532e-02 6.299491325227002392e-03 -5.122469192229694990e-03 -1.599536126634937272e-02
1.508615608495200711e-02 4.316545152621920067e-03 -4.947452775302285666e-03 -1.445524846227197457e-02
1.682886468757271992e-02 7.003168682834681746e-03 -7.714616886627001513e-03 -1.611741648378051117e-02
1.556726979162714741e-02 5.622557264914451736e-03 -5.730541146652501361e-03 -1.545928590988943085e-02
1.676242083470036448e-02 6.360648201099383670e-03 -5.273102898257109317e-03 -1.784996613754241679e-02
1.334430843984701909e-02 5.353254033841681192e-03 -3.896819419031638532e-03 -1.480074305465706175e-02
1.469356756645701090e-02 3.688641600281483690e-03 -2.793228518376156266e-03 -1.558898064836222730e-02
1.560540383080488702e-02 3.237489143486982357e-03 -5.654156483889671847e-03 -1.318873649040186447e-02
1.303679240025301667e-02 2.809131619676774605e-03 -1.194110920991198199e-03 -1.465181309893914818e-02
1.528716353866843569e-02 5.539633962989620741e-03 -5.594384234489990781e-03 -1.523241326716817667e-02
1.484290685963340906e-02 7.521504373590115478e-03 -6.485570394217821111e-03 -1.587884083900559240e-02
1.484474368020527457e-02 5.798025842147502829e-03 -3.013702212814828307e-03 -1.762906730953761603e-02
1.351233901689630201e-02 4.936727168867394155e-03 -5.760418145862034045e-03 -1.268864803990166212e-02
1.358087744011515774e-02 5.589889942025916270e-03 -3.895981144076410274e-03 -1.527478623806466373e-02
1.657346402331794089e-02 3.877421093338773161e-03 -3.944563758991104230e-03 -1.650632135766560982e-02
1.465930296905137986e-02 3.854879117529241839e-03 -4.703007615756371607e-03 -1.381117447082436112e-02
1.511525618505649149e-02 4.569919546235423624e-03 -3.599851880221827116e-03 -1.608532385107008800e-02
1.563145819457267827e-02 3.989378968538792591e-03 -1.286138641555578666e-03 -1.833469852155622526e-02
1.434162196156041347e-02 4.883217340596601730e-03 -5.480610860691070840e-03 -1.374422844146561129e-02
1.338305211287837970e-02 4.330386052080248405e-03 -5.794212609093074562e-03 -1.191922555586566457e-02
1.480981591010621656e-02 6.358542309229608946e-03 -5.555040560811908001e-03 -1.561331765852413955e-02
1.591512500788927476e-02 3.396916945064054616e-03 -5.631929709026484154e-03 -1.368011224392673419e-02
1.529852359769523495e-02 4.450426333194146267e-03 -3.914797776626843806e-03 -1.583415215426198230e-02
1.706299786544507313e-02 6.031131158885427723e-03 -7.349832361023489469e-03 -1.574429666330712241e-02
1.480835784414091805e-02 5.338941389041895746e-03 -5.375266527064548328e-03 -1.477203270611826547e-02
1.273324299556510830e-02 7.003288911735294775e-03 -6.679190162716341916e-03 -1.305734174458461627e-02
1.310654271150535344e-02 4.735144042917305285e-03 -2.337906295964531367e-03 -1.550378045845812736e-02
1.262957537282627385e-02 4.774398530329904133e-03 -2.419214542391023848e-03 -1.498475936076526516e-02
1.465148385262726727e-02 5.404594854119260106e-03 -4.746901488921984047e-03 -1.530917721782454333e-02
1.429953393790261984e-02 4.790386812054014953e-03 -7.784664878427549617e-03 -1.130525587152975131e-02
1.257230618826343793e-02 2.649348824435682204e-03 -3.031016006165621057e-03 -1.219063900653338806e-02
1.499373974484163874e-02 5.855033354211558461e-03 -6.193920288217635850e-03 -1.465485281083533931e-02
1.347410786515879089e-02 4.130983609152094616e-03 -3.407086393823699488e-03 -1.419800508048696397e-02
1.794683724662005098e-02 4.972903826039098973e-03 -5.717502887140679668e-03 -1.720223818551858130e-02
1.470164716482957878e-02 4.543593171675297526e-03 -4.565184227590002308e-03 -1.468005610891520707e-02
1.276330744441356302e-02 5.341090609769505448e-03 -3.751459355843533849e-03 -1.435293869833997871e-02
1.604793059063092109e-02 4.031524388575125073e-03 -6.410532392521650635e-03 -1.366892258668428450e-02
1.387297483645300034e-02 5.924271155439031489e-03 -6.338641254466592656e-03 -1.345860473742477303e-02
1.577397725851459320e-02 5.268526851076371642e-03 -4.794518041734696645e-03 -1.624798606785582411e-02
1.356432452496569852e-02 5.738819330096900373e-03 -6.477094018362050676e-03 -1.282604983670077026e-02
1.624482759103318408e-02 3.345927897885792035e-03 -4.165597009466504019e-03 -1.542515847945280516e-02
1.286355933736782475e-02 6.174238287019795379e-03 -3.837497669140876866e-03 -1.520029995524696531e-02
1.456842266726421364e-02 6.278913663298357761e-03 -3.957428364521842212e-03 -1.688990796604117328e-02
1.497048965976732759e-02 4.100217772354142198e-03 -5.757560683900653231e-03 -1.331314674822137167e-02
1.449448106912254453e-02 4.969520903155943969e-03 -3.749544536426285823e-03 -1.571445743585253574e-02
1.509304504995312435e-02 4.527254977717110052e-03 -4.615595758007962068e-03 -1.500470426966304949e-02
1.543789810822748798e-02 4.892549031641602042e-03 -5.152662668456597928e-03 -1.517778447141193698e-02
1.291219908696028540e-02 5.250683720890103601e-03 -5.589252652811849131e-03 -1.257363015503820680e-02
1.151336589346940720e-02 4.714649218353184068e-03 -1.857084346553850018e-03 -1.437093076526874125e-02
1.389048268442349965e-02 6.088271246250220869e-03 -6.172909060902398437e-03 -1.380584486977165515e-02
1.329455454769545852e-02 5.956812894730489916e-03 -3.584262982364361250e-03 -1.566710446006114310e-02
1.459204221991194927e-02 5.811125562924068788e-03 -5.455947973199926082e-03 -1.494721980963620300e-02
1.269038079783602058e-02 5.511645131552223020e-03 -5.999131625344600316e-03 -1.220289430404375430e-02
1.380765136247608105e-02 8.367545197791370626e-03 -7.072636176520652462e-03 -1.510256038374646614e-02
1.640274146588693860e-02 6.307182933676935832e-03 -5.896528141208334794e-03 -1.681339625835553964e-02
1.301042060140922274e-02 3.185966481867419375e-03 -3.664453272342438339e-03 -1.253193381093387071e-02
1.477337985964521927e-02 5.606025844258732960e-03 -5.042746779207463170e-03 -1.533665892469648906e-02
1.518778509877094507e-02 5.230726062128265852e-03 -4.198270940613202384e-03 -1.622024022028600854e-02
1.301318024204345392e-02 5.723876044526843287e-03 -5.273083604698358684e-03 -1.346397268187204954e-02
1.254378488562180038e-02 5.828524344328123163e-03 -4.713020952813118392e-03 -1.365928827713647209e-02
1.337327289527001639e-02 5.734374200867531357e-03 -2.466172324264159776e-03 -1.664147477187316593e-02
1.438529273340050096e-02 3.839498094729831834e-03 -6.126532999249922895e-03 -1.209825782888052093e-02
1.416338495675018017e-02 2.487308745958038969e-03 -3.946030208645256998e-03 -1.270466349406274009e-02
1.558268171541921099e-02 3.939298426869353165e-03 -4.862063066520039278e-03 -1.465991707576830283e-02
1.486408975953401601e-02 6.775162406252199787e-03 -5.770648351069218585e-03 -1.586860381471733028e-02
1.299589133751388736e-02 1.109004300752891581e-03 -1.795188143006387627e-03 -1.230970749526016927e-02
1.598782765736173062e-02 4.836742968446383628e-03 -5.914216022897322844e-03 -1.491035460291101344e-02
1.737254753148764763e-02 4.390913063307744224e-03 -6.703983748938102671e-03 -1.505947684585717816e-02
1.606365151005673120e-02 5.163988350143533523e-03 -4.595117087170086378e-03 -1.663252277302995630e-02
1.572124441883548940e-02 4.405288912580962446e-03 -7.123652899204468980e-03 -1.300288043221164980e-02
1.563154050303805498e-02 4.875760133089768189e-03 -4.438872763611545480e-03 -1.606842787251627769e-02
1.522927953556152403e-02 6.505038908988680646e-03 -5.205931231552551885e-03 -1.652838721299754177e-02
1.566159822199653107e-02 4.503893476420106623e-03 -5.797174316849451614e-03 -1.436831738156685301e-02
1.320776472987295058e-02 8.188845805846778347e-03 -4.507470263021118306e-03 -1.688914027269883267e-02
1.368161622341235173e-02 6.081375314515913288e-03 -2.874324405141237548e-03 -1.688866713278669440e-02
1.694737116539912769e-02 4.442046737371363463e-03 -5.226700932488226314e-03 -1.616271697028204279e-02
1.415321056638196850e-02 5.100062760219348235e-03 -2.907973179335665570e-03 -1.634530014726542912e-02
1.431508907949519127e-02 3.073720206815622191e-03 -4.875139161328201354e-03 -1.251367012498261211e-02
1.489698232489566898e-02 6.317997525902674383e-03 -6.035402923653010454e-03 -1.517957692714533291e-02
9.901427332934087389e-03 3.648969100173982127e-03 -2.610835636770114654e-03 -1.093956079633762180e-02
1.346120524528382489e-02 5.182676355268922563e-03 -4.722604171092048553e-03 -1.392127742946080993e-02
1.711170609331835735e-02 5.007025250361341051e-03 -5.954387213382372757e-03 -1.616434413029765871e-02
1.424967457093861967e-02 5.420438700761698314e-03 -1.180921806563595133e-03 -1.848919146513616774e-02
1.796862883786243259e-02 7.133202729955989696e-03 -8.049990586655009217e-03 -1.705184098116374614e-02
1.570677414146270934e-02 7.541361833905302348e-03 -5.463245937276539621e-03 -1.778489003809147206e-02
1.782601467038213983e-02 4.811133498155983901e-03 -5.618951854315268335e-03 -1.701819631422296641e-02
1.725614926463414633e-02 2.943151259741982884e-03 -3.417678055441353280e-03 -1.678162246893488696e-02
1.414291529381017654e-02 4.253767264430052819e-03 -5.398484649226320542e-03 -1.299819790901413086e-02
1.453244372292150643e-02 7.241292297101242781e-03 -5.046914471294128290e-03 -1.672682154872895399e-02
1.783460477775800079e-02 5.717739753700712413e-03 -5.336940918024613012e-03 -1.821540361343421122e-02
1.084837733931331982e-02 3.774346837715158998e-03 -2.938061985438333856e-03 -1.168466219159047803e-02
1.412850689533384774e-02 5.534221689826201995e-03 -5.580812864467876722e-03 -1.408191572069239506e-02
1.699938312926185802e-02 7.589385517633218114e-03 -5.903673358837902008e-03 -1.868509528805728515e-02
1.531790326607240793e-02 5.911446804064190985e-03 -4.160773264081929490e-03 -1.706857680605455840e-02
1.508460774735298493e-02 4.316944559308755203e-03 -5.328336448457982044e-03 -1.407321585820353604e-02
1.509568656110582552e-02 2.403585935218277569e-03 -4.532872595730874643e-03 -1.296639990059322844e-02
1.404500333799219014e-02 6.741845016702718851e-03 -5.424216963100580990e-03 -1.536263139159421698e-02
1.524169710843548131e-02 6.411704552812480529e-03 -5.228424363804329289e-03 -1.642497729744363255e-02
1.141097731029439011e-02 3.492320358990941287e-03 -2.047397677603868260e-03 -1.285589999168179620e-02
7.138871365630627963e-03 5.406164483703346235e-03 -2.786837525268315297e-03 -9.758198324065547880e-03
1.623303066835779518e-02 4.073269384996303089e-03 -3.770429476451120365e-03 -1.653587057690253381e-02
1.539642953394460001e-02 2.282029004242458470e-03 -3.583073146420701072e-03 -1.409538539176646843e-02
1.751272665231162762e-02 4.876273637296479890e-03 -3.605305684404425115e-03 -1.878369460520368239e-02
1.776765557412507412e-02 4.233891834412917277e-03 -4.520756024801175776e-03 -1.748079138373659358e-02
1.261009398017631788e-02 4.970805767362307392e-03 -3.985401983048308949e-03 -1.359549776449053837e-02
1.594860505682471619e-02 6.081947850831825875e-03 -6.030251697143662604e-03 -1.600030121051254639e-02
9.690613440936468592e-03 3.628800200673465426e-03 -3.911168776567386374e-03 -9.408244865042547644e-03
1.313737962987837626e-02 5.376140750760205478e-03 -2.870011036962716311e-03 -1.564350934367542134e-02
1.228977452695390049e-02 5.558660416814964478e-03 -4.277488556284514409e-03 -1.357094638748468363e-02
1.278097807816003240e-02 5.358128145000806697e-03 -4.888222446590151371e-03 -1.325088377657113181e-02
1.810754260524727322e-02 3.810734043107499858e-03 -5.349527908240836460e-03 -1.656874874011426968e-02
1.393261352302888056e-02 2.742969774542025618e-03 -5.632759067877302073e-03 -1.104282422969382615e-02
1.696672192265391566e-02 4.377981205287317934e-03 -4.008469534629854891e-03 -1.733623359331171176e-02
1.554006326621681922e-02 3.696229382948557074e-03 -4.794974213423452980e-03 -1.444131843574170126e-02
8.577872212030435151e-03 3.194686011749325871e-03 -4.102453483627810371e-03 -7.670104740152394740e-03
1.642345949912304981e-02 3.659989187999590499e-03 -6.163684899362698033e-03 -1.391976378776049739e-02
1.692580981049696121e-02 4.415220004520881147e-03 -4.395037168588800114e-03 -1.694599264642882019e-02
1.500960475410728634e-02 4.009401435778547906e-03 -2.470487696829892776e-03 -1.654851849305583045e-02
1.658248497281999967e-02 6.401945197946679045e-03 -7.551931735878980589e-03 -1.543249843488792017e-02
1.502874497650474872e-02 2.769802960461253960e-03 -3.172752003868128945e-03 -1.462579593309787374e-02
1.561170088963304003e-02 2.955161175457465816e-03 -1.303368326386777909e-03 -1.726349373870406101e-02
1.528896549852643005e-02 3.154243060930150833e-03 -2.051871881860956037e-03 -1.639133667759551383e-02
1.557981621191939503e-02 6.069088191585247927e-03 -3.821417093725520964e-03 -1.782748730977912199e-02
1.659899827698363417e-02 3.277473638186201299e-03 -4.034677794898633429e-03 -1.584179412027153511e-02
1.276288023499883018e-02 5.215688490823877643e-03 -2.999638325845044307e-03 -1.497893039997733045e-02
1.757736450982183563e-02 5.080831466379720496e-03 -5.413903431089495122e-03 -1.724429254511217202e-02
1.522015992438841003e-02 4.161567649670017133e-03 -3.082139394531946408e-03 -1.629958817952659178e-02
1.543859679831283138e-02 4.513574943885600987e-03 -6.091993874279610921e-03 -1.386017786791882145e-02
1.362986237918306642e-02 3.472474515583634513e-03 -4.860920036901972274e-03 -1.224141685786495071e-02
1.732768561211539549e-02 4.562005571912219892e-03 -7.384286130709183382e-03 -1.450540505331887609e-02
1.305746840645105600e-02 5.072915190713400690e-03 -2.901381330051577834e-03 -1.522900226711343397e-02
1.607226985788923201e-02 5.333477346172843525e-03 -3.632476551031493806e-03 -1.777327065303080378e-02
1.460502142256880909e-02 6.736518152905546231e-03 -7.380884787294372806e-03 -1.396065478818020456e-02
1.688412664529770346e-02 4.628106071572712921e-03 -4.375774639439500291e-03 -1.713645807743102711e-02
1.528453063860935046e-02 5.975630989551783401e-03 -7.083236597632103226e-03 -1.417692503052903064e-02
1.453308509109518809e-02 6.473320388040271212e-03 -4.990215143374832074e-03 -1.601619033576096029e-02
1.525415130651808227e-02 6.814953762355635547e-03 -7.914031457872616748e-03 -1.415507361100110106e-02
1.645628492496675754e-02 6.478769785864146868e-03 -6.523081523109985902e-03 -1.641197318772025238e-02
1.143444547178384951e-02 5.626661237995378428e-03 -7.030197113528924291e-03 -1.003090959624997058e-02
1.548405969761224021e-02 2.942410701823439112e-03 -5.169381111367332693e-03 -1.325708928806845766e-02
1.308869642318843951e-02 4.845940165275175460e-03 -4.055800541009957350e-03 -1.387883604745387967e-02
1.571416885428655874e-02 5.258922769721063872e-03 -5.230710763543200414e-03 -1.574238086046453322e-02
1.304203847381368853e-02 5.829213227196650138e-03 -5.276381015227760152e-03 -1.359487068578235647e-02
1.078950340586426471e-02 5.742633819488807134e-03 -4.089526518059383164e-03 -1.244261070729346663e-02
1.500249318156510192e-02 4.230239035713623252e-03 -5.044286017481081075e-03 -1.418844619979819921e-02
1.111121612613708010e-02 5.534849151918486143e-03 -3.645249517984727738e-03 -1.300081576007094952e-02
7.739127718858984650e-03 2.398164518723433503e-03 -3.219501630770449374e-03 -6.917790606811746734e-03
1.521148648342318666e-02 7.182866759920081279e-03 -5.216655364606137546e-03 -1.717769787873724141e-02
1.499533751617421196e-02 2.505822471215113367e-03 -5.798503585047631859e-03 -1.170265640234202653e-02
1.784838216139772449e-02 5.839504962318109449e-03 -4.352859039597478663e-03 -1.933502808411868834e-02
1.453085675752863182e-02 5.995454981679637640e-03 -6.233859398908969673e-03 -1.429245234029896672e-02
1.407390047662060439e-02 4.364945305339373860e-03 -5.329555304602107135e-03 -1.310929047735764907e-02
1.443577149389896341e-02 4.319878241173746858e-03 -4.025458446341945162e-03 -1.473019128873065409e-02
1.514095788636038442e-02 4.539744332620498923e-03 -4.991715924070105892e-03 -1.468898629491122154e-02
1.497528503007350409e-02 3.686964985242235926e-03 -6.469849802334892708e-03 -1.219240021298062526e-02
1.686184353043773676e-02 3.742854541153972647e-03 -5.032234249973011053e-03 -1.557246382161858733e-02
1.385632287640192750e-02 5.672022416881583595e-03 -3.447977133997914834e-03 -1.608036815928537422e-02
1.496896238482725572e-02 3.809506013523478174e-03 -5.043403900410359242e-03 -1.373506449794037465e-02
1.461050481063597140e-02 3.930598703085097512e-03 -2.451964706413511941e-03 -1.608913880730766799e-02
1.384470554242245299e-02 4.613861868553170709e-03 -5.501380576235836983e-03 -1.295718683473978672e-02
1.572196208763676495e-02 5.476394540513407350e-03 -5.398320662663769198e-03 -1.580003596548662514e-02
1.600230928901624772e-02 5.103224524013905139e-03 -7.159267917511646928e-03 -1.394626589551839491e-02
1.645285708797450397e-02 4.859657428900820975e-03 -5.157437009218668322e-03 -1.615507750765665662e-02
1.520912128709106526e-02 5.524664411926005769e-03 -7.521935364960041781e-03 -1.321185033405680720e-02
1.589134744568054813e-02 4.104458326621873709e-03 -5.401994405328514048e-03 -1.459381136697379677e-02
1.643437440293560314e-02 6.042584203115319852e-03 -3.842634719833037948e-03 -1.863432388621777402e-02
1.622072184144252027e-02 5.292094415399573037e-03 -7.327368180072291182e-03 -1.418544807677013520e-02
1.626026277274106313e-02 4.740092061626510755e-03 -6.733380831468127603e-03 -1.426697400289966833e-02
1.407866039315219808e-02 1.497163173251436774e-03 -2.521243113255744461e-03 -1.305458045314789040e-02
1.530108964654286474e-02 2.803575281783876605e-03 -4.983544093621783411e-03 -1.312112083470517998e-02
1.321348439422309617e-02 8.004288836965800513e-03 -6.334177139112551203e-03 -1.488359609207656753e-02
1.480822758230160296e-02 6.547063582815315641e-03 -4.595674929934401298e-03 -1.675961623518196220e-02
1.573809866665576429e-02 5.035307937672373058e-03 -6.375324853074570974e-03 -1.439808175125345535e-02
1.518119685953278619e-02 5.599939184059099517e-03 -4.715941274648471904e-03 -1.606519476894407994e-02
1.613010374640322375e-02 4.869717276695606500e-03 -4.256375955599467353e-03 -1.674344506749902983e-02
1.434024649499887616e-02 5.920690659882321683e-03 -7.281828524335343111e-03 -1.297910863054563269e-02
1.473791015254821701e-02 5.788111229519277146e-03 -4.382772575276416838e-03 -1.614324880679107732e-02
1.540210724113011409e-02 5.903437017876322912e-03 -6.896707603953999843e-03 -1.440883665505232614e-02
1.423228007702603826e-02 3.656465055918545204e-03 -3.590171696872590523e-03 -1.429857343607199294e-02
1.377713915743417061e-02 7.580212359172167069e-03 -4.964012144160423468e-03 -1.639333937244547013e-02
1.417351202512584507e-02 4.882733947285444742e-03 -4.899199225656736267e-03 -1.415704674675466457e-02
1.470272309918918552e-02 2.827077494827134885e-03 -4.149788489261285740e-03 -1.338001210475525671e-02
1.394123496639365634e-02 3.964655167602249008e-03 -4.986610969911375868e-03 -1.291927916408464050e-02
1.599636100624945989e-02 6.855891730925600669e-03 -5.692847307923742939e-03 -1.715940542925120660e-02
1.009163211298624852e-02 3.936459337865461094e-03 -2.428716014296283809e-03 -1.159937543655542580e-02
1.644954198144832347e-02 3.437004931506004723e-03 -4.593426643013431843e-03 -1.529312026994122942e-02
1.551016193548582223e-02 4.201665302663304402e-03 -5.059117957695979939e-03 -1.465270928045270260e-02
1.324565263251198388e-02 4.833487758511889609e-03 -5.212851811337015917e-03 -1.286628857968730166e-02
1.639780520790434792e-02 1.952640042691911049e-03 -3.933636084786362730e-03 -1.441680916581022931e-02
1.599302581890782449e-02 2.623999681432342967e-03 -4.337768399941599462e-03 -1.427925710039912310e-02
1.255758353533154015e-02 5.383497047425134241e-03 -4.982118029499438272e-03 -1.295896255325690305e-02
1.326472840146419863e-02 5.955188330819982667e-03 -3.934824308577722363e-03 -1.528509242370623689e-02
1.428496488162456224e-02 7.405850666598157162e-03 -4.606821271540995077e-03 -1.708399427668172432e-02
1.371342615561355061e-02 6.805846664344805674e-03 -5.034450702771753328e-03 -1.548482211718660295e-02
1.599487239288710505e-02 3.998685120363498768e-03 -5.955387218485208578e-03 -1.403817029476539524e-02
1.617751821366053555e-02 5.737903806533939388e-03 -6.558776405616972838e-03 -1.535664561457716903e-02
1.347970773412421330e-02 5.528939656137987768e-03 -5.657974321397141182e-03 -1.335067306886539296e-02
1.717632193236551252e-02 8.897398847606874384e-03 -4.872942210591868495e-03 -2.120077856938040739e-02
1.710991361754343743e-02 3.698615008245198510e-03 -6.692660890569968046e-03 -1.411586773521877891e-02
1.416036839836221084e-02 3.892651811780556415e-03 -4.034826103358035709e-03 -1.401819410678473155e-02
1.574815513078542395e-02 3.910317008591235322e-03 -5.288904606362554439e-03 -1.436956753301421585e-02
1.458039571687108626e-02 4.481576079301108351e-03 -5.217091361086723111e-03 -1.384488043508524946e-02
1.393389944856071594e-02 6.725799078133976039e-03 -7.306552347150940818e-03 -1.335314617954430627e-02
1.679834853156170205e-02 3.405773697931380184e-03 -5.244864549822425559e-03 -1.495925767967121178e-02
1.564377508916492410e-02 5.618736563281601093e-03 -7.231800958885314934e-03 -1.403071069356087719e-02
1.540270128117993131e-02 2.049418742329001120e-03 -4.831185421722783424e-03 -1.262093460178570492e-02
1.523309535281547333e-02 3.243811239811655867e-03 -3.759204027473539433e-03 -1.471770256515403386e-02
1.517570532128664773e-02 2.802611380846808942e-03 -5.316421419781613977e-03 -1.266189528235184270e-02
1.341876357747673332e-02 2.986059281421260536e-03 -3.767315900517820282e-03 -1.263750695838006255e-02
1.314152139895385929e-02 2.848361040522107146e-03 -4.272265664281960085e-03 -1.171761677519445044e-02
1.640055432614717645e-02 2.438184647631569391e-03 -3.705513341148658490e-03 -1.513322563262997633e-02
1.445818366412687794e-02 6.092701420918222865e-03 -7.031209976925079097e-03 -1.351967510811991069e-02
1.222243210497198085e-02 5.609704174989627035e-03 -5.982702374649373489e-03 -1.184943390531256746e-02
1.201252243694006516e-02 5.861038032192844582e-03 -3.591833281636591657e-03 -1.428172718749598502e-02
1.547289835335319275e-02 2.975438582470957272e-03 -5.561275464594950257e-03 -1.288706147122908874e-02
1.421665535159655214e-02 7.322764235082601658e-03 -4.790797636260779591e-03 -1.674862195041815216e-02
1.681249586033506382e-02 4.210773372330223197e-03 -5.635632207614427180e-03 -1.538763702505041575e-02
1.589630215148285508e-02 5.728285687830680928e-03 -5.163432471069651086e-03 -1.646115536824377390e-02
1.608600927404313374e-02 5.310047490326263997e-03 -3.960997192418935775e-03 -1.743505957195057299e-02
1.370836470627190273e-02 4.316236396937789266e-03 -3.837995501760116390e-03 -1.418660560144968663e-02
1.435591550141124273e-02 4.912608612977598099e-03 -7.112135174872191712e-03 -1.215638893951664912e-02
1.734660013825162217e-02 5.950243771129182235e-03 -5.692957211330229583e-03 -1.760388669805046380e-02
1.380587479279538066e-02 7.491346083611905016e-03 -6.299733724929312828e-03 -1.499748715147819489e-02
1.511087112732445448e-02 3.898664185418621031e-03 -5.302880107676100074e-03 -1.370665520506697543e-02
1.345799294424465664e-02 6.373770875350404097e-03 -6.461223405858640412e-03 -1.337054041373664237e-02
1.292696743743482202e-02 5.807093373427107963e-03 -3.112961671023595223e-03 -1.562109913983888987e-02
1.325436634427301641e-02 6.096660832705103061e-03 -3.057652256812204428e-03 -1.629337492016647015e-02
1.433608216008486202e-02 5.330001684606511247e-03 -4.362248142896540948e-03 -1.530383570179461028e-02
1.699435767121038054e-02 4.977905534034654522e-03 -6.227042311958363996e-03 -1.574522089328656005e-02
1.659951656069380554e-02 6.244856009514521133e-03 -7.079175247330038445e-03 -1.576519732287873232e-02
1.569488623355108636e-02 5.823595507210788114e-03 -5.143661053561787710e-03 -1.637482068720075290e-02
1.524313811737454394e-02 3.864119203952132153e-03 -4.065586798957299131e-03 -1.504167052236971003e-02
1.544322832847266902e-02 4.075685610848811535e-03 -5.212260882972552523e-03 -1.430665305634870599e-02
1.457209799433334396e-02 5.421409022489109830e-03 -5.922369142658312491e-03 -1.407113787416436335e-02
1.280654762936572766e-02 5.843768568427609722e-03 -4.409253716219696528e-03 -1.424106248157430699e-02
1.709374445570865930e-02 4.970318748506841189e-03 -6.524010976584504462e-03 -1.554005222763132910e-02
1.376387545774049315e-02 5.677796711614169212e-03 -5.160591911423706435e-03 -1.428108025793073388e-02
1.407839663709320455e-02 6.272468093572403092e-03 -7.818562830218533932e-04 -1.956900844764342118e-02
1.523467769959774287e-02 5.650077908027073548e-03 -5.489644540209948076e-03 -1.539511106741520141e-02
1.403114870365107514e-02 4.217520546302422346e-03 -3.687296793493999303e-03 -1.456137245645960920e-02
1.208374533648037819e-02 6.162790356778691248e-03 -6.071767142263428951e-03 -1.217476855099575150e-02
1.634754298710472398e-02 3.004084446216914728e-03 -1.847578513062497763e-03 -1.750404892025947401e-02
1.765102332737544799e-02 4.490473407249728766e-03 -5.660919564018596084e-03 -1.648057717060658067e-02
1.218137376967765029e-02 7.812368539863667749e-03 -6.149400312131958479e-03 -1.384434199740902649e-02
1.276805114121692952e-02 6.328014475129872807e-03 -4.500792068915071553e-03 -1.459527354743161975e-02
1.367586247986407599e-02 3.939102228022850483e-03 -4.304540946062584972e-03 -1.331042376182423048e-02
1.557870230213809215e-02 5.667096058912246548e-03 -5.232604084186687210e-03 -1.601319427686398456e-02
1.439233007375118056e-02 3.785766839521365057e-03 -1.893446748689742165e-03 -1.628465016458313652e-02
1.489325170722510805e-02 5.837109848037203008e-03 -5.293193123482531348e-03 -1.543716843178011278e-02
1.267598102806943849e-02 5.262177168633419555e-03 -4.760513384991726937e-03 -1.317764481171135316e-02
1.407444779374134036e-02 7.059275251781516047e-03 -4.614075164945052876e-03 -1.651964788057813660e-02
1.431734114579819028e-02 6.447651127778675217e-03 -5.022829470174738908e-03 -1.574216280340234864e-02
1.509254036019580525e-02 4.928367573052483408e-03 -4.491634580517378517e-03 -1.552927335273113219e-02
1.454805971704709044e-02 3.529410210850514318e-03 -4.338268594098582120e-03 -1.373920133379946673e-02
1.241055437910865145e-02 5.432791292238725589e-03 -5.139134155804581106e-03 -1.270421151554257388e-02
1.514022308416662632e-02 4.807083696464875544e-03 -3.807641961630192640e-03 -1.613966481900142025e-02
1.499829219212922560e-02 6.019739139919044746e-03 -8.204918609535760687e-03 -1.281311272251250966e-02
1.537649074454594533e-02 4.904219721482805383e-03 -4.611575990411176384e-03 -1.566913447561801842e-02
1.408533051606908337e-02 5.769355913384455192e-03 -4.900083815653766273e-03 -1.495460261379977229e-02
1.380918029979771866e-02 8.304788985325828321e-03 -6.078446900942280351e-03 -1.603552238418171072e-02
1.833510573880614558e-02 3.126210496650294601e-03 -4.104059783347491219e-03 -1.735725645210883794e-02
