5992.87 6.33772e-09 6404.47 2.9652e-09 -0.00553266 0.000612706 -9.23207e-07
5995.77 1.90964e-08 6307.47 9.07637e-09 -0.00560694 0.000634922 -9.3515e-07
6224.79 1.17121e-08 6639.22 5.49048e-09 -0.00618487 0.000728565 -9.93587e-07
5590.16 5.1976e-09 5903.31 2.46095e-09 -0.00527248 0.00068781 -9.43171e-07
6211.05 -8.2416e-09 6618.7 -3.867e-09 -0.00662076 0.000779948 -1.06596e-06
5565.29 2.28114e-08 5992.2 1.05931e-08 -0.0054115 0.000707255 -9.72367e-07
6473.8 -3.46681e-09 6886.38 -1.62955e-09 -0.00667501 0.000857661 -1.03108e-06
5992.72 2.2377e-08 6401.09 1.04747e-08 -0.00601249 0.000848712 -1.0033e-06
5885.82 -1.51808e-09 6294.16 -7.09796e-10 -0.00601537 0.000768143 -1.02201e-06
5996.11 -8.03122e-09 6396.61 -3.76419e-09 -0.00654367 0.000992678 -1.09132e-06
5887.04 -1.39967e-09 6298.49 -6.5412e-10 -0.00607398 0.000873817 -1.03175e-06
5841.01 3.02836e-09 6253.93 1.41421e-09 -0.00663188 0.000884355 -1.1354e-06
6838.69 -1.13132e-09 7244.66 -5.33962e-10 -0.00695657 0.000918914 -1.01724e-06
6693.77 2.30417e-09 7007.03 1.10058e-09 -0.0059774 0.000817895 -8.9298e-07
6052.25 1.05499e-08 6463.03 4.93966e-09 -0.00697761 0.000810976 -1.1529e-06
6079.48 -2.78895e-09 6510.51 -1.30215e-09 -0.00562447 0.0008147 -9.25157e-07
6271.06 2.60114e-09 6684.22 1.22018e-09 -0.00681916 0.000760641 -1.0874e-06
6141.87 -5.97844e-10 6554.77 -2.80092e-10 -0.00564227 0.000746319 -9.18657e-07
6599.43 9.96229e-09 7007.74 4.69092e-09 -0.00585529 0.000713784 -8.87242e-07
6015.93 -7.65201e-11 6425.47 -3.58215e-11 -0.00504991 0.000832277 -8.39424e-07
6601.85 -7.61578e-09 6915.75 -3.63505e-09 -0.00662075 0.000817952 -1.00286e-06
5792.9 -1.75871e-09 6195.48 -8.22217e-10 -0.00563358 0.000646423 -9.72497e-07
6144.59 3.23803e-10 6562.61 1.51589e-10 -0.00605623 0.000817017 -9.8562e-07
5916.58 -4.6819e-09 6328.16 -2.18869e-09 -0.00573981 0.000804216 -9.70124e-07
6095.65 5.36588e-09 6405.56 2.55314e-09 -0.0062457 0.000838538 -1.02462e-06
6162.06 3.21657e-09 6562.32 1.51019e-09 -0.00532077 0.000901104 -8.63473e-07
6299.72 -5.89347e-09 6695.83 -2.77241e-09 -0.00604519 0.00082406 -9.59597e-07
5764.34 -1.42434e-08 6179.38 -6.64335e-09 -0.00622724 0.00109275 -1.0803e-06
6221.5 -5.19176e-09 6617.12 -2.44068e-09 -0.00699785 0.000788583 -1.12478e-06
6193.43 -4.60292e-10 6597.35 -2.16055e-10 -0.00592273 0.000829769 -9.56293e-07
5967.82 -5.94564e-09 6358.59 -2.79012e-09 -0.00637971 0.000762811 -1.06902e-06
5473.07 5.05222e-09 5852.58 2.36231e-09 -0.00559077 0.000909717 -1.0215e-06
5637.48 8.77741e-09 6025.2 4.10629e-09 -0.00583683 0.00067543 -1.03536e-06
5197.39 -1.63318e-08 5589.55 -7.59298e-09 -0.00608604 0.000907014 -1.17098e-06
5431.05 -2.28999e-09 5814.95 -1.0694e-09 -0.00575058 0.000842901 -1.05883e-06
5545.22 2.15301e-09 5837.52 1.0226e-09 -0.00576155 0.000779081 -1.03901e-06
5692.03 -1.15982e-09 5975.51 -5.52401e-10 -0.00613858 0.00113551 -1.07845e-06
6346.16 -1.21335e-09 6737.1 -5.7147e-10 -0.00583798 0.000928674 -9.19923e-07
6040.6 -8.27172e-09 6415.09 -3.89443e-09 -0.00624822 0.000790761 -1.03437e-06
5794.65 -6.74538e-09 6190.8 -3.15687e-09 -0.0052381 0.000705606 -9.03956e-07
5966.82 8.90153e-09 6372.24 4.1676e-09 -0.00421734 0.000645612 -7.06798e-07
5304.55 1.4551e-09 5693.7 6.77823e-10 -0.00524638 0.000746388 -9.89033e-07
5969.28 7.77056e-10 6356.21 3.64877e-10 -0.00508391 0.000704646 -8.5168e-07
5424.27 -1.38189e-08 5799.53 -6.46238e-09 -0.00640903 0.000774141 -1.18155e-06
5804.42 -2.65747e-10 6177.84 -1.24842e-10 -0.00553177 0.000841821 -9.53027e-07
5555.58 -5.67595e-09 5936.09 -2.65606e-09 -0.00656023 0.00088701 -1.18084e-06
5764.99 5.08153e-09 6154.88 2.37981e-09 -0.00558094 0.0009129 -9.68075e-07
5214.86 -1.50787e-08 5593.51 -7.02898e-09 -0.00552223 0.000702786 -1.05894e-06
5629.79 7.04596e-09 6013.97 3.29793e-09 -0.00695015 0.000850272 -1.23453e-06
5926.53 1.01255e-08 6302.28 4.7609e-09 -0.00638766 0.000832726 -1.07781e-06
5512.18 6.16079e-10 5892.98 2.88134e-10 -0.00513904 0.0008434 -9.32306e-07
5597.76 4.56586e-10 5981.94 2.13631e-10 -0.00612886 0.000712327 -1.09488e-06
6044.67 -2.34181e-09 6426.25 -1.10138e-09 -0.00703916 0.000877841 -1.16452e-06
5657.55 2.16702e-09 6045.98 1.0139e-09 -0.00615504 0.000783213 -1.08793e-06
5665.28 2.13381e-09 6045.83 9.9975e-10 -0.00548128 0.000829855 -9.67521e-07
5497.03 -1.13011e-09 5893.63 -5.27031e-10 -0.00540819 0.000662971 -9.83839e-07
5483.9 -2.97529e-10 5870.44 -1.38969e-10 -0.00601152 0.000938323 -1.09621e-06
5560.42 4.16353e-09 5958.49 1.94269e-09 -0.00451274 0.000642946 -8.11582e-07
5146.83 -4.16057e-09 5529.68 -1.93626e-09 -0.00585878 0.000825479 -1.13833e-06
6241.47 -4.0817e-09 6612.6 -1.92631e-09 -0.00727392 0.00083876 -1.16542e-06
5691.37 1.87915e-08 6088.21 8.78335e-09 -0.00511941 0.00071127 -8.99504e-07
5768.7 1.45466e-08 6165.8 6.80487e-09 -0.00566513 0.000876837 -9.82045e-07
5346.38 7.59222e-09 5728.99 3.54259e-09 -0.00606556 0.000912649 -1.13452e-06
6089.59 -4.5701e-09 6493.41 -2.14295e-09 -0.00558793 0.000907114 -9.1762e-07
5440.08 7.76405e-09 5826.69 3.62444e-09 -0.00640064 0.000778089 -1.17657e-06
5853.98 7.29928e-09 6257.64 3.41421e-09 -0.00560166 0.000657696 -9.56898e-07
5382.18 -1.82496e-09 5760.2 -8.52598e-10 -0.00609979 0.000746104 -1.13333e-06
5408.14 1.5612e-08 5797.31 7.28201e-09 -0.00675484 0.000882078 -1.24901e-06
6032.49 -5.84796e-09 6410.59 -2.75152e-09 -0.00648426 0.000789429 -1.07489e-06
6172.81 8.91917e-09 6561.98 4.1951e-09 -0.00519497 0.000826422 -8.4159e-07
5887.08 -1.36643e-08 6275.87 -6.40891e-09 -0.00559547 0.000776224 -9.50466e-07
6070.08 3.55456e-09 6461.04 1.66973e-09 -0.00669234 0.000818866 -1.10251e-06
5983.46 -3.72753e-09 6359.63 -1.75353e-09 -0.00647009 0.000790784 -1.08133e-06
5931.65 -4.68573e-09 6319.12 -2.19921e-09 -0.00659257 0.000909695 -1.11142e-06
5509.95 -6.29239e-09 5906.89 -2.93477e-09 -0.00637913 0.000851985 -1.15775e-06
6398.87 -1.3674e-09 6780.92 -6.45178e-10 -0.00689443 0.000806149 -1.07745e-06
5419.13 4.94893e-09 5836.28 2.2976e-09 -0.00613573 0.000715139 -1.13223e-06
5721.67 1.1526e-08 6130.2 5.37893e-09 -0.00550037 0.000831651 -9.61322e-07
5803.83 -4.25248e-09 6190.23 -1.99352e-09 -0.0053519 0.000695268 -9.22131e-07
6198.8 -5.62827e-09 6589.03 -2.64746e-09 -0.00594472 0.000730607 -9.59012e-07
5789.34 -2.48665e-09 6182.42 -1.16428e-09 -0.00611178 0.000682827 -1.05569e-06
5979.12 -3.92412e-09 6368.45 -1.84211e-09 -0.00725938 0.000814596 -1.21412e-06
5775.17 -8.68996e-09 6170.2 -4.06681e-09 -0.00709263 0.00107793 -1.22813e-06
5415.92 -1.15023e-08 5803.45 -5.36712e-09 -0.00601021 0.000914307 -1.10973e-06
5361.68 4.87696e-09 5761.91 2.2691e-09 -0.00555144 0.000709245 -1.03539e-06
5898.26 6.87145e-09 6315.9 3.20854e-09 -0.00582302 0.000747112 -9.87245e-07
5603.9 1.01686e-08 5996.08 4.75174e-09 -0.00481471 0.00086218 -8.59171e-07
5851.16 9.10013e-09 6244.5 4.26346e-09 -0.00572805 0.000737742 -9.7896e-07
5744.38 9.89299e-09 6122.57 4.64095e-09 -0.0063847 0.000720889 -1.11147e-06
5867.53 5.7203e-09 6269.71 2.67668e-09 -0.0051599 0.000844072 -8.79399e-07
5248.52 -5.10216e-09 5642.36 -2.37301e-09 -0.00564157 0.000856312 -1.07489e-06
6016.7 4.22192e-09 6403.07 1.98358e-09 -0.00613693 0.000814216 -1.01998e-06
6278.39 6.40144e-09 6679.84 3.00836e-09 -0.00582733 0.000758482 -9.28157e-07
5309.77 2.25339e-09 5697.82 1.04996e-09 -0.00579697 0.000646556 -1.09176e-06
5823.6 -8.47398e-09 6203.91 -3.97726e-09 -0.00563979 0.000888816 -9.68437e-07
5336.32 -1.55421e-08 5720.88 -7.24868e-09 -0.00614697 0.000811426 -1.15191e-06
5793.97 2.86531e-09 6197.43 1.33939e-09 -0.00523001 0.00068751 -9.02665e-07
5707.16 -1.00199e-08 6105.99 -4.6827e-09 -0.0066875 0.000901492 -1.17177e-06
6009.25 7.64979e-09 6401.59 3.59047e-09 -0.00573381 0.000779168 -9.54165e-07
6098.13 -1.29596e-09 6493.48 -6.08528e-10 -0.00614669 0.000874863 -1.00796e-06
6219.25 6.96875e-09 6619.07 3.2739e-09 -0.0055653 0.000779501 -8.94851e-07
5505.7 4.09828e-09 5886.28 1.91665e-09 -0.00628362 0.000795271 -1.14129e-06
6257.75 2.74921e-10 6640.94 1.29529e-10 -0.00602071 0.000774986 -9.62121e-07
5829.19 -2.67572e-09 6229.11 -1.25197e-09 -0.00546801 0.00075916 -9.3804e-07
6004.49 6.19486e-11 6384.38 2.91312e-11 -0.00605204 0.000853045 -1.00792e-06
5619.14 -1.58033e-08 5911.72 -7.51057e-09 -0.00645587 0.000872618 -1.14891e-06
5757.19 1.78907e-09 6161.49 8.35839e-10 -0.00601992 0.000753797 -1.04563e-06
6067.53 -9.66192e-09 6463.19 -4.53522e-09 -0.00631283 0.000807896 -1.04043e-06
5885.16 -5.61474e-09 6285.12 -2.62872e-09 -0.00553729 0.000613461 -9.4089e-07
5819.26 1.76926e-09 6229.89 8.26321e-10 -0.00630125 0.000833131 -1.08283e-06
6075.24 1.05993e-08 6484.39 4.96525e-09 -0.00674609 0.000807914 -1.11042e-06
5787.58 -8.05979e-10 6177.9 -3.77529e-10 -0.00729886 0.000849791 -1.26113e-06
5765.63 -1.68024e-09 6145.11 -7.88238e-10 -0.00577529 0.000748576 -1.00168e-06
5846.64 -3.66201e-09 6252.81 -1.71206e-09 -0.00555682 0.000665416 -9.5043e-07
5781 1.2318e-08 6170.5 5.77022e-09 -0.00658437 0.000885581 -1.13897e-06
6563.56 4.42037e-10 6958.63 2.08471e-10 -0.00618888 0.000794576 -9.42915e-07
5571.53 3.46941e-09 5988.48 1.61392e-09 -0.00478532 0.000541924 -8.58888e-07
5771.49 -1.73298e-08 6159.89 -8.11855e-09 -0.00554427 0.000718121 -9.60631e-07
6454.8 -2.56462e-10 6841.36 -1.20985e-10 -0.00672064 0.000854519 -1.04119e-06
6479.64 5.3108e-09 6896.31 2.49496e-09 -0.00560785 0.000829209 -8.65457e-07
6153.32 3.68542e-09 6560.88 1.72824e-09 -0.00540167 0.000664846 -8.77846e-07
6045.61 -1.42261e-08 6444.01 -6.67331e-09 -0.00637622 0.000764971 -1.05469e-06
5957.46 6.99146e-10 6347.36 3.281e-10 -0.00594789 0.000806304 -9.98393e-07
6212.06 -1.09052e-08 6623.83 -5.11364e-09 -0.00625679 0.000765847 -1.0072e-06
5963.56 1.78195e-09 6361.61 8.35227e-10 -0.00603045 0.000847654 -1.01122e-06
5620.01 -1.14223e-08 6007.95 -5.34236e-09 -0.0071915 0.000939785 -1.27962e-06
6131.78 1.61041e-08 6562.32 7.52375e-09 -0.00584604 0.000663614 -9.534e-07
5816.04 1.23434e-08 6218 5.77271e-09 -0.00615408 0.00080245 -1.05812e-06
5588.67 -5.47307e-09 5984.45 -2.55555e-09 -0.00653761 0.000904294 -1.1698e-06
5871.49 5.47998e-11 6280.08 2.56172e-11 -0.00589863 0.00075158 -1.00462e-06
6224.85 7.1163e-10 6649.28 3.33103e-10 -0.00673968 0.000910543 -1.08271e-06
6187.29 -2.50839e-09 6630.72 -1.17032e-09 -0.00517737 0.000780455 -8.36774e-07
6605.06 2.28712e-09 7038.59 1.07312e-09 -0.00624019 0.00082905 -9.44758e-07
6517.13 8.65189e-09 6951.62 4.05557e-09 -0.00599138 0.000789956 -9.19328e-07
6135.31 1.24008e-08 6569.94 5.79021e-09 -0.00658498 0.000766533 -1.07329e-06
6380.5 3.33519e-09 6813.98 1.56151e-09 -0.00645564 0.00084117 -1.01178e-06
6768.47 6.61599e-09 7212.75 3.10424e-09 -0.00583996 0.000685794 -8.62818e-07
6405.43 1.13104e-09 6861.47 5.27931e-10 -0.0065286 0.000737907 -1.01923e-06
6405.31 -1.6823e-08 6858.15 -7.85607e-09 -0.0059787 0.000860501 -9.33398e-07
6389.21 -8.17415e-10 6848.73 -3.81285e-10 -0.00655615 0.000875273 -1.02613e-06
6325.26 1.0808e-08 6774.65 5.04553e-09 -0.00638947 0.000957674 -1.01015e-06
6252.97 5.58309e-10 6672.56 2.61601e-10 -0.00667247 0.000754904 -1.06709e-06
6181.88 -1.75147e-09 6601.86 -8.20026e-10 -0.00669664 0.000854436 -1.08327e-06
6145.49 3.11725e-09 6565.51 1.45891e-09 -0.00632746 0.00102848 -1.02961e-06
6391 2.99642e-09 6804.45 1.40718e-09 -0.00668199 0.000796755 -1.04553e-06
6671.85 -2.18407e-09 7097.94 -1.02648e-09 -0.00432136 0.000517897 -6.47699e-07
6314.3 3.99748e-09 6738.76 1.87284e-09 -0.00693312 0.000939096 -1.098e-06
6240.95 5.83004e-09 6677.71 2.72436e-09 -0.00735116 0.000864818 -1.17789e-06
6578.92 -4.17189e-09 6994.67 -1.96196e-09 -0.00701135 0.000949859 -1.06573e-06
6374.96 -6.36035e-09 6790.42 -2.9856e-09 -0.00611221 0.000787534 -9.58785e-07
6657.1 3.93583e-09 7082.58 1.8497e-09 -0.00275974 0.000477095 -4.14556e-07
5953.74 1.58863e-09 6367.23 7.42732e-10 -0.00613953 0.000819252 -1.0312e-06
6047.48 -1.74316e-08 6470.27 -8.1463e-09 -0.00510861 0.000835586 -8.4475e-07
6147.39 2.43878e-09 6567.99 1.1413e-09 -0.00673427 0.000998023 -1.09547e-06
6351.86 1.15844e-09 6794.63 5.41475e-10 -0.00699339 0.000795914 -1.101e-06
5657.76 -2.05982e-08 6080.44 -9.58316e-09 -0.00603211 0.00086041 -1.06616e-06
6296.6 2.81657e-09 6733.42 1.31693e-09 -0.0065533 0.000858846 -1.04077e-06
6572.89 -5.03475e-09 7001.35 -2.36332e-09 -0.002268 0.000338419 -3.45054e-07
6198.1 -1.28146e-08 6626.87 -5.99273e-09 -0.00625156 0.000823771 -1.00863e-06
5462.49 1.75871e-08 5898.59 8.14342e-09 -0.00585373 0.000842813 -1.07162e-06
6017.42 5.87615e-09 6429.94 2.74958e-09 -0.00590215 0.000898082 -9.80844e-07
6639.31 -1.97504e-09 7064.36 -9.28102e-10 -0.00652118 0.000813791 -9.82207e-07
6180.1 1.08462e-08 6602.68 5.07602e-09 -0.00648258 0.000803681 -1.04894e-06
6152.06 -7.90879e-09 6579.82 -3.69731e-09 -0.00665604 0.000936727 -1.08192e-06
6118.52 6.36344e-09 6526.97 2.98261e-09 -0.00625545 0.000793043 -1.02238e-06
6531.22 -1.22912e-09 6944.73 -5.77968e-10 -0.00645306 0.000827256 -9.88033e-07
6317.29 5.81494e-09 6728.91 2.72961e-09 -0.00659497 0.000818113 -1.04395e-06
6488.54 2.76347e-09 6908.5 1.29774e-09 -0.00632033 0.000719418 -9.74075e-07
6452.78 -1.05796e-08 6887.47 -4.95593e-09 -0.00560168 0.000872741 -8.68103e-07
6020.6 -2.60804e-09 6443.96 -1.21835e-09 -0.00594053 0.000937051 -9.867e-07
6366.53 -5.80496e-09 6790.84 -2.72113e-09 -0.00534246 0.000902995 -8.39147e-07
6290.37 1.15057e-08 6722.13 5.38335e-09 -0.00571895 0.000761054 -9.09159e-07
6043.18 -4.16665e-10 6462.85 -1.94804e-10 -0.00554427 0.000909466 -9.17442e-07
6526.82 2.27107e-09 6946.9 1.06687e-09 -0.00479448 0.000726008 -7.34581e-07
6231.32 -6.84755e-09 6654.96 -3.20582e-09 -0.00709513 0.000934427 -1.13862e-06
6312.35 -9.52807e-09 6714.35 -4.4788e-09 -0.00753468 0.000873239 -1.19364e-06
6071.34 -2.45803e-11 6473.28 -1.1527e-11 -0.00631012 0.000865499 -1.03933e-06
6084.74 2.74399e-09 6526.55 1.27912e-09 -0.00530826 0.000723882 -8.7239e-07
6298.48 -7.50801e-09 6718.34 -3.5194e-09 -0.00660655 0.00100047 -1.04891e-06
6290.76 6.33337e-11 6710.47 2.96862e-11 -0.00582925 0.000819906 -9.26636e-07
6565.1 -4.65437e-09 6980.07 -2.18883e-09 -0.00641774 0.000860872 -9.77554e-07
5969.03 8.67056e-09 6392.69 4.04797e-09 -0.00659981 0.000781769 -1.10568e-06
5815.14 6.37696e-09 6230.97 2.9757e-09 -0.00605354 0.000954495 -1.041e-06
6502.14 2.81718e-10 6909.39 1.32556e-10 -0.00551123 0.000764348 -8.47602e-07
6448.71 -7.29992e-09 6877.82 -3.42224e-09 -0.00683484 0.00088185 -1.05988e-06
6369.38 7.0633e-09 6778.79 3.31836e-09 -0.0055095 0.000847762 -8.64997e-07
5808.6 -7.66685e-09 6236.46 -3.57042e-09 -0.00613431 0.000822532 -1.05607e-06
6671.81 8.85449e-09 7095.29 4.16301e-09 -0.00576408 0.000830193 -8.63946e-07
5948.13 -8.41358e-09 6387.48 -3.91743e-09 -0.00677338 0.000887893 -1.13874e-06
6082.47 -1.04533e-08 6527.74 -4.87012e-09 -0.00655806 0.000846202 -1.07819e-06
6445.88 -1.59955e-09 6861.29 -7.51352e-10 -0.00709664 0.000853736 -1.10096e-06
6187.89 6.40023e-09 6631.97 2.98583e-09 -0.00625155 0.000928091 -1.01029e-06
6318.29 6.27326e-09 6742.53 2.93927e-09 -0.00598647 0.000826972 -9.47482e-07
6589.65 9.82679e-09 7026.5 4.60792e-09 -0.00537412 0.000885263 -8.1554e-07
6280.65 7.58778e-09 6707.24 3.55259e-09 -0.00685364 0.000827301 -1.09123e-06
6037.42 2.93197e-09 6471.83 1.36758e-09 -0.00718659 0.000980088 -1.19034e-06
6475.67 6.34025e-09 6907.51 2.97194e-09 -0.00679486 0.000884666 -1.04929e-06
6650.8 -1.03213e-08 7083.52 -4.84539e-09 -0.00669885 0.000836181 -1.00723e-06
6382.47 -1.86834e-09 6811.46 -8.75335e-10 -0.00533447 0.000818566 -8.358e-07
6508.51 -8.20764e-09 6940.98 -3.84813e-09 -0.00671764 0.000862505 -1.03213e-06
6021.58 4.47913e-09 6443.35 2.09297e-09 -0.00685533 0.000878273 -1.13846e-06
6413.06 3.41793e-10 6846.19 1.60084e-10 -0.00550551 0.000715765 -8.58484e-07
5690.44 1.1074e-08 6114.37 5.15312e-09 -0.00555469 0.000730812 -9.76144e-07
6447.24 -5.53546e-10 6881.43 -2.5931e-10 -0.00645615 0.000819483 -1.00138e-06
6229.41 6.08145e-09 6655.97 2.84585e-09 -0.00640481 0.000831385 -1.02816e-06
5898.57 2.49694e-09 6313.74 1.16638e-09 -0.00592805 0.000798294 -1.005e-06
5692.54 -3.01521e-09 6078.16 -1.41196e-09 -0.00631352 0.000764298 -1.10909e-06
5862.68 2.74939e-09 6259.87 1.28747e-09 -0.00637155 0.000906957 -1.0868e-06
6371.56 -5.97492e-09 6778.13 -2.80826e-09 -0.00571041 0.000721985 -8.96235e-07
5750.71 -8.24561e-09 6127.73 -3.86914e-09 -0.00613582 0.000788238 -1.06697e-06
6003.15 8.52963e-09 6387.58 4.00814e-09 -0.00669146 0.00082622 -1.11466e-06
5972.01 -1.00903e-08 6353.22 -4.74242e-09 -0.00708259 0.00078717 -1.18596e-06
5594.83 -4.99237e-09 5979.42 -2.33563e-09 -0.005529 0.000642218 -9.88234e-07
5774.06 1.60209e-09 6157.94 7.51107e-10 -0.00664949 0.000923953 -1.15162e-06
5993.2 -3.92362e-10 6388.38 -1.84045e-10 -0.00661759 0.000863023 -1.10418e-06
5879.1 9.65973e-09 6246.07 4.54609e-09 -0.00676987 0.000797522 -1.15151e-06
6080.19 -7.80376e-09 6461.89 -3.6714e-09 -0.00721441 0.00101499 -1.18654e-06
5267.87 6.29776e-09 5645.75 2.93812e-09 -0.00657387 0.000730091 -1.24792e-06
6155.47 -1.0879e-09 6539.52 -5.12003e-10 -0.00662943 0.00103109 -1.077e-06
5706.13 9.84865e-09 6101.19 4.60547e-09 -0.00577477 0.000740121 -1.01203e-06
5899.16 7.13537e-09 6290.32 3.34583e-09 -0.00587431 0.00070963 -9.95787e-07
5876.66 3.02914e-10 6272.02 1.4191e-10 -0.00605762 0.000747952 -1.03079e-06
5888.94 -3.5847e-09 6274.62 -1.68218e-09 -0.00637174 0.000944813 -1.08199e-06
5741.32 -1.30244e-08 6113.69 -6.11555e-09 -0.00666649 0.00100916 -1.16114e-06
5930.45 -1.42183e-09 6336.17 -6.65394e-10 -0.00586554 0.000780028 -9.89055e-07
5789.39 9.8331e-10 6190.65 4.59788e-10 -0.00579 0.000872961 -1.0001e-06
6140.54 -1.48192e-08 6528.2 -6.96961e-09 -0.00660225 0.00105556 -1.07519e-06
5942.63 9.64975e-09 6323.46 4.5343e-09 -0.00612628 0.000784665 -1.0309e-06
6100.11 -1.4412e-08 6482.41 -6.78103e-09 -0.00614181 0.000749606 -1.00684e-06
5607.12 -1.12989e-09 5984.33 -5.29333e-10 -0.00603911 0.000840874 -1.07704e-06
5777.91 -3.14338e-09 6179.37 -1.46958e-09 -0.00500907 0.000866357 -8.66935e-07
6173.07 -2.58932e-09 6536.5 -1.22268e-09 -0.00620628 0.000925085 -1.00538e-06
6029.32 -5.60706e-09 6425.57 -2.63064e-09 -0.00531627 0.000761006 -8.81735e-07
5417.48 -1.27554e-09 5812.33 -5.94446e-10 -0.00614847 0.00108528 -1.13493e-06
5158.14 -2.6435e-08 5550.74 -1.22826e-08 -0.00535033 0.000799464 -1.03726e-06
5582.89 1.64338e-09 5980.52 7.67057e-10 -0.00570674 0.000795724 -1.02218e-06
5844.66 6.85143e-09 6238.89 3.20925e-09 -0.00630893 0.000787774 -1.07944e-06
6195.62 -4.24632e-09 6577.49 -1.99989e-09 -0.00641078 0.000748287 -1.03473e-06
5810.99 7.07476e-09 6196.17 3.31748e-09 -0.00679863 0.000735662 -1.16996e-06
5929.49 4.53e-09 6305.29 2.13e-09 -0.00603971 0.000867097 -1.01859e-06
5567.81 -3.45458e-09 5943.7 -1.61805e-09 -0.0066434 0.000914089 -1.19318e-06
5476.93 -6.29715e-09 5843.97 -2.95082e-09 -0.00650536 0.00106416 -1.18777e-06
5621.45 -2.72466e-09 6001.06 -1.27615e-09 -0.00591937 0.000827034 -1.053e-06
5469.04 5.9164e-09 5851.48 2.76485e-09 -0.00623242 0.000787002 -1.13958e-06
5755.09 -5.3546e-10 6142.87 -2.50829e-10 -0.00565262 0.000748856 -9.82193e-07
5573.77 2.89582e-09 5960.18 1.35404e-09 -0.00621182 0.00097931 -1.11447e-06
5876.23 5.46697e-09 6257.94 2.56676e-09 -0.00547763 0.000751357 -9.32168e-07
5776.97 -1.52896e-09 6169.36 -7.15859e-10 -0.00564444 0.000739357 -9.77058e-07
5498.01 1.66936e-08 5878.49 7.80658e-09 -0.0053516 0.000672946 -9.7337e-07
6049.54 -4.25669e-09 6444.83 -1.9978e-09 -0.00598767 0.000758201 -9.89773e-07
5555.63 3.2908e-09 5928.11 1.54202e-09 -0.00670764 0.000756392 -1.20736e-06
5582.36 -7.76787e-10 5962.65 -3.63622e-10 -0.00599324 0.00090251 -1.0736e-06
6359.55 1.59857e-10 6745.81 7.53518e-11 -0.00546494 0.000880187 -8.59329e-07
5985.78 -1.4693e-08 6369.51 -6.90389e-09 -0.0059057 0.00109008 -9.86622e-07
5833.24 -1.47265e-08 6216.08 -6.90976e-09 -0.00776568 0.000955029 -1.33128e-06
5632.37 -2.53641e-09 6011.17 -1.18829e-09 -0.00555407 0.000721321 -9.86098e-07
6036.39 4.51535e-09 6404.86 2.12779e-09 -0.0060772 0.00072788 -1.00676e-06
5312.04 3.41578e-11 5701.25 1.5913e-11 -0.0068057 0.000784869 -1.28118e-06
5915.77 2.22516e-09 6282.1 1.0477e-09 -0.00525711 0.000714255 -8.8866e-07
5503.75 1.92875e-10 5873.44 9.03677e-11 -0.00570205 0.000853744 -1.03603e-06
6042.51 -1.4455e-09 6415.08 -6.80775e-10 -0.00587953 0.000967133 -9.73029e-07
5743.19 7.37561e-09 6127.31 3.45662e-09 -0.00478501 0.000702232 -8.33162e-07
6070.79 -1.15378e-09 6453.19 -5.42704e-10 -0.00602705 0.000839649 -9.92795e-07
5647.12 -1.92169e-09 6038.13 -8.98625e-10 -0.00508505 0.000845703 -9.00468e-07
5743.37 -8.00507e-09 6123.45 -3.7541e-09 -0.00707087 0.000850993 -1.23114e-06
4474.67 -9.9001e-09 4822.4 -4.59311e-09 -0.00643002 0.000898275 -1.43698e-06
5296.96 4.22341e-09 5673.04 1.97171e-09 -0.00632962 0.000939301 -1.19495e-06
6160.78 -6.66136e-09 6520.29 -3.14704e-09 -0.00605359 0.000821291 -9.826e-07
5745.01 -4.15443e-09 6101.74 -1.95577e-09 -0.00608023 0.0007775 -1.05835e-06
5526.02 6.43337e-09 5895.9 3.01489e-09 -0.00457169 0.000890436 -8.27302e-07
5697.15 2.61165e-09 6056.03 1.22844e-09 -0.00547083 0.000773492 -9.60274e-07
5175.55 -1.58462e-08 5542.82 -7.39812e-09 -0.00561407 0.000701699 -1.08473e-06
5428.92 -3.39862e-09 5785.89 -1.59447e-09 -0.00690257 0.000935698 -1.27144e-06
5365.34 8.72968e-10 5727.75 4.08867e-10 -0.0056151 0.000827728 -1.04655e-06
5212.78 -3.48367e-09 5568.53 -1.63055e-09 -0.00581654 0.000906097 -1.11582e-06
5739.95 -4.50129e-09 6111.88 -2.11369e-09 -0.0059954 0.000845845 -1.0445e-06
5218.98 2.89143e-09 5582.38 1.3516e-09 -0.00701459 0.00091515 -1.34406e-06
5166.01 2.06745e-08 5538.54 9.64195e-09 -0.00685174 0.000817099 -1.32631e-06
5950.54 9.82129e-09 6310.15 4.63079e-09 -0.00588105 0.000784072 -9.88321e-07
4703.21 -9.68902e-09 5066.84 -4.49684e-09 -0.00622405 0.000753157 -1.32336e-06
5714.67 4.97491e-09 6078.58 2.33854e-09 -0.00457609 0.000631154 -8.00763e-07
5645.95 6.12356e-09 6011.13 2.87577e-09 -0.00612667 0.000739566 -1.08514e-06
4979.4 1.26606e-08 5344.78 5.89757e-09 -0.00606873 0.00100474 -1.21877e-06
5343.23 -1.95099e-09 5718.8 -9.1143e-10 -0.00648659 0.000924838 -1.21398e-06
4722.7 -1.33908e-08 5091.26 -6.21073e-09 -0.00695277 0.000851678 -1.4722e-06
5459.54 6.28258e-09 5813.7 2.94993e-09 -0.00550217 0.000786804 -1.00781e-06
5378.02 9.91181e-09 5726.07 4.65467e-09 -0.00649043 0.000845205 -1.20684e-06
5166.23 9.96632e-10 5503.13 4.67809e-10 -0.00676731 0.000980095 -1.30991e-06
5427.99 5.09475e-09 5801.26 2.38347e-09 -0.00588656 0.000863018 -1.08448e-06
5131.97 -1.45525e-08 5506.3 -6.78158e-09 -0.00532061 0.000670776 -1.03676e-06
5754.31 3.72438e-09 6125 1.74949e-09 -0.00545756 0.000748142 -9.48431e-07
5758.56 1.31932e-09 6102.18 6.22515e-10 -0.00718562 0.000992129 -1.24782e-06
5828.88 -3.50002e-09 6197.58 -1.6459e-09 -0.00592675 0.000781983 -1.01679e-06
5269.04 3.87893e-09 5642.06 1.81124e-09 -0.00618549 0.000768131 -1.17393e-06
5333.81 -4.95531e-09 5696.39 -2.31995e-09 -0.0047305 0.000868144 -8.8689e-07
6218.23 4.05756e-09 6612.89 1.9077e-09 -0.00517693 0.000650357 -8.32541e-07
6086.95 -1.25803e-08 6484.93 -5.90413e-09 -0.00614146 0.000818983 -1.00896e-06
6125.03 -4.87833e-09 6514.79 -2.29324e-09 -0.00640911 0.00081651 -1.04638e-06
5528.77 7.55191e-09 5931.68 3.51947e-09 -0.00531436 0.000812003 -9.6122e-07
5773.17 -5.32214e-09 6173.88 -2.48836e-09 -0.00625554 0.000776869 -1.08355e-06
5836.6 1.12237e-08 6257.71 5.23418e-09 -0.00596385 0.000731072 -1.0218e-06
5911.8 -5.19954e-09 6317.39 -2.43286e-09 -0.00585078 0.00072291 -9.89678e-07
6175.1 2.92423e-09 6570.05 1.37422e-09 -0.00614889 0.00072173 -9.95756e-07
5652.24 -3.87495e-09 6069.32 -1.80433e-09 -0.00564059 0.000708264 -9.9794e-07
5785.77 -8.03288e-09 6173.85 -3.76397e-09 -0.00604585 0.000949143 -1.04495e-06
5614.86 -7.42132e-09 6004.81 -3.46969e-09 -0.00683665 0.000948447 -1.2176e-06
5700.73 2.56462e-09 6086.27 1.20108e-09 -0.00568973 0.000868941 -9.9807e-07
5777.28 -1.1581e-09 6189.23 -5.40511e-10 -0.00574058 0.000722339 -9.93647e-07
6156.81 -1.8711e-09 6555.18 -8.78695e-10 -0.00597885 0.000806994 -9.71095e-07
5850.12 -5.5055e-09 6241.76 -2.58003e-09 -0.00630619 0.000751522 -1.07796e-06
5559.26 -1.82775e-09 5957.93 -8.52723e-10 -0.00614198 0.000895823 -1.10482e-06
5821.29 -1.90949e-08 6225.57 -8.92746e-09 -0.00572509 0.000838319 -9.83474e-07
5630.86 3.53225e-09 6039.31 1.64668e-09 -0.00547125 0.000885424 -9.71654e-07
5865.41 -1.24299e-08 6257.47 -5.82555e-09 -0.00590309 0.000937938 -1.00642e-06
5676.18 -4.30047e-09 6087.32 -2.00501e-09 -0.00578614 0.000711 -1.01937e-06
6136.21 2.17609e-09 6534.21 1.02177e-09 -0.00611386 0.000930217 -9.96358e-07
6433.09 1.26796e-08 6832.26 5.96939e-09 -0.00629459 0.000935434 -9.7847e-07
6146.83 3.99821e-09 6549.43 1.87622e-09 -0.00685514 0.000816582 -1.11523e-06
5868.83 -5.32108e-09 6260.08 -2.49425e-09 -0.0067609 0.000774113 -1.152e-06
5600.04 -8.91687e-09 6002.16 -4.15974e-09 -0.00582908 0.000629406 -1.0409e-06
5956.4 7.91955e-09 6376.81 3.69871e-09 -0.00601624 0.000722406 -1.01005e-06
6170.73 1.19856e-08 6558.84 5.63817e-09 -0.00554805 0.000834915 -8.9909e-07
5511.6 -3.21719e-09 5882.97 -1.50705e-09 -0.00689367 0.000830952 -1.25076e-06
5712.42 -1.0219e-08 6112.54 -4.77505e-09 -0.00506253 0.000745743 -8.86231e-07
5647.31 -1.29266e-08 6033.22 -6.04987e-09 -0.00440533 0.000734009 -7.80076e-07
5500.41 1.68916e-09 5884.7 7.89425e-10 -0.00523963 0.000662986 -9.52589e-07
6112.13 6.64517e-09 6495.53 3.12647e-09 -0.00564769 0.000831178 -9.24013e-07
5497.55 -1.31767e-08 5866.76 -6.17374e-09 -0.00586006 0.000779792 -1.06594e-06
5703.48 -8.47842e-09 6083.5 -3.9744e-09 -0.00618208 0.000843489 -1.08391e-06
5885.58 -8.2917e-11 6259.67 -3.89809e-11 -0.00663964 0.000837484 -1.12812e-06
5535.02 -8.57771e-09 5930.17 -4.00307e-09 -0.00536972 0.000752602 -9.70136e-07
5878.88 7.98922e-09 6246.07 3.75977e-09 -0.0058922 0.000819607 -1.00227e-06
5843.33 -1.85936e-08 6227.35 -8.72349e-09 -0.00637608 0.00089655 -1.09117e-06
5396.59 -3.74928e-09 5781.94 -1.7497e-09 -0.00636994 0.00087517 -1.18036e-06
6325.72 -4.28375e-09 6693.73 -2.02412e-09 -0.00520009 0.000850169 -8.22055e-07
5858.31 1.84008e-09 6249.04 8.62515e-10 -0.0051836 0.00066535 -8.84829e-07
5766.11 -6.1646e-09 6144.79 -2.89235e-09 -0.00720185 0.000844278 -1.249e-06
5677.63 -1.42788e-08 6055.19 -6.69425e-09 -0.00668796 0.000772329 -1.17795e-06
5876.81 7.94888e-09 6267.12 3.72692e-09 -0.00570015 0.000758421 -9.69939e-07
5936.53 -1.1503e-08 6317.91 -5.40433e-09 -0.00627639 0.000841644 -1.05725e-06
5926.23 8.44695e-10 6307.84 3.96796e-10 -0.00552406 0.000981066 -9.32138e-07
5726.15 -5.50892e-09 6094.84 -2.58783e-09 -0.00570619 0.000780983 -9.96516e-07
5746.99 -2.70582e-09 6126.61 -1.26908e-09 -0.00552116 0.000905962 -9.60704e-07
5631.65 3.02062e-09 5990.04 1.41995e-09 -0.00598787 0.000863515 -1.06325e-06
5627.4 2.05314e-09 6005.03 9.62016e-10 -0.00621089 0.000849908 -1.10369e-06
5566.17 5.46839e-09 5926.45 2.56797e-09 -0.00590528 0.000754645 -1.06092e-06
6285.56 1.58736e-08 6689.21 7.45787e-09 -0.00572335 0.000626538 -9.10555e-07
5425.56 8.39025e-09 5813.16 3.91541e-09 -0.00650193 0.000751465 -1.19839e-06
5748.76 1.82585e-09 6122.52 8.57193e-10 -0.00622646 0.000858818 -1.0831e-06
5500.97 -1.55266e-10 5878.95 -7.26414e-11 -0.00585091 0.000824736 -1.06361e-06
5593.63 1.8499e-09 5973.72 8.66098e-10 -0.00647511 0.000966916 -1.15759e-06
5562.56 -8.74835e-09 5939.57 -4.09653e-09 -0.00687952 0.000877205 -1.23675e-06
6031.32 1.26566e-08 6408.16 5.95615e-09 -0.0059355 0.00070037 -9.84113e-07
6051.96 6.52888e-09 6454.28 3.06096e-09 -0.00609401 0.000705349 -1.00695e-06
5514.72 -1.10208e-08 5905.11 -5.14608e-09 -0.00634239 0.000824454 -1.15008e-06
5985.61 1.19093e-08 6368.11 5.59699e-09 -0.00609642 0.000813779 -1.01851e-06
5738.93 -3.95504e-09 6120.32 -1.85429e-09 -0.0060437 0.000797383 -1.05311e-06
5154.23 1.25224e-09 5551.35 5.81329e-10 -0.0061107 0.000860485 -1.18557e-06
5980.08 1.22891e-08 6349.3 5.78726e-09 -0.00539137 0.000762831 -9.01554e-07
5644.71 1.21387e-08 6041.99 5.67028e-09 -0.00609425 0.000778781 -1.07964e-06
5719.47 3.10886e-10 6095.77 1.45847e-10 -0.00565091 0.000912543 -9.88011e-07
5918.1 6.2033e-09 6304.62 2.91149e-09 -0.00563412 0.000884374 -9.52015e-07
5633.58 -1.56897e-08 6020.35 -7.34085e-09 -0.00538477 0.000730375 -9.55835e-07
5984.19 -3.80472e-09 6367.22 -1.78792e-09 -0.00523579 0.000840655 -8.74937e-07
5725.12 -1.28345e-08 6085.95 -6.03679e-09 -0.00598928 0.00103329 -1.04614e-06
5794.24 5.45674e-10 6188.95 2.55436e-10 -0.00584971 0.000670925 -1.00957e-06
5465.94 -8.13306e-09 5854.62 -3.79656e-09 -0.00574108 0.000822271 -1.05034e-06
5146.94 -2.99722e-09 5528.09 -1.39528e-09 -0.00615001 0.000667764 -1.19489e-06
6290.09 -5.79899e-10 6674.46 -2.73252e-10 -0.00524974 0.000713594 -8.34605e-07
5888.87 -1.29606e-08 6270.79 -6.08564e-09 -0.00558759 0.000848846 -9.48839e-07
5584.12 -1.36711e-08 5968.38 -6.39545e-09 -0.00621775 0.000865315 -1.11347e-06
5144.56 7.59809e-09 5528.61 3.53515e-09 -0.00659124 0.000766258 -1.2812e-06
6058.11 -4.67162e-09 6423.71 -2.20287e-09 -0.00548177 0.000650823 -9.04864e-07
6490.88 -4.51761e-09 6888.55 -2.12841e-09 -0.00564851 0.000695533 -8.70221e-07
5691.74 -4.04366e-09 6075.02 -1.89427e-09 -0.00536327 0.000732488 -9.4229e-07
5705.48 6.2994e-09 6083.8 2.95384e-09 -0.00698081 0.000767003 -1.22353e-06
5713.78 2.8305e-09 6086.8 1.32852e-09 -0.00581219 0.000855603 -1.01722e-06
6228.89 4.91722e-09 6614.52 2.31527e-09 -0.00583056 0.000889926 -9.36051e-07
5108.55 5.46775e-09 5492.72 2.54266e-09 -0.00487849 0.000752226 -9.54967e-07
5744.24 -4.76533e-09 6145.15 -2.22722e-09 -0.00686222 0.000872747 -1.19463e-06
5920.62 7.88109e-09 6331.45 3.68485e-09 -0.00661454 0.000880194 -1.1172e-06
5448.44 -3.4347e-09 5828.7 -1.60531e-09 -0.00661402 0.000947522 -1.21393e-06
6004.96 1.03617e-08 6402.71 4.85902e-09 -0.00641746 0.000744155 -1.06869e-06
5297.83 5.3269e-09 5669.1 2.48902e-09 -0.00740041 0.00102401 -1.39688e-06
5517.27 6.67723e-09 5915.64 3.11378e-09 -0.00545406 0.000842754 -9.88543e-07
5644.66 6.70589e-09 6036.69 3.1352e-09 -0.00653276 0.000818486 -1.15733e-06
5596.28 -1.96057e-09 5981.8 -9.17106e-10 -0.00614689 0.00076508 -1.09839e-06
5562.76 -5.2224e-09 5958.7 -2.43769e-09 -0.00664148 0.00084792 -1.19392e-06
6209.71 1.11419e-08 6603.04 5.23912e-09 -0.005793 0.000943296 -9.32895e-07
5515.34 5.17277e-09 5878.34 2.42667e-09 -0.00658616 0.000839239 -1.19415e-06
5619.48 -1.32512e-08 5992.68 -6.21299e-09 -0.00697017 0.000879043 -1.24036e-06
5348.87 -8.48989e-10 5744.51 -3.95258e-10 -0.00665827 0.00096707 -1.2448e-06
6299.49 1.83147e-08 6677.78 8.63862e-09 -0.00610651 0.000773557 -9.69366e-07
5500.28 7.68186e-09 5903.58 3.57853e-09 -0.0063789 0.000815494 -1.15974e-06
5415.67 7.32543e-09 5804.45 3.41739e-09 -0.00476097 0.000694111 -8.7911e-07
5812.94 -1.34706e-08 6204.13 -6.31062e-09 -0.00623044 0.000874731 -1.07182e-06
5991.05 1.29756e-09 6404.77 6.06871e-10 -0.00608063 0.000849508 -1.01495e-06
5576.25 3.70508e-10 5946.75 1.73712e-10 -0.00590542 0.000901703 -1.05903e-06
5769.31 6.1416e-09 6153.62 2.87902e-09 -0.00602525 0.000756223 -1.04436e-06
5407.55 -3.40884e-09 5817.5 -1.58432e-09 -0.00665716 0.000876542 -1.23109e-06
5660.93 1.52959e-08 6053.8 7.15162e-09 -0.00590947 0.000839026 -1.0439e-06
6040 3.45396e-09 6425.17 1.62345e-09 -0.00558764 0.00071103 -9.25106e-07
5867.68 1.60914e-08 6249.39 7.55428e-09 -0.0068103 0.00078863 -1.16065e-06
6075.19 2.72956e-09 6464.48 1.28259e-09 -0.00567772 0.000734943 -9.34575e-07
5800.43 -4.72286e-09 6196.9 -2.21035e-09 -0.00532375 0.000717348 -9.17821e-07
5930.63 -3.64419e-09 6311.08 -1.71225e-09 -0.00586705 0.000856789 -9.8928e-07
5774.85 2.14426e-09 6160.23 1.00506e-09 -0.0061041 0.000975443 -1.05701e-06
5533.43 -5.91327e-09 5915.14 -2.76584e-09 -0.00548926 0.000786232 -9.92018e-07
5459.09 -2.38269e-08 5851.37 -1.11148e-08 -0.00715001 0.00103981 -1.30974e-06
6155.95 4.26405e-09 6549.39 2.00395e-09 -0.00569569 0.000721731 -9.25234e-07
5797.65 4.05466e-09 6179.99 1.9019e-09 -0.00649907 0.000863246 -1.12098e-06
5902.91 -2.90186e-09 6276.87 -1.36449e-09 -0.00623009 0.00074994 -1.05543e-06
5925.46 -2.52789e-09 6346.27 -1.18014e-09 -0.00600127 0.000805425 -1.01279e-06
6158.29 7.37654e-09 6567.36 3.45853e-09 -0.00555171 0.000671872 -9.01501e-07
5471.71 -2.02035e-09 5871.93 -9.41321e-10 -0.00550818 0.000879441 -1.00667e-06
5638.17 -4.722e-09 6050.53 -2.20009e-09 -0.00552874 0.00066518 -9.80592e-07
5783.95 -2.88504e-09 6181.29 -1.3498e-09 -0.00567569 0.000723716 -9.81282e-07
6053.27 1.10952e-08 6462.34 5.19643e-09 -0.00637786 0.00083967 -1.05362e-06
6167.41 -1.07921e-08 6567.31 -5.06747e-09 -0.00612589 0.000768455 -9.93268e-07
6187.34 -8.09028e-09 6578.75 -3.80447e-09 -0.00506374 0.000713332 -8.18405e-07
6366.11 -6.51309e-09 6737.93 -3.07684e-09 -0.00540334 0.000687565 -8.48766e-07
5951.04 -7.0775e-10 6358.6 -3.31193e-10 -0.00636521 0.000771778 -1.0696e-06
5561.9 1.23357e-08 5958.97 5.75684e-09 -0.0070616 0.000835643 -1.26964e-06
6167.6 2.67409e-09 6560.35 1.257e-09 -0.00629594 0.000787221 -1.02081e-06
5802.78 1.30914e-08 6211.04 6.11542e-09 -0.00703662 0.000848401 -1.21263e-06
5677.73 -7.63704e-09 6089.58 -3.56027e-09 -0.00569936 0.000803672 -1.00381e-06
5950.16 -1.22221e-08 6362.22 -5.71523e-09 -0.00572346 0.000835133 -9.61901e-07
6193.21 -9.39774e-09 6602.58 -4.40753e-09 -0.00612476 0.000850153 -9.88949e-07
6432.01 6.75223e-09 6843.22 3.17324e-09 -0.00559438 0.000710581 -8.69771e-07
6141.25 2.29373e-09 6526.61 1.07915e-09 -0.00673698 0.00105892 -1.09701e-06
6230.83 1.03956e-08 6638.73 4.87846e-09 -0.00628558 0.000696322 -1.00879e-06
6327.94 7.81844e-10 6725.67 3.67804e-10 -0.00586526 0.000844395 -9.26882e-07
5983.82 5.29837e-09 6374.78 2.48671e-09 -0.00671801 0.000912981 -1.1227e-06
5760.54 4.8959e-09 6168.51 2.28605e-09 -0.00587747 0.000833041 -1.0203e-06
6009.05 6.07583e-09 6394.72 2.85469e-09 -0.00694354 0.000824692 -1.15551e-06
6083.73 -1.42318e-09 6486.62 -6.67395e-10 -0.00591426 0.000826329 -9.72143e-07
5677.97 -5.62896e-09 6062.27 -2.63607e-09 -0.00645041 0.00103198 -1.13604e-06
5889.98 1.84821e-09 6286.96 8.65752e-10 -0.00585052 0.000749849 -9.933e-07
6117.75 7.90492e-09 6528.23 3.70394e-09 -0.00558938 0.000714862 -9.13634e-07
5552.87 1.87375e-08 5988.12 8.68775e-09 -0.00502791 0.000664403 -9.05462e-07
6045.8 -2.93629e-09 6437.43 -1.37883e-09 -0.00652342 0.000869603 -1.079e-06
6026.96 -5.3848e-11 6444.61 -2.51792e-11 -0.00667462 0.000731218 -1.10746e-06
6049.97 -6.71981e-09 6422.28 -3.16512e-09 -0.00660603 0.000978482 -1.09191e-06
5776.15 -1.38922e-08 6176.75 -6.49563e-09 -0.00639332 0.000916076 -1.10685e-06
5628.12 5.38844e-09 6024.58 2.51692e-09 -0.00705076 0.000774655 -1.25277e-06
5652.19 -1.07069e-09 6044.8 -5.00577e-10 -0.00591467 0.000792047 -1.04644e-06
5721.2 3.39722e-09 6100.52 1.59299e-09 -0.00607233 0.000827606 -1.06137e-06
5647.29 8.394e-09 6037.37 3.92583e-09 -0.0060215 0.000883893 -1.06626e-06
5729.58 2.39678e-09 6110.16 1.12375e-09 -0.00504184 0.000936826 -8.79966e-07
6185.61 1.37806e-09 6596.13 6.46147e-10 -0.0053126 0.000672949 -8.58864e-07
5630.63 -5.23995e-09 6015.78 -2.45224e-09 -0.00532422 0.000733106 -9.45581e-07
5771.66 -1.56284e-08 6164.93 -7.31571e-09 -0.00551696 0.000748557 -9.5587e-07
5882.5 3.80273e-09 6264.31 1.78548e-09 -0.00625863 0.00083379 -1.06394e-06
5425.73 -2.2575e-09 5801.12 -1.05571e-09 -0.00585967 0.000803861 -1.07998e-06
5644.06 -1.82879e-08 6043.42 -8.5397e-09 -0.00628554 0.000916327 -1.11366e-06
5908.42 3.55768e-09 6296.01 1.66933e-09 -0.00533941 0.000841612 -9.03695e-07
5682.5 1.41468e-08 6061.59 6.63105e-09 -0.00553132 0.000675732 -9.73396e-07
5494.5 2.21711e-09 5889.39 1.03423e-09 -0.00547057 0.000710602 -9.95645e-07
6015.71 1.12917e-08 6414.32 5.295e-09 -0.00641194 0.000784685 -1.06587e-06
5476.1 -7.42363e-09 5866.96 -3.46453e-09 -0.00594564 0.000741318 -1.08575e-06
5748 1.27438e-08 6133.64 5.9713e-09 -0.00671373 0.000829653 -1.16801e-06
5581.34 -1.41133e-08 5969.33 -6.598e-09 -0.00580957 0.000988323 -1.04089e-06
5872.84 3.3276e-09 6259.29 1.56108e-09 -0.00522709 0.000720112 -8.90044e-07
5421.24 -1.29212e-08 5805.28 -6.03323e-09 -0.00546698 0.000855151 -1.00844e-06
6101.3 -6.12725e-09 6501.48 -2.87506e-09 -0.00592714 0.000849297 -9.71455e-07
5886.25 -2.22917e-09 6260.04 -1.04803e-09 -0.00666467 0.000772417 -1.13224e-06
5608.75 -5.05495e-09 6014.48 -2.35697e-09 -0.00600257 0.000866358 -1.07022e-06
6063.31 3.32167e-09 6450.04 1.56125e-09 -0.00555515 0.00070472 -9.16192e-07
6021.3 -5.13723e-09 6404.67 -2.41486e-09 -0.00540504 0.000811082 -8.97653e-07
5668.64 2.22941e-09 6039.29 1.04629e-09 -0.00610297 0.000863905 -1.07662e-06
5638.85 8.20794e-09 6020.42 3.84386e-09 -0.006339 0.000733679 -1.12417e-06
5914.51 -1.76816e-10 6268.02 -8.34219e-11 -0.00584692 0.000713346 -9.88571e-07
5467.77 -3.00617e-09 5834.26 -1.40866e-09 -0.0061244 0.000793434 -1.12009e-06
5490.98 1.46313e-09 5875.46 6.83691e-10 -0.00620359 0.000779207 -1.12978e-06
4780.03 4.67874e-09 5155.69 2.16891e-09 -0.00599273 0.000845182 -1.2537e-06
5323.46 3.85793e-09 5696.36 1.80269e-09 -0.00546571 0.00064212 -1.02672e-06
5412.18 9.79144e-09 5782.73 4.58201e-09 -0.00686815 0.00105611 -1.26902e-06
5417.75 3.23781e-09 5787 1.51561e-09 -0.00612907 0.000904391 -1.1313e-06
4928.29 8.08042e-09 5303.59 3.75432e-09 -0.00609511 0.000833509 -1.23676e-06
4950.14 2.17683e-08 5331.86 1.01049e-08 -0.00554392 0.000722584 -1.11995e-06
5346.98 -7.81801e-09 5735.46 -3.64424e-09 -0.00641078 0.000807845 -1.19895e-06
5181.49 -1.91294e-08 5550.07 -8.92951e-09 -0.00546595 0.000802127 -1.0549e-06
5135.89 1.50224e-08 5503.43 7.0096e-09 -0.00625457 0.000870652 -1.21781e-06
5211.03 8.18601e-10 5572.12 3.82777e-10 -0.00672816 0.000930519 -1.29114e-06
5188.34 7.22336e-09 5552 3.37511e-09 -0.00561058 0.000873507 -1.08138e-06
5241.84 -1.73072e-08 5602.99 -8.0958e-09 -0.00592162 0.000977913 -1.12968e-06
5615.92 -3.10706e-09 5982.6 -1.45831e-09 -0.00563442 0.00076448 -1.00329e-06
5557.41 -1.17209e-08 5924.01 -5.4978e-09 -0.00660961 0.00100401 -1.18933e-06
5788.27 1.51082e-08 6142.6 7.11834e-09 -0.006417 0.000969362 -1.10862e-06
5011.68 -9.10123e-09 5371.07 -4.24612e-09 -0.005868 0.000878272 -1.17087e-06
5287.51 6.15043e-09 5653.32 2.87623e-09 -0.00614511 0.000960415 -1.16219e-06
5356.26 -3.14028e-09 5729.63 -1.46782e-09 -0.00609636 0.000921545 -1.13818e-06
5167.83 3.6334e-09 5550.5 1.69145e-09 -0.00486033 0.000743093 -9.40498e-07
5721.73 -2.98622e-09 6092.9 -1.40215e-09 -0.00582166 0.000729697 -1.01747e-06
5395.15 -8.92039e-09 5742.93 -4.19009e-09 -0.00620565 0.000770271 -1.15023e-06
5667.95 1.39265e-09 6025.87 6.54965e-10 -0.00619824 0.000900462 -1.09356e-06
5316.51 8.5585e-09 5682.94 4.00333e-09 -0.00671183 0.000965429 -1.26245e-06
5674.49 -8.91978e-09 6054.75 -4.1798e-09 -0.0055195 0.000931263 -9.72687e-07
5168.33 5.67999e-09 5533.03 2.6528e-09 -0.00675185 0.0010659 -1.30639e-06
5630.41 4.93996e-09 5998.94 2.31824e-09 -0.00580101 0.000754309 -1.0303e-06
5703.73 -2.84122e-09 6099.36 -1.32846e-09 -0.00584137 0.00068363 -1.02413e-06
5679.81 -3.65109e-09 6070.26 -1.70812e-09 -0.00625601 0.000857879 -1.10145e-06
5854.73 2.67022e-09 6242.71 1.25214e-09 -0.00627032 0.000686233 -1.07098e-06
5810.76 1.04402e-08 6215.09 4.88048e-09 -0.00606385 0.000745722 -1.04356e-06
5808.74 6.59523e-09 6190.37 3.09432e-09 -0.00477604 0.000523466 -8.22217e-07
5764.04 -1.41901e-08 6160.34 -6.6386e-09 -0.00536717 0.000892354 -9.31148e-07
6071.27 3.39996e-09 6457.8 1.59823e-09 -0.00610313 0.000822818 -1.00525e-06
6166.3 -7.58109e-10 6552.51 -3.56713e-10 -0.00648756 0.000750085 -1.0521e-06
5464.59 -2.05084e-09 5861.54 -9.55978e-10 -0.00647767 0.000796311 -1.18539e-06
6126.81 1.08142e-08 6512.08 5.08722e-09 -0.00574354 0.000789023 -9.37445e-07
5820.52 6.84945e-11 6206.05 3.21198e-11 -0.00490116 0.000644913 -8.42048e-07
6052.46 9.77613e-09 6446.97 4.58895e-09 -0.00600287 0.000729333 -9.91807e-07
5276.76 -7.38471e-09 5660.48 -3.44205e-09 -0.00640084 0.000913507 -1.21302e-06
5644.39 1.07521e-08 6034.01 5.02894e-09 -0.00679478 0.000901835 -1.20381e-06
5563.71 -2.72814e-09 5950.16 -1.27548e-09 -0.00642979 0.00102161 -1.15567e-06
5769.7 -8.62564e-09 6145.08 -4.04936e-09 -0.00730746 0.00109121 -1.26652e-06
5905.99 2.14886e-09 6294.29 1.00815e-09 -0.00602243 0.000734801 -1.01971e-06
5892.69 1.73747e-09 6275 8.15806e-10 -0.00645371 0.00108751 -1.09521e-06
5731.52 6.1176e-09 6112.99 2.86792e-09 -0.00654906 0.000884295 -1.14264e-06
5956.37 -2.31302e-09 6329.27 -1.08837e-09 -0.00618652 0.000960453 -1.03864e-06
5605.68 1.08566e-08 5978.67 5.08965e-09 -0.00638382 0.000927207 -1.13881e-06
5817.66 4.12122e-09 6190.95 1.93636e-09 -0.00597439 0.000838841 -1.02694e-06
5532.23 -8.62791e-09 5916.09 -4.03405e-09 -0.00569813 0.000759273 -1.02999e-06
5848.49 4.73265e-09 6235.72 2.21938e-09 -0.00618003 0.000825228 -1.05669e-06
5757.16 2.57361e-08 6144.58 1.20567e-08 -0.00565724 0.000671294 -9.82645e-07
6266.79 1.77838e-09 6643.72 8.38741e-10 -0.00549022 0.000952561 -8.76082e-07
5863.55 1.53945e-09 6242.05 7.23053e-10 -0.00524199 0.000675546 -8.93995e-07
6126.88 -4.36822e-09 6575.79 -2.035e-09 -0.00667086 0.00102254 -1.08879e-06
6180.42 -1.17544e-08 6623.08 -5.48439e-09 -0.00670753 0.000799757 -1.08529e-06
6497.61 7.4989e-09 6928.67 3.51618e-09 -0.006381 0.000789401 -9.82052e-07
6618.71 4.36518e-09 7038.64 2.05238e-09 -0.00406532 0.000747533 -6.14217e-07
6257.99 -8.69432e-09 6692.81 -4.06473e-09 -0.00496883 0.000703235 -7.93998e-07
6135.11 -6.83302e-09 6567.15 -3.19174e-09 -0.00757136 0.000997575 -1.2341e-06
6902.18 -8.44801e-09 7230.73 -4.03207e-09 -0.0048609 0.000728075 -7.04256e-07
6092.93 3.48762e-09 6514.97 1.63085e-09 -0.00610291 0.000688863 -1.00164e-06
6095.96 -9.33109e-09 6518.56 -4.36307e-09 -0.00703496 0.000996784 -1.15404e-06
5939.06 9.8268e-09 6359.21 4.58878e-09 -0.0059122 0.000839063 -9.95477e-07
6106.52 5.22888e-09 6530.62 2.44466e-09 -0.00606985 0.000997241 -9.93995e-07
5995.57 4.35939e-09 6417.85 2.03627e-09 -0.00643231 0.000800169 -1.07284e-06
6105.73 -1.25729e-08 6534.14 -5.87427e-09 -0.00670217 0.000852713 -1.09768e-06
6476.69 -3.20555e-09 6926.03 -1.49879e-09 -0.00683641 0.000965032 -1.05554e-06
6565.74 -2.01536e-09 6982.42 -9.47548e-10 -0.00350281 0.000592885 -5.33498e-07
6666.66 6.14868e-10 7103.38 2.88533e-10 -0.00694172 0.00100149 -1.04126e-06
6571.55 4.43766e-09 7003.47 2.08199e-09 -0.00549965 0.000680204 -8.36888e-07
6213.29 -5.43666e-09 6649.08 -2.54016e-09 -0.00586106 0.000886402 -9.4331e-07
6441.33 1.05613e-08 6864.51 4.95513e-09 -0.00618721 0.000824744 -9.60548e-07
6037.64 -1.94089e-08 6463.77 -9.06466e-09 -0.00643553 0.000748584 -1.0659e-06
6064.49 -5.59686e-09 6497.45 -2.61195e-09 -0.00682725 0.00096699 -1.12578e-06
6415.17 -3.73842e-09 6833.58 -1.75476e-09 -0.00630545 0.000906693 -9.82897e-07
6143.48 4.8406e-09 6561.25 2.2662e-09 -0.00665507 0.00075875 -1.08327e-06
6318.53 -9.13614e-09 6751.67 -4.27502e-09 -0.00668082 0.000779981 -1.05734e-06
5565.61 3.51026e-09 5940.45 1.64438e-09 -0.00561395 0.000860165 -1.00869e-06
4832.41 9.0656e-09 5101.02 4.29411e-09 -0.00641285 0.00101817 -1.32705e-06
5785.86 1.0644e-08 6147.5 5.00891e-09 -0.00600772 0.000947654 -1.03834e-06
5426.38 8.71804e-09 5797.75 4.07981e-09 -0.00532703 0.000790835 -9.81692e-07
5716.58 -5.24327e-11 6096.24 -2.45836e-11 -0.00610639 0.000804245 -1.06819e-06
5671.22 1.14539e-08 6045.1 5.37273e-09 -0.00634377 0.000915679 -1.11859e-06
5062.23 -2.18067e-09 5430.5 -1.01639e-09 -0.00618216 0.0008169 -1.22123e-06
5610.87 9.48078e-09 5989.68 4.44059e-09 -0.00605071 0.0010123 -1.07839e-06
5252.59 5.50581e-09 5633.23 2.56689e-09 -0.00581092 0.000684188 -1.1063e-06
5675.95 7.82769e-09 6035.81 3.68049e-09 -0.00567786 0.000616467 -1.00034e-06
4993.5 1.65414e-08 5366.93 7.69523e-09 -0.00636849 0.00114336 -1.27536e-06
5230.54 -5.43208e-09 5597.14 -2.53815e-09 -0.00665274 0.000776832 -1.2719e-06
5727.28 -7.11296e-11 6111.55 -3.33286e-11 -0.00708336 0.000864548 -1.23678e-06
5767.07 -1.00477e-08 6146.26 -4.71392e-09 -0.00592815 0.000730027 -1.02793e-06
5367.44 5.4409e-10 5729.92 2.54835e-10 -0.00624757 0.000836605 -1.16397e-06
5467.89 1.11812e-08 5836.38 5.23764e-09 -0.00635462 0.000945067 -1.16217e-06
5268.47 -9.18326e-09 5638.81 -4.29007e-09 -0.00754685 0.000994274 -1.43245e-06
5883.48 -1.45568e-08 6257.6 -6.84327e-09 -0.00658839 0.000908945 -1.11981e-06
5427.18 4.97524e-09 5803.32 2.32639e-09 -0.00678748 0.000789871 -1.25065e-06
5595.35 1.79346e-09 5960.1 8.41849e-10 -0.00662945 0.000879026 -1.18482e-06
5029.38 -6.44156e-10 5389.86 -3.00537e-10 -0.00650639 0.000874129 -1.29368e-06
5240.07 7.40942e-09 5615.14 3.45725e-09 -0.00581571 0.000733212 -1.10985e-06
5636.55 8.69897e-09 6015.47 4.07551e-09 -0.00543791 0.000668431 -9.64758e-07
5618.54 -1.70448e-08 5956.41 -8.03897e-09 -0.00741589 0.000993552 -1.31989e-06
5783.85 5.58889e-10 6149.24 2.6284e-10 -0.00699048 0.00089508 -1.20862e-06
4702.65 -2.52632e-08 5067.51 -1.17221e-08 -0.00591534 0.000745678 -1.25788e-06
5584.33 -1.49653e-08 5945.13 -7.02851e-09 -0.00555487 0.000797813 -9.94725e-07
4787.27 1.19757e-08 5164.69 5.55029e-09 -0.00541331 0.000658541 -1.13077e-06
5268.99 -1.77866e-08 5639.19 -8.30945e-09 -0.00651414 0.000800296 -1.23632e-06
5729.23 4.66671e-09 6093.24 2.19396e-09 -0.00539507 0.000806577 -9.41674e-07
6204.7 -7.14621e-09 6615.25 -3.35135e-09 -0.00597111 0.000813363 -9.62352e-07
6115.08 7.27677e-09 6520.66 3.41208e-09 -0.00550131 0.000874926 -8.99631e-07
6492.95 8.40761e-09 6891.6 3.96063e-09 -0.00583707 0.000938593 -8.98985e-07
6075.68 2.43513e-09 6477.74 1.14199e-09 -0.00650106 0.000783166 -1.07001e-06
5593.21 1.65049e-08 6001.61 7.69087e-09 -0.0055008 0.000828336 -9.83479e-07
6699.08 -7.93817e-09 7110.66 -3.73934e-09 -0.00635504 0.000766988 -9.48644e-07
6362.48 7.38169e-09 6777.02 3.46509e-09 -0.00708942 0.000880949 -1.11425e-06
6413.35 -7.95152e-09 6832 -3.73214e-09 -0.00601682 0.000815193 -9.38171e-07
6472.17 -1.01442e-08 6887.95 -4.76593e-09 -0.00633041 0.000784629 -9.78096e-07
5705.82 6.89706e-09 6121.64 3.21429e-09 -0.00547567 0.00069135 -9.59664e-07
6153.19 1.15088e-08 6555.25 5.40148e-09 -0.0057881 0.000917362 -9.40667e-07
6093.84 5.07978e-09 6511.97 2.37681e-09 -0.00610474 0.000965023 -1.00179e-06
5973.44 -8.63026e-09 6377.52 -4.04173e-09 -0.00617722 0.000994832 -1.03411e-06
6202.21 8.17917e-09 6622.55 3.83001e-09 -0.0062249 0.00090597 -1.00366e-06
6532.94 1.27921e-08 6942.48 6.01874e-09 -0.00630192 0.000767933 -9.64637e-07
6050.39 -1.01737e-08 6442.5 -4.77724e-09 -0.00704143 0.000968751 -1.1638e-06
6595.41 5.78037e-09 6991.76 2.72634e-09 -0.00660442 0.000867389 -1.00137e-06
5875.31 -1.54048e-08 6298.64 -7.18473e-09 -0.00691435 0.000964778 -1.17685e-06
6120.41 -1.2375e-08 6527.4 -5.80172e-09 -0.00563769 0.000826322 -9.21129e-07
6255.64 2.8796e-09 6655.56 1.35328e-09 -0.00615612 0.000824395 -9.84091e-07
6734.13 7.78254e-09 7132.72 3.67382e-09 -0.00651569 0.000722641 -9.67563e-07
5930.02 1.92201e-08 6344.06 8.98288e-09 -0.00539603 0.00079542 -9.09951e-07
5452.82 6.71251e-10 5867.94 3.11882e-10 -0.00618777 0.000814898 -1.13478e-06
6342.43 -1.2151e-08 6735.78 -5.72072e-09 -0.00635045 0.000990145 -1.00127e-06
6021.42 2.07629e-09 6424.38 9.73031e-10 -0.00626991 0.000988804 -1.04127e-06
5930.83 1.51292e-08 6346.54 7.06912e-09 -0.00556816 0.00072101 -9.3885e-07
6208.85 2.82965e-09 6609.55 1.32905e-09 -0.00577551 0.000862864 -9.30206e-07
6159.59 -3.50216e-09 6574.7 -1.64052e-09 -0.00683473 0.00084723 -1.10961e-06
6594.43 -8.18717e-09 6994.52 -3.85943e-09 -0.00617635 0.000735406 -9.36601e-07
5832.19 -1.7789e-09 6226.64 -8.33105e-10 -0.00628674 0.000848097 -1.07794e-06
5785.84 -3.06882e-09 6162.65 -1.44059e-09 -0.00655249 0.00102028 -1.1325e-06
6672.02 3.56172e-09 7080.18 1.6782e-09 -0.00605322 0.000768541 -9.07254e-07
5914.83 6.12133e-09 6319.69 2.86459e-09 -0.0054899 0.000676126 -9.28158e-07
6215.79 -1.46181e-08 6628.79 -6.85367e-09 -0.00623771 0.000897323 -1.00353e-06
5668.51 -9.99281e-09 6077.7 -4.66002e-09 -0.00638109 0.000712132 -1.12571e-06
5472.87 9.61552e-09 5862.29 4.4884e-09 -0.00626097 0.000816514 -1.144e-06
5753.75 8.10858e-09 6167.01 3.78261e-09 -0.00692479 0.000883103 -1.20353e-06
6199.74 6.35312e-09 6599.96 2.98393e-09 -0.00621674 0.000817953 -1.00274e-06
6226.22 3.82971e-09 6630.31 1.79815e-09 -0.00543182 0.000882179 -8.7241e-07
6270.61 -1.01651e-08 6684.69 -4.7677e-09 -0.00555371 0.00086671 -8.85673e-07
6245.62 1.76308e-10 6653.08 8.27553e-11 -0.00537994 0.000845214 -8.61394e-07
5962.99 -1.18602e-08 6370.86 -5.55043e-09 -0.00609504 0.000831905 -1.02214e-06
5867.23 -5.83785e-09 6274.57 -2.72943e-09 -0.00581744 0.000755978 -9.91513e-07
6180.1 3.66443e-09 6569.03 1.72374e-09 -0.00523239 0.000630187 -8.46651e-07
5217.09 2.15505e-08 5626.75 9.99075e-09 -0.00603243 0.000809459 -1.15628e-06
5885.38 -3.72153e-09 6279.54 -1.74397e-09 -0.00561559 0.000749937 -9.54159e-07
6332.96 2.087e-09 6732.22 9.81615e-10 -0.00749365 0.000908781 -1.18328e-06
6181.35 -1.41354e-08 6580.76 -6.63871e-09 -0.00615299 0.000781855 -9.95412e-07
6263.73 1.2461e-08 6688.49 5.83482e-09 -0.00538637 0.00080762 -8.5993e-07
6164.96 2.14974e-09 6559.94 1.01015e-09 -0.00661072 0.00075718 -1.07231e-06
5832.62 5.08447e-09 6237.83 2.37709e-09 -0.00575408 0.000802916 -9.86534e-07
6186.46 -2.95009e-10 6607.89 -1.38097e-10 -0.00656258 0.000866949 -1.0608e-06
5419.79 -6.525e-10 5813.9 -3.04134e-10 -0.00553931 0.000768234 -1.02205e-06
6283.82 -3.76529e-09 6699.95 -1.76572e-09 -0.0066882 0.000789066 -1.06435e-06
6168.02 -5.72695e-10 6577.6 -2.68517e-10 -0.00550203 0.000895437 -8.92025e-07
5734.15 -1.0188e-08 6135.81 -4.76055e-09 -0.00611714 0.0009517 -1.06679e-06
5741.41 -4.75354e-09 6142.93 -2.22141e-09 -0.0060835 0.000713173 -1.05958e-06
5289.32 5.7266e-09 5690.32 2.66152e-09 -0.00589725 0.000822141 -1.11493e-06
5259.58 3.6531e-09 5667.02 1.69523e-09 -0.00605504 0.000763117 -1.15124e-06
5235.47 -1.60432e-08 5628.52 -7.46144e-09 -0.00625228 0.000789462 -1.19421e-06
5344.96 7.16398e-09 5719.08 3.34767e-09 -0.00533623 0.000727889 -9.98366e-07
5668.91 -2.46772e-10 6093.65 -1.14786e-10 -0.00480682 0.00081326 -8.47928e-07
5713.64 3.60614e-09 6124.61 1.68208e-09 -0.00573945 0.000814442 -1.00452e-06
5524.99 1.02775e-08 5917.39 4.79797e-09 -0.00557295 0.00088929 -1.00868e-06
5953.31 -1.59522e-09 6346.5 -7.48193e-10 -0.00613013 0.000844773 -1.0297e-06
5732 -6.35904e-09 6127.05 -2.97451e-09 -0.00528418 0.000743307 -9.21873e-07
6237.86 -8.77853e-09 6625.96 -4.13218e-09 -0.00598532 0.00104292 -9.59514e-07
5616.04 -2.01183e-08 6022.52 -9.38021e-09 -0.0067434 0.000918924 -1.20074e-06
6028.5 7.41875e-10 6414.16 3.48634e-10 -0.00541353 0.000650591 -8.97989e-07
5714.21 5.98957e-09 6110.82 2.80041e-09 -0.00613129 0.000839059 -1.07299e-06
6271.23 2.01737e-09 6664.02 9.49232e-10 -0.00644781 0.000885393 -1.02816e-06
5735.96 -4.32186e-09 6121.67 -2.02477e-09 -0.00545704 0.000785391 -9.51372e-07
5989.42 -1.00086e-09 6372.87 -4.70321e-10 -0.0053625 0.00081038 -8.95329e-07
5527.98 -8.53168e-09 5913.05 -3.98804e-09 -0.00565204 0.000955675 -1.02244e-06
5940.97 -1.83113e-09 6317.69 -8.6097e-10 -0.0059522 0.000692656 -1.00189e-06
5915.05 5.61677e-09 6297.36 2.63789e-09 -0.00582562 0.000655912 -9.8488e-07
5993.94 -4.2999e-09 6390.02 -2.01669e-09 -0.00642732 0.00076093 -1.0723e-06
6050.62 7.97795e-09 6428.72 3.75437e-09 -0.00634868 0.000941429 -1.04926e-06
5649.89 1.50009e-08 6040.5 7.01545e-09 -0.00525835 0.000653069 -9.30699e-07
5785.63 -5.41172e-09 6181.74 -2.53247e-09 -0.0065712 0.000799282 -1.13578e-06
6343.17 -7.08278e-09 6725.58 -3.34003e-09 -0.00725881 0.000833173 -1.14435e-06
5794.84 1.21192e-08 6193.43 5.66963e-09 -0.00665427 0.000877684 -1.14831e-06
6045.19 -3.2028e-09 6438.27 -1.50363e-09 -0.00645731 0.000765122 -1.06817e-06
6573.36 1.2614e-10 6962.18 5.95479e-11 -0.00664192 0.000866511 -1.01043e-06
6302.32 2.04756e-09 6672.2 9.67027e-10 -0.00657416 0.000962019 -1.04313e-06
6613.22 -1.13149e-08 7054.41 -5.30362e-09 -0.00645456 0.000771275 -9.7601e-07
5927.36 -5.55585e-09 6366.59 -2.58628e-09 -0.00559729 0.0010631 -9.44314e-07
6311.36 -1.13245e-08 6754.51 -5.29075e-09 -0.00576729 0.000969167 -9.13795e-07
6196.96 1.16576e-08 6639.7 5.44013e-09 -0.00688089 0.000825598 -1.11036e-06
6196.61 5.67224e-09 6622.14 2.65387e-09 -0.00592261 0.000894978 -9.55782e-07
6356.6 6.70155e-09 6820.42 3.12291e-09 -0.00576233 0.00064645 -9.06511e-07
6560.9 1.79459e-09 6990.48 8.42155e-10 -0.00627952 0.000884361 -9.57112e-07
6726.06 1.51416e-09 7143.78 7.12812e-10 -0.00422669 0.000607464 -6.28406e-07
6586.6 -5.68385e-09 7016.51 -2.66779e-09 -0.00567244 0.00077755 -8.6121e-07
6087.61 -4.12483e-09 6550.3 -1.91673e-09 -0.00686533 0.00083341 -1.12775e-06
6151.83 -1.03901e-09 6606.43 -4.83759e-10 -0.00594934 0.00106449 -9.67085e-07
6499.47 1.23522e-08 6948.54 5.77695e-09 -0.00739848 0.000994311 -1.13832e-06
5734.77 -1.35134e-08 6167.17 -6.28295e-09 -0.00646182 0.00101481 -1.12678e-06
6475 1.51307e-08 6944.56 7.05379e-09 -0.00722461 0.000870615 -1.11577e-06
6456.79 5.85644e-09 6884.41 2.74633e-09 -0.00707434 0.000861337 -1.09564e-06
6147.02 -2.67848e-09 6569.35 -1.25314e-09 -0.00578781 0.000699642 -9.41564e-07
6323.11 7.5096e-09 6767.63 3.50817e-09 -0.00612261 0.000986434 -9.68292e-07
6412.77 -3.62252e-09 6853.96 -1.69467e-09 -0.0073646 0.0009591 -1.14843e-06
6500.07 1.29611e-08 6934.85 6.07424e-09 -0.00454539 0.000630536 -6.99283e-07
6256.63 5.87779e-09 6703.54 2.74297e-09 -0.00583187 0.000788762 -9.3211e-07
5921.27 3.18166e-09 6349.94 1.48344e-09 -0.0070304 0.00105344 -1.18731e-06
6760.88 -2.82555e-09 7184.32 -1.32951e-09 -0.00652954 0.000954138 -9.65783e-07
6626.7 -6.93656e-09 7038.61 -3.26531e-09 -0.00629565 0.00075636 -9.50044e-07
6279.2 -4.47355e-09 6708.13 -2.09375e-09 -0.00610127 0.000669754 -9.71663e-07
6621.79 -1.21693e-09 7077.35 -5.69301e-10 -0.0059245 0.000909659 -8.94697e-07
6416.85 1.35828e-09 6834.2 6.37668e-10 -0.00643576 0.000932422 -1.00295e-06
6536.15 -8.11906e-10 6952.53 -3.8164e-10 -0.00483409 0.000702066 -7.39592e-07
6713.27 -1.02001e-08 7133.91 -4.79933e-09 -0.00318636 0.000693337 -4.74635e-07
6527.4 -6.30129e-09 6986.44 -2.94363e-09 -0.00664663 0.00084587 -1.01827e-06
6287.56 6.76339e-09 6724.19 3.1621e-09 -0.00623394 0.000716705 -9.91472e-07
6439.27 9.07529e-10 6866.24 4.25547e-10 -0.00727475 0.000987837 -1.12975e-06
5984.98 -6.59564e-09 6432.52 -3.06838e-09 -0.00714964 0.000875229 -1.1946e-06
6234.93 1.10018e-08 6682.41 5.13255e-09 -0.00524616 0.000746536 -8.41414e-07
6366.61 1.08098e-08 6794.7 5.06436e-09 -0.00664623 0.000892851 -1.04392e-06
6528.63 -1.46981e-09 6967.02 -6.88661e-10 -0.00404212 0.000532513 -6.19137e-07
6510.53 1.39696e-08 6959.2 6.5345e-09 -0.00554233 0.000881408 -8.51286e-07
6704.57 -7.14216e-10 7126.81 -3.3595e-10 -0.00527203 0.000796115 -7.86333e-07
6548.62 9.34496e-09 6991.76 4.37634e-09 -0.00535678 0.000756858 -8.18002e-07
6235.8 -1.49332e-08 6669.58 -6.98096e-09 -0.00734001 0.000841119 -1.17708e-06
5953.3 7.52241e-09 6405.22 3.49583e-09 -0.0055007 0.000608091 -9.23974e-07
6571.51 -3.2517e-09 7009.33 -1.5243e-09 -0.0070241 0.000897597 -1.06887e-06
5868.13 1.56414e-08 6290.97 7.29505e-09 -0.00628925 0.000734156 -1.07176e-06
6599.67 7.42073e-09 7042.75 3.47693e-09 -0.00356491 0.000465598 -5.40165e-07
6670.06 1.22238e-08 7112.1 5.73203e-09 -0.00670422 0.000750953 -1.00512e-06
6546.78 -1.22066e-09 6975.53 -5.72815e-10 -0.00701059 0.000876819 -1.07085e-06
5694.8 -6.04471e-11 6080.16 -2.8308e-11 -0.00624771 0.000881416 -1.09709e-06
5999.43 -1.09504e-08 6381.4 -5.14749e-09 -0.00695712 0.000921912 -1.15963e-06
5315.02 -1.97081e-09 5710.45 -9.17167e-10 -0.00604118 0.000733165 -1.13662e-06
5978.02 -7.43067e-09 6358.16 -3.49321e-09 -0.00655283 0.000952691 -1.09615e-06
5587.22 8.03845e-10 5959.21 3.76833e-10 -0.00633262 0.000869982 -1.13341e-06
6368.44 2.2173e-09 6762.45 1.04406e-09 -0.00666705 0.0010045 -1.04689e-06
5380.33 1.04925e-08 5763.23 4.89769e-09 -0.00670208 0.000794743 -1.24566e-06
6005.93 4.81327e-09 6389.69 2.26209e-09 -0.00546755 0.000854284 -9.10358e-07
5276.68 1.02313e-08 5660 4.76921e-09 -0.00713361 0.00088499 -1.35191e-06
6076.09 -2.15489e-09 6459.03 -1.01357e-09 -0.00641396 0.000869062 -1.05561e-06
5623.95 3.82446e-10 6014.24 1.78814e-10 -0.0063157 0.000753814 -1.123e-06
5926.17 6.59818e-09 6314.39 3.09625e-09 -0.00561847 0.000650796 -9.48077e-07
5341.53 1.17643e-09 5725.61 5.48759e-10 -0.00695502 0.000806926 -1.30207e-06
5367.04 6.71136e-09 5766.69 3.12312e-09 -0.00540055 0.000832074 -1.00624e-06
5683.42 -1.74862e-10 6070.03 -8.18622e-11 -0.00671073 0.000954136 -1.18076e-06
5978.57 -1.2369e-08 6370.82 -5.8037e-09 -0.00614684 0.000894485 -1.02814e-06
5587.78 5.72923e-09 5970.57 2.68096e-09 -0.00695473 0.000884717 -1.24463e-06
5674.82 -4.97214e-10 6074.98 -2.32231e-10 -0.0062989 0.000839644 -1.10997e-06
5503.28 -6.95008e-09 5886.3 -3.24891e-09 -0.00609302 0.000914026 -1.10716e-06
5793.74 6.26014e-10 6175.04 2.93679e-10 -0.00638723 0.000914984 -1.10244e-06
5032.1 -4.46159e-09 5413.49 -2.07363e-09 -0.00666922 0.000903967 -1.32534e-06
5523.8 -4.72331e-09 5913.5 -2.20602e-09 -0.00474167 0.000736956 -8.58406e-07
5644.65 -5.32774e-09 6037.81 -2.49041e-09 -0.0062633 0.000690986 -1.1096e-06
5437.3 -1.56476e-08 5820.21 -7.30908e-09 -0.0054242 0.000749903 -9.97591e-07
5626.72 -1.27205e-08 5995.44 -5.96908e-09 -0.00655324 0.000847808 -1.16466e-06
5714.71 1.34149e-08 6098.84 6.28499e-09 -0.00549755 0.000799256 -9.62e-07
5848.47 1.86469e-09 6228.07 8.75518e-10 -0.00464855 0.00076993 -7.94832e-07
5463.28 -7.48399e-10 5859.37 -3.48904e-10 -0.00607642 0.000732939 -1.11223e-06
6122.36 -7.58034e-10 6497.34 -3.57143e-10 -0.00483256 0.000788605 -7.8933e-07
6404.42 -6.41253e-09 6818.98 -3.01134e-09 -0.00322027 0.000390827 -5.0282e-07
6799.38 1.33415e-08 7201.4 6.29837e-09 -0.00660442 0.00102907 -9.71327e-07
6012.89 -1.10483e-09 6433.8 -5.16277e-10 -0.0060115 0.000654244 -9.99767e-07
6124.26 -2.80829e-09 6538.68 -1.31515e-09 -0.00743416 0.0010302 -1.21389e-06
6339.83 -3.25246e-10 6740.97 -1.52946e-10 -0.00614224 0.000845207 -9.68834e-07
6068.89 5.67456e-09 6491.17 2.6527e-09 -0.0057612 0.000704968 -9.493e-07
6659.14 -6.87794e-10 7087.08 -3.23131e-10 -0.00605096 0.000779937 -9.08669e-07
6169.44 -1.30297e-08 6562.46 -6.12468e-09 -0.00633599 0.000784608 -1.027e-06
6488.79 -1.42392e-09 6898.93 -6.69637e-10 -0.00618048 0.000708831 -9.52485e-07
6171.11 -1.10596e-09 6571.87 -5.19258e-10 -0.00694521 0.000803184 -1.12544e-06
6406.32 -6.01066e-09 6829.38 -2.81916e-09 -0.00589521 0.000909444 -9.20218e-07
6070.23 -5.85624e-09 6510.6 -2.73007e-09 -0.00606184 0.000708143 -9.98619e-07
6466.96 -1.13174e-08 6894.81 -5.30753e-09 -0.00611149 0.000860534 -9.45034e-07
6106.22 2.20716e-09 6503.43 1.03618e-09 -0.00575084 0.000719813 -9.41799e-07
6151.6 -1.44977e-08 6556.59 -6.80109e-09 -0.00655699 0.000858271 -1.0659e-06
6001.86 1.0923e-09 6398.17 5.12323e-10 -0.00659628 0.00080918 -1.09904e-06
6839.88 3.00924e-10 7247.66 1.41997e-10 -0.00695119 0.000865725 -1.01627e-06
5987.91 -4.29447e-09 6415.38 -2.00416e-09 -0.00619764 0.000804506 -1.03503e-06
6357.87 -2.59582e-09 6780.6 -1.21699e-09 -0.00653598 0.000765518 -1.02801e-06
6374.09 -4.93552e-09 6788.98 -2.31695e-09 -0.00693994 0.00102688 -1.08877e-06
5838.34 7.97903e-09 6255.43 3.72351e-09 -0.00657501 0.000813271 -1.12618e-06
6184.88 -2.89706e-09 6608.79 -1.35562e-09 -0.00662687 0.00078867 -1.07146e-06
6057.17 -2.6068e-09 6469.75 -1.22028e-09 -0.0057042 0.000678994 -9.41727e-07
6474.58 2.65272e-08 6896.96 1.24513e-08 -0.0062662 0.000690156 -9.67815e-07
6545.94 -1.32752e-08 6957.11 -6.24533e-09 -0.00573552 0.00100569 -8.76195e-07
5815.01 3.0612e-09 6243.72 1.4255e-09 -0.00612738 0.000937165 -1.05372e-06
6359.01 -6.63343e-09 6769.55 -3.11557e-09 -0.00654483 0.000804647 -1.02922e-06
6696.86 8.21989e-09 7116.05 3.86784e-09 -0.00644175 0.000888325 -9.61906e-07
6459.05 -6.718e-09 6872.39 -3.15697e-09 -0.00675267 0.000886187 -1.04546e-06
5367.26 7.58103e-09 5800.89 3.50716e-09 -0.00570843 0.000784778 -1.06357e-06
6460.71 -6.8948e-09 6881.16 -3.23676e-09 -0.00625324 0.000901596 -9.67888e-07
6584.63 -2.79575e-09 6987.23 -1.31733e-09 -0.00651656 0.000860875 -9.89662e-07
5978.12 9.6783e-09 6398.92 4.52092e-09 -0.00583538 0.0007319 -9.76124e-07
6088.01 -2.74726e-09 6507.47 -1.28509e-09 -0.00586346 0.00100568 -9.63116e-07
6443.01 -3.57885e-10 6873.38 -1.67738e-10 -0.00590457 0.000767748 -9.1643e-07
6260.17 -1.24807e-08 6671.56 -5.85555e-09 -0.00603238 0.000686672 -9.63612e-07
6495.9 6.4074e-09 6923.68 3.00576e-09 -0.00578149 0.000691703 -8.90022e-07
6537.09 -1.33706e-08 6965.58 -6.27403e-09 -0.00676055 0.000982351 -1.03418e-06
6264.62 -8.77365e-09 6676.41 -4.11625e-09 -0.00429034 0.000649889 -6.84853e-07
6190.09 -1.14345e-09 6605.91 -5.35739e-10 -0.00670678 0.000777251 -1.08347e-06
6565.73 2.03668e-09 6989.67 9.56574e-10 -0.00644983 0.000772471 -9.82347e-07
6765.74 -8.41582e-09 7178.49 -3.96596e-09 -0.00561872 0.000733426 -8.30466e-07
6130.08 -2.84505e-09 6559.09 -1.32948e-09 -0.00657716 0.000738259 -1.07293e-06
6441.41 -7.18758e-09 6865.86 -3.37162e-09 -0.00654323 0.000734608 -1.01581e-06
5870.23 1.96379e-09 6283.86 9.17261e-10 -0.00522294 0.00074281 -8.89733e-07
6570.04 -5.94059e-09 6973.03 -2.79863e-09 -0.00572542 0.000893852 -8.71444e-07
6402.67 2.48578e-09 6815.4 1.16762e-09 -0.00616201 0.00103788 -9.62413e-07
6128.93 3.22817e-09 6553.43 1.50953e-09 -0.00579732 0.000920122 -9.45894e-07
6368.02 6.10899e-09 6783.8 2.86729e-09 -0.00657534 0.000754495 -1.03256e-06
5630.7 -2.00696e-09 6034.62 -9.36312e-10 -0.00660196 0.000847152 -1.17249e-06
5379.96 2.61549e-10 5799.67 1.21311e-10 -0.00544458 0.000748619 -1.01201e-06
5903.43 -1.90211e-08 6300.87 -8.91066e-09 -0.00732102 0.00126887 -1.24013e-06
6219.67 2.35437e-09 6615.34 1.10678e-09 -0.00700927 0.000781273 -1.12695e-06
6659.62 -1.43754e-08 7075.67 -6.76508e-09 -0.00593737 0.000737612 -8.91549e-07
6345.31 3.12953e-09 6759.71 1.46884e-09 -0.00649058 0.000753618 -1.02289e-06
5865.02 -1.39053e-09 6286.52 -6.4865e-10 -0.00594554 0.000731404 -1.01373e-06
5756.88 -1.48962e-08 6165.75 -6.9542e-09 -0.00577487 0.000863907 -1.00312e-06
5625.91 7.64399e-09 6015.39 3.57453e-09 -0.00679464 0.000764735 -1.20774e-06
5271.69 -1.17539e-08 5669.37 -5.46472e-09 -0.0063086 0.000809984 -1.19669e-06
6136.15 1.50502e-08 6522.47 7.0794e-09 -0.00630093 0.000679829 -1.02685e-06
6373.21 -1.07644e-08 6681.68 -5.13371e-09 -0.00631109 0.000757297 -9.90252e-07
6302.3 -6.42457e-09 6698.86 -3.02212e-09 -0.00624409 0.000683577 -9.90764e-07
5937.55 3.42051e-09 6329.37 1.60438e-09 -0.00553235 0.000649225 -9.31756e-07
6537.11 1.22898e-09 6944.33 5.78454e-10 -0.0054574 0.000617568 -8.34834e-07
6219.37 -1.9092e-09 6603.07 -8.99128e-10 -0.00679594 0.000787105 -1.09271e-06
6123.76 5.94089e-09 6430.23 2.82887e-09 -0.00600685 0.000831631 -9.80908e-07
6504.53 3.5455e-09 6912.5 1.66812e-09 -0.00519513 0.000753531 -7.98695e-07
5745.57 -1.02014e-08 6159.12 -4.75823e-09 -0.00505986 0.00083202 -8.80654e-07
6404.23 7.66248e-09 6812.61 3.60158e-09 -0.00636909 0.00069956 -9.94512e-07
5938.56 9.08044e-09 6328.4 4.26053e-09 -0.00608036 0.00100933 -1.02388e-06
6148.57 -1.11937e-08 6551.26 -5.2528e-09 -0.00693693 0.000807563 -1.12822e-06
5978.01 1.11283e-08 6381.29 5.21253e-09 -0.0066356 0.000894415 -1.11e-06
6036.71 1.38822e-08 6429.36 6.51719e-09 -0.00675415 0.000937334 -1.11885e-06
5932.4 1.58198e-08 6330.2 7.41283e-09 -0.00571034 0.000750682 -9.62569e-07
5874.07 7.61473e-09 6281.41 3.56046e-09 -0.0058586 0.000744981 -9.97366e-07
4952.61 1.52499e-08 5334.08 7.07964e-09 -0.00696646 0.000914552 -1.40662e-06
6151.53 1.28684e-08 6562.69 6.0311e-09 -0.00587319 0.000955021 -9.54754e-07
5553.93 8.87809e-09 5954.93 4.14012e-09 -0.00609998 0.000710585 -1.09832e-06
5909.67 1.19928e-08 6313.4 5.61295e-09 -0.00562369 0.000831422 -9.51608e-07
5841.17 2.42608e-09 6223.27 1.13856e-09 -0.00553165 0.000907784 -9.4701e-07
6086.97 7.0315e-10 6485.38 3.29977e-10 -0.00568291 0.000955181 -9.3362e-07
5901.53 -7.21454e-09 6302.16 -3.37796e-09 -0.00600189 0.000835373 -1.01701e-06
5938.38 -9.41069e-09 6335.76 -4.41022e-09 -0.00699153 0.000841844 -1.17735e-06
5535.38 -2.30279e-09 5923.28 -1.07599e-09 -0.0068116 0.000894225 -1.23056e-06
5890.51 -1.25456e-08 6282.99 -5.88096e-09 -0.00656644 0.000896516 -1.11475e-06
6011.87 6.73058e-09 6299.88 3.21144e-09 -0.00633992 0.000780425 -1.05457e-06
6043.96 1.2467e-08 6434.36 5.85529e-09 -0.00638698 0.00075374 -1.05675e-06
6314.94 1.11364e-08 6743.99 5.21395e-09 -0.00604996 0.000793788 -9.58039e-07
6306.04 -3.35727e-09 6716.71 -1.576e-09 -0.00545725 0.000830811 -8.654e-07
6863.12 3.20437e-09 7277.65 1.51093e-09 -0.00715803 0.000855355 -1.04297e-06
6783.06 1.15624e-08 7104.93 5.51932e-09 -0.00581339 0.000816822 -8.57045e-07
5830.74 -3.50388e-09 6237.96 -1.63757e-09 -0.00599457 0.0011889 -1.0281e-06
6763.38 1.26028e-08 6969.11 6.11536e-09 -0.00640534 0.000856055 -9.47063e-07
6180.73 2.46531e-09 6606.85 1.15315e-09 -0.00581427 0.000762537 -9.40709e-07
5936.13 5.38845e-09 6381.42 2.50623e-09 -0.00499308 0.000772091 -8.41134e-07
6267.4 -5.15358e-09 6490.13 -2.48836e-09 -0.00665277 0.000921372 -1.06149e-06
6304.6 5.62323e-09 6727.27 2.63496e-09 -0.00725327 0.000855274 -1.15047e-06
5892.43 -5.82098e-09 6328.65 -2.70988e-09 -0.00513234 0.000935122 -8.71005e-07
6802.92 9.70858e-09 7211.95 4.57898e-09 -0.00554969 0.000887858 -8.15781e-07
6273.15 -1.07633e-08 6699.8 -5.03895e-09 -0.00564041 0.000695285 -8.99135e-07
6277.14 -2.11215e-08 6689.58 -9.90962e-09 -0.00651536 0.000875496 -1.03795e-06
6775.62 -5.01437e-09 7202.06 -2.35873e-09 -0.00610454 0.000895761 -9.00957e-07
6024.14 7.98071e-09 6443.11 3.73088e-09 -0.00618454 0.000853612 -1.02663e-06
6642.47 4.08805e-09 7062.27 1.92252e-09 -0.00537226 0.000757366 -8.08774e-07
6145.79 -6.20817e-09 6561.7 -2.90733e-09 -0.00599461 0.000983025 -9.754e-07
6628.2 -3.11118e-09 7063.41 -1.45974e-09 -0.00608652 0.000914931 -9.18277e-07
6242.5 7.9242e-09 6650.23 3.71918e-09 -0.0063045 0.000828831 -1.00993e-06
5517.61 5.98265e-09 5940 2.77862e-09 -0.0058082 0.00068674 -1.05267e-06
6556.1 -5.19726e-09 6973.7 -2.44302e-09 -0.00526805 0.000753439 -8.03534e-07
6273.61 -7.08785e-09 6688.9 -3.3239e-09 -0.00631658 0.000857139 -1.00685e-06
6474.39 1.26437e-09 6896.04 5.9353e-10 -0.00622414 0.000856981 -9.61348e-07
5844.91 5.19622e-09 6274.07 2.42039e-09 -0.00626733 0.000813928 -1.07227e-06
5986.07 -1.75884e-08 6299.91 -8.35608e-09 -0.00582341 0.000827935 -9.72827e-07
6639.58 -1.89991e-09 7056.24 -8.93862e-10 -0.00599004 0.00105738 -9.02172e-07
6439.91 -9.52326e-09 6873.4 -4.46132e-09 -0.00748542 0.000884087 -1.16235e-06
