5.246060801778092989e-06
8.406907671165972836e-07
-7.241683459967576779e-08
5.639847428495295185e-07
5.413639125074951065e-07
-5.633027217539242191e-07
5.635686727814807070e-07
1.614608285504059304e-07
-8.978981990200943925e-08
-4.777603401761057999e-07
-1.465694297802917950e-07
-3.225324053677019317e-07
-5.065234090899390603e-07
-5.788948441536109204e-07
-3.099891723253483718e-07
-6.850622091963757354e-07
-1.010740786468942482e-06
-9.975074735901251893e-07
-7.911880894993148405e-07
-3.581786060037795346e-07
-6.352634964900910545e-07
-7.325268164583562619e-07
-9.274090887164209347e-07
-5.990644548241232761e-07
-5.218091315506114475e-07
-9.597057628713883618e-07
-6.122628038311232413e-07
-1.311494675039188315e-06
-5.406783617756533006e-07
-1.097160731638050031e-06
-1.001083818927917600e-06
-4.073229964689532657e-07
-8.111730657300390406e-06
-1.346162470488963260e-06
-8.969539040459682880e-07
-1.320275092019495891e-06
-3.275750189276056387e-07
-1.352780083208812102e-06
4.763232930782790797e-08
-8.957221078254648378e-07
5.510973442168059231e-08
-1.019576754158871332e-07
