-7.396082603118555923e-07
-7.329138827618493481e-07
-6.534819175323008271e-07
-6.650710310613115734e-07
-7.143705047258972159e-07
-7.000616783122758307e-07
-7.210011858377501227e-07
-6.649135799976580656e-07
-7.027466822736993184e-07
-6.957864988741392861e-07
-7.253398209530286295e-07
-6.966389978965441780e-07
-6.707655773736150760e-07
-7.587068857011561112e-07
-6.896353377121628548e-07
-6.942162054610119519e-07
-7.456243510377113192e-07
-7.019073190275178562e-07
-7.134472288083201824e-07
-6.919178545572152927e-07
-6.963446954800378554e-07
-7.286746903251299892e-07
-6.351385231794178280e-07
-7.300016666859749333e-07
-6.794279550756794125e-07
-7.089148952374796977e-07
-6.881668368610592947e-07
-6.962898963864780421e-07
-7.716158974477614311e-07
-6.928606142523079561e-07
-7.067215765956348035e-07
-7.285550341184622616e-07
-7.145919413893521359e-07
-7.088854520909375198e-07
-7.060765186048171547e-07
-7.332500121538835148e-07
-8.134846329944725545e-07
-8.140467540778851472e-07
-8.157204612518821671e-07
-7.807108947857399702e-07
-8.078671377487016710e-07
-7.990875620634833073e-07
-7.956517927468757446e-07
-7.172844298172422165e-07
-8.002730539401133605e-07
-6.957561722053636825e-07
-6.958317446684621276e-07
-6.349432259306473204e-07
-6.778624334478845471e-07
-6.562305040565268189e-07
-6.435918909755772725e-07
-6.768918474049784145e-07
-6.554646464915109711e-07
-6.622504899728994670e-07
-7.753978717669711031e-07
-7.380121757558723804e-07
-7.083321831407470394e-07
-7.741867266824268720e-07
-7.175050279831419671e-07
-6.956609470497376334e-07
-6.844247580369236335e-07
-7.510698125067505577e-07
-6.994845898902752873e-07
-7.751838027728262019e-07
-7.214360547382079670e-07
-6.979570725906566716e-07
-7.347038556580918085e-07
-7.034994186023265311e-07
-7.529103684712866386e-07
-7.284868943173155783e-07
-6.995996378069510285e-07
-7.322174988724494459e-07
-7.596861482706050549e-07
-8.393403036471781019e-07
-7.576189170288023688e-07
-7.749309963299045938e-07
-7.470735259356713526e-07
-7.926542404105764263e-07
-7.182441327036349924e-07
-8.038610329047161402e-07
-8.337404913764559394e-07
-7.070812251187170138e-07
-6.980803277481006999e-07
-6.740831465570718528e-07
-6.688518121210901020e-07
-7.367434974746129929e-07
-7.102628959709720538e-07
-6.708372961508027568e-07
-6.324096968556303238e-07
-6.701070141423777458e-07
-7.473276574210564583e-07
-7.858412268540063593e-07
-7.185141346358734641e-07
-6.864131561099093842e-07
-7.183784395314682882e-07
-7.663360874856575753e-07
-7.155076368604573939e-07
-6.966018185904701165e-07
-7.010639016476227254e-07
-7.462476865707651300e-07
-7.238124446172934640e-07
-7.556896268008788423e-07
-7.285923809939790741e-07
-7.231461085983982613e-07
-6.983351146734539291e-07
-7.893768187815649137e-07
-7.474742164604267842e-07
-7.047718908697431752e-07
-6.854429353261774934e-07
-6.814136908557594546e-07
-6.815097827773091879e-07
-6.697086980417950621e-07
-6.686432114987714186e-07
-6.970419843108157726e-07
-6.859919312871385911e-07
-7.282837401611822916e-07
-7.181228011833006533e-07
-6.521703088759896700e-07
-6.759851203567392412e-07
-6.607623703540166426e-07
-6.261733444154839629e-07
-6.585682022303937984e-07
-7.153616768646651685e-07
-6.905633879297886637e-07
-6.766752202243447427e-07
-6.165284450403177092e-07
-6.843019144355368384e-07
-7.570350143858157519e-07
-7.196311317798776530e-07
-7.318462973832740901e-07
-6.998424037863251764e-07
-7.249234322321264322e-07
-6.902028558791518608e-07
-6.873303649639473148e-07
-6.626566401276548203e-07
-7.631372324507787658e-07
-7.937125095728470857e-07
-7.491412209442130127e-07
-7.736666251145761928e-07
-7.784924381613555755e-07
-7.527285772914858656e-07
-7.776828330177566355e-07
-7.448899656342633271e-07
-7.305991333200778382e-07
-6.426332525009206958e-07
-6.144655685493045051e-07
-6.586734035339837750e-07
-6.370271057621900651e-07
-7.045019258771180589e-07
-6.670407929142428779e-07
-6.663595691936261905e-07
-6.530740421801094947e-07
-6.801448741672399846e-07
-7.300842822413558496e-07
-7.613526612786569414e-07
-7.224381486335263892e-07
-7.659699093338088652e-07
-7.360444649010099750e-07
-7.296944949960686204e-07
-7.068842062747953269e-07
-7.226308620368455193e-07
-6.976150591880161076e-07
-7.305018541781224380e-07
-7.335762924458207876e-07
-6.891277977141881444e-07
-7.042399690279131288e-07
-7.398156310187406538e-07
-6.813007402139714052e-07
-7.174178525445285418e-07
-7.002757296845866787e-07
-7.422723605419298532e-07
-6.348920013429676062e-07
-6.766866446876541248e-07
-7.059079106858041316e-07
-6.761326374985120200e-07
-6.934739806129296239e-07
-6.496745724610951780e-07
-6.754998475855719896e-07
-6.941896209489515470e-07
-6.072538662298121448e-07
-6.779431238635650657e-07
-6.834751190007829287e-07
-6.680713287781653297e-07
-6.542887847637264104e-07
-6.759382600592624923e-07
-6.878720990717662648e-07
-6.461477422635393863e-07
-6.914892895296568703e-07
-6.840010634660701137e-07
-8.647358556953191804e-07
-8.561705259595631485e-07
-8.261919838000137863e-07
-8.611012442889207819e-07
-8.523703343512210958e-07
-8.507641312942198384e-07
-8.212943130143651421e-07
-8.226873796325864778e-07
-8.485150879683371671e-07
-7.734088725154808254e-07
-8.153839847493249297e-07
-7.617139789407872525e-07
-7.485436627897573212e-07
-8.263142852982045913e-07
-8.413778665601695386e-07
-7.658626639295552666e-07
-8.289208009787170078e-07
-7.981902362818866207e-07
-6.949498700894396556e-07
-6.655134189509634590e-07
-6.973113278568261152e-07
-7.155753107298109855e-07
-6.774474255788659667e-07
-6.791034668521566091e-07
-6.373380736162721212e-07
-6.708066432114060379e-07
-7.148450717903140718e-07
-7.612001490062641508e-07
-7.773551316090619395e-07
-7.245052500383846696e-07
-7.810303871335816757e-07
-7.638902280856434216e-07
-7.391044726425938860e-07
-7.827946194227696125e-07
-7.094433368037504205e-07
-7.036475216383579483e-07
-6.525551854130262536e-07
-6.598935703885262785e-07
-6.534743465150993468e-07
-6.991898064061035811e-07
-6.501760248845930276e-07
-6.592366873127802219e-07
-6.834034491186517492e-07
-6.679539551147578724e-07
-6.885331890900126687e-07
-7.094014215949185727e-07
-7.477148244653169596e-07
-6.933359058388476526e-07
-6.966446168028783759e-07
-7.274686892076761179e-07
-7.243598658083278785e-07
-7.086899979952922119e-07
-7.001679743421920578e-07
-7.281142847463391549e-07
-7.197372555011652610e-07
-6.015143461309083398e-07
-7.115858983686670444e-07
-7.018302841544995009e-07
-6.307742400452083764e-07
-7.256011007925719636e-07
-7.269577294898651599e-07
-6.670548085858106382e-07
-6.934263656062246886e-07
-8.905268309117757083e-07
-8.849157514667558688e-07
-8.974392876396266356e-07
-9.168657160881619434e-07
-8.864040047027501115e-07
-8.722897827121658080e-07
-8.734059051684160956e-07
-8.851066440675016089e-07
-8.905585926600823232e-07
-6.739783264022113382e-07
-7.057432498000277524e-07
-7.098870591252659405e-07
-7.048526640257845737e-07
-6.877152977677894214e-07
-6.675555951028756840e-07
-6.883687950083558068e-07
-7.214742363014529129e-07
-7.282164178477672368e-07
-9.180431761398063485e-07
-9.410811616105672190e-07
-8.462707531418039550e-07
-8.424469323972549231e-07
-9.075696892547672380e-07
-8.796251463844965943e-07
-8.865093250916963476e-07
-8.704097596479743773e-07
-8.341867553496582862e-07
-7.113752527826062349e-07
-7.581936362282423411e-07
-7.359560069200300327e-07
-7.201331941741007627e-07
-7.438250553463156866e-07
-7.597012682390692795e-07
-7.073379282849895630e-07
-7.289715913764350966e-07
-7.462485095456435301e-07
-8.639554531677890592e-07
-8.893145218264613252e-07
-8.488654618259220302e-07
-8.661653574017319232e-07
-8.966411243636090245e-07
-8.772992449016418609e-07
-8.541770121718528769e-07
-8.673739693915899641e-07
-8.497005845751417167e-07
-7.586162968494448306e-07
-7.246727137757927494e-07
-7.219631053618928428e-07
-7.776069043786589110e-07
-7.525386416135849306e-07
-7.854661696072297985e-07
-7.288349044847311183e-07
-7.553397071416812243e-07
-7.646867125578278786e-07
-6.993587480596071858e-07
-7.491475239605800127e-07
-7.383668382766987488e-07
-6.956421661303986275e-07
-7.010799149460922138e-07
-6.760230441150955965e-07
-6.575012890048551617e-07
-7.193260983257446815e-07
-7.057378317347853971e-07
-8.210759324972702839e-07
-8.043412478038415579e-07
-8.028559235325814530e-07
-8.445104979226471410e-07
-8.183102752715342701e-07
-8.316193862753936261e-07
-8.121604924254157060e-07
-8.051568454027230670e-07
-8.065364317938152883e-07
-8.503848072636283002e-07
-8.587816536159798081e-07
-8.583007735163622442e-07
-8.697410789877286643e-07
-8.645480016452218391e-07
-8.633246163295511844e-07
-8.524309859809275118e-07
-8.579606528436461626e-07
-8.857256800826324351e-07
-8.056514957501543890e-07
-7.950970524104862673e-07
-8.039676507383153328e-07
-7.935665101534929289e-07
-8.361810545713676883e-07
-8.081996028332115762e-07
-8.057530824017147275e-07
-7.871900454908537411e-07
-8.182061884292627004e-07
-7.974701395013075375e-07
-8.078235937726586376e-07
-8.226130511296186812e-07
-8.271930659464252079e-07
-7.649063060088721196e-07
-8.180558758435248277e-07
-8.151311116760223164e-07
-7.870191127472015620e-07
-7.897692537738947234e-07
-7.723179804103960403e-07
-7.670905836881155564e-07
-7.665503109426333784e-07
-8.097963705449674717e-07
-7.708986579908031314e-07
-7.692912155240973897e-07
-7.837969527603880133e-07
-7.993744099940377881e-07
-7.753580521726757167e-07
-8.253158744753420220e-07
-8.394400071412251980e-07
-8.227947792776337850e-07
-8.661817250476541284e-07
-8.578413959250373648e-07
-8.329915322352517496e-07
-8.445425567118736186e-07
-8.364442695075401487e-07
-8.388817047342758606e-07
-7.841380186910952298e-07
-7.979874883264711221e-07
-7.738161589076465881e-07
-7.994848034087275582e-07
-7.874877316218635789e-07
-7.504022262783513030e-07
-7.986545263899661089e-07
-7.811212371233591088e-07
-7.670962490301676926e-07
