5912.82 4.33905e-09 6326.79 2.02757e-09 -0.0174028 0.00290633 -2.94323e-06
5957.73 7.28554e-09 6287.09 3.45194e-09 -0.0197306 0.00242855 -3.31177e-06
6133.84 7.82175e-09 6570.84 3.65078e-09 -0.0178506 0.00377945 -2.91018e-06
5555.84 2.08111e-08 5884.09 9.82509e-09 -0.0209229 0.00317914 -3.76593e-06
6219.03 -1.99264e-08 6654.53 -9.31114e-09 -0.0226833 0.00362332 -3.6474e-06
5522.42 -6.14263e-08 5972.7 -2.83977e-08 -0.0180189 0.00267182 -3.26287e-06
6355.7 -3.72498e-08 6784.95 -1.74466e-08 -0.0191604 0.00234839 -3.01468e-06
6005.86 -3.52468e-08 6435.1 -1.64479e-08 -0.0246449 0.00265814 -4.10347e-06
5821.75 6.64587e-10 6253.35 3.09359e-10 -0.0191304 0.00270377 -3.28601e-06
5962.81 -3.04379e-08 6391.9 -1.41973e-08 -0.0237531 0.00284803 -3.98353e-06
5875.1 -2.33125e-08 6287.81 -1.08911e-08 -0.0186503 0.00395012 -3.17447e-06
5719.57 3.73714e-08 6164.61 1.73368e-08 -0.0220279 0.00240467 -3.85132e-06
6755.05 1.51372e-08 7197.16 7.10368e-09 -0.0167075 0.00378514 -2.47334e-06
6644.44 1.52232e-08 6977.85 7.24791e-09 -0.0235306 0.00275677 -3.5414e-06
6065.38 -9.07003e-09 6482.47 -4.24322e-09 -0.0238447 0.0029664 -3.93128e-06
6050.83 -4.43103e-09 6504.71 -2.06092e-09 -0.0225389 0.00254013 -3.72492e-06
6223.71 -1.3062e-08 6693.68 -6.07245e-09 -0.0192979 0.00347825 -3.1007e-06
6110.41 -7.63206e-09 6526.31 -3.57285e-09 -0.0197868 0.00285972 -3.23821e-06
6481.42 1.57932e-08 6911.35 7.40538e-09 -0.0206251 0.0024423 -3.18219e-06
5914.13 5.22825e-08 6321.8 2.44555e-08 -0.0203374 0.0021963 -3.43878e-06
6529.67 2.21871e-08 6856.42 1.05649e-08 -0.0214141 0.00241942 -3.27951e-06
5883.17 -2.65483e-09 6310.47 -1.23753e-09 -0.0265017 0.00321041 -4.50466e-06
6118.88 1.38966e-08 6539.79 6.50109e-09 -0.0178846 0.00309339 -2.92286e-06
5844.49 -3.71368e-08 6262.89 -1.73279e-08 -0.0195963 0.00279392 -3.35295e-06
6011.64 -2.17188e-08 6334.25 -1.03063e-08 -0.0189568 0.0026215 -3.15334e-06
6088.25 -1.56698e-08 6512.58 -7.3244e-09 -0.01975 0.00259843 -3.24395e-06
6214.44 1.92343e-08 6655.88 8.97932e-09 -0.0182163 0.00274161 -2.93128e-06
5778.07 -1.47416e-08 6202.29 -6.86668e-09 -0.0200466 0.00333031 -3.46943e-06
6065.65 1.40692e-08 6490.28 6.57434e-09 -0.0177317 0.00224635 -2.92329e-06
6209.5 1.1033e-08 6634.84 5.16284e-09 -0.0220038 0.00324355 -3.54358e-06
5965.23 -9.50543e-09 6369.07 -4.45136e-09 -0.0214025 0.00306067 -3.58787e-06
5418.44 1.14855e-08 5790.29 5.37397e-09 -0.0191351 0.00270527 -3.53149e-06
5552.31 -1.42233e-08 5953.3 -6.63266e-09 -0.0193518 0.0025189 -3.48536e-06
5164.85 4.95473e-08 5566.48 2.29862e-08 -0.0230348 0.00279791 -4.45991e-06
5467.55 -5.12023e-08 5767.35 -2.42703e-08 -0.0190346 0.00295531 -3.48138e-06
5572.34 -3.31549e-08 5870.9 -1.57344e-08 -0.0165644 0.00266761 -2.9726e-06
6015.57 -5.47487e-08 6403.39 -2.57164e-08 -0.0214209 0.00324163 -3.56091e-06
5351.36 3.16247e-08 5740.69 1.474e-08 -0.0198175 0.00310159 -3.70326e-06
5861.09 -1.70075e-08 6268.21 -7.95145e-09 -0.0180956 0.00282273 -3.08742e-06
5674.88 -1.42151e-08 6058.11 -6.65793e-09 -0.0155353 0.00200841 -2.73755e-06
5501.08 2.75433e-08 5887.32 1.28682e-08 -0.0217613 0.00247909 -3.95581e-06
5713.26 2.21905e-08 6136.52 1.033e-08 -0.0225035 0.00270579 -3.93882e-06
5060.6 1.9358e-08 5470.8 8.95329e-09 -0.0194181 0.00219372 -3.83711e-06
5640.97 -2.12264e-08 6044.65 -9.90443e-09 -0.0247121 0.00307366 -4.38084e-06
5872.49 3.40764e-08 6252.71 1.60021e-08 -0.0197394 0.00234688 -3.36134e-06
5412.6 -3.6386e-09 5801.53 -1.69734e-09 -0.018977 0.0023745 -3.50608e-06
5620.18 1.15981e-08 6013.06 5.42015e-09 -0.0213245 0.00367811 -3.79426e-06
6046.67 7.82461e-08 6439.38 3.6737e-08 -0.0211298 0.00269329 -3.49445e-06
5569.42 -1.14751e-08 5959.38 -5.36213e-09 -0.018175 0.00273241 -3.26335e-06
5610.76 6.17426e-08 6010.48 2.88182e-08 -0.0206383 0.00248236 -3.67835e-06
5455.94 1.55905e-08 5846.39 7.27463e-09 -0.0187958 0.0028334 -3.44501e-06
5612.15 2.89242e-09 6032.33 1.34548e-09 -0.0196206 0.00326837 -3.4961e-06
5467.98 3.25566e-08 5883.11 1.51296e-08 -0.0181516 0.00202466 -3.31963e-06
5116.71 1.45089e-08 5531 6.71107e-09 -0.0201427 0.00265417 -3.93666e-06
6154.04 -1.20303e-08 6527.61 -5.67091e-09 -0.0198757 0.00300996 -3.22969e-06
5793.97 8.5371e-09 6188.17 3.99664e-09 -0.0213692 0.00304893 -3.68817e-06
5405.36 -2.0221e-08 5789.57 -9.43955e-09 -0.0233666 0.0029369 -4.32285e-06
6107.43 -2.12078e-08 6522.14 -9.92965e-09 -0.0195666 0.00317246 -3.20373e-06
5360.36 3.0435e-08 5761.07 1.41591e-08 -0.0218028 0.00244427 -4.06742e-06
5707.41 2.68002e-08 6128.24 1.24799e-08 -0.0179975 0.00235737 -3.15336e-06
5348 1.01284e-07 5743.15 4.71577e-08 -0.0199403 0.00249311 -3.72856e-06
5372.16 -3.02168e-08 5759.18 -1.40931e-08 -0.0205871 0.00272455 -3.83217e-06
6016.48 -6.74429e-08 6393.19 -3.17344e-08 -0.0215825 0.00302782 -3.58723e-06
5649.3 1.32039e-08 6056.41 6.15818e-09 -0.0223626 0.00288041 -3.95848e-06
6070.79 -2.37081e-08 6458.22 -1.11429e-08 -0.0145792 0.00292521 -2.40153e-06
5837.6 -5.24029e-08 6219.65 -2.4592e-08 -0.02053 0.00273195 -3.51685e-06
6036.51 -1.24656e-08 6448.76 -5.83433e-09 -0.0203797 0.00356398 -3.37608e-06
5927.2 3.01378e-10 6310.63 1.41533e-10 -0.0218103 0.00276612 -3.6797e-06
5897.31 2.06565e-09 6309.32 9.65379e-10 -0.0191032 0.00219958 -3.2393e-06
5857.56 5.94754e-08 6261.52 2.78192e-08 -0.0210143 0.00251389 -3.58754e-06
5349.02 2.18709e-08 5766.6 1.01436e-08 -0.0155621 0.00242723 -2.90934e-06
6454.32 -4.40107e-09 6859.64 -2.07051e-09 -0.0242456 0.00330432 -3.75649e-06
5293.35 -1.18233e-09 5722.1 -5.46869e-10 -0.0201706 0.00225068 -3.81055e-06
5729.64 1.87572e-08 6144.83 8.7449e-09 -0.0200403 0.00240439 -3.49766e-06
6130.45 1.64487e-08 6541.08 7.70808e-09 -0.0198409 0.00226115 -3.23645e-06
5383.1 -2.31586e-08 5799.16 -1.07485e-08 -0.0222422 0.00318731 -4.13186e-06
5834.8 -2.64236e-08 6251.33 -1.23315e-08 -0.0197085 0.00274521 -3.37776e-06
5985.95 6.35154e-09 6403.8 2.96855e-09 -0.0223463 0.00256694 -3.73312e-06
5920.97 3.42459e-09 6308.61 1.60708e-09 -0.0177905 0.00237666 -3.00466e-06
6076.57 1.61452e-08 6486.44 7.56249e-09 -0.024452 0.002772 -4.02398e-06
5442.85 -4.20621e-09 5856.46 -1.95457e-09 -0.0219354 0.00364714 -4.03014e-06
5955.98 2.9009e-08 6391.4 1.35164e-08 -0.0206463 0.00256109 -3.46648e-06
5759.21 1.73864e-08 6163.73 8.12267e-09 -0.0219081 0.00288416 -3.80401e-06
5319.56 -4.16273e-09 5725.83 -1.93368e-09 -0.0194917 0.00233835 -3.66417e-06
5225.17 -1.04422e-08 5632.62 -4.84341e-09 -0.0192524 0.00228675 -3.68455e-06
5319.25 -2.99013e-08 5708.18 -1.3932e-08 -0.017488 0.00196774 -3.28768e-06
5498.39 -1.05988e-08 5903.15 -4.93604e-09 -0.0170887 0.00237477 -3.10794e-06
5938.74 -4.4372e-08 6335.97 -2.07951e-08 -0.0207806 0.00372702 -3.49916e-06
5634.81 -1.7117e-08 6014.49 -8.0182e-09 -0.0179154 0.00207076 -3.17941e-06
5794.08 3.25119e-08 6192.33 1.52105e-08 -0.0180626 0.00257432 -3.11743e-06
5306.36 9.05343e-08 5700.65 4.21362e-08 -0.0249575 0.00307629 -4.70332e-06
6287.29 -7.31672e-10 6714.97 -3.42536e-10 -0.0237302 0.00313831 -3.77432e-06
5270 3.28368e-08 5670.63 1.52584e-08 -0.0202573 0.00222731 -3.8439e-06
5859.8 -1.01033e-08 6227.07 -4.75372e-09 -0.0197442 0.00361444 -3.36943e-06
5358.31 -3.15067e-08 5770.13 -1.4629e-08 -0.0246516 0.00289768 -4.60062e-06
5762.76 1.68771e-08 6170.42 7.88103e-09 -0.0194829 0.0028062 -3.38082e-06
5556.71 8.23583e-10 5962.2 3.83785e-10 -0.0189198 0.00244239 -3.40486e-06
5946.92 3.35704e-08 6355.41 1.57064e-08 -0.0194983 0.0029514 -3.27872e-06
5938.82 8.88793e-09 6347.54 4.15782e-09 -0.0157982 0.00270136 -2.66016e-06
6079.4 2.45573e-08 6520.51 1.1448e-08 -0.0174945 0.00250803 -2.87767e-06
5445.43 4.94391e-08 5829.52 2.30909e-08 -0.0217278 0.0026204 -3.99009e-06
6195.58 1.8768e-09 6590.37 8.82187e-10 -0.0206862 0.00246436 -3.33887e-06
5692.4 -2.37114e-08 6079.46 -1.11009e-08 -0.0169567 0.0028555 -2.97883e-06
6034.05 4.24101e-08 6420.63 1.99283e-08 -0.0210198 0.00278699 -3.48354e-06
5974.39 2.0457e-09 6372.68 9.58923e-10 -0.0224952 0.00249926 -3.76527e-06
5535.72 -3.92043e-09 5917.79 -1.83366e-09 -0.0183474 0.00215174 -3.31436e-06
5936.67 2.07093e-09 6340.63 9.69498e-10 -0.018961 0.00355927 -3.19387e-06
5745.54 5.25023e-09 6144.49 2.45467e-09 -0.0204318 0.00241073 -3.55611e-06
5911.3 -1.3517e-08 6345.06 -6.2965e-09 -0.0233615 0.00344085 -3.95202e-06
6067.22 2.27585e-08 6452.6 1.06996e-08 -0.0209203 0.00297435 -3.44809e-06
5651.61 -1.95843e-08 5955.51 -9.29246e-09 -0.02014 0.00423858 -3.56359e-06
5751.75 -1.51251e-08 6170.46 -7.04935e-09 -0.0227241 0.00253092 -3.95082e-06
6028.2 -2.01967e-08 6448.39 -9.44031e-09 -0.0198625 0.00287467 -3.29494e-06
5641.49 -2.99658e-08 6073.85 -1.39164e-08 -0.014502 0.00273975 -2.5706e-06
5978.28 -1.79494e-08 6405.07 -8.37671e-09 -0.0222809 0.00264693 -3.72697e-06
5701.33 1.55445e-08 6109.48 7.253e-09 -0.0172392 0.00279935 -3.02371e-06
5632.5 -1.58127e-09 6019.48 -7.39808e-10 -0.0185004 0.00279573 -3.28458e-06
5778.74 -5.23255e-09 6201.47 -2.43793e-09 -0.0199963 0.00305391 -3.46033e-06
5724.74 5.25184e-08 6138.34 2.44899e-08 -0.0209649 0.00254336 -3.66217e-06
5555.82 1.26279e-08 5981.9 5.86423e-09 -0.0219133 0.00294602 -3.94421e-06
5619.24 9.33411e-10 6028.83 4.34998e-10 -0.0187569 0.00287363 -3.33797e-06
5728.1 -2.39816e-08 6128 -1.12083e-08 -0.0219249 0.00285344 -3.82761e-06
6362.57 -2.28756e-08 6756.55 -1.07709e-08 -0.0195958 0.00339416 -3.07986e-06
6245.49 -1.06025e-08 6674.35 -4.96064e-09 -0.0157078 0.0024079 -2.51506e-06
6148.34 -1.3368e-08 6563.14 -6.26158e-09 -0.0235154 0.00298126 -3.82468e-06
6016.49 1.32296e-08 6444.71 6.17527e-09 -0.0230927 0.00300037 -3.83823e-06
5903.81 4.79995e-09 6305.31 2.24716e-09 -0.0189445 0.00308702 -3.20886e-06
6182.11 6.16324e-09 6605.6 2.88406e-09 -0.0241575 0.00262036 -3.90764e-06
5920.35 -1.94981e-08 6329.95 -9.11822e-09 -0.0205675 0.00257923 -3.47404e-06
5583.54 5.06842e-08 5979.76 2.3663e-08 -0.0213075 0.00262194 -3.81613e-06
6179.4 7.51779e-09 6610.31 3.51386e-09 -0.0211533 0.00400658 -3.4232e-06
5811.3 1.23384e-08 6240.83 5.74461e-09 -0.0200649 0.00354666 -3.45273e-06
5507.39 2.46546e-08 5910.2 1.14871e-08 -0.0176808 0.00280161 -3.21038e-06
6065.51 -2.70649e-08 6493.04 -1.26414e-08 -0.0222662 0.0026875 -3.67096e-06
5548.93 -2.00033e-08 5945.37 -9.33473e-09 -0.0192697 0.00228763 -3.47268e-06
6283.64 -2.36973e-08 6701.44 -1.111e-08 -0.0190783 0.00242676 -3.03619e-06
6137.67 -1.59364e-08 6567.5 -7.44669e-09 -0.0194926 0.00249273 -3.17589e-06
6091.4 2.77418e-08 6500.38 1.29982e-08 -0.0199806 0.00292993 -3.28014e-06
5374.42 -7.67119e-09 5785.33 -3.56317e-09 -0.0224021 0.00278092 -4.16828e-06
5947.44 1.45024e-09 6373.73 6.7662e-10 -0.0248904 0.00325522 -4.18506e-06
6903.79 2.11518e-08 7359.93 9.92044e-09 -0.016917 0.00185242 -2.45039e-06
6170.97 -4.02775e-09 6600.73 -1.88275e-09 -0.0172579 0.00288823 -2.79663e-06
6065.04 -7.22102e-09 6503.86 -3.3669e-09 -0.0169988 0.00225055 -2.80275e-06
6526.87 -2.37215e-08 6960.12 -1.11224e-08 -0.0218863 0.00264344 -3.35326e-06
6443.85 1.44835e-09 6909.41 6.75381e-10 -0.0183788 0.00352335 -2.85215e-06
6182.83 -1.42815e-08 6620.3 -6.66887e-09 -0.0197745 0.00333275 -3.19829e-06
6337.27 4.65155e-08 6779.48 2.17407e-08 -0.0205495 0.00319778 -3.24264e-06
6739.07 7.61024e-09 7193.14 3.56492e-09 -0.0193318 0.00316805 -2.86861e-06
6407.43 -4.27992e-09 6865.54 -1.99717e-09 -0.0201249 0.00240715 -3.14086e-06
6294.32 -2.66269e-08 6748.4 -1.24176e-08 -0.0147331 0.00211305 -2.34069e-06
6431.53 -5.03421e-09 6891.48 -2.3491e-09 -0.016294 0.00200413 -2.53346e-06
6384.84 1.89263e-08 6862.44 8.80457e-09 -0.0204623 0.00317575 -3.20483e-06
6357.83 4.68527e-09 6793.7 2.19234e-09 -0.013766 0.00206638 -2.16521e-06
6226.4 2.6855e-08 6675.09 1.25249e-08 -0.0186871 0.00241482 -3.00126e-06
6091.32 -2.96549e-08 6540.16 -1.38098e-08 -0.022505 0.00279574 -3.6946e-06
6371.78 -1.16645e-08 6802.15 -5.46323e-09 -0.0224481 0.00296146 -3.52305e-06
5691.46 2.96871e-10 6151.99 1.37324e-10 -0.0165411 0.00219925 -2.9063e-06
6597.51 -1.69111e-11 7078.45 -7.88105e-12 -0.0192488 0.00293264 -2.91758e-06
6155.86 -5.99477e-09 6598.04 -2.79651e-09 -0.0172557 0.00250806 -2.80312e-06
6124.81 -2.91532e-08 6570.68 -1.35875e-08 -0.0185833 0.00303497 -3.0341e-06
6001.75 2.74041e-08 6421.64 1.28061e-08 -0.0205222 0.00274307 -3.41937e-06
6538.47 -5.39063e-09 6968.2 -2.52909e-09 -0.0168131 0.00184943 -2.57141e-06
6315.94 -8.92076e-09 6742.6 -4.17814e-09 -0.0213337 0.00271323 -3.37775e-06
6621.64 -2.08163e-08 7065.22 -9.75468e-09 -0.0200998 0.00284636 -3.03547e-06
6330.83 1.02148e-08 6781.12 4.76824e-09 -0.0244251 0.00298911 -3.85812e-06
6264.16 3.75315e-08 6719.24 1.74948e-08 -0.0238442 0.00332264 -3.80645e-06
6512.23 1.00431e-08 6917.21 4.72754e-09 -0.0198426 0.00266831 -3.04697e-06
6303.03 -2.1562e-08 6731.13 -1.00953e-08 -0.0171942 0.00366623 -2.72793e-06
6550.94 1.34635e-08 6998.65 6.30114e-09 -0.0193271 0.00313295 -2.95028e-06
5863.16 -2.30321e-09 6292.04 -1.07311e-09 -0.0187668 0.00254188 -3.20079e-06
5947.13 -3.28499e-08 6374.28 -1.53243e-08 -0.0167434 0.00254518 -2.81538e-06
6402.85 1.76759e-08 6834.04 8.28034e-09 -0.0173458 0.00287693 -2.70908e-06
6074.76 7.79648e-09 6514.34 3.63519e-09 -0.0208766 0.00243164 -3.43661e-06
6185.1 -1.25039e-08 6634.68 -5.8283e-09 -0.0217954 0.00237918 -3.52386e-06
5673.2 -1.12235e-08 6105.1 -5.21477e-09 -0.0251753 0.00282308 -4.43759e-06
6188.11 1.8368e-08 6646.55 8.55053e-09 -0.018792 0.0024255 -3.03679e-06
6454.59 4.09452e-08 6901.29 1.91475e-08 -0.0173759 0.0018924 -2.69202e-06
6066.74 -1.50014e-08 6511.59 -6.98827e-09 -0.0177096 0.00367442 -2.91913e-06
6082.21 2.64794e-08 6506.85 1.23756e-08 -0.0211163 0.00279634 -3.47182e-06
5642.07 5.78985e-09 6066.66 2.69232e-09 -0.0190789 0.00244696 -3.38153e-06
6101.29 -4.14137e-09 6541.69 -1.93128e-09 -0.0171055 0.0020046 -2.80359e-06
6101.91 -3.39251e-11 6536.94 -1.58337e-11 -0.0155621 0.0028248 -2.55036e-06
6119.78 -1.21719e-08 6562.02 -5.6758e-09 -0.0179993 0.00229867 -2.94116e-06
5447.09 2.53317e-08 5885.98 1.17214e-08 -0.018557 0.00322398 -3.40678e-06
5954.85 -8.16341e-09 6373.01 -3.81389e-09 -0.0190698 0.00272175 -3.2024e-06
6517.81 -2.61815e-08 6930.9 -1.23105e-08 -0.0151419 0.00349231 -2.32316e-06
6082.34 -1.12806e-08 6518.99 -5.26249e-09 -0.0188667 0.00227073 -3.10188e-06
6041.72 -1.45416e-08 6493.84 -6.7646e-09 -0.0194892 0.00279297 -3.22577e-06
6097.53 -2.38065e-08 6518.65 -1.11343e-08 -0.0194702 0.0024746 -3.19313e-06
6527.06 1.08637e-08 6947.37 5.10323e-09 -0.0255057 0.00309965 -3.90769e-06
6265.13 -1.39192e-08 6686.16 -6.52135e-09 -0.021852 0.0027286 -3.48787e-06
6536.03 -1.93248e-08 6985.87 -9.04021e-09 -0.0231971 0.00312594 -3.54911e-06
6351.36 -3.44382e-09 6812.65 -1.60532e-09 -0.0192695 0.00322119 -3.03392e-06
5957.1 -4.17705e-09 6406.76 -1.94194e-09 -0.0223537 0.00258373 -3.75244e-06
6333.63 9.10687e-09 6778.16 4.25481e-09 -0.0221897 0.00272593 -3.50347e-06
6262.12 -3.88653e-09 6702.58 -1.81557e-09 -0.0158477 0.00324977 -2.53072e-06
6013.49 -2.80505e-08 6444.28 -1.30877e-08 -0.0205842 0.00292955 -3.42301e-06
6490.39 2.93401e-08 6914.1 1.3771e-08 -0.0189338 0.00255224 -2.91721e-06
6212.57 -9.0804e-08 6647.73 -4.24299e-08 -0.0195901 0.00319129 -3.15329e-06
6255.62 -1.50673e-08 6656.75 -7.07966e-09 -0.0224451 0.00246129 -3.58798e-06
5932.2 2.54283e-08 6344.09 1.18887e-08 -0.0167751 0.0021333 -2.82781e-06
6056.92 -2.56155e-08 6480.3 -1.1971e-08 -0.0220145 0.00327542 -3.6346e-06
6369.58 -1.29681e-08 6793.12 -6.07978e-09 -0.0237307 0.00320157 -3.72564e-06
6091.91 1.1777e-08 6523.46 5.49895e-09 -0.0145284 0.0021656 -2.38487e-06
6491.49 4.19123e-08 6924.03 1.9647e-08 -0.0214185 0.00268187 -3.29948e-06
5912.02 5.61401e-09 6354.21 2.61167e-09 -0.0218137 0.0034227 -3.68972e-06
5832.48 -3.04094e-09 6244.24 -1.42021e-09 -0.020551 0.0029418 -3.52355e-06
6396.07 2.37807e-08 6858.9 1.1088e-08 -0.0252944 0.00286113 -3.95468e-06
6258.12 4.51637e-09 6687.93 2.11306e-09 -0.0154519 0.0030014 -2.46909e-06
6219.46 3.4013e-08 6651.38 1.59022e-08 -0.0212176 0.00265711 -3.41149e-06
5722.17 2.14803e-08 6177.94 9.94783e-09 -0.0207427 0.00268503 -3.62497e-06
6578.75 -5.23106e-08 7027.97 -2.44835e-08 -0.0190639 0.00310775 -2.8978e-06
5802.82 1.89998e-08 6256.71 8.81075e-09 -0.0208741 0.00237086 -3.59724e-06
6044.34 -1.93448e-09 6490.96 -9.00687e-10 -0.0204537 0.00274849 -3.38394e-06
7039.73 3.41898e-08 7480.57 1.60875e-08 -0.0087517 0.00123833 -1.24319e-06
6388.03 1.22524e-08 6801.2 5.75405e-09 -0.0217212 0.00250571 -3.40029e-06
6158.69 2.51378e-09 6611.9 1.17073e-09 -0.0210324 0.00336876 -3.41508e-06
6291.32 -2.25825e-08 6733.41 -1.05499e-08 -0.0224129 0.00290553 -3.56251e-06
6577.53 5.09433e-09 7015.54 2.38814e-09 -0.0214854 0.00305651 -3.26648e-06
6437.46 3.48155e-08 6883.62 1.62795e-08 -0.0194902 0.00217383 -3.02762e-06
6686.32 1.32018e-08 7112.59 6.20529e-09 -0.0172421 0.00260275 -2.57871e-06
6187.68 1.2905e-08 6638.85 6.01397e-09 -0.0206695 0.00265652 -3.34043e-06
5922.41 -1.91631e-08 6379.18 -8.89548e-09 -0.0216224 0.00272101 -3.65094e-06
6462.7 2.12243e-10 6915.64 9.91711e-11 -0.0206528 0.00384006 -3.19569e-06
6640.7 -1.16289e-08 7093.46 -5.44333e-09 -0.0236475 0.0032047 -3.56099e-06
6677.65 7.68902e-09 7101.43 3.61509e-09 -0.02118 0.00320166 -3.17177e-06
6245.95 4.48752e-09 6689.05 2.09513e-09 -0.0209934 0.00232764 -3.36112e-06
6459.56 -1.1324e-08 6887.27 -5.3104e-09 -0.0203432 0.00265934 -3.14931e-06
6443.36 9.12717e-09 6899.31 4.262e-09 -0.00677516 0.00076407 -1.05149e-06
6004.89 -4.4796e-08 6454.78 -2.08369e-08 -0.0241262 0.00296002 -4.01777e-06
6234.97 -3.16041e-08 6695.19 -1.47158e-08 -0.0193115 0.002299 -3.09729e-06
6809.78 8.32167e-09 7272.79 3.89595e-09 -0.0125528 0.00135181 -1.84335e-06
6320.08 1.25503e-08 6750.9 5.87469e-09 -0.0181306 0.00246245 -2.86874e-06
6126.75 3.90563e-08 6550.54 1.82647e-08 -0.0184408 0.0025147 -3.00988e-06
6489.81 -1.18101e-10 6958.92 -5.50698e-11 -0.0180891 0.00255006 -2.78731e-06
5957.21 8.38505e-09 6379.84 3.9148e-09 -0.0219677 0.00282862 -3.68757e-06
5544.11 7.27702e-09 5934.58 3.39911e-09 -0.0133638 0.00291412 -2.41045e-06
5796.51 1.81639e-08 6197.02 8.495e-09 -0.0190387 0.0027794 -3.28452e-06
6223.36 1.40172e-08 6638.95 6.56985e-09 -0.020805 0.00246233 -3.34305e-06
5660.96 2.16105e-08 6027.98 1.01474e-08 -0.0183037 0.00232927 -3.23331e-06
5794.41 4.8733e-09 6191.17 2.2805e-09 -0.0156825 0.00266864 -2.70649e-06
5835.71 -4.20658e-08 6218.47 -1.97383e-08 -0.0170793 0.00225926 -2.92668e-06
5821.11 -3.68675e-10 6226.53 -1.72335e-10 -0.0200884 0.00257452 -3.45095e-06
5572.4 1.61704e-08 5972.52 7.54355e-09 -0.0204871 0.00244422 -3.67653e-06
5745.76 -3.57704e-08 6152.25 -1.67035e-08 -0.0235294 0.00266235 -4.09508e-06
5984.07 -2.33812e-08 6396.83 -1.09363e-08 -0.0220653 0.00332382 -3.68734e-06
5814.5 -5.38053e-09 6193.77 -2.52553e-09 -0.0187114 0.0029202 -3.21805e-06
6060.95 3.3199e-08 6443.7 1.56135e-08 -0.0222618 0.00278366 -3.67299e-06
5227.84 1.37138e-09 5610.93 6.38874e-10 -0.0197103 0.00294217 -3.77025e-06
6211.68 -3.37839e-08 6608.16 -1.58785e-08 -0.0275009 0.00380473 -4.42728e-06
5578.89 2.14106e-08 5983.92 9.98069e-09 -0.0184775 0.0023595 -3.31205e-06
5807.42 2.93437e-08 6205.04 1.37317e-08 -0.020817 0.00230808 -3.58456e-06
5790.89 3.5279e-08 6191.28 1.64988e-08 -0.0191066 0.00219458 -3.29943e-06
5878.84 2.91718e-08 6281.29 1.36514e-08 -0.0212914 0.00330759 -3.62171e-06
5691.6 4.50821e-08 6077.44 2.111e-08 -0.0240407 0.00284604 -4.2239e-06
5849.59 -1.70161e-08 6274.8 -7.93151e-09 -0.0170749 0.00277874 -2.91899e-06
5775.05 5.11042e-08 6191.95 2.38317e-08 -0.0190473 0.00228887 -3.29821e-06
5758.04 3.68977e-08 6167.15 1.7225e-08 -0.0197566 0.0025313 -3.43114e-06
5020.01 1.86751e-08 5400.9 8.67902e-09 -0.0189063 0.00327493 -3.76619e-06
6138.76 3.51752e-08 6545.51 1.64947e-08 -0.0229816 0.00288076 -3.74369e-06
5902 5.19845e-08 6279.96 2.44279e-08 -0.0234166 0.0025173 -3.96757e-06
6037.54 4.5245e-09 6439.38 2.12108e-09 -0.0169986 0.00350985 -2.81549e-06
5501.25 -2.04738e-08 5885.75 -9.56818e-09 -0.0216454 0.00283878 -3.93462e-06
5730.75 5.92924e-08 6125.19 2.77371e-08 -0.0183868 0.0026453 -3.20844e-06
6095.95 3.7105e-08 6452.05 1.75286e-08 -0.0188489 0.00245506 -3.09203e-06
5938.15 1.25176e-08 6345.54 5.85697e-09 -0.0204254 0.0025551 -3.43969e-06
5399.68 -1.11738e-08 5805.17 -5.19666e-09 -0.0191387 0.00308735 -3.54442e-06
5133.27 5.22197e-08 5531.94 2.42282e-08 -0.0210103 0.00247053 -4.09297e-06
5447.16 1.69916e-09 5862.93 7.89331e-10 -0.0179563 0.00220218 -3.29645e-06
5764.45 3.49259e-08 6169.09 1.63176e-08 -0.0210507 0.00227861 -3.65182e-06
6137.16 -6.78064e-09 6520.41 -3.19105e-09 -0.0223551 0.00254563 -3.64259e-06
5712.98 -3.98267e-08 6110.6 -1.86176e-08 -0.0202836 0.00267202 -3.55045e-06
5931.43 4.70611e-08 6316.08 2.20975e-08 -0.0224419 0.00296174 -3.78356e-06
5548.73 -1.51119e-08 5941.8 -7.0561e-09 -0.024018 0.00302145 -4.32855e-06
5482.27 1.4574e-08 5877.87 6.79655e-09 -0.0203918 0.00361596 -3.7196e-06
5610.78 3.75019e-10 6002.33 1.75278e-10 -0.0264787 0.00287381 -4.71925e-06
5465.2 3.73025e-08 5874.9 1.73506e-08 -0.0211874 0.00283604 -3.87679e-06
5622.5 -1.38593e-08 6020.69 -6.47134e-09 -0.016724 0.00250914 -2.97447e-06
5464.21 -2.76307e-08 5865.5 -1.28701e-08 -0.0188849 0.00246599 -3.4561e-06
5808.97 -1.49822e-08 6192.27 -7.02738e-09 -0.0203951 0.00255517 -3.51097e-06
5764 -2.94718e-08 6146.34 -1.38192e-08 -0.0233795 0.00282843 -4.05613e-06
5563.49 -8.1294e-09 5965.56 -3.79074e-09 -0.0255343 0.00345511 -4.58962e-06
5990.62 2.2984e-09 6413.46 1.07343e-09 -0.0220656 0.00318332 -3.68336e-06
5493.24 3.5986e-08 5893.09 1.67722e-08 -0.0221909 0.00263952 -4.03968e-06
5611.33 -1.8078e-08 5994.81 -8.46079e-09 -0.0219924 0.00321741 -3.91928e-06
6412.03 2.94084e-08 6813.68 1.38375e-08 -0.0274126 0.0034978 -4.27518e-06
5911.64 1.89199e-08 6318.53 8.85076e-09 -0.0206018 0.00254816 -3.48495e-06
5680.5 -3.30032e-08 6075.73 -1.54282e-08 -0.018798 0.00253424 -3.30922e-06
5543.2 -2.09242e-08 5927.4 -9.78397e-09 -0.018661 0.00232447 -3.36646e-06
5969.1 3.23053e-08 6355.91 1.51696e-08 -0.0175257 0.00310295 -2.93606e-06
5268.28 1.52364e-08 5677.15 7.06956e-09 -0.0218765 0.00296125 -4.15249e-06
5881.09 -3.95035e-08 6253.03 -1.85769e-08 -0.0174118 0.00315905 -2.96064e-06
5464.49 -6.09121e-08 5835.35 -2.85205e-08 -0.0187435 0.00289664 -3.43006e-06
5960.12 -5.11064e-08 6355.31 -2.39642e-08 -0.0194544 0.00290225 -3.26409e-06
5706.65 -8.07895e-09 6093.67 -3.78292e-09 -0.0198063 0.00244473 -3.47073e-06
6070.57 -2.26084e-08 6462.46 -1.06187e-08 -0.0219405 0.00277421 -3.61424e-06
5601.23 4.98934e-08 5988.76 2.33324e-08 -0.0195294 0.00247846 -3.48662e-06
5749 -1.93793e-08 6148.49 -9.06008e-09 -0.0215926 0.00326038 -3.75588e-06
4409.57 4.30469e-08 4766.38 1.99122e-08 -0.0167066 0.00318512 -3.78871e-06
5207.96 8.00791e-08 5577.7 3.73853e-08 -0.0184889 0.00208357 -3.55012e-06
6129.64 3.32162e-08 6497.45 1.56679e-08 -0.0223182 0.00335917 -3.64104e-06
5695.01 1.41636e-08 6044.85 6.67195e-09 -0.0241331 0.00258925 -4.23758e-06
5482 -1.14876e-08 5869.54 -5.36457e-09 -0.0228896 0.00285317 -4.1754e-06
5654.77 -1.16799e-08 6032.78 -5.47404e-09 -0.0198966 0.00277831 -3.51855e-06
5169.71 -1.33466e-09 5555.48 -6.20992e-10 -0.0207162 0.00268867 -4.00722e-06
5485.44 -4.75633e-08 5839.87 -2.23383e-08 -0.0231483 0.00347264 -4.21995e-06
5380.55 -4.09338e-08 5753.96 -1.91387e-08 -0.0223967 0.00289123 -4.16253e-06
5149.52 1.04653e-08 5511.23 4.88924e-09 -0.0191062 0.00304686 -3.71028e-06
5591.83 -3.25669e-09 5965.5 -1.52635e-09 -0.0147101 0.00248589 -2.63063e-06
5216.32 -3.26711e-08 5597.69 -1.52226e-08 -0.0234548 0.00319157 -4.49643e-06
5094.05 1.26014e-08 5492.06 5.84409e-09 -0.0187879 0.00356149 -3.68819e-06
5891.23 -6.52816e-10 6279.03 -3.06249e-10 -0.0207567 0.00305834 -3.52333e-06
4673.66 3.25489e-08 5044.82 1.50771e-08 -0.0230328 0.00251564 -4.92821e-06
5599.81 1.89072e-08 5979.37 8.85348e-09 -0.019685 0.00211863 -3.5153e-06
5557.63 -3.00221e-08 5928.78 -1.40713e-08 -0.019238 0.00233114 -3.46155e-06
4989.97 -5.77319e-08 5366.75 -2.68394e-08 -0.0228096 0.00318199 -4.57108e-06
5260.63 -4.09801e-08 5646.66 -1.90893e-08 -0.0198299 0.002652 -3.7695e-06
4677.47 -4.2054e-08 5056.75 -1.94499e-08 -0.0181006 0.00357468 -3.86974e-06
5531.69 9.79972e-09 5898.33 4.59528e-09 -0.025457 0.00354624 -4.60203e-06
5319.54 3.09339e-08 5664.76 1.45244e-08 -0.0223334 0.00262578 -4.19837e-06
5194.46 -2.60572e-09 5566.75 -1.21573e-09 -0.0173255 0.00317945 -3.33539e-06
5182.33 -3.99927e-08 5544.13 -1.86914e-08 -0.0242414 0.00270233 -4.6777e-06
5376.43 -5.82143e-09 5751.59 -2.72086e-09 -0.0196966 0.0030908 -3.66351e-06
5037.57 -2.61546e-08 5426.72 -1.21395e-08 -0.0202248 0.0025901 -4.01479e-06
5736.66 -6.40622e-09 6105.44 -3.00964e-09 -0.0216935 0.00256912 -3.78155e-06
5638.75 4.3259e-08 6009.88 2.02938e-08 -0.0223179 0.00269297 -3.95795e-06
5704.01 1.47225e-08 6079.41 6.9067e-09 -0.0209745 0.00228028 -3.67715e-06
5182.99 -6.10924e-08 5543.25 -2.8561e-08 -0.0151031 0.00373898 -2.91398e-06
5264.26 6.13622e-08 5654.56 2.85633e-08 -0.0202402 0.00245777 -3.84483e-06
6220.74 -2.50566e-08 6613.91 -1.17835e-08 -0.0207348 0.00303253 -3.33317e-06
5939.07 -1.85511e-08 6348.94 -8.67676e-09 -0.0180108 0.00227758 -3.0326e-06
6079.14 -9.78116e-09 6489.56 -4.58129e-09 -0.0180126 0.00299764 -2.96302e-06
5405.63 3.04829e-08 5815.13 1.41682e-08 -0.016602 0.00282014 -3.07124e-06
5740.57 3.24683e-08 6161.47 1.51252e-08 -0.0188626 0.0031495 -3.28584e-06
5737.11 -3.11766e-09 6154.31 -1.45316e-09 -0.0171784 0.00303241 -2.99427e-06
5907.63 -1.86251e-08 6298.85 -8.73418e-09 -0.0221253 0.00265019 -3.74521e-06
6103.96 2.49273e-08 6525.28 1.16589e-08 -0.0215514 0.00272278 -3.53072e-06
5616.24 -3.8345e-08 6046.05 -1.78095e-08 -0.0183792 0.00307809 -3.27251e-06
5673.89 6.91062e-09 6073.14 3.22815e-09 -0.0184241 0.00219035 -3.24717e-06
5551.97 -5.36789e-08 5954.97 -2.50231e-08 -0.0204076 0.00296854 -3.67574e-06
5610.89 2.96704e-08 6009.85 1.38504e-08 -0.0159718 0.00285398 -2.84657e-06
5758.74 -4.37265e-08 6187.3 -2.03489e-08 -0.0231108 0.00291877 -4.01318e-06
6068.07 -1.73033e-08 6480.12 -8.10149e-09 -0.0186943 0.00272667 -3.08077e-06
5766.74 3.44676e-08 6175.43 1.60932e-08 -0.0185649 0.00354343 -3.2193e-06
5557.17 3.5362e-08 5942.5 1.65345e-08 -0.0161861 0.00204856 -2.91266e-06
5520.08 -8.96969e-09 5917.62 -4.18356e-09 -0.0239693 0.00260667 -4.3422e-06
5806.81 9.86787e-09 6216.92 4.60846e-09 -0.0204546 0.00299573 -3.52253e-06
5543.93 -6.68108e-09 5950.29 -3.1124e-09 -0.0181244 0.00305054 -3.26924e-06
5827.49 2.66614e-08 6207.4 1.25148e-08 -0.0218073 0.00284343 -3.74215e-06
5587.08 2.04827e-08 6009.29 9.52182e-09 -0.0195634 0.00270524 -3.50155e-06
6179.58 2.11893e-08 6581.48 9.94769e-09 -0.026178 0.00328398 -4.23622e-06
6435.68 9.6964e-09 6834.44 4.56533e-09 -0.0214877 0.0028568 -3.33884e-06
6132.72 1.82676e-08 6553.67 8.54711e-09 -0.0235127 0.00288033 -3.83397e-06
5723.92 4.07118e-08 6127.43 1.90154e-08 -0.0171791 0.00264534 -3.00128e-06
5599.95 -3.06298e-08 6001.47 -1.42903e-08 -0.0180664 0.00380797 -3.22618e-06
5926.3 6.0147e-09 6345.99 2.80846e-09 -0.0225178 0.00281626 -3.79964e-06
6868.87 -9.79408e-09 7290.69 -4.61371e-09 -0.0200558 0.00244296 -2.91982e-06
6152.6 -1.4019e-08 6551.29 -6.58294e-09 -0.0183594 0.00303391 -2.98401e-06
5468.3 -2.73811e-08 5840.86 -1.28173e-08 -0.0193826 0.00293607 -3.54453e-06
5692.17 -1.01803e-08 6094.41 -4.7542e-09 -0.0229835 0.00261494 -4.03774e-06
5657.64 6.42484e-09 6055.56 3.00133e-09 -0.0217312 0.00264945 -3.84104e-06
5487.82 -1.49564e-08 5903.77 -6.95133e-09 -0.0210569 0.00311378 -3.83702e-06
5977.44 1.50149e-08 6365.56 7.04971e-09 -0.0176501 0.00281567 -2.95279e-06
5466.16 3.73745e-08 5827.25 1.75292e-08 -0.0185939 0.0022827 -3.40164e-06
5650.29 1.84784e-08 6054.62 8.6222e-09 -0.0214681 0.00248623 -3.79947e-06
5835.99 -2.24559e-08 6207.26 -1.05564e-08 -0.0219955 0.00260688 -3.76894e-06
5458.67 8.33674e-09 5878.17 3.87089e-09 -0.020352 0.00235746 -3.72838e-06
5844.4 3.60445e-09 6244.69 1.6867e-09 -0.0222237 0.00314913 -3.80256e-06
5709.49 5.15923e-08 6103.4 2.41313e-08 -0.0188223 0.00252793 -3.29667e-06
5390.72 -4.88996e-08 5799.59 -2.27261e-08 -0.0200272 0.00339425 -3.71512e-06
6287.15 -3.97071e-09 6664.36 -1.87298e-09 -0.0180063 0.00365042 -2.86398e-06
5765.93 -5.1625e-09 6173.51 -2.41084e-09 -0.0175202 0.00227322 -3.03857e-06
5685.74 -1.99415e-08 6086.67 -9.31396e-09 -0.0221334 0.00243469 -3.8928e-06
5632.83 1.14923e-10 6023.75 5.37323e-11 -0.0207148 0.00261915 -3.67752e-06
5857.12 2.84259e-08 6269.51 1.3278e-08 -0.02638 0.00292735 -4.50392e-06
5518.8 2.58516e-08 5903.77 1.20829e-08 -0.0178332 0.00237521 -3.23134e-06
5923.63 -1.79647e-08 6305.54 -8.43832e-09 -0.0192973 0.0031166 -3.25768e-06
5920.17 1.11961e-08 6321.08 5.24298e-09 -0.0231613 0.00322093 -3.91226e-06
5756.57 -2.14651e-09 6109.76 -1.01121e-09 -0.0203562 0.00275418 -3.53616e-06
5658.8 -4.63578e-08 6066.48 -2.16212e-08 -0.0200649 0.00250872 -3.54578e-06
5555.12 -1.01417e-08 5910.33 -4.76611e-09 -0.0166296 0.00207501 -2.99356e-06
5587.05 -2.22484e-08 5985.97 -1.03828e-08 -0.020471 0.00311728 -3.66401e-06
5517.81 8.05666e-08 5903.07 3.76543e-08 -0.0178742 0.00249735 -3.23936e-06
5560.08 -3.74558e-08 5929.36 -1.75615e-08 -0.0203267 0.0026018 -3.65583e-06
6256.43 6.64627e-08 6681.16 3.11188e-08 -0.021998 0.0025703 -3.51607e-06
5408.08 -1.09605e-08 5807.98 -5.10292e-09 -0.0208905 0.0034652 -3.86282e-06
5717.85 -3.58953e-08 6102.64 -1.6816e-08 -0.0196972 0.00352088 -3.44487e-06
5500.59 3.96291e-08 5884.06 1.85232e-08 -0.0258058 0.00312827 -4.69145e-06
5437.39 1.65585e-08 5826.6 7.72623e-09 -0.0148796 0.00298118 -2.73654e-06
5409.04 -4.96356e-08 5793.6 -2.31705e-08 -0.0182169 0.00252584 -3.36786e-06
5978.82 2.54563e-08 6367.27 1.19517e-08 -0.0205226 0.00284613 -3.43254e-06
6013.64 1.32942e-08 6422.18 6.22425e-09 -0.0205081 0.00232586 -3.41027e-06
5545.15 -6.50582e-08 5939.85 -3.03676e-08 -0.0227536 0.00273423 -4.10333e-06
5921.29 -1.89138e-08 6333.56 -8.84134e-09 -0.0206817 0.00297135 -3.49277e-06
5118.03 5.74818e-08 5533.28 2.6584e-08 -0.0221846 0.00319413 -4.3346e-06
5962.38 8.18174e-09 6338.32 3.84824e-09 -0.0195944 0.00281887 -3.28633e-06
5603.27 -1.23238e-08 6037.71 -5.7185e-09 -0.0201801 0.00294505 -3.60149e-06
5739.05 -3.36642e-08 6122.58 -1.57777e-08 -0.0217188 0.00257283 -3.78439e-06
5904.33 4.27324e-09 6290.6 2.00542e-09 -0.0222012 0.00258752 -3.76015e-06
5531.54 4.60219e-08 5932.07 2.14572e-08 -0.0153533 0.00259387 -2.7756e-06
5874.98 -1.9011e-08 6273.22 -8.90206e-09 -0.0179486 0.00327034 -3.05509e-06
5707.9 -1.10488e-08 6072.05 -5.19312e-09 -0.0211769 0.00287348 -3.71011e-06
5710.08 2.10396e-10 6116.1 9.82143e-11 -0.0202057 0.00224307 -3.53861e-06
5438.04 1.55645e-09 5826.78 7.26306e-10 -0.0195164 0.00271366 -3.58886e-06
5083.12 -2.52602e-08 5470.97 -1.17347e-08 -0.0178226 0.00252019 -3.50624e-06
6217.18 -5.08065e-09 6628.84 -2.38257e-09 -0.0163212 0.00366957 -2.62518e-06
5817.19 3.38803e-08 6221.41 1.58395e-08 -0.0188363 0.00229183 -3.23803e-06
5496.99 2.41778e-08 5889.95 1.12824e-08 -0.018492 0.0028531 -3.36401e-06
5051.97 -1.02956e-08 5448.11 -4.77349e-09 -0.0172979 0.00284815 -3.42399e-06
5992.66 8.57183e-09 6369.46 4.03238e-09 -0.0183079 0.00281003 -3.05506e-06
6411.9 -1.72169e-08 6837.02 -8.0732e-09 -0.0181377 0.00319558 -2.82876e-06
5648.27 -1.28627e-09 6034.83 -6.01937e-10 -0.0196901 0.00236563 -3.48604e-06
5633.19 4.71598e-08 6029.58 2.20297e-08 -0.0182143 0.00301312 -3.2334e-06
6125.99 -1.7146e-08 6527.5 -8.04569e-09 -0.0183828 0.00250586 -3.00079e-06
5051.48 3.86544e-09 5438.77 1.79509e-09 -0.0177203 0.00258302 -3.50794e-06
5632.2 2.77113e-08 6069.55 1.28572e-08 -0.0226135 0.00285895 -4.01504e-06
5511.14 -2.05904e-08 5885.42 -9.64049e-09 -0.0219474 0.00329046 -3.98237e-06
6009 1.51861e-08 6409.88 7.11818e-09 -0.0202569 0.00283103 -3.37109e-06
5109.92 1.47937e-08 5490.04 6.88471e-09 -0.0188704 0.00219053 -3.69289e-06
5546.58 1.98375e-08 5939.33 9.26284e-09 -0.0200007 0.00246247 -3.60595e-06
5520.52 8.52746e-09 5921.97 3.97469e-09 -0.0226167 0.00373868 -4.09683e-06
5508.35 1.73114e-08 5890.65 8.09397e-09 -0.0178977 0.0022372 -3.24919e-06
5561.55 -5.65154e-08 5955.14 -2.63901e-08 -0.0216877 0.00295514 -3.89958e-06
5459.92 3.5184e-08 5878.48 1.63394e-08 -0.019974 0.00274205 -3.65829e-06
6079.41 -5.77997e-09 6493.68 -2.70562e-09 -0.0186124 0.00266859 -3.06155e-06
5517.11 3.70287e-08 5886.09 1.73537e-08 -0.0218186 0.00283864 -3.95472e-06
5649.32 -1.94048e-08 6022.31 -9.10149e-09 -0.0229503 0.0025165 -4.06249e-06
5246.28 3.94523e-08 5662.8 1.82752e-08 -0.0191826 0.00260433 -3.65641e-06
6314.95 -1.5539e-08 6714.81 -7.30685e-09 -0.0215635 0.00376956 -3.41467e-06
5413.82 9.76712e-09 5823.93 4.53967e-09 -0.020701 0.0026305 -3.82373e-06
5370.65 -2.88856e-08 5789.09 -1.33988e-08 -0.0204396 0.00259284 -3.80581e-06
5827.65 -1.32406e-08 6238 -6.1848e-09 -0.0232419 0.00315835 -3.98821e-06
5895.68 -2.59928e-08 6324.1 -1.2116e-08 -0.0185103 0.00269214 -3.13963e-06
5581.26 3.53134e-08 5967.37 1.65142e-08 -0.0206119 0.0036413 -3.69306e-06
5672.9 -3.40569e-08 6068.91 -1.59173e-08 -0.0193024 0.00292773 -3.40256e-06
5347.69 1.50868e-08 5778.75 6.98071e-09 -0.0235481 0.00296861 -4.40341e-06
5621.44 -1.19777e-08 6013.89 -5.59805e-09 -0.0210925 0.0024714 -3.75215e-06
5979.04 1.08217e-08 6359.81 5.08692e-09 -0.0171747 0.00268267 -2.87248e-06
5789.99 4.04268e-09 6172.19 1.89617e-09 -0.0179965 0.00266744 -3.10821e-06
5961 -3.44715e-08 6357.83 -1.616e-08 -0.0155588 0.00331851 -2.6101e-06
5811.15 -3.82002e-08 6217.03 -1.78531e-08 -0.0219288 0.0029917 -3.77357e-06
5861.42 -3.54877e-08 6239.12 -1.66697e-08 -0.0162382 0.00344299 -2.77036e-06
5674.71 1.10788e-08 6079.84 5.17031e-09 -0.0183821 0.00243819 -3.23931e-06
5493.55 -5.10038e-09 5883.44 -2.38119e-09 -0.0151255 0.00351863 -2.75333e-06
5492.74 -4.63201e-08 5881.35 -2.16297e-08 -0.0243744 0.00347008 -4.43758e-06
6032.8 5.1417e-09 6458.49 2.4014e-09 -0.0199156 0.00245876 -3.30123e-06
5712.84 1.31891e-08 6103.06 6.1729e-09 -0.0221508 0.00261643 -3.87737e-06
5853.78 -2.13548e-08 6253.01 -9.99568e-09 -0.0198708 0.00303138 -3.39453e-06
5895.22 -2.16478e-08 6323.26 -1.00912e-08 -0.0198207 0.00294134 -3.36216e-06
6174.12 3.31186e-08 6602.92 1.54839e-08 -0.0198863 0.00307638 -3.22092e-06
5538.92 5.81512e-09 5945.46 2.70874e-09 -0.0255449 0.00297612 -4.6119e-06
6615.07 2.55622e-08 7041.6 1.20069e-08 -0.0182723 0.00245905 -2.76222e-06
5530.47 -3.02676e-08 5947.29 -1.40731e-08 -0.0164308 0.00313773 -2.97097e-06
5727.05 -1.01049e-09 6139.03 -4.71339e-10 -0.019153 0.00265772 -3.3443e-06
6044.2 -4.21302e-08 6465.19 -1.96934e-08 -0.0198782 0.00329879 -3.28881e-06
6060.83 -6.12523e-09 6462.57 -2.87223e-09 -0.0180952 0.00294233 -2.98559e-06
6103.01 2.63863e-08 6496.19 1.23946e-08 -0.0196281 0.00224949 -3.21613e-06
6302.85 -2.52759e-08 6685.69 -1.19143e-08 -0.0171825 0.00297779 -2.72615e-06
5937.57 -7.858e-09 6359.7 -3.66821e-09 -0.0210173 0.00270594 -3.53972e-06
5478.79 -1.47532e-08 5884.14 -6.86846e-09 -0.0207099 0.00230986 -3.78002e-06
6158.53 -9.47546e-09 6558.78 -4.44861e-09 -0.0181748 0.00332294 -2.95116e-06
5678.81 5.0639e-09 6099.51 2.35732e-09 -0.018488 0.0022794 -3.2556e-06
5583.62 3.79317e-08 6005.52 1.76334e-08 -0.0193372 0.00218259 -3.4632e-06
5972.07 -3.6224e-09 6370.49 -1.69793e-09 -0.0190334 0.00305328 -3.18707e-06
6138.65 4.70509e-08 6551.97 2.20414e-08 -0.0209414 0.00230311 -3.4114e-06
6356.29 3.89421e-08 6788.55 1.82312e-08 -0.0194948 0.00300891 -3.06701e-06
5973.23 1.07002e-08 6379.87 5.00909e-09 -0.0176248 0.00227425 -2.95063e-06
6219.41 -6.60177e-09 6637.92 -3.09277e-09 -0.0194 0.00322097 -3.11926e-06
6241.22 1.79932e-08 6645.53 8.44922e-09 -0.0200337 0.00277983 -3.2099e-06
6035.58 -1.77371e-08 6444.76 -8.30548e-09 -0.0222905 0.00379971 -3.69318e-06
5650.2 -4.82998e-09 6091.23 -2.24013e-09 -0.02097 0.00245786 -3.71138e-06
6068.57 2.6627e-08 6488 1.24528e-08 -0.0265883 0.00367362 -4.38131e-06
5992.75 1.66627e-08 6406.44 7.79333e-09 -0.0203476 0.00276831 -3.39537e-06
5664.1 -1.61132e-08 6052.8 -7.53921e-09 -0.019012 0.0026913 -3.35657e-06
5790.96 -2.62985e-09 6210.57 -1.22608e-09 -0.0175319 0.00235438 -3.02746e-06
5941 -1.20241e-08 6369.22 -5.60785e-09 -0.0151486 0.00179096 -2.54984e-06
5503.37 -1.38529e-08 5931.58 -6.42641e-09 -0.0163779 0.00323856 -2.97598e-06
5957.77 4.35563e-08 6356.17 2.04131e-08 -0.0181315 0.00294006 -3.04334e-06
5916.92 3.33237e-08 6354.53 1.55144e-08 -0.0210666 0.00236446 -3.56041e-06
5839.9 2.08875e-08 6218.48 9.80795e-09 -0.0164266 0.00209239 -2.81283e-06
5763.87 -2.1824e-08 6167.02 -1.01987e-08 -0.023886 0.00298408 -4.1441e-06
5627.19 -2.1887e-08 6001.6 -1.02608e-08 -0.0236564 0.00409469 -4.20395e-06
5502.31 -3.65102e-08 5881.85 -1.70771e-08 -0.0218679 0.00304473 -3.97431e-06
5706.62 1.4188e-08 6124.32 6.61019e-09 -0.028775 0.0034816 -5.04239e-06
5630.01 -6.08744e-09 6028.54 -2.84251e-09 -0.0189891 0.0031513 -3.37283e-06
5660.93 1.95668e-08 6025.38 9.19161e-09 -0.0177582 0.00298064 -3.13698e-06
5590.15 -4.77931e-08 5983.45 -2.23258e-08 -0.0213415 0.00272308 -3.8177e-06
5665.76 5.84329e-08 6043.97 2.73882e-08 -0.019195 0.00227667 -3.38789e-06
6045.89 -2.08401e-09 6479.35 -9.72296e-10 -0.0196001 0.00244858 -3.24188e-06
5582.13 -1.11006e-08 5985.59 -5.17617e-09 -0.0199571 0.00301615 -3.57518e-06
5658.09 -3.42628e-08 6074.36 -1.59574e-08 -0.0213958 0.00252961 -3.78145e-06
5786.35 3.28798e-09 6185.07 1.53801e-09 -0.0179524 0.00257371 -3.10254e-06
5388.14 -3.30966e-08 5757.59 -1.54864e-08 -0.0207224 0.00295391 -3.84593e-06
5543.14 3.09322e-08 5946.98 1.44159e-08 -0.0216115 0.00262802 -3.89878e-06
5865.82 3.65237e-08 6257.41 1.7119e-08 -0.0213436 0.00238963 -3.63864e-06
5661.68 -1.40174e-08 6047.58 -6.56146e-09 -0.0239782 0.00280521 -4.23518e-06
5341.28 6.65954e-09 5743.37 3.09666e-09 -0.0247831 0.0027927 -4.63992e-06
5372.64 2.92569e-08 5783.42 1.35894e-08 -0.0164731 0.00218718 -3.06611e-06
5526.92 -4.22933e-08 5929.77 -1.971e-08 -0.0218999 0.00305445 -3.9624e-06
5782.83 3.83336e-08 6179.49 1.79365e-08 -0.020983 0.00294851 -3.6285e-06
5530.19 3.27225e-08 5918.54 1.52877e-08 -0.0199558 0.00262798 -3.60852e-06
5806.14 1.64823e-08 6198.88 7.71901e-09 -0.0212301 0.00258063 -3.6565e-06
5343.58 -2.87163e-08 5733.6 -1.33814e-08 -0.0191763 0.00239119 -3.58867e-06
6096.04 -2.62804e-08 6516.06 -1.22932e-08 -0.0234306 0.00299035 -3.84358e-06
5868.4 -3.64279e-08 6258.07 -1.70798e-08 -0.0229435 0.00269624 -3.90967e-06
5605.94 -6.0996e-08 6041.38 -2.82998e-08 -0.0233377 0.00346818 -4.16304e-06
6162.25 5.29088e-09 6550.03 2.48883e-09 -0.0183332 0.00320085 -2.97509e-06
5968.11 -6.41156e-09 6357.75 -3.00931e-09 -0.0204278 0.00270196 -3.42283e-06
5670.54 1.84624e-08 6028.14 8.6836e-09 -0.0182688 0.00242659 -3.22171e-06
5654.15 1.62273e-08 6060.71 7.56939e-09 -0.0246831 0.00282019 -4.36548e-06
5339.05 -1.53377e-08 5718.63 -7.15983e-09 -0.0147857 0.00274873 -2.76936e-06
5495.96 -3.79555e-08 5906.78 -1.76578e-08 -0.0264131 0.00303857 -4.80591e-06
4727.24 1.07748e-09 5103.05 4.99063e-10 -0.0163328 0.0030264 -3.45505e-06
5396.62 -1.44016e-08 5767.55 -6.73767e-09 -0.0221884 0.00292853 -4.11154e-06
5390.75 1.5703e-08 5784.75 7.31673e-09 -0.0206329 0.00330379 -3.82746e-06
5399.87 -1.26758e-09 5775.07 -5.92611e-10 -0.0212221 0.00286089 -3.93012e-06
4933.47 -2.33837e-08 5308.56 -1.08657e-08 -0.0231263 0.00328544 -4.68764e-06
5334.84 4.34265e-08 5730.03 2.02157e-08 -0.0253526 0.0028312 -4.75227e-06
5082 1.99547e-08 5463.72 9.28031e-09 -0.0187506 0.00272519 -3.68962e-06
5046.6 1.70416e-08 5432.55 7.91543e-09 -0.0171017 0.00246241 -3.38876e-06
5175.17 -2.09398e-08 5540.65 -9.77926e-09 -0.0212242 0.00267667 -4.10117e-06
5124.76 4.21555e-08 5504.06 1.96252e-08 -0.0187659 0.00300007 -3.66181e-06
5332.4 2.23197e-08 5690.05 1.04584e-08 -0.02324 0.00388213 -4.35826e-06
5635.79 -6.02688e-08 6009.12 -2.82622e-08 -0.0200776 0.00311886 -3.56252e-06
5513.99 6.13778e-08 5890.73 2.87263e-08 -0.0222018 0.00317852 -4.02644e-06
5651.62 1.79678e-08 6034.67 8.41368e-09 -0.0225352 0.00272892 -3.98738e-06
4992.56 -3.56384e-08 5359.97 -1.65977e-08 -0.0196441 0.00353698 -3.93469e-06
5289.35 1.34386e-08 5645.53 6.29539e-09 -0.0210193 0.00257235 -3.9739e-06
5334.14 -2.24426e-08 5729.77 -1.04465e-08 -0.0210895 0.00270029 -3.95368e-06
5510.53 6.73549e-09 5895.6 3.14778e-09 -0.0205141 0.00260104 -3.72271e-06
5213.34 -1.31135e-08 5587.64 -6.11751e-09 -0.0225354 0.003131 -4.32264e-06
5619.23 1.79893e-09 6000.94 8.42252e-10 -0.0186091 0.00262589 -3.31169e-06
5438.93 1.41846e-08 5800.86 6.64981e-09 -0.0226228 0.00273069 -4.15943e-06
5604.24 3.76708e-08 5973.13 1.76722e-08 -0.0214627 0.00234413 -3.82972e-06
5325.49 2.13687e-08 5701.76 9.97928e-09 -0.020515 0.00345501 -3.85223e-06
5576.65 -1.69254e-08 5970.89 -7.90391e-09 -0.0189875 0.00260528 -3.40483e-06
5203.61 3.24133e-08 5583.3 1.51045e-08 -0.0235159 0.0036203 -4.51914e-06
5533.47 2.11297e-08 5921.04 9.87332e-09 -0.0187945 0.00280821 -3.39652e-06
5661.09 -2.70491e-08 6068.46 -1.26166e-08 -0.0182901 0.00304802 -3.23083e-06
5655.75 4.02134e-08 6050.68 1.87943e-08 -0.0192963 0.00278544 -3.41181e-06
5819.08 -1.68754e-08 6242.8 -7.86499e-09 -0.0232316 0.00290706 -3.99232e-06
5729.3 -7.09226e-09 6155.85 -3.30041e-09 -0.0203794 0.0027547 -3.55705e-06
5670.3 2.80522e-08 6072.02 1.30981e-08 -0.0161741 0.00218776 -2.85243e-06
5834.1 -4.90841e-09 6262.21 -2.28643e-09 -0.0190838 0.00256569 -3.27108e-06
5336.36 5.94025e-08 5719.08 2.77136e-08 -0.0173477 0.00265664 -3.25085e-06
5727.01 -4.74784e-08 6132.57 -2.21693e-08 -0.020651 0.00289435 -3.6059e-06
6040.31 -1.12635e-08 6432.62 -5.2883e-09 -0.0228928 0.00258505 -3.79e-06
6025.75 1.89487e-08 6424.32 8.88655e-09 -0.0173788 0.00289217 -2.88408e-06
5558.02 -2.42141e-08 5960.23 -1.129e-08 -0.0240613 0.00358062 -4.32911e-06
6017.56 4.12764e-08 6392.07 1.9429e-08 -0.0197473 0.00241768 -3.28162e-06
5845.81 7.80154e-09 6254.1 3.64611e-09 -0.0224922 0.00284424 -3.84758e-06
6004.08 1.66867e-08 6421.93 7.80049e-09 -0.0193213 0.00299668 -3.21803e-06
5151.05 -1.67729e-08 5532.19 -7.80868e-09 -0.0176399 0.0025183 -3.42451e-06
5653.58 -4.12403e-08 6030.02 -1.93329e-08 -0.0191558 0.00330185 -3.38826e-06
5403.85 2.90044e-09 5801.71 1.35077e-09 -0.0179267 0.00237493 -3.31739e-06
5728.55 -1.48153e-08 6123.88 -6.92944e-09 -0.0225636 0.00263756 -3.93879e-06
5889.06 -3.37143e-08 6290.24 -1.57821e-08 -0.0214452 0.00272132 -3.64154e-06
5902.86 3.52966e-09 6301.48 1.65319e-09 -0.0221578 0.00312206 -3.75373e-06
5677.49 -3.76305e-08 6050.72 -1.76547e-08 -0.0167323 0.0029703 -2.94713e-06
5961.63 -4.50591e-09 6341.95 -2.11784e-09 -0.024347 0.00281137 -4.08395e-06
5693.76 3.70562e-08 6067.99 1.73854e-08 -0.0207057 0.00224538 -3.63656e-06
5536.65 1.36456e-08 5904.85 6.39737e-09 -0.016827 0.00293014 -3.0392e-06
5485.92 -2.08956e-08 5892.83 -9.72639e-09 -0.0194631 0.00253234 -3.54782e-06
5827.77 4.65053e-09 6225.19 2.17682e-09 -0.0195462 0.00296827 -3.35397e-06
5640.03 -3.16192e-08 6039.54 -1.47638e-08 -0.0195061 0.0023121 -3.45851e-06
5512.77 -8.55977e-09 5927.87 -3.98018e-09 -0.0247817 0.00299309 -4.49534e-06
6191.82 9.07653e-09 6590.91 4.26346e-09 -0.0219845 0.00246929 -3.55058e-06
5808.16 2.5355e-08 6197.59 1.18809e-08 -0.0200578 0.00260846 -3.45339e-06
6140.43 3.44544e-08 6603.61 1.60189e-08 -0.0253662 0.00283295 -4.13101e-06
6076.69 1.65084e-10 6542.45 7.66659e-11 -0.0221494 0.00285511 -3.64497e-06
6512.36 3.53944e-09 6951.36 1.65796e-09 -0.0190326 0.00364725 -2.92253e-06
6578.54 4.36522e-09 7011.68 2.04778e-09 -0.0195706 0.00325164 -2.97491e-06
6170.07 3.03256e-08 6628.79 1.41135e-08 -0.0203785 0.00244776 -3.3028e-06
6060.69 3.5966e-09 6514.57 1.67301e-09 -0.0208937 0.00296179 -3.44741e-06
7038.14 1.75985e-08 7486.88 8.27183e-09 -0.0181115 0.00230386 -2.57334e-06
6875.13 2.93832e-08 7217.17 1.39953e-08 -0.0181482 0.00283703 -2.63969e-06
6049.59 -3.41727e-08 6483.87 -1.5942e-08 -0.0224221 0.00305639 -3.70638e-06
6083.3 -3.71696e-08 6515.12 -1.7353e-08 -0.0246155 0.00321543 -4.0464e-06
5946.26 -5.8575e-08 6363.13 -2.73688e-08 -0.0200077 0.00298231 -3.36476e-06
6049.73 2.60386e-09 6488.56 1.21388e-09 -0.0195625 0.00305 -3.23362e-06
5920.61 2.05069e-08 6368.68 9.53208e-09 -0.0187108 0.00291396 -3.16028e-06
6431.64 2.05199e-08 6894.92 9.57055e-09 -0.0216303 0.00261453 -3.36311e-06
6591.52 -1.21843e-08 7024.31 -5.71678e-09 -0.0223901 0.00368827 -3.39681e-06
6593.54 -1.95799e-08 7062.77 -9.13954e-09 -0.0219595 0.00267007 -3.33045e-06
6950.71 4.2576e-09 7386.77 2.00313e-09 -0.0202946 0.00246156 -2.91979e-06
6490.18 1.94529e-08 6921.6 9.12022e-09 -0.0204576 0.00236908 -3.15208e-06
6169.09 -3.69013e-08 6620.16 -1.71935e-08 -0.0197839 0.00283683 -3.20694e-06
6351.06 5.75064e-09 6788.07 2.69021e-09 -0.0170798 0.00300014 -2.68928e-06
5937.44 -2.63749e-08 6381.16 -1.22704e-08 -0.0214461 0.00255274 -3.61202e-06
5928.81 3.79524e-08 6386.06 1.76175e-08 -0.0207106 0.00235229 -3.49322e-06
6339.74 -2.44218e-08 6776.38 -1.14241e-08 -0.0192592 0.00251065 -3.03785e-06
6099.33 4.53755e-08 6530.36 2.11903e-08 -0.0197948 0.00323628 -3.2454e-06
6241.29 -1.56585e-08 6685.25 -7.30934e-09 -0.0167886 0.00246168 -2.68992e-06
5496.34 5.37772e-09 5885.11 2.51123e-09 -0.018296 0.00234427 -3.32877e-06
4823.07 -3.40825e-08 5095.2 -1.61311e-08 -0.0223464 0.00250748 -4.63324e-06
5701.17 3.58586e-09 6072.07 1.68341e-09 -0.0178131 0.00301098 -3.12446e-06
5356.29 -7.04673e-08 5741.11 -3.2872e-08 -0.0231069 0.00282361 -4.31397e-06
5698.68 -7.93904e-09 6078.88 -3.72125e-09 -0.0227645 0.00279974 -3.99469e-06
5623.97 3.85522e-08 5992.52 1.80906e-08 -0.0186645 0.00286631 -3.31874e-06
4954.45 -7.07088e-08 5324.08 -3.28999e-08 -0.0181771 0.00252274 -3.66884e-06
5549.21 5.04487e-09 5944.49 2.35471e-09 -0.0195189 0.00285386 -3.51742e-06
5211.1 -9.59963e-09 5594.44 -4.47092e-09 -0.0202506 0.00246494 -3.88605e-06
5031.96 2.64113e-08 5403.09 1.22986e-08 -0.0225886 0.00334461 -4.48903e-06
5183.21 -2.38771e-08 5555.71 -1.11381e-08 -0.0191922 0.00226159 -3.70276e-06
5672.13 -3.81042e-08 6078.3 -1.7779e-08 -0.0207064 0.00287837 -3.65054e-06
5758.23 -1.04384e-08 6161.99 -4.87724e-09 -0.0249439 0.0031812 -4.33188e-06
5341.85 1.63159e-08 5715.81 7.62422e-09 -0.0182001 0.00368764 -3.40709e-06
5483.77 1.86781e-08 5848.37 8.75684e-09 -0.0228444 0.00287285 -4.16582e-06
5129.01 5.72592e-09 5508.67 2.66565e-09 -0.0146564 0.00263379 -2.85754e-06
5844.01 3.64802e-09 6237.36 1.70898e-09 -0.0239334 0.00304927 -4.09537e-06
5461.42 -3.18241e-08 5851.99 -1.48501e-08 -0.0212173 0.00369697 -3.88495e-06
5483.28 7.75331e-09 5856.85 3.62939e-09 -0.0197742 0.00261278 -3.60628e-06
4958.03 4.28317e-08 5342.18 1.98759e-08 -0.0203629 0.00285422 -4.10705e-06
5180.05 2.12786e-08 5572.87 9.88938e-09 -0.0219695 0.00260992 -4.24116e-06
5757.29 6.43059e-09 6133.54 3.01806e-09 -0.0275593 0.00329168 -4.78685e-06
5706.24 -6.92227e-09 6094.61 -3.24058e-09 -0.0194968 0.0033105 -3.41676e-06
5554.61 9.89874e-09 5915.82 4.64716e-09 -0.0205946 0.00284118 -3.70765e-06
5740.27 1.18088e-08 6131.47 5.52771e-09 -0.0217579 0.00343633 -3.79039e-06
4623.5 -2.80689e-08 5009.15 -1.2954e-08 -0.0196808 0.00276822 -4.25669e-06
5447.54 -1.85828e-08 5810.55 -8.71095e-09 -0.0171081 0.0019636 -3.14052e-06
5187.66 3.06518e-09 5556.96 1.43074e-09 -0.0202793 0.00269938 -3.90915e-06
5709.16 -3.43028e-08 6105.09 -1.60391e-08 -0.0231399 0.00278997 -4.05311e-06
6137.02 6.384e-08 6558.25 2.98698e-08 -0.0210006 0.00260822 -3.42195e-06
6051.25 -1.12844e-08 6469.94 -5.27708e-09 -0.0191726 0.0028126 -3.16837e-06
6534.56 1.99844e-08 6952.89 9.39103e-09 -0.0240336 0.0031405 -3.67792e-06
6033.51 5.69844e-08 6462.16 2.66023e-08 -0.0231701 0.00317253 -3.84023e-06
5555.41 -4.40361e-09 5974.89 -2.04722e-09 -0.0196341 0.00258034 -3.53423e-06
6560.82 -2.00145e-08 6981.3 -9.40452e-09 -0.0189317 0.0026686 -2.88557e-06
6229.52 6.20317e-08 6666.47 2.89829e-08 -0.0203855 0.00283245 -3.2724e-06
6277.59 3.58512e-08 6715.33 1.67571e-08 -0.0185237 0.00246927 -2.95077e-06
6356.8 -1.887e-08 6796.16 -8.82504e-09 -0.0220336 0.00243621 -3.46614e-06
5660.68 -1.76983e-08 6083.61 -8.23395e-09 -0.0156712 0.00267693 -2.76844e-06
6126.83 -5.14332e-09 6553.42 -2.40426e-09 -0.0200025 0.00303066 -3.26475e-06
6025.2 -9.50144e-09 6457.94 -4.43239e-09 -0.0215055 0.00284553 -3.56926e-06
5873.09 3.48678e-09 6292.3 1.62724e-09 -0.0176811 0.00240633 -3.01052e-06
6097.16 -1.8946e-08 6531.02 -8.84369e-09 -0.0191222 0.00288391 -3.13625e-06
6427.24 -2.70018e-08 6874.24 -1.2623e-08 -0.0208763 0.00270184 -3.2481e-06
6082.08 1.68176e-08 6474.54 7.89909e-09 -0.0247471 0.0030473 -4.06886e-06
6537.24 1.77433e-08 6948.76 8.34623e-09 -0.0200829 0.00279743 -3.07207e-06
5732.1 2.76643e-08 6163.01 1.2865e-08 -0.0177289 0.00284129 -3.09291e-06
6126.46 1.26351e-08 6531.99 5.92533e-09 -0.0217137 0.00253169 -3.54425e-06
6264.13 -2.06061e-08 6660.7 -9.6896e-09 -0.0224403 0.00271042 -3.58235e-06
6656.7 1.4089e-08 7065.16 6.63722e-09 -0.0204612 0.00282311 -3.07377e-06
5807.79 3.77732e-08 6222.79 1.7627e-08 -0.0191005 0.00209371 -3.28877e-06
5446.16 4.63416e-09 5887.44 2.14341e-09 -0.024523 0.00284721 -4.5028e-06
6250.96 4.43035e-08 6652.5 2.08147e-08 -0.0188193 0.00248304 -3.01062e-06
5989.18 -1.82664e-08 6413.1 -8.52947e-09 -0.0200007 0.00246119 -3.33947e-06
5859.57 2.27545e-09 6284.66 1.06077e-09 -0.0177101 0.0031217 -3.02242e-06
5854.23 -2.06706e-08 6268.9 -9.65164e-09 -0.0198736 0.00254882 -3.39474e-06
6311.89 2.1933e-09 6735.55 1.02767e-09 -0.0221795 0.00238467 -3.51392e-06
6250.77 -1.87867e-08 6639.14 -8.84389e-09 -0.0199896 0.00393835 -3.19793e-06
6100.89 -2.24816e-08 6520.44 -1.05175e-08 -0.0185358 0.00308663 -3.03821e-06
6431.44 2.38283e-08 6841.49 1.12001e-08 -0.0166194 0.0025636 -2.58409e-06
5767.94 -7.15996e-08 6141.25 -3.36236e-08 -0.0181701 0.00310198 -3.15018e-06
5754.42 7.65324e-09 6136.33 3.58846e-09 -0.0212817 0.00260292 -3.69832e-06
6564.86 -1.7585e-09 6975.11 -8.27533e-10 -0.0204447 0.0025087 -3.11426e-06
5808.45 3.46372e-08 6215.47 1.61845e-08 -0.0181831 0.00256173 -3.13046e-06
6146.46 2.51988e-08 6570.91 1.17855e-08 -0.0213501 0.00294285 -3.47356e-06
6929.05 5.77732e-08 7344.4 2.7253e-08 -0.0168789 0.00210012 -2.43596e-06
5527.11 9.08761e-09 5946.51 4.22334e-09 -0.0162275 0.00241339 -2.93598e-06
5424.5 2.10046e-08 5825.9 9.77868e-09 -0.0198099 0.0024765 -3.65193e-06
5729.03 -2.45947e-08 6151.02 -1.14537e-08 -0.0203148 0.00322135 -3.54595e-06
6166.17 1.5726e-08 6588.07 7.35945e-09 -0.0183266 0.00276169 -2.97212e-06
6058.79 1.9443e-08 6480.63 9.08869e-09 -0.0200995 0.00233212 -3.31742e-06
6107.67 2.02265e-08 6536.39 9.44992e-09 -0.0178937 0.00249922 -2.92971e-06
6124.49 9.02467e-09 6534.41 4.22927e-09 -0.019747 0.0027005 -3.22427e-06
5997.41 -1.10673e-08 6415.58 -5.17296e-09 -0.0248065 0.00288515 -4.1362e-06
5868.12 1.3047e-08 6280.53 6.09511e-09 -0.0198092 0.00260407 -3.37573e-06
6218.91 4.03762e-09 6621.47 1.89607e-09 -0.0188524 0.00336922 -3.03147e-06
5142.68 2.17374e-08 5559.52 1.00538e-08 -0.0204562 0.00246234 -3.97774e-06
6302.01 1.71072e-08 6708.4 8.03544e-09 -0.0210025 0.00265801 -3.33267e-06
6040.6 -3.8476e-08 6449.72 -1.80177e-08 -0.018583 0.00212686 -3.07635e-06
6154.14 -9.26169e-10 6580.51 -4.3308e-10 -0.0194813 0.00308673 -3.16556e-06
6128.17 3.22461e-08 6531.83 1.51266e-08 -0.0216571 0.00271048 -3.53402e-06
5683.26 -3.42932e-08 6090.33 -1.60005e-08 -0.0143469 0.0026713 -2.52442e-06
6200.15 -7.93919e-09 6637.76 -3.70789e-09 -0.0240562 0.0028175 -3.87994e-06
5371.15 -1.15476e-08 5775.79 -5.36928e-09 -0.017494 0.00240704 -3.25704e-06
6279.76 1.13425e-08 6741.23 5.28303e-09 -0.0260404 0.00366252 -4.14672e-06
6128.42 -3.9736e-08 6554.88 -1.85754e-08 -0.0192816 0.00290326 -3.14627e-06
5668.95 -3.9079e-09 6082.21 -1.82119e-09 -0.0206077 0.00293439 -3.63518e-06
5733.17 -1.48499e-10 6133.9 -6.93986e-11 -0.0202697 0.00280762 -3.53552e-06
5291.18 -9.47795e-09 5706.9 -4.39376e-09 -0.023213 0.00256475 -4.38711e-06
5170.04 4.62158e-10 5586.22 2.13863e-10 -0.0202752 0.00262769 -3.92166e-06
5024.55 5.89229e-09 5425.19 2.72858e-09 -0.0140679 0.00205116 -2.79984e-06
5353.23 -3.06631e-08 5740.53 -1.42972e-08 -0.0198046 0.00298293 -3.69955e-06
5400.13 2.75357e-08 5844.86 1.27202e-08 -0.0146807 0.00181213 -2.71859e-06
6104.01 1.58968e-08 6515.12 7.44683e-09 -0.0278268 0.00307377 -4.55878e-06
5573.6 5.01638e-08 5989.62 2.33398e-08 -0.0181567 0.00232496 -3.25763e-06
5578.57 -5.52782e-09 5989.35 -2.57435e-09 -0.0236494 0.00364067 -4.23932e-06
6014.91 -1.34537e-09 6408.83 -6.31336e-10 -0.0234473 0.00359473 -3.8982e-06
5759.09 2.69703e-08 6173.87 1.25792e-08 -0.0235517 0.00296269 -4.08949e-06
6086.94 3.14614e-08 6484.93 1.47653e-08 -0.0208869 0.00261188 -3.43142e-06
5992.89 -2.99093e-08 6383.7 -1.40391e-08 -0.0209117 0.00243025 -3.48942e-06
6149.66 2.5876e-08 6551.28 1.21449e-08 -0.0194068 0.00248349 -3.15576e-06
5490.47 -1.73059e-08 5912.2 -8.0357e-09 -0.0196023 0.00284261 -3.57024e-06
5848.49 1.18089e-08 6246.91 5.52785e-09 -0.0137884 0.00191808 -2.35761e-06
5645.32 1.49725e-08 6036.79 7.00078e-09 -0.0214511 0.00233294 -3.79979e-06
6190.13 -3.42527e-08 6615.78 -1.60244e-08 -0.0229357 0.00288916 -3.7052e-06
5674.51 -1.4896e-08 6084.22 -6.94646e-09 -0.0167383 0.00404664 -2.94973e-06
6010.32 3.79261e-08 6405.54 1.77931e-08 -0.0186957 0.0037602 -3.1106e-06
5532.84 2.48327e-08 5908.32 1.16273e-08 -0.022599 0.00276473 -4.08452e-06
5947.5 -4.2611e-08 6341.67 -1.99813e-08 -0.0207696 0.00344482 -3.49216e-06
5991.95 -3.4323e-08 6401.88 -1.60626e-08 -0.0201651 0.00257404 -3.36537e-06
5896.71 -8.07793e-09 6302.56 -3.77888e-09 -0.0202398 0.00302031 -3.43239e-06
5969.91 2.93747e-08 6381.16 1.37408e-08 -0.0196932 0.00304475 -3.29874e-06
6089.02 4.05915e-09 6477.29 1.90792e-09 -0.0260789 0.0030459 -4.28294e-06
5668.01 1.47811e-08 6064.75 6.9071e-09 -0.022298 0.00290394 -3.93402e-06
5680.49 2.73797e-08 6104.56 1.27389e-08 -0.0185891 0.00304248 -3.27244e-06
6162.06 1.04104e-08 6552.26 4.89524e-09 -0.0190073 0.00213371 -3.08456e-06
5643.48 4.59558e-08 6048.83 2.14381e-08 -0.0201998 0.00239738 -3.57932e-06
5989.28 6.3095e-09 6414.43 2.94566e-09 -0.0206729 0.0031475 -3.45165e-06
6516.35 -1.32369e-09 6927.19 -6.2259e-10 -0.0226944 0.00298185 -3.48269e-06
6195.79 2.43887e-08 6580.23 1.14819e-08 -0.0220094 0.00244318 -3.55232e-06
7119.04 1.90948e-08 7591.97 8.95266e-09 0.0147261 0.00210008 2.06855e-06
6285.38 -3.75397e-08 6731.49 -1.75259e-08 -0.0145682 0.00316557 -2.31779e-06
6533.71 -2.18591e-08 6969.89 -1.02456e-08 -0.0181434 0.00267688 -2.77689e-06
5935.15 -1.06789e-08 6387.08 -4.96165e-09 -0.0207849 0.00336912 -3.502e-06
6302.56 9.13847e-09 6767.34 4.25542e-09 -0.0187265 0.0036919 -2.97126e-06
6166.93 2.70344e-08 6621.21 1.25898e-08 -0.0204501 0.00286113 -3.31609e-06
6117.24 -1.14625e-08 6558.94 -5.34527e-09 -0.0193921 0.00244092 -3.17008e-06
6282.02 -1.23565e-08 6757.96 -5.74313e-09 -0.021295 0.00258929 -3.38983e-06
6497.33 2.14752e-08 6929.66 1.00677e-08 -0.0212138 0.00234777 -3.26501e-06
6583.21 -2.3458e-08 7038.59 -1.09701e-08 -0.00406426 0.001841 -6.17367e-07
6634.9 -2.4654e-09 7071.08 -1.15666e-09 -0.0200704 0.00263838 -3.02498e-06
6567.3 -1.06911e-08 6998.07 -5.01652e-09 -0.0203748 0.00282065 -3.10246e-06
5983.05 -3.0042e-08 6481.62 -1.38656e-08 -0.0217257 0.00261536 -3.63121e-06
6080.13 -1.1747e-08 6551.01 -5.45131e-09 -0.0216157 0.00290965 -3.55515e-06
6484.47 1.12393e-08 6948.66 5.24425e-09 -0.0235893 0.00281344 -3.63782e-06
5608.62 -9.04376e-09 6063.23 -4.18283e-09 -0.0171719 0.00230355 -3.06171e-06
6430.79 -7.36605e-08 6886.04 -3.43954e-08 -0.01804 0.00399074 -2.80525e-06
6374.28 9.92941e-09 6827.4 4.63521e-09 -0.0219229 0.00265311 -3.43928e-06
6799.17 -3.89939e-10 7242.1 -1.83045e-10 -0.0166926 0.00224775 -2.4551e-06
6113.55 1.73677e-08 6542.88 8.11404e-09 -0.0213471 0.00274546 -3.49177e-06
6354.78 -2.79378e-08 6806.57 -1.30417e-08 -0.0239784 0.00309437 -3.77328e-06
6369.07 -3.34859e-08 6817.7 -1.56412e-08 -0.022207 0.00334849 -3.48669e-06
6368.2 2.1982e-08 6808.1 1.02808e-08 -0.0182942 0.00211549 -2.87275e-06
6269.02 -4.97401e-09 6726.18 -2.31797e-09 -0.0190591 0.00337341 -3.0402e-06
5741.25 4.66722e-08 6176.69 2.16909e-08 -0.0188062 0.00208771 -3.27563e-06
6620.38 -1.22323e-08 7063.94 -5.73208e-09 -0.0190752 0.00271392 -2.88128e-06
6514.51 1.59588e-08 6936.9 7.49354e-09 -0.0184383 0.00224455 -2.83034e-06
6265.94 -5.24709e-09 6695.48 -2.45523e-09 -0.0232347 0.00279269 -3.7081e-06
6505.62 1.56535e-08 6978.33 7.29656e-09 -0.0222894 0.00243333 -3.42617e-06
6424.65 5.81988e-09 6841.74 2.73255e-09 -0.0214729 0.00263835 -3.34226e-06
6402.1 -1.50075e-08 6823.73 -7.0401e-09 -0.0158999 0.00221465 -2.48354e-06
6674.05 2.84713e-10 7103.14 1.33757e-10 -0.022419 0.00254042 -3.35912e-06
6485.13 9.23839e-09 6977.19 4.29343e-09 -0.0204978 0.00332135 -3.16075e-06
6073.9 -6.5242e-09 6526.57 -3.03585e-09 -0.0153449 0.00278853 -2.52637e-06
6295.09 3.73567e-08 6753.15 1.74114e-08 -0.0192836 0.00271442 -3.06328e-06
6847.88 1.0411e-08 7310.2 4.87628e-09 -0.0164781 0.00268136 -2.40631e-06
6217.86 -1.76228e-08 6690.22 -8.18927e-09 -0.0223067 0.00266685 -3.58752e-06
6310.1 6.65118e-10 6756.06 3.10608e-10 -0.0212384 0.00249351 -3.36578e-06
6509.79 6.3106e-09 6963.58 2.94968e-09 -0.0194534 0.00214596 -2.98832e-06
6500.69 3.22488e-08 6959.32 1.50618e-08 -0.0195042 0.00310275 -3.00033e-06
6681.49 -8.88056e-09 7095.19 -4.18138e-09 -0.022491 0.00274566 -3.36617e-06
6532.65 -2.48783e-08 6981.75 -1.1639e-08 -0.0176644 0.00330717 -2.70401e-06
6205.48 1.35085e-08 6636.63 6.31547e-09 -0.0214009 0.00264233 -3.4487e-06
6792.64 -7.10819e-09 7221.37 -3.34309e-09 -0.0169277 0.00260886 -2.49206e-06
5895.21 -3.34453e-08 6348.04 -1.55298e-08 -0.0174577 0.00245406 -2.96134e-06
6500.67 8.66924e-09 6959.8 4.04867e-09 -0.0196023 0.00279622 -3.01543e-06
5883.04 3.08567e-08 6337.75 1.43214e-08 -0.0197501 0.00291931 -3.35713e-06
6714.96 3.6778e-08 7164.03 1.72363e-08 -0.0236893 0.00314238 -3.52784e-06
6591.52 6.63244e-09 7057.5 3.09726e-09 -0.0184309 0.0024162 -2.79616e-06
6856.21 6.83131e-09 7326.71 3.19631e-09 -0.0214763 0.00276512 -3.13238e-06
6554.89 -2.77143e-08 7008.53 -1.29602e-08 -0.019758 0.00253416 -3.01424e-06
6465.66 -4.70501e-08 6919.78 -2.19812e-08 -0.0226853 0.00267161 -3.50858e-06
5695.32 -2.59455e-08 6107.15 -1.20979e-08 -0.0208487 0.00349499 -3.66067e-06
5964.05 -7.73347e-10 6363.49 -3.62402e-10 -0.0216459 0.00319658 -3.6294e-06
5344.71 -1.81461e-08 5746.94 -8.438e-09 -0.023019 0.002903 -4.30687e-06
5893.55 5.3448e-09 6279.04 2.50834e-09 -0.017177 0.00307966 -2.91453e-06
6310.07 9.75679e-09 6733.79 4.57143e-09 -0.0203877 0.00352868 -3.23098e-06
5433.38 -4.22985e-08 5839.35 -1.96789e-08 -0.0216976 0.00318607 -3.99338e-06
6025.89 -3.87636e-09 6432 -1.8158e-09 -0.0192311 0.00298072 -3.19141e-06
5781.53 -4.2863e-08 6197.5 -1.99931e-08 -0.0210576 0.00317572 -3.64222e-06
5498.16 -2.83868e-08 5892.32 -1.32439e-08 -0.0196282 0.00215799 -3.56996e-06
5849.2 1.35932e-08 6250.81 6.35994e-09 -0.020694 0.00236425 -3.53791e-06
5239.14 1.35822e-08 5641.6 6.30665e-09 -0.0199374 0.00259013 -3.80547e-06
5233 2.09958e-08 5630.95 9.75597e-09 -0.0188241 0.002088 -3.5972e-06
5547.37 2.07854e-08 5955.19 9.68101e-09 -0.0183928 0.00221639 -3.3156e-06
5826.2 5.20091e-08 6224.76 2.43395e-08 -0.0171552 0.00215507 -2.94449e-06
5539.85 -2.45462e-08 5921.45 -1.14822e-08 -0.0238136 0.00298812 -4.2986e-06
5569.75 -1.1728e-08 5989.73 -5.45283e-09 -0.0170798 0.00333277 -3.06653e-06
5375.86 -3.24304e-08 5765.99 -1.51181e-08 -0.0155735 0.00270093 -2.89693e-06
5775.87 3.56335e-09 6170.5 1.66773e-09 -0.0200527 0.00291425 -3.4718e-06
5019.19 -6.35277e-08 5405.65 -2.9493e-08 -0.0222786 0.00261429 -4.43869e-06
5471.74 2.74855e-08 5885.28 1.27771e-08 -0.0240816 0.00264347 -4.40108e-06
5549.75 2.42659e-08 5972.46 1.12742e-08 -0.0207607 0.00249086 -3.74084e-06
5421.98 4.62878e-09 5819.23 2.1564e-09 -0.0208302 0.00328653 -3.8418e-06
5558.53 -8.81714e-09 5962.19 -4.1101e-09 -0.0192755 0.00309166 -3.46774e-06
5713.06 2.82841e-08 6109.82 1.32237e-08 -0.0207886 0.00311108 -3.63879e-06
5384.05 -3.37045e-08 5766.23 -1.57353e-08 -0.0172035 0.00244117 -3.19528e-06
5450.46 -4.9794e-09 5857.74 -2.31659e-09 -0.0185386 0.00234177 -3.40129e-06
6040.98 -4.78522e-10 6432.7 -2.24691e-10 -0.0184024 0.00253399 -3.04626e-06
6250.78 -1.33532e-08 6686.42 -6.24161e-09 -0.0155989 0.00200662 -2.49551e-06
6678.34 2.16397e-08 7105.04 1.017e-08 -0.0213317 0.00282963 -3.19416e-06
6021.05 4.08651e-09 6426.93 1.91422e-09 -0.0203751 0.0033074 -3.38398e-06
5946.98 6.61361e-08 6363.49 3.09037e-08 -0.019506 0.0023354 -3.27998e-06
6302.15 -4.20804e-09 6714.03 -1.97495e-09 -0.0205919 0.00310386 -3.26744e-06
6035.97 -3.77205e-08 6453.28 -1.76406e-08 -0.018744 0.00359117 -3.10538e-06
6718.51 -2.65097e-09 7166.2 -1.24268e-09 -0.0238413 0.00319097 -3.5486e-06
6046.2 -5.67374e-08 6436.11 -2.66501e-08 -0.0162895 0.00235553 -2.69416e-06
6430.92 2.38818e-08 6845.88 1.12171e-08 -0.0216528 0.00241135 -3.36698e-06
6048.27 -2.66118e-08 6480.71 -1.2418e-08 -0.0225841 0.00265301 -3.73398e-06
6105.27 -3.28852e-08 6541.99 -1.5345e-08 -0.0232918 0.00325531 -3.81504e-06
6312.04 2.91865e-09 6743.31 1.366e-09 -0.0223848 0.00248921 -3.54637e-06
6293.67 -1.1625e-08 6713.38 -5.44912e-09 -0.0197883 0.00335399 -3.14417e-06
6006.08 2.14631e-08 6456.09 9.98354e-09 -0.0189772 0.00320622 -3.15967e-06
6425.29 1.09577e-08 6858.37 5.13291e-09 -0.0204049 0.00262389 -3.17571e-06
6528.04 -1.29832e-08 6991.37 -6.06139e-09 -0.020594 0.00283932 -3.1547e-06
6094.19 7.24467e-08 6496.44 3.39804e-08 -0.0185047 0.00259549 -3.03645e-06
6105.21 -1.67544e-08 6514.69 -7.85066e-09 -0.0248599 0.00330859 -4.07192e-06
6849.86 1.45986e-08 7273.86 6.87382e-09 -0.0246636 0.00292273 -3.6006e-06
6012.63 2.57282e-08 6443.57 1.20038e-08 -0.0264013 0.00303939 -4.39098e-06
6311.27 -3.226e-08 6759.8 -1.50597e-08 -0.0204353 0.00305675 -3.23791e-06
6365.72 1.38921e-08 6806.15 6.49655e-09 -0.0240342 0.00269023 -3.77557e-06
5773.98 -1.3928e-08 6182.39 -6.50397e-09 -0.0185938 0.00261082 -3.22027e-06
6110.87 2.04784e-08 6548.42 9.55503e-09 -0.0205432 0.00246095 -3.36175e-06
5966.44 2.97232e-08 6403.13 1.3848e-08 -0.0206208 0.00239404 -3.45613e-06
6380.73 5.66756e-09 6809.56 2.65532e-09 -0.0200464 0.00238995 -3.14171e-06
6126.6 1.83927e-08 6534.3 8.62258e-09 -0.0144393 0.00266326 -2.35681e-06
6508.77 1.51975e-09 6929.1 7.13781e-10 -0.019794 0.00286669 -3.04113e-06
5745.83 6.48249e-08 6195.16 3.00616e-08 -0.0211094 0.00269578 -3.67387e-06
6245.26 -1.44076e-08 6683.97 -6.73094e-09 -0.0179224 0.00241186 -2.86976e-06
6589.05 -1.59277e-08 7022.36 -7.47246e-09 -0.0170292 0.00315822 -2.58447e-06
6458.04 1.07613e-08 6868.11 5.05941e-09 -0.0217384 0.00340157 -3.3661e-06
5324.71 6.69736e-10 5760.42 3.09539e-10 -0.02114 0.00274141 -3.97016e-06
6308.65 -4.79602e-08 6733.11 -2.24684e-08 -0.015333 0.0029878 -2.43047e-06
6476.24 -8.82662e-10 6898.48 -4.14318e-10 -0.0179931 0.00254238 -2.77832e-06
5987.06 6.1503e-09 6432.26 2.86231e-09 -0.0207989 0.00342476 -3.47398e-06
6192.35 -2.36905e-08 6636.76 -1.10521e-08 -0.0251395 0.00400493 -4.05977e-06
6428.41 5.57568e-08 6879.39 2.60508e-08 -0.023512 0.00286457 -3.65752e-06
6473.18 -2.67228e-08 6899.52 -1.25357e-08 -0.0208076 0.00289108 -3.21443e-06
6444.23 -2.20469e-09 6909.3 -1.02814e-09 -0.023114 0.00259004 -3.58677e-06
6189.79 3.21255e-08 6624.1 1.50096e-08 -0.0219647 0.00267739 -3.54853e-06
6297.19 -5.44768e-08 6724.2 -2.55087e-08 -0.0265176 0.00414643 -4.21102e-06
6678.84 -1.26044e-08 7120.01 -5.91169e-09 -0.021426 0.00337874 -3.20805e-06
6508.55 -1.46647e-08 6945.42 -6.87112e-09 -0.0237308 0.00274249 -3.6461e-06
6631.24 -6.17528e-09 7065.36 -2.89792e-09 -0.0151937 0.00331612 -2.29123e-06
6110.88 1.19776e-08 6544.25 5.59223e-09 -0.0214846 0.00247766 -3.5158e-06
6258.93 2.19937e-08 6682.08 1.03005e-08 -0.0179968 0.0031963 -2.87538e-06
5798.21 7.73147e-09 6247.42 3.58778e-09 -0.0197287 0.00297468 -3.40256e-06
6426.6 3.37545e-08 6842.85 1.58506e-08 -0.0198129 0.00219401 -3.08295e-06
6310.84 -1.827e-08 6745.08 -8.5469e-09 -0.01804 0.00333581 -2.85857e-06
6071.63 2.61745e-08 6506.8 1.2212e-08 -0.0190164 0.00274623 -3.13201e-06
6351.68 3.76252e-08 6787.39 1.7605e-08 -0.021694 0.00305846 -3.41548e-06
5578.02 -2.92801e-09 5992.77 -1.36268e-09 -0.0229435 0.00263506 -4.1132e-06
5274.76 1.46343e-08 5689.88 6.7833e-09 -0.0174067 0.00264158 -3.3e-06
5825.97 3.25339e-08 6238.37 1.51916e-08 -0.0160328 0.00333147 -2.75195e-06
6173.44 4.87138e-09 6583.68 2.28392e-09 -0.0196613 0.00265123 -3.18482e-06
6544.4 -1.5786e-09 6986.3 -7.39375e-10 -0.0190454 0.00272617 -2.91017e-06
6216.53 -2.11581e-08 6640.11 -9.90422e-09 -0.0177223 0.00209834 -2.85083e-06
5730.67 7.56406e-09 6164.15 3.51607e-09 -0.0231704 0.00301756 -4.04323e-06
5655.47 4.46515e-08 6054.7 2.08536e-08 -0.0217568 0.00322174 -3.84705e-06
5216.1 -2.29937e-08 5623.27 -1.06644e-08 -0.0177575 0.00298615 -3.40436e-06
6064.26 -3.99563e-09 6460.03 -1.87542e-09 -0.0159616 0.00256256 -2.63208e-06
6281.1 -2.37599e-09 6587.21 -1.13279e-09 -0.0226646 0.00263866 -3.60838e-06
6196.51 2.12412e-08 6618.57 9.94334e-09 -0.021225 0.00253801 -3.42531e-06
6432.09 -1.38783e-09 6865.01 -6.50158e-10 -0.0200904 0.00232261 -3.12346e-06
6131.79 -1.38849e-09 6539.98 -6.50913e-10 -0.0205503 0.00270543 -3.35144e-06
5981.67 -1.55711e-08 6293.67 -7.3996e-09 -0.0170888 0.00236553 -2.85686e-06
6433.48 3.24137e-09 6863.25 1.5192e-09 -0.0245318 0.00277953 -3.81314e-06
5706.9 3.49148e-08 6124.78 1.62663e-08 -0.0195114 0.00349181 -3.41892e-06
6340.89 1.4423e-08 6754.17 6.77021e-09 -0.0194638 0.00253778 -3.06958e-06
5934.25 -2.21252e-08 6332.81 -1.03664e-08 -0.0208362 0.00340328 -3.51118e-06
6041.19 -2.07282e-08 6509.17 -9.61898e-09 -0.0217386 0.002608 -3.59839e-06
5924.24 -6.96875e-09 6347.47 -3.25205e-09 -0.0201639 0.00317452 -3.40362e-06
5980.22 -1.88165e-08 6388.58 -8.80689e-09 -0.019485 0.00383347 -3.25823e-06
5940.22 -7.22905e-09 6354.75 -3.37875e-09 -0.0179793 0.00365231 -3.02671e-06
5847.43 -3.03468e-09 6256.13 -1.41822e-09 -0.0194367 0.0026849 -3.32397e-06
4821.47 4.59779e-08 5225.37 2.1212e-08 -0.0188885 0.00246543 -3.91758e-06
6043.09 -3.65082e-08 6468.11 -1.70546e-08 -0.018906 0.00301058 -3.12852e-06
5624.66 -4.10135e-08 6026.45 -1.91395e-08 -0.0210687 0.00357708 -3.74577e-06
5823.15 -3.17961e-08 6235.5 -1.48467e-08 -0.0179668 0.00258138 -3.08541e-06
5782.1 2.00118e-08 6178.62 9.36374e-09 -0.0194573 0.00339311 -3.3651e-06
5977.44 3.38453e-09 6379.15 1.5857e-09 -0.0162811 0.00303587 -2.72375e-06
5810.3 3.10509e-09 6267.94 1.43919e-09 -0.0167456 0.00261586 -2.88206e-06
5395.17 2.47707e-09 5800.69 1.15195e-09 -0.0165935 0.00274222 -3.07562e-06
5970.31 3.14808e-09 6377.67 1.4735e-09 -0.0230296 0.00365895 -3.85735e-06
5974.68 -3.87885e-08 6270.66 -1.84789e-08 -0.0189744 0.0029583 -3.17579e-06
6140.71 1.65117e-08 6520.78 7.77463e-09 -0.0236885 0.0030776 -3.85762e-06
6294.6 -6.15427e-09 6727.66 -2.87906e-09 -0.0222319 0.00304101 -3.5319e-06
6248.5 5.1352e-09 6679.78 2.40182e-09 -0.0184338 0.003165 -2.95011e-06
6697.11 -2.20438e-08 7012.66 -1.05259e-08 -0.0198508 0.00282241 -2.96408e-06
5757.74 -1.4698e-08 6182.02 -6.84464e-09 -0.0207088 0.00275406 -3.59669e-06
6660.06 9.35016e-09 6896.61 4.51473e-09 -0.0202284 0.00257871 -3.03727e-06
6158.61 1.88005e-09 6615.15 8.7515e-10 -0.0267489 0.0029423 -4.34333e-06
6882.5 -5.02401e-08 7241.49 -2.38748e-08 -0.0189738 0.00334742 -2.75681e-06
6232.89 6.54316e-09 6683.93 3.05081e-09 -0.0226267 0.00251093 -3.63022e-06
5869.83 -5.09642e-08 6302.39 -2.37331e-08 -0.0201733 0.00282738 -3.43678e-06
6734.78 2.15671e-08 7163.2 1.01386e-08 -0.0214428 0.00247732 -3.18389e-06
6157.43 2.20493e-08 6613.74 1.0264e-08 -0.0168748 0.00336417 -2.74056e-06
6198.94 -4.38709e-08 6649.89 -2.04479e-08 -0.016966 0.00295565 -2.73691e-06
6677.04 -1.52445e-08 7131.67 -7.13636e-09 -0.0165175 0.00274669 -2.47377e-06
5921.63 1.22021e-08 6364.6 5.67641e-09 -0.0174034 0.00298107 -2.93895e-06
7029.03 -2.39889e-08 7510.72 -1.12252e-08 -0.0135975 0.00206213 -1.93448e-06
6543.5 -2.61877e-08 7009.78 -1.22229e-08 -0.0145245 0.00359776 -2.21969e-06
6034.87 2.4611e-08 6472.85 1.14729e-08 -0.0174473 0.00294786 -2.89108e-06
6507.48 2.17476e-08 6957.09 1.01711e-08 -0.0207905 0.00332653 -3.19486e-06
6126.12 -4.76001e-08 6546.56 -2.22715e-08 -0.0145889 0.00342979 -2.38143e-06
5466.01 4.06112e-08 5890.82 1.88413e-08 -0.020854 0.00250544 -3.81522e-06
6268.62 2.14358e-08 6687.21 1.0047e-08 -0.0226877 0.00280192 -3.61925e-06
6491.55 2.24572e-08 6938.15 1.05058e-08 -0.0206103 0.00280956 -3.17495e-06
5839.87 3.47696e-08 6298.22 1.61196e-08 -0.0225069 0.00308597 -3.854e-06
6504.44 2.79773e-09 6928.87 1.31318e-09 -0.0188491 0.0027832 -2.89788e-06
6408.65 3.24079e-08 6865.02 1.51268e-08 -0.0232796 0.00257292 -3.63254e-06
