4.334168552505717287e+01
4.334168552505717287e+01
4.334168552505717287e+01
4.334168552505717287e+01
4.334168552505717287e+01
4.334168552505717287e+01
4.334168552505717287e+01
4.334168552505717287e+01
4.334168552505717287e+01
3.863305218647185058e+01
3.863305218647185058e+01
3.863305218647185058e+01
3.863305218647185058e+01
3.863305218647185058e+01
3.863305218647185058e+01
3.863305218647185058e+01
3.863305218647185058e+01
3.863305218647185058e+01
4.279999304316621078e+01
4.279999304316621078e+01
4.279999304316621078e+01
4.279999304316621078e+01
4.279999304316621078e+01
4.279999304316621078e+01
4.279999304316621078e+01
4.279999304316621078e+01
4.279999304316621078e+01
4.216358625564927820e+01
4.216358625564927820e+01
4.216358625564927820e+01
4.216358625564927820e+01
4.216358625564927820e+01
4.216358625564927820e+01
4.216358625564927820e+01
4.216358625564927820e+01
4.216358625564927820e+01
4.010624206123331703e+01
4.010624206123331703e+01
4.010624206123331703e+01
4.010624206123331703e+01
4.010624206123331703e+01
4.010624206123331703e+01
4.010624206123331703e+01
4.010624206123331703e+01
4.010624206123331703e+01
4.185730763857075232e+01
4.185730763857075232e+01
4.185730763857075232e+01
4.185730763857075232e+01
4.185730763857075232e+01
4.185730763857075232e+01
4.185730763857075232e+01
4.185730763857075232e+01
4.185730763857075232e+01
3.752325793604985904e+01
3.752325793604985904e+01
3.752325793604985904e+01
3.752325793604985904e+01
3.752325793604985904e+01
3.752325793604985904e+01
3.752325793604985904e+01
3.752325793604985904e+01
3.752325793604985904e+01
3.926729519134787694e+01
3.926729519134787694e+01
3.926729519134787694e+01
3.926729519134787694e+01
3.926729519134787694e+01
3.926729519134787694e+01
3.926729519134787694e+01
3.926729519134787694e+01
3.926729519134787694e+01
3.997128745457754917e+01
3.997128745457754917e+01
3.997128745457754917e+01
3.997128745457754917e+01
3.997128745457754917e+01
3.997128745457754917e+01
3.997128745457754917e+01
3.997128745457754917e+01
3.997128745457754917e+01
4.052226295438971704e+01
4.052226295438971704e+01
4.052226295438971704e+01
4.052226295438971704e+01
4.052226295438971704e+01
4.052226295438971704e+01
4.052226295438971704e+01
4.052226295438971704e+01
4.052226295438971704e+01
4.111676279434828274e+01
4.111676279434828274e+01
4.111676279434828274e+01
4.111676279434828274e+01
4.111676279434828274e+01
4.111676279434828274e+01
4.111676279434828274e+01
4.111676279434828274e+01
4.111676279434828274e+01
3.594605923334099629e+01
3.594605923334099629e+01
3.594605923334099629e+01
3.594605923334099629e+01
3.594605923334099629e+01
3.594605923334099629e+01
3.594605923334099629e+01
3.594605923334099629e+01
3.594605923334099629e+01
3.558950591991710155e+01
3.558950591991710155e+01
3.558950591991710155e+01
3.558950591991710155e+01
3.558950591991710155e+01
3.558950591991710155e+01
3.558950591991710155e+01
3.558950591991710155e+01
3.558950591991710155e+01
4.141753048558106798e+01
4.141753048558106798e+01
4.141753048558106798e+01
4.141753048558106798e+01
4.141753048558106798e+01
4.141753048558106798e+01
4.141753048558106798e+01
4.141753048558106798e+01
4.141753048558106798e+01
3.649747218121780890e+01
3.649747218121780890e+01
3.649747218121780890e+01
3.649747218121780890e+01
3.649747218121780890e+01
3.649747218121780890e+01
3.649747218121780890e+01
3.649747218121780890e+01
3.649747218121780890e+01
3.971774959339361288e+01
3.971774959339361288e+01
3.971774959339361288e+01
3.971774959339361288e+01
3.971774959339361288e+01
3.971774959339361288e+01
3.971774959339361288e+01
3.971774959339361288e+01
3.971774959339361288e+01
3.950727451807859580e+01
3.950727451807859580e+01
3.950727451807859580e+01
3.950727451807859580e+01
3.950727451807859580e+01
3.950727451807859580e+01
3.950727451807859580e+01
3.950727451807859580e+01
3.950727451807859580e+01
4.852676413202460992e+01
4.852676413202460992e+01
4.852676413202460992e+01
4.852676413202460992e+01
4.852676413202460992e+01
4.852676413202460992e+01
4.852676413202460992e+01
4.852676413202460992e+01
4.852676413202460992e+01
3.704263171881430594e+01
3.704263171881430594e+01
3.704263171881430594e+01
3.704263171881430594e+01
3.704263171881430594e+01
3.704263171881430594e+01
3.704263171881430594e+01
3.704263171881430594e+01
3.704263171881430594e+01
3.650786829370610320e+01
3.650786829370610320e+01
3.650786829370610320e+01
3.650786829370610320e+01
3.650786829370610320e+01
3.650786829370610320e+01
3.650786829370610320e+01
3.650786829370610320e+01
3.650786829370610320e+01
4.101684277504835308e+01
4.101684277504835308e+01
4.101684277504835308e+01
4.101684277504835308e+01
4.101684277504835308e+01
4.101684277504835308e+01
4.101684277504835308e+01
4.101684277504835308e+01
4.101684277504835308e+01
5.213127339852061937e+01
5.213127339852061937e+01
5.213127339852061937e+01
5.213127339852061937e+01
5.213127339852061937e+01
5.213127339852061937e+01
5.213127339852061937e+01
5.213127339852061937e+01
5.213127339852061937e+01
4.087683860085817855e+01
4.087683860085817855e+01
4.087683860085817855e+01
4.087683860085817855e+01
4.087683860085817855e+01
4.087683860085817855e+01
4.087683860085817855e+01
4.087683860085817855e+01
4.087683860085817855e+01
5.024500710073640874e+01
5.024500710073640874e+01
5.024500710073640874e+01
5.024500710073640874e+01
5.024500710073640874e+01
5.024500710073640874e+01
5.024500710073640874e+01
5.024500710073640874e+01
5.024500710073640874e+01
4.309571593462420225e+01
4.309571593462420225e+01
4.309571593462420225e+01
4.309571593462420225e+01
4.309571593462420225e+01
4.309571593462420225e+01
4.309571593462420225e+01
4.309571593462420225e+01
4.309571593462420225e+01
4.047594819338601724e+01
4.047594819338601724e+01
4.047594819338601724e+01
4.047594819338601724e+01
4.047594819338601724e+01
4.047594819338601724e+01
4.047594819338601724e+01
4.047594819338601724e+01
4.047594819338601724e+01
5.026983123250979446e+01
5.026983123250979446e+01
5.026983123250979446e+01
5.026983123250979446e+01
5.026983123250979446e+01
5.026983123250979446e+01
5.026983123250979446e+01
5.026983123250979446e+01
5.026983123250979446e+01
4.204611724133608419e+01
4.204611724133608419e+01
4.204611724133608419e+01
4.204611724133608419e+01
4.204611724133608419e+01
4.204611724133608419e+01
4.204611724133608419e+01
4.204611724133608419e+01
4.204611724133608419e+01
5.157078772981175518e+01
5.157078772981175518e+01
5.157078772981175518e+01
5.157078772981175518e+01
5.157078772981175518e+01
5.157078772981175518e+01
5.157078772981175518e+01
5.157078772981175518e+01
5.157078772981175518e+01
4.369048994836776245e+01
4.369048994836776245e+01
4.369048994836776245e+01
4.369048994836776245e+01
4.369048994836776245e+01
4.369048994836776245e+01
4.369048994836776245e+01
4.369048994836776245e+01
4.369048994836776245e+01
5.103587194469789523e+01
5.103587194469789523e+01
5.103587194469789523e+01
5.103587194469789523e+01
5.103587194469789523e+01
5.103587194469789523e+01
5.103587194469789523e+01
5.103587194469789523e+01
5.103587194469789523e+01
5.256755486092089313e+01
5.256755486092089313e+01
5.256755486092089313e+01
5.256755486092089313e+01
5.256755486092089313e+01
5.256755486092089313e+01
5.256755486092089313e+01
5.256755486092089313e+01
5.256755486092089313e+01
5.035420442865112278e+01
5.035420442865112278e+01
5.035420442865112278e+01
5.035420442865112278e+01
5.035420442865112278e+01
5.035420442865112278e+01
5.035420442865112278e+01
5.035420442865112278e+01
5.035420442865112278e+01
4.405398146538779969e+01
4.405398146538779969e+01
4.405398146538779969e+01
4.405398146538779969e+01
4.405398146538779969e+01
4.405398146538779969e+01
4.405398146538779969e+01
4.405398146538779969e+01
4.405398146538779969e+01
5.112433980833159097e+01
5.112433980833159097e+01
5.112433980833159097e+01
5.112433980833159097e+01
5.112433980833159097e+01
5.112433980833159097e+01
5.112433980833159097e+01
5.112433980833159097e+01
5.112433980833159097e+01
5.103931809609588299e+01
5.103931809609588299e+01
5.103931809609588299e+01
5.103931809609588299e+01
5.103931809609588299e+01
5.103931809609588299e+01
5.103931809609588299e+01
5.103931809609588299e+01
5.103931809609588299e+01
5.275187225640701882e+01
5.275187225640701882e+01
5.275187225640701882e+01
5.275187225640701882e+01
5.275187225640701882e+01
5.275187225640701882e+01
5.275187225640701882e+01
5.275187225640701882e+01
5.275187225640701882e+01
5.774729462613207431e+01
5.774729462613207431e+01
5.774729462613207431e+01
5.774729462613207431e+01
5.774729462613207431e+01
5.774729462613207431e+01
5.774729462613207431e+01
5.774729462613207431e+01
5.774729462613207431e+01
5.172268160646208912e+01
5.172268160646208912e+01
5.172268160646208912e+01
5.172268160646208912e+01
5.172268160646208912e+01
5.172268160646208912e+01
5.172268160646208912e+01
5.172268160646208912e+01
5.172268160646208912e+01
5.135013463717401550e+01
5.135013463717401550e+01
5.135013463717401550e+01
5.135013463717401550e+01
5.135013463717401550e+01
5.135013463717401550e+01
5.135013463717401550e+01
5.135013463717401550e+01
5.135013463717401550e+01
5.180285887986786264e+01
5.180285887986786264e+01
5.180285887986786264e+01
5.180285887986786264e+01
5.180285887986786264e+01
5.180285887986786264e+01
5.180285887986786264e+01
5.180285887986786264e+01
5.180285887986786264e+01
5.695152761283696208e+01
5.695152761283696208e+01
5.695152761283696208e+01
5.695152761283696208e+01
5.695152761283696208e+01
5.695152761283696208e+01
5.695152761283696208e+01
5.695152761283696208e+01
5.695152761283696208e+01
5.016881699407643680e+01
5.016881699407643680e+01
5.016881699407643680e+01
5.016881699407643680e+01
5.016881699407643680e+01
5.016881699407643680e+01
5.016881699407643680e+01
5.016881699407643680e+01
5.016881699407643680e+01
