4.142645276936963353e-07
-1.005906018506781924e-06
1.077604113250948180e-06
-4.093235986852498568e-07
-1.296610118042818646e-06
4.202721038027226381e-07
6.411159831193814320e-08
-8.943160556837521664e-07
6.949695010221764063e-08
-6.260743464667758586e-07
-2.770222367078619265e-07
-6.569175549363389693e-07
-8.069865636378807411e-07
7.881432043391961610e-08
-7.922123873555659565e-07
-2.625693150992266322e-07
1.237878390114156696e-07
-3.882298145045918103e-07
-4.543933622964787906e-07
-2.912168303067599418e-07
1.443976792911366529e-07
-3.291260729917096438e-07
-5.516694703240120714e-07
3.211133197919954634e-07
-7.684277517581139700e-07
-7.223515791274388235e-07
2.182209795552626041e-08
-5.311278677864412498e-07
4.703416866841646611e-08
-5.923793264654954312e-07
-4.607566791023964644e-07
-2.865015189866957419e-07
-4.201240042136448953e-07
-7.273503855678576957e-07
-7.175314574883623364e-07
8.610536342624326691e-08
-7.288010873210357973e-07
-3.294137637441207484e-07
-7.538009120225412537e-07
-7.419540298267888073e-07
-2.406559983551065199e-07
-7.576237162083615658e-08
-3.571761116209649893e-07
