-6.634429867510297525e-07
-7.026000834906700281e-07
-6.842876604802473294e-07
-6.929209755253524159e-07
-6.527212767094632631e-07
-6.891286265641648878e-07
-6.774907689213326065e-07
-7.329598641946493390e-07
-6.865354852685478639e-07
-7.167477521975202025e-07
-7.423310526930794765e-07
-7.728351093824394221e-07
-7.367267756492721493e-07
-7.556482826035787724e-07
-7.700972450508786278e-07
-7.640653134888690660e-07
-7.289205412429207861e-07
-7.629032199938765503e-07
-6.986518103238961616e-07
-6.640357586017974538e-07
-6.658004108723905176e-07
-6.425773072828542112e-07
-7.051807293144958320e-07
-6.421809347965579864e-07
-6.692492979193415873e-07
-6.641341206037155548e-07
-6.359234712962452576e-07
-6.422979679890383498e-07
-7.377302248168227705e-07
-6.937021528103212645e-07
-6.876684475747769645e-07
-7.041464373144984178e-07
-7.342501766602793384e-07
-7.029742452901706650e-07
-6.984425784355607864e-07
-6.922911011865280212e-07
-7.885530426565895274e-07
-8.505287676118411278e-07
-7.947956420718950618e-07
-8.390574262648395456e-07
-7.577297062779438446e-07
-7.515397518214183683e-07
-7.606696607424640090e-07
-8.162400219076497273e-07
-7.789246420019034883e-07
-6.817162471015950745e-07
-6.906993102418664953e-07
-6.890867858371177078e-07
-5.708794260198822154e-07
-6.774244085840252890e-07
-7.181444417547256392e-07
-6.453799816214129202e-07
-6.298794712886588357e-07
-6.783098052589781244e-07
-7.699554054032013958e-07
-7.613131776776364852e-07
-7.373654391478850868e-07
-7.126834812821056741e-07
-7.027337172939135278e-07
-7.194120941244044506e-07
-7.916788508656201487e-07
-6.845000829296327957e-07
-7.224160077373006767e-07
-7.374298843248839429e-07
-7.204925321847244802e-07
-7.862522418486914039e-07
-7.694083116019259313e-07
-7.190717302084237543e-07
-7.596597080057776784e-07
-7.059037941477511199e-07
-7.709477453683025025e-07
-7.495264088413659349e-07
-7.433482904094389846e-07
-7.801941230451769531e-07
-7.793409946963977147e-07
-7.553590035142981218e-07
-7.195303459864819061e-07
-7.274819629997409407e-07
-7.041409967917886286e-07
-6.694251555852691480e-07
-6.658439075915278641e-07
-6.331844637523938494e-07
-6.997001271925011375e-07
-6.698602206656579360e-07
-6.603722051433260559e-07
-6.221255899045190746e-07
-6.585995188587894269e-07
-6.549269921156445045e-07
-6.939421994751075712e-07
-6.706313202557568217e-07
-7.073456476938448978e-07
-6.654511734517551093e-07
-7.193063830470635944e-07
-6.668186633558475992e-07
-6.811200215971975326e-07
-6.620646578854986120e-07
-6.332421699458534268e-07
-6.723390880349746498e-07
-6.597237639639588833e-07
-6.456777128880892238e-07
-6.979176269964842970e-07
-7.380169345928581418e-07
-7.744715133142866601e-07
-7.651220644127792534e-07
-6.868961990318645516e-07
-6.904066773908214940e-07
-7.056319952399256659e-07
-7.783926991670138478e-07
-6.991372817849453619e-07
-7.843331437529495060e-07
-7.312453727657722397e-07
-6.955941897386104525e-07
-6.671575152968877861e-07
-6.468246479271200580e-07
-7.233648229152881413e-07
-7.201543184603780702e-07
-7.176299514088879321e-07
-7.391958298527571551e-07
-6.570972598051039007e-07
-6.557307366081983815e-07
-6.548213865038193610e-07
-7.477318627703762709e-07
-6.705544271440691315e-07
-7.159867469949796354e-07
-6.808253383525999292e-07
-6.642430461386419383e-07
-6.914998248316628610e-07
-6.847435603019988232e-07
-7.004309828807292361e-07
-7.645713333720119351e-07
-7.528040904960528063e-07
-7.282936033034619006e-07
-6.830853384466796884e-07
-7.117525606452104859e-07
-6.921202145254227578e-07
-8.105174235752908052e-07
-8.097945319624137890e-07
-8.307333055512334244e-07
-8.504919686923885867e-07
-8.287886124935490447e-07
-8.053107503315739823e-07
-8.580415357371661917e-07
-7.805556857297442558e-07
-7.245022124395899688e-07
-7.395524997200253736e-07
-7.767920419572675636e-07
-7.295954531214960682e-07
-7.615006956543096743e-07
-8.011187298146586182e-07
-7.795985923198229060e-07
-8.228222899945265268e-07
-7.817683481205085764e-07
-7.878535360249568922e-07
-8.127763608194171127e-07
-8.023127223507561481e-07
-7.901423512420190827e-07
-7.869257855676941629e-07
-7.928481458091836009e-07
-7.863492722852415246e-07
-7.767690496819225929e-07
-7.815920210952329980e-07
-7.358127660299815227e-07
-6.980050133374514708e-07
-6.341969809986507377e-07
-7.535684187462419253e-07
-7.394783998582414868e-07
-6.466627934189961915e-07
-7.193742048991885433e-07
-7.129026667335610460e-07
-7.147010099963642948e-07
-6.975108281462686036e-07
-7.612010585346062607e-07
-7.284952398389848434e-07
-8.144245821951764099e-07
-7.000134598997567053e-07
-7.066121144837326195e-07
-7.421323032271220696e-07
-7.526058590540461821e-07
-6.862497411069439522e-07
-6.968221841837202254e-07
-6.680814829339054537e-07
-7.449822823273022765e-07
-6.824272834248303220e-07
-6.273255350042004324e-07
-6.699847303854895915e-07
-6.348655199558485345e-07
-6.749344222717811316e-07
-6.975988539124596462e-07
-6.698130784421455163e-07
-7.416149391537674008e-07
-7.974933136859819972e-07
-7.308640880465361231e-07
-7.565371233934119329e-07
-7.607964727756961470e-07
-7.483342929922487883e-07
-7.827704910621815838e-07
-7.521133433043382826e-07
-7.253977067901237819e-07
-7.940365774029171146e-07
-7.604290686002172290e-07
-7.613318982964893826e-07
-7.455437504658657803e-07
-7.378894256271693766e-07
-7.862459214843305966e-07
-7.578284928981125142e-07
-7.739641112760243869e-07
-7.884883049450590945e-07
-8.725348038916360588e-07
-8.763855857327886375e-07
-9.001693905745466872e-07
-8.663325381683984591e-07
-9.160419891829427627e-07
-9.053029597889508132e-07
-9.124618287058640736e-07
-9.052480585535699977e-07
-8.734650059318699523e-07
-7.543124865703900819e-07
-7.093997090344463313e-07
-8.092165569122770795e-07
-7.521661248401515589e-07
-7.504160369898475586e-07
-7.603360952742491649e-07
-7.401259942936311421e-07
-7.227301911797828673e-07
-7.613787591878387185e-07
-6.642199596702123957e-07
-6.682582746871999101e-07
-7.022898311741492260e-07
-6.524235699282255462e-07
-6.414145725428216325e-07
-6.558518601747082849e-07
-6.247541270210577366e-07
-6.332355786525954997e-07
-6.390352734913476021e-07
-8.342139951397621731e-07
-8.553784908238492341e-07
-8.600749156526066852e-07
-8.630011685046001189e-07
-8.507180408633603222e-07
-8.492311067778157741e-07
-8.480863133538860097e-07
-8.217000335339641899e-07
-8.343645077532729700e-07
-7.168021098760998228e-07
-7.130039400485982943e-07
-6.414630693854572619e-07
-6.984387051736389618e-07
-7.347903222956899712e-07
-6.526635949535003134e-07
-7.390744085003885935e-07
-7.215541644289154250e-07
-6.549141289168477040e-07
-8.711292340286555149e-07
-9.164113718692246632e-07
-9.207279127789314547e-07
-8.994874769017932228e-07
-9.421808481814595928e-07
-9.155041392555206619e-07
-9.295932851285499084e-07
-9.075375276234866205e-07
-9.314328607953827525e-07
-7.301012996204332706e-07
-6.721637100253284719e-07
-7.225359647320438644e-07
-6.601583705837036586e-07
-7.127615907679688622e-07
-7.528254239847498294e-07
-7.613010382495166109e-07
-6.905919951655450482e-07
-7.472239744386134128e-07
-8.448234775068595166e-07
-8.214774392733102108e-07
-8.372450387337836986e-07
-8.275863224433463222e-07
-8.325980920318845881e-07
-7.959053595810118054e-07
-8.490980724479430450e-07
-8.307305571566274401e-07
-8.270949394331501493e-07
-7.985309068133331544e-07
-8.000169177832014175e-07
-8.153770448691545993e-07
-7.710808095432819194e-07
-8.114068384387569280e-07
-8.109452412310478644e-07
-8.005852042225131372e-07
-7.812932875342659676e-07
-7.861688988041523585e-07
-8.249332305346896337e-07
-8.219188168573295695e-07
-8.603432949258387463e-07
-8.635737069816145114e-07
-8.412016769204765603e-07
-8.228255227207726532e-07
-8.549247289617612108e-07
-8.296660978093509069e-07
-8.557635974344876742e-07
-6.620657297184388043e-07
-6.534134640807056085e-07
-7.452376711612209063e-07
-6.817384636649772427e-07
-6.848826785455356484e-07
-6.998732719429709562e-07
-6.492748103867136013e-07
-6.555481133956205563e-07
-6.683110083228697265e-07
-7.901354818896494234e-07
-7.863172179595984171e-07
-7.969263957200942361e-07
-8.086114336673212981e-07
-8.548883451253260743e-07
-7.917349278132727966e-07
-8.041847216069066420e-07
-7.907054638084217154e-07
-8.296156204673380211e-07
-8.242789133462062355e-07
-8.123407911176688551e-07
-8.524394475497558629e-07
-8.040441018111137134e-07
-8.384963754633185287e-07
-8.419462365547822777e-07
-8.343682147250981136e-07
-8.511609000465101974e-07
-8.226030779868632759e-07
-7.985559243810461982e-07
-8.488748005075719985e-07
-8.052529926732658207e-07
-8.371908631157826291e-07
-8.470345352332888828e-07
-8.187595334120562841e-07
-8.153813745834375059e-07
-8.017336243500095618e-07
-8.737678200488510916e-07
-7.805329414046545749e-07
-7.821466193744312486e-07
-7.957303611989928993e-07
-7.654274652681313581e-07
-7.622564253553918368e-07
-7.888540637509806760e-07
-7.942878910059441332e-07
-7.751287985632398130e-07
-7.603084210967779609e-07
-8.269110376118109323e-07
-7.915583693777533365e-07
-8.649410626221713778e-07
-8.051055401224721848e-07
-8.645415294189449562e-07
-7.897199416657835182e-07
-8.099263674054127363e-07
-8.192963567363644406e-07
-8.352004523768739819e-07
-8.923797195366833980e-07
-8.754987015549804050e-07
-8.733834788478797351e-07
-8.543610079355238907e-07
-8.537785540125258256e-07
-8.902290335676272026e-07
-9.017302475242083734e-07
-8.581162391476177515e-07
-8.648302659157048241e-07
-7.856548660135277714e-07
-8.176928872244119054e-07
-8.224807598639446391e-07
-8.449435187290130383e-07
-8.317842434267506970e-07
-8.012029347145604915e-07
-8.166710195975814900e-07
-8.121586494697202786e-07
-8.317515309686112502e-07
-7.799528674492584038e-07
-8.230405704078716624e-07
-8.228447719131805795e-07
-7.668849500637353697e-07
-8.030799799971253775e-07
-8.011643923550286246e-07
-7.939345405202869909e-07
-8.315287831911350106e-07
-8.210682883800291832e-07
-8.673360741928256034e-07
-8.600416521051340745e-07
-8.731353950619470331e-07
-8.712999101592285534e-07
-8.646535668041820487e-07
-8.779035184713313208e-07
-8.689726885138997479e-07
-8.445817454267227978e-07
-8.711746624837570420e-07
