4.623569748537125434e+00
4.623569748537125434e+00
4.623569748537125434e+00
4.623569748537125434e+00
4.623569748537125434e+00
4.623569748537125434e+00
4.623569748537125434e+00
4.623569748537125434e+00
4.623569748537125434e+00
4.746479287326918595e+00
4.746479287326918595e+00
4.746479287326918595e+00
4.746479287326918595e+00
4.746479287326918595e+00
4.746479287326918595e+00
4.746479287326918595e+00
4.746479287326918595e+00
4.746479287326918595e+00
4.895269135065159816e+00
4.895269135065159816e+00
4.895269135065159816e+00
4.895269135065159816e+00
4.895269135065159816e+00
4.895269135065159816e+00
4.895269135065159816e+00
4.895269135065159816e+00
4.895269135065159816e+00
6.374974462262064989e+00
6.374974462262064989e+00
6.374974462262064989e+00
6.374974462262064989e+00
6.374974462262064989e+00
6.374974462262064989e+00
6.374974462262064989e+00
6.374974462262064989e+00
6.374974462262064989e+00
5.331400580495658126e+00
5.331400580495658126e+00
5.331400580495658126e+00
5.331400580495658126e+00
5.331400580495658126e+00
5.331400580495658126e+00
5.331400580495658126e+00
5.331400580495658126e+00
5.331400580495658126e+00
5.155974317429221188e+00
5.155974317429221188e+00
5.155974317429221188e+00
5.155974317429221188e+00
5.155974317429221188e+00
5.155974317429221188e+00
5.155974317429221188e+00
5.155974317429221188e+00
5.155974317429221188e+00
5.596917342879850210e+00
5.596917342879850210e+00
5.596917342879850210e+00
5.596917342879850210e+00
5.596917342879850210e+00
5.596917342879850210e+00
5.596917342879850210e+00
5.596917342879850210e+00
5.596917342879850210e+00
5.948558413926036792e+00
5.948558413926036792e+00
5.948558413926036792e+00
5.948558413926036792e+00
5.948558413926036792e+00
5.948558413926036792e+00
5.948558413926036792e+00
5.948558413926036792e+00
5.948558413926036792e+00
5.723266702138683826e+00
5.723266702138683826e+00
5.723266702138683826e+00
5.723266702138683826e+00
5.723266702138683826e+00
5.723266702138683826e+00
5.723266702138683826e+00
5.723266702138683826e+00
5.723266702138683826e+00
5.930313637360411505e+00
5.930313637360411505e+00
5.930313637360411505e+00
5.930313637360411505e+00
5.930313637360411505e+00
5.930313637360411505e+00
5.930313637360411505e+00
5.930313637360411505e+00
5.930313637360411505e+00
6.436278040439831649e+00
6.436278040439831649e+00
6.436278040439831649e+00
6.436278040439831649e+00
6.436278040439831649e+00
6.436278040439831649e+00
6.436278040439831649e+00
6.436278040439831649e+00
6.436278040439831649e+00
5.049223470933162261e+00
5.049223470933162261e+00
5.049223470933162261e+00
5.049223470933162261e+00
5.049223470933162261e+00
5.049223470933162261e+00
5.049223470933162261e+00
5.049223470933162261e+00
5.049223470933162261e+00
5.214368999336231880e+00
5.214368999336231880e+00
5.214368999336231880e+00
5.214368999336231880e+00
5.214368999336231880e+00
5.214368999336231880e+00
5.214368999336231880e+00
5.214368999336231880e+00
5.214368999336231880e+00
6.035000986570482340e+00
6.035000986570482340e+00
6.035000986570482340e+00
6.035000986570482340e+00
6.035000986570482340e+00
6.035000986570482340e+00
6.035000986570482340e+00
6.035000986570482340e+00
6.035000986570482340e+00
5.320512002338779745e+00
5.320512002338779745e+00
5.320512002338779745e+00
5.320512002338779745e+00
5.320512002338779745e+00
5.320512002338779745e+00
5.320512002338779745e+00
5.320512002338779745e+00
5.320512002338779745e+00
5.853397344638580080e+00
5.853397344638580080e+00
5.853397344638580080e+00
5.853397344638580080e+00
5.853397344638580080e+00
5.853397344638580080e+00
5.853397344638580080e+00
5.853397344638580080e+00
5.853397344638580080e+00
5.756109657373293942e+00
5.756109657373293942e+00
5.756109657373293942e+00
5.756109657373293942e+00
5.756109657373293942e+00
5.756109657373293942e+00
5.756109657373293942e+00
5.756109657373293942e+00
5.756109657373293942e+00
7.102167918391189438e+00
7.102167918391189438e+00
7.102167918391189438e+00
7.102167918391189438e+00
7.102167918391189438e+00
7.102167918391189438e+00
7.102167918391189438e+00
7.102167918391189438e+00
7.102167918391189438e+00
5.160444298966303300e+00
5.160444298966303300e+00
5.160444298966303300e+00
5.160444298966303300e+00
5.160444298966303300e+00
5.160444298966303300e+00
5.160444298966303300e+00
5.160444298966303300e+00
5.160444298966303300e+00
5.234431627442823753e+00
5.234431627442823753e+00
5.234431627442823753e+00
5.234431627442823753e+00
5.234431627442823753e+00
5.234431627442823753e+00
5.234431627442823753e+00
5.234431627442823753e+00
5.234431627442823753e+00
6.108781154554294268e+00
6.108781154554294268e+00
6.108781154554294268e+00
6.108781154554294268e+00
6.108781154554294268e+00
6.108781154554294268e+00
6.108781154554294268e+00
6.108781154554294268e+00
6.108781154554294268e+00
7.743011657393098268e+00
7.743011657393098268e+00
7.743011657393098268e+00
7.743011657393098268e+00
7.743011657393098268e+00
7.743011657393098268e+00
7.743011657393098268e+00
7.743011657393098268e+00
7.743011657393098268e+00
5.681432263047577536e+00
5.681432263047577536e+00
5.681432263047577536e+00
5.681432263047577536e+00
5.681432263047577536e+00
5.681432263047577536e+00
5.681432263047577536e+00
5.681432263047577536e+00
5.681432263047577536e+00
5.946220415558919115e+00
5.946220415558919115e+00
5.946220415558919115e+00
5.946220415558919115e+00
5.946220415558919115e+00
5.946220415558919115e+00
5.946220415558919115e+00
5.946220415558919115e+00
5.946220415558919115e+00
5.869139296438587117e+00
5.869139296438587117e+00
5.869139296438587117e+00
5.869139296438587117e+00
5.869139296438587117e+00
5.869139296438587117e+00
5.869139296438587117e+00
5.869139296438587117e+00
5.869139296438587117e+00
5.600680799739553350e+00
5.600680799739553350e+00
5.600680799739553350e+00
5.600680799739553350e+00
5.600680799739553350e+00
5.600680799739553350e+00
5.600680799739553350e+00
5.600680799739553350e+00
5.600680799739553350e+00
6.730086309780672238e+00
6.730086309780672238e+00
6.730086309780672238e+00
6.730086309780672238e+00
6.730086309780672238e+00
6.730086309780672238e+00
6.730086309780672238e+00
6.730086309780672238e+00
6.730086309780672238e+00
5.991867890828454613e+00
5.991867890828454613e+00
5.991867890828454613e+00
5.991867890828454613e+00
5.991867890828454613e+00
5.991867890828454613e+00
5.991867890828454613e+00
5.991867890828454613e+00
5.991867890828454613e+00
7.327618073844552882e+00
7.327618073844552882e+00
7.327618073844552882e+00
7.327618073844552882e+00
7.327618073844552882e+00
7.327618073844552882e+00
7.327618073844552882e+00
7.327618073844552882e+00
7.327618073844552882e+00
5.917897152999613830e+00
5.917897152999613830e+00
5.917897152999613830e+00
5.917897152999613830e+00
5.917897152999613830e+00
5.917897152999613830e+00
5.917897152999613830e+00
5.917897152999613830e+00
5.917897152999613830e+00
7.012568759499576032e+00
7.012568759499576032e+00
7.012568759499576032e+00
7.012568759499576032e+00
7.012568759499576032e+00
7.012568759499576032e+00
7.012568759499576032e+00
7.012568759499576032e+00
7.012568759499576032e+00
7.239575041248595078e+00
7.239575041248595078e+00
7.239575041248595078e+00
7.239575041248595078e+00
7.239575041248595078e+00
7.239575041248595078e+00
7.239575041248595078e+00
7.239575041248595078e+00
7.239575041248595078e+00
6.734804485922746053e+00
6.734804485922746053e+00
6.734804485922746053e+00
6.734804485922746053e+00
6.734804485922746053e+00
6.734804485922746053e+00
6.734804485922746053e+00
6.734804485922746053e+00
6.734804485922746053e+00
6.334654239845834311e+00
6.334654239845834311e+00
6.334654239845834311e+00
6.334654239845834311e+00
6.334654239845834311e+00
6.334654239845834311e+00
6.334654239845834311e+00
6.334654239845834311e+00
6.334654239845834311e+00
6.939594673373158606e+00
6.939594673373158606e+00
6.939594673373158606e+00
6.939594673373158606e+00
6.939594673373158606e+00
6.939594673373158606e+00
6.939594673373158606e+00
6.939594673373158606e+00
6.939594673373158606e+00
7.084416611965839827e+00
7.084416611965839827e+00
7.084416611965839827e+00
7.084416611965839827e+00
7.084416611965839827e+00
7.084416611965839827e+00
7.084416611965839827e+00
7.084416611965839827e+00
7.084416611965839827e+00
7.281861559513937543e+00
7.281861559513937543e+00
7.281861559513937543e+00
7.281861559513937543e+00
7.281861559513937543e+00
7.281861559513937543e+00
7.281861559513937543e+00
7.281861559513937543e+00
7.281861559513937543e+00
7.924761476993860576e+00
7.924761476993860576e+00
7.924761476993860576e+00
7.924761476993860576e+00
7.924761476993860576e+00
7.924761476993860576e+00
7.924761476993860576e+00
7.924761476993860576e+00
7.924761476993860576e+00
6.972782212956051495e+00
6.972782212956051495e+00
6.972782212956051495e+00
6.972782212956051495e+00
6.972782212956051495e+00
6.972782212956051495e+00
6.972782212956051495e+00
6.972782212956051495e+00
6.972782212956051495e+00
7.003243752131339761e+00
7.003243752131339761e+00
7.003243752131339761e+00
7.003243752131339761e+00
7.003243752131339761e+00
7.003243752131339761e+00
7.003243752131339761e+00
7.003243752131339761e+00
7.003243752131339761e+00
7.051018667835658782e+00
7.051018667835658782e+00
7.051018667835658782e+00
7.051018667835658782e+00
7.051018667835658782e+00
7.051018667835658782e+00
7.051018667835658782e+00
7.051018667835658782e+00
7.051018667835658782e+00
8.144180817602794775e+00
8.144180817602794775e+00
8.144180817602794775e+00
8.144180817602794775e+00
8.144180817602794775e+00
8.144180817602794775e+00
8.144180817602794775e+00
8.144180817602794775e+00
8.144180817602794775e+00
6.626460722169847273e+00
6.626460722169847273e+00
6.626460722169847273e+00
6.626460722169847273e+00
6.626460722169847273e+00
6.626460722169847273e+00
6.626460722169847273e+00
6.626460722169847273e+00
6.626460722169847273e+00
