-1.570136414114287368e-06
-6.502386211244221040e-07
1.084597474233491070e-07
-7.597533020893472827e-07
-1.653616696040026051e-06
-1.184780054708155896e-06
-5.955074283000727548e-07
-8.705601011846281724e-07
-6.841048812315891464e-07
-6.675028365245684363e-07
-8.804818362856257003e-07
-6.879455207702434456e-07
-1.912217613211880080e-07
-3.884993855731901175e-07
-7.538407119078073138e-07
7.419947339420715317e-07
-5.819753079266237599e-07
-9.499173094899476839e-07
-1.036772363073150593e-06
-7.255726332753681086e-07
-5.466461646002664643e-07
-3.186786873077491924e-07
-2.450837540473084118e-07
6.051092617967994890e-08
-2.255645236588127356e-07
-1.021528454306379195e-06
-9.802270873219626012e-08
-2.186398679733416252e-07
-4.349259313929445143e-07
-9.627823778542219700e-07
5.735930683926774880e-08
-2.219859935628179912e-07
-8.683848215151250085e-07
9.863664091592978940e-07
2.695989990538290503e-07
-4.858955485647310805e-07
-6.774826480004314832e-07
-1.123110166905758082e-06
-1.886995591420837193e-07
-7.682715975242174740e-07
-3.116391787317022508e-07
-4.441809754402749021e-07
-1.832952605274005032e-07
-8.289962229508178613e-07
-5.112067220619284882e-07
-1.163726519971125105e-06
-2.134212220365425105e-07
-7.022526021680363489e-07
