-7.251619298172204837e-07
-6.360110974470181946e-07
-6.576721947283292241e-07
-6.849246277698791222e-07
-6.534432826769972777e-07
-6.331744196329792383e-07
-6.762070999008437889e-07
-6.472473783695767209e-07
-6.434517054375528672e-07
-6.581390053967844641e-07
-6.288225057745956654e-07
-6.955012310975883263e-07
-7.072070267472127112e-07
-6.978988188892108168e-07
-6.529052535720416100e-07
-6.716224959395501467e-07
-5.839269077187789424e-07
-6.686513340666287932e-07
-7.130373976884653274e-07
-7.313107339432595567e-07
-7.062442858913297354e-07
-7.285740234212794601e-07
-7.607813256003877552e-07
-7.031051907992557059e-07
-6.997505392912465604e-07
-7.161549632888171859e-07
-7.371990736168261568e-07
-6.620990256211758898e-07
-6.899505866468830478e-07
-6.601535042271237823e-07
-7.463790474301882091e-07
-6.859560369976740013e-07
-7.004515558832210848e-07
-6.777500756079546667e-07
-6.738524587508717699e-07
-6.708443930109936318e-07
-7.852519291363538054e-07
-7.421398023103219783e-07
-7.275402581045161875e-07
-7.410943184952017396e-07
-7.229169555619483218e-07
-7.490140240165046426e-07
-7.944538730615730920e-07
-8.174802051682232722e-07
-7.773411302111640108e-07
-6.741811689344917668e-07
-7.454344257822578327e-07
-6.404601532306793959e-07
-6.426218274137906063e-07
-6.945566778041058037e-07
-7.274475602722364509e-07
-7.314372842648302887e-07
-7.114854763398128110e-07
-6.941846139354330554e-07
-7.338419431927781005e-07
-7.490409982138849344e-07
-6.643171703861150589e-07
-7.413511317835402883e-07
-7.245752175295107963e-07
-7.537698475465314722e-07
-7.723644472209471682e-07
-7.621747756991601175e-07
-7.493224128850233844e-07
-6.950721898454430028e-07
-7.052598566138773982e-07
-6.853138586313035082e-07
-6.746847505955702817e-07
-7.473336288293342343e-07
-6.368531784413810096e-07
-6.851114018579715026e-07
-6.783454190455221330e-07
-7.362001807373286867e-07
-8.243937552836369248e-07
-7.924702614206585270e-07
-8.020415461856955066e-07
-7.255686334519077697e-07
-7.979080708976108359e-07
-8.516981832883534242e-07
-7.938739018761878382e-07
-8.135929724742531674e-07
-8.439294040443461146e-07
-8.243561652958044620e-07
-7.449937461261128684e-07
-7.970760164238615222e-07
-7.819389373545001046e-07
-8.153923490633345018e-07
-7.574551477193399570e-07
-7.950733792798721929e-07
-7.777400705940169703e-07
-7.869856778725256444e-07
-7.414142724341763881e-07
-7.062111049088442799e-07
-7.485818675861562160e-07
-7.940115775484618841e-07
-7.580168803771201568e-07
-7.546856576422910140e-07
-7.359784544820104582e-07
-7.631998413379332280e-07
-7.151676271901322537e-07
-7.453820865646420273e-07
-7.631898883919860006e-07
-7.866346920873467493e-07
-7.125282753640111695e-07
-7.337398708956217840e-07
-7.698673528535993326e-07
-7.629324312031926629e-07
-7.204825585058341712e-07
-7.633451077620962965e-07
-6.517331581562834492e-07
-6.631828712577396043e-07
-6.946893715815607284e-07
-7.001743022117960792e-07
-7.015831163817865885e-07
-6.546493620993319416e-07
-7.414774062092544139e-07
-6.639519084494905791e-07
-7.273784376619307716e-07
-6.701854643747210805e-07
-6.801974837714980872e-07
-6.155602066288464125e-07
-7.055477706218186643e-07
-7.049372077380916900e-07
-6.839786833306755229e-07
-6.559257679315087294e-07
-6.459436442492593063e-07
-5.947718330390970326e-07
-6.794280794366631757e-07
-6.126449305971548416e-07
-6.682415467011692714e-07
-6.301049843974629956e-07
-6.325554350928331219e-07
-6.629049599004925079e-07
-6.403462976683473773e-07
-5.972569226487827625e-07
-6.907477913043420567e-07
-8.143122713861618144e-07
-7.797698425958550772e-07
-7.642911165098433139e-07
-7.779626355076081996e-07
-7.948281179961127870e-07
-8.114418182725960036e-07
-7.596588273808456480e-07
-8.213996274814971562e-07
-7.565488658456877468e-07
-6.291654569938583754e-07
-6.773813048671224645e-07
-6.454090859204642681e-07
-6.650726770019953800e-07
-6.735843066789561234e-07
-6.905069664815438019e-07
-7.199375150773246967e-07
-6.580051824282881742e-07
-6.352110219134296691e-07
-7.703243930007440449e-07
-7.339716681022600803e-07
-7.811761541199441362e-07
-7.628173820763022930e-07
-7.765891463224615454e-07
-7.571352091041931526e-07
-7.684298193080607854e-07
-7.665780363008339639e-07
-7.951111770970960340e-07
-6.623781475842880197e-07
-7.468762980995172585e-07
-6.470423577627291635e-07
-7.111843701847516663e-07
-7.072117832871364933e-07
-7.120807532031618975e-07
-6.837192409928827363e-07
-6.867794885895773442e-07
-6.747091900449265857e-07
-7.536098850399412458e-07
-6.680120811440111545e-07
-6.321819829002948324e-07
-7.578361946559537224e-07
-7.022049543137767897e-07
-6.656048308167384720e-07
-7.425295452498788583e-07
-7.096167159143536627e-07
-6.407487374521814860e-07
-6.998844691621086094e-07
-7.511005848880079510e-07
-7.099168937996103775e-07
-7.225065772303251989e-07
-7.167743528385199382e-07
-6.630279653593913729e-07
-7.180434202976857137e-07
-7.018909079545818340e-07
-6.772724574148576741e-07
-6.327066144815916515e-07
-6.403668129878630131e-07
-6.415818763293651956e-07
-7.108136820195937905e-07
-6.857398292535810311e-07
-6.998089931830022799e-07
-6.880704762352282221e-07
-6.408250518229095505e-07
-6.838746652706892075e-07
-8.050634898582136111e-07
-8.444875157892525407e-07
-7.690709869045353345e-07
-8.531124634422375246e-07
-7.977823908280898776e-07
-8.512153479264767801e-07
-8.363554397308689213e-07
-8.821594974099286171e-07
-7.780384664396052207e-07
-7.119631142008814312e-07
-7.181365791957859236e-07
-7.909354119127721703e-07
-7.276728958132994069e-07
-7.182137912045184455e-07
-8.126971005917578966e-07
-7.898121518661378519e-07
-7.971449997696809772e-07
-7.803629893028057794e-07
-7.038641817054442204e-07
-7.148155204213321799e-07
-7.242833700125514600e-07
-7.550492441220953378e-07
-7.009309527096058513e-07
-7.145530341303627087e-07
-6.529866650516244860e-07
-7.167037366617161725e-07
-6.328670100199972650e-07
-8.748225054563743398e-07
-8.499227748458382411e-07
-8.440125481784273614e-07
-8.464021066759994971e-07
-8.607563894691897243e-07
-8.664204530037714680e-07
-8.564879717284780472e-07
-8.417498051833241457e-07
-8.758355196325365017e-07
-8.356628115644809533e-07
-7.766692492382911811e-07
-7.819765813159364637e-07
-8.526971872583327328e-07
-7.435772253423166502e-07
-7.818065741454315309e-07
-7.422958833201593603e-07
-7.820215956944710634e-07
-7.784549216394868956e-07
-6.750300450789310113e-07
-6.284287556442175850e-07
-6.419566884178514798e-07
-6.993654260650408802e-07
-6.308764279750337119e-07
-6.582861161788280772e-07
-6.998801251912599017e-07
-6.414039942250286975e-07
-6.795633613859471687e-07
-7.957744149206372605e-07
-8.014061542020484326e-07
-8.071088288496696708e-07
-8.073702399319866753e-07
-8.197365506793047394e-07
-8.261205512244871589e-07
-8.604091757184537544e-07
-8.055634115128635277e-07
-8.145259146778603272e-07
-8.721987941867545199e-07
-8.607915258163002034e-07
-9.585523599825754752e-07
-8.830082446772436046e-07
-8.196950076654614372e-07
-9.517360674297351758e-07
-8.605825966210466094e-07
-8.948024631547173769e-07
-9.604916436339084704e-07
-6.977244679198212757e-07
-6.690386881984904379e-07
-6.405764964276239787e-07
-6.671114512363973321e-07
-6.797333249213226072e-07
-7.257330347861798456e-07
-6.535550490028468485e-07
-6.978464345924692653e-07
-6.606465104803862879e-07
-6.098530305266856735e-07
-7.380275264307818696e-07
-6.688807590342464339e-07
-6.366410361947130367e-07
-7.111837516559456967e-07
-6.371965880796723682e-07
-6.455258548727951161e-07
-7.098594798064643516e-07
-6.385349919018972701e-07
-8.570489811440234713e-07
-8.491366197725860665e-07
-8.593501329063112027e-07
-8.270259895751398412e-07
-8.859444691616653595e-07
-8.416706992813930668e-07
-8.651844513126205064e-07
-8.440178841994482644e-07
-8.377267627643335519e-07
-7.019320977789657730e-07
-6.992181049800737006e-07
-7.274550150643319402e-07
-7.268597758193197922e-07
-7.127174039262161231e-07
-7.352857686769318067e-07
-7.042527384650690007e-07
-6.980212891864945959e-07
-7.230979492019345417e-07
-8.365112580207866401e-07
-8.335809264507086676e-07
-8.191597595191939904e-07
-8.243358486272604107e-07
-8.275981102483254421e-07
-8.276006431546859268e-07
-8.237367563929259594e-07
-8.137164726508890981e-07
-8.325376625445507104e-07
-7.758868824351865892e-07
-7.293992354393612152e-07
-7.269142461549876393e-07
-7.836637007740058353e-07
-7.312374572159339126e-07
-7.358365538882346876e-07
-7.993838512274283417e-07
-7.373683694032074334e-07
-7.523108049119400194e-07
-6.643329922116072213e-07
-6.325771847243414089e-07
-7.353214374458478827e-07
-7.277171842961020817e-07
-6.683405196423741612e-07
-7.083894619871356471e-07
-6.972416154911063648e-07
-6.784677034760768720e-07
-7.261117005912917910e-07
-7.803213647096456458e-07
-7.951340568244697857e-07
-7.585048731708710208e-07
-7.940968099020189535e-07
-8.045112107309870950e-07
-7.767486829174453144e-07
-7.890338922997169986e-07
-7.979070973262434552e-07
-8.157306681014087438e-07
-8.013555721363270430e-07
-8.221983084943564268e-07
-7.970382392020906924e-07
-8.081109153932342370e-07
-7.994566350814865376e-07
-8.198491914012316748e-07
-8.302120935050398375e-07
-7.912253988619130469e-07
-8.192248317817432252e-07
-7.093694552022105743e-07
-6.099892495800151812e-07
-7.253074952187687513e-07
-7.363643327571113492e-07
-6.130150021224419951e-07
-6.918261632313319236e-07
-7.019478846028861387e-07
-6.962596147686604215e-07
-7.301266566462440319e-07
-7.998785694176435014e-07
-7.698887968481590186e-07
-7.842080730783211168e-07
-7.861271986277587349e-07
-7.897585549214791443e-07
-7.861144451461638668e-07
-7.912911797682282069e-07
-8.024926144068005307e-07
-7.956800481547448766e-07
-8.027971374015772145e-07
-8.261501542981030273e-07
-7.929039847331406976e-07
-8.196505795875104631e-07
-8.246629901065476599e-07
-8.281636312008251210e-07
-8.177678697931013492e-07
-8.315660557672606655e-07
-8.328043827761505899e-07
-7.947012318280977451e-07
-7.617536142287600235e-07
-8.081031512775494416e-07
-7.769334164638831123e-07
-7.858009356259495782e-07
-8.165432909407352801e-07
-7.947738304555175230e-07
-7.713993079602134496e-07
-8.011898282766274091e-07
-8.261128380730064068e-07
-8.207935084867298010e-07
-8.133970928719717716e-07
-8.185845794773852832e-07
-8.040434764448858459e-07
-8.289814679118797020e-07
-8.202416417927369327e-07
-8.289644744403482983e-07
-8.412615607213699960e-07
-8.052043347568907305e-07
-8.209879342203267342e-07
-7.595832599657330139e-07
-7.993219290922953002e-07
-8.205283952387207818e-07
-7.547682091660728163e-07
-8.003772926131239465e-07
-8.225867062635787842e-07
-7.836447997714706062e-07
-8.438877189604780835e-07
-8.269395447689056512e-07
-8.235441216284311024e-07
-8.263616326529772624e-07
-8.167615605857879325e-07
-8.252921002137336183e-07
-8.319744536569753881e-07
-8.333176679650289324e-07
-8.102593379258600381e-07
-7.722027709321742463e-07
-7.638814126438201299e-07
-7.787212411162758418e-07
-8.070696407803051254e-07
-7.525260374946919110e-07
-7.875391933192746242e-07
-7.776377932662434807e-07
-7.389887501732024555e-07
-7.619191867817199254e-07
-7.642414763904951327e-07
-6.853195615998513102e-07
-6.882745191879995346e-07
-7.535851266186492685e-07
-6.540315542029122612e-07
-8.189156791536680018e-07
-7.570172320262236665e-07
-6.927126316479535515e-07
-7.910749623821994265e-07
