4530.47 -1.21827e-08 5054.71 -5.45958e-09 -0.000700077 0.00260284 -1.54526e-07
4220.14 2.51345e-08 4706.03 1.12697e-08 -0.00979005 0.00562044 -2.31984e-06
3725.57 3.96587e-09 4145.07 1.78226e-09 -0.00686271 0.00108433 -1.84205e-06
4334.8 -3.45106e-08 4788.32 -1.5621e-08 -0.0150299 0.00297051 -3.46726e-06
4026.77 2.7783e-08 4454.09 1.25588e-08 -0.0131579 0.00171588 -3.2676e-06
3949.3 1.54729e-08 4378.68 6.9778e-09 -0.00833394 0.00287618 -2.11023e-06
3619.14 8.16219e-09 3985.91 3.70556e-09 -0.00167806 0.000699959 -4.63664e-07
4270.81 2.85307e-08 4736.73 1.28622e-08 -0.0102184 0.00134396 -2.39262e-06
3519.99 -3.45872e-08 3958.19 -1.53791e-08 -0.0120488 0.00158213 -3.42297e-06
4123.92 -1.02182e-08 4566.53 -4.61389e-09 -0.0127095 0.00201379 -3.0819e-06
4432.06 -1.35089e-08 4885.11 -6.12804e-09 -0.0172248 0.00255691 -3.88641e-06
3657.61 4.40047e-08 4076.95 1.97392e-08 -0.00766887 0.00184342 -2.09669e-06
4288.8 -2.72794e-08 4752.49 -1.23089e-08 -0.0145554 0.00233005 -3.39381e-06
4015.44 -2.65117e-08 4474.17 -1.18968e-08 -0.00154005 0.00465874 -3.83531e-07
4579.98 2.19105e-08 5033.1 9.96898e-09 -0.00685222 0.00319915 -1.49612e-06
4050.24 3.06051e-08 4498.25 1.37785e-08 -0.0100543 0.00444337 -2.4824e-06
3550.63 -4.60479e-08 3937.89 -2.07598e-08 -0.0135838 0.00191952 -3.82573e-06
4232.4 6.77072e-08 4695.44 3.05152e-08 -0.00598819 0.00356669 -1.41484e-06
4376.08 -2.04408e-08 4836.55 -9.24736e-09 -0.0197668 0.00398354 -4.51702e-06
4049.53 2.59472e-08 4462.67 1.17726e-08 -0.0150446 0.00206082 -3.71514e-06
3981.09 2.30753e-08 4362.7 1.05284e-08 -0.0111362 0.00377233 -2.79726e-06
4663.29 -9.14001e-09 5134.75 -4.1504e-09 -0.019318 0.00433813 -4.14256e-06
4057.39 -8.12223e-09 4509.22 -3.65419e-09 -0.0133893 0.00426984 -3.29997e-06
3623.1 -4.79217e-08 4019.33 -2.15988e-08 -0.00605795 0.0043206 -1.67203e-06
4137.48 5.0162e-08 4604.41 2.25376e-08 -0.0115964 0.00266863 -2.80277e-06
4354.05 4.55062e-08 4844.24 2.04507e-08 -0.00368701 0.00499362 -8.468e-07
3694.21 2.37715e-09 4144.04 1.05955e-09 -0.018789 0.00527947 -5.08607e-06
4456.38 -1.87317e-08 4939.36 -8.45007e-09 -0.018554 0.00438 -4.16348e-06
4703.99 -1.65984e-08 5146.11 -7.58621e-09 -0.00673335 0.000790706 -1.43141e-06
2136.73 -1.07557e-07 2392.55 -4.8028e-08 -0.00384736 0.00107334 -1.80059e-06
3551.96 1.08829e-08 3936.1 4.91041e-09 -0.0132404 0.00195152 -3.72764e-06
2219.17 -1.00962e-07 2474.82 -4.52662e-08 -0.00144712 0.00107008 -6.521e-07
3568.75 7.28675e-08 3965.17 3.27912e-08 -0.0165454 0.0046405 -4.63621e-06
3251.37 -3.98023e-08 3627.5 -1.78376e-08 -0.0138712 0.00338913 -4.26627e-06
3038.5 8.02653e-08 3296.45 3.69923e-08 -0.00954125 0.00141588 -3.14012e-06
4251.46 -7.6841e-08 4708.57 -3.46906e-08 -0.0115612 0.00233141 -2.71935e-06
4445.28 4.0651e-10 4898.06 1.84466e-10 -0.024949 0.00402715 -5.61246e-06
3497.55 -1.42835e-08 3878.81 -6.43975e-09 -0.0172145 0.00256855 -4.92189e-06
2763.74 3.32293e-08 3085.61 1.48815e-08 3.05232e-05 0.00167502 1.10441e-08
4064.61 2.79941e-08 4506.54 1.26245e-08 -0.0094802 0.00611758 -2.33237e-06
3552.6 3.26092e-08 3940.09 1.47011e-08 -0.0282971 0.00507964 -7.96517e-06
4299.85 3.14042e-08 4777.65 1.41317e-08 -0.0186911 0.00222652 -4.34691e-06
4051.95 -4.68548e-09 4489.97 -2.11419e-09 -0.0223232 0.00627095 -5.50924e-06
3111.31 2.49794e-08 3482.76 1.11576e-08 -0.0145875 0.00253327 -4.68855e-06
3886.17 3.61829e-08 4307.73 1.6321e-08 -0.011569 0.00281714 -2.97695e-06
4010.08 2.26222e-08 4446.98 1.01998e-08 -0.0110378 0.00438282 -2.75251e-06
4201.88 2.23679e-08 4667.41 1.00685e-08 -0.02069 0.00600791 -4.924e-06
3932.54 -1.28218e-08 4413.44 -5.71236e-09 -0.0125289 0.00416242 -3.18597e-06
3742.8 2.37765e-08 4158.94 1.06987e-08 -0.0135414 0.00274144 -3.618e-06
2264.26 1.25651e-08 2512.48 5.66189e-09 -0.00372146 0.000951805 -1.64357e-06
3444.09 -4.54832e-09 3795.84 -2.06342e-09 -0.0143668 0.00285058 -4.17143e-06
4684.86 -2.02121e-08 5159.75 -9.17592e-09 -0.0189591 0.00537912 -4.04689e-06
1850.81 4.29151e-08 2063.11 1.92495e-08 -0.00199048 0.00159798 -1.07546e-06
3871.24 -4.82924e-08 4292.96 -2.17742e-08 -0.0112613 0.00253691 -2.90897e-06
3210.28 4.99413e-08 3578.49 2.24012e-08 -0.0199058 0.00231667 -6.20065e-06
4014.2 2.42528e-08 4403.13 1.10553e-08 -0.0250808 0.00412688 -6.24802e-06
3599.44 1.68548e-10 3992.59 7.59755e-11 -0.0117212 0.00188862 -3.2564e-06
4301.57 -1.17386e-08 4746.4 -5.31925e-09 -0.0104235 0.00399253 -2.42318e-06
2928.42 -4.85601e-08 3218.04 -2.20949e-08 -0.00916035 0.00116881 -3.12809e-06
2792.48 -1.32473e-07 3111.59 -5.94436e-08 -0.00798484 0.00115616 -2.8594e-06
3858.47 -6.00978e-08 4295.48 -2.69918e-08 -0.0159257 0.00520435 -4.12748e-06
4380.55 -1.57866e-08 4814.1 -7.18246e-09 -0.0360776 0.0103845 -8.23584e-06
4291.76 1.48023e-08 4752.84 6.68317e-09 -0.0191089 0.00890696 -4.45245e-06
4721.49 -5.45331e-08 5240.01 -2.45684e-08 -0.0375658 0.00822794 -7.95635e-06
4160.76 1.95872e-08 4611.86 8.83567e-09 -0.0341936 0.00545155 -8.21811e-06
4323.22 4.70034e-08 4804.72 2.11465e-08 -0.0228065 0.00304392 -5.27534e-06
4795.53 1.21549e-08 5329.79 5.46825e-09 -0.0392249 0.00808723 -8.17948e-06
5183.62 1.58384e-08 5676.59 7.23148e-09 -0.0501608 0.0124805 -9.6768e-06
3921.55 5.77916e-10 4395.15 2.57821e-10 -0.0135966 0.00716675 -3.46716e-06
4985.04 2.91831e-08 5512.39 1.31956e-08 -0.0142473 0.00255096 -2.85801e-06
4079.02 5.77049e-09 4564.74 2.57824e-09 -0.021473 0.00766093 -5.26426e-06
4540.15 6.47716e-09 4978.55 2.9534e-09 -0.0268755 0.00772681 -5.91953e-06
5110.7 -9.38929e-09 5645.37 -4.25002e-09 -0.0414815 0.00891154 -8.11661e-06
5201.33 1.26915e-09 5698.64 5.79197e-10 -0.025548 0.00938914 -4.91183e-06
4584.92 2.69561e-08 5074.23 1.21784e-08 -0.011707 0.0021162 -2.55337e-06
4287.37 -1.44084e-08 4804.4 -6.4289e-09 -0.0104056 0.00816542 -2.42704e-06
5268.34 -1.93975e-08 5756.49 -8.87627e-09 -0.0445533 0.00961603 -8.45681e-06
5302.05 1.07608e-09 5858.06 4.86971e-10 -0.0225329 0.00472134 -4.24985e-06
3901.06 -4.54112e-08 4323.96 -2.04849e-08 -0.0197996 0.00556104 -5.07545e-06
4442.35 -1.36254e-08 4938.94 -6.12771e-09 -0.0231995 0.0091481 -5.22235e-06
4148.94 -2.30731e-08 4621.57 -1.03568e-08 -0.0219876 0.00262669 -5.29957e-06
5008.26 -1.63675e-08 5484.93 -7.47254e-09 -0.0381947 0.00832125 -7.62634e-06
4402 5.825e-09 4880.93 2.62671e-09 -0.0198758 0.00411289 -4.51519e-06
3973.62 2.1289e-08 4420.42 9.56858e-09 -0.015466 0.00273824 -3.89217e-06
4149.49 7.02363e-10 4644.71 3.13738e-10 -0.0155391 0.00248222 -3.74483e-06
4628.64 -1.32648e-08 5093.66 -6.02692e-09 -0.0216218 0.0112725 -4.67131e-06
4336.85 3.87863e-09 4789.76 1.75594e-09 -0.0278024 0.00480287 -6.41073e-06
4393.26 1.25132e-08 4912.82 5.59494e-09 -0.0314704 0.00499001 -7.16333e-06
4703.41 -2.66381e-08 5190.08 -1.20701e-08 -0.0286718 0.009573 -6.09597e-06
4273.8 -3.64157e-08 4743.79 -1.64039e-08 -0.0421944 0.0107806 -9.87282e-06
4504.45 7.85766e-09 5001.21 3.53859e-09 -0.028485 0.00452248 -6.32373e-06
4494.5 2.79156e-09 4986.81 1.25799e-09 -0.0295843 0.00625336 -6.58234e-06
3906.1 3.41183e-08 4329.94 1.53893e-08 -0.0109699 0.00671343 -2.8084e-06
4730.12 3.08619e-08 5236.43 1.39389e-08 -0.0157478 0.002566 -3.32925e-06
4732.19 -4.17731e-09 5216.3 -1.89481e-09 -0.0501769 0.00942822 -1.06033e-05
4238.29 -1.29183e-08 4697.16 -5.82816e-09 -0.0299783 0.0138177 -7.07321e-06
4469.94 3.80677e-08 4954.49 1.71723e-08 -0.00368474 0.00658917 -8.24337e-07
4700.66 -3.76293e-08 5153.66 -1.71609e-08 -0.0478786 0.0101969 -1.01855e-05
4618.02 -1.63136e-08 5103.13 -7.38139e-09 -0.0362113 0.00959591 -7.84131e-06
4762.05 1.78376e-08 5271.41 8.05702e-09 -0.0224492 0.00744478 -4.71419e-06
5164.12 -3.49179e-09 5669.17 -1.59036e-09 -0.0369273 0.00618079 -7.15075e-06
4156.24 -1.70312e-08 4618.1 -7.66394e-09 -0.0102535 0.00230748 -2.46702e-06
4479.57 1.4981e-08 4956.85 6.76927e-09 -0.0188789 0.00405795 -4.21445e-06
3620.64 -1.62213e-07 4054.33 -7.24307e-08 -0.0257858 0.00455497 -7.12188e-06
5567.71 -3.70164e-08 6132.65 -1.68032e-08 -0.0365808 0.00692164 -6.57016e-06
4091.28 2.85618e-08 4520.55 1.29248e-08 -0.021135 0.00731312 -5.16586e-06
3666.83 -2.38341e-08 4100.41 -1.0657e-08 -0.0142282 0.00668181 -3.88023e-06
4223.8 1.87778e-08 4673.62 8.48526e-09 -0.0239778 0.00424482 -5.67682e-06
3838.19 -6.48053e-08 4325.9 -2.87496e-08 -0.0165013 0.00233454 -4.29924e-06
4846.8 -9.24407e-09 5332.28 -4.20122e-09 -0.0355742 0.00685635 -7.33972e-06
4499.83 -2.00054e-08 4962.26 -9.07055e-09 -0.0289122 0.00775044 -6.42518e-06
4031.96 -9.52498e-09 4495.66 -4.27128e-09 -0.0225173 0.00371319 -5.5847e-06
4189.21 5.79476e-08 4656.12 2.60684e-08 -0.026044 0.00309363 -6.21692e-06
4148.3 -2.30822e-09 4650.65 -1.02945e-09 -0.0159168 0.00678721 -3.83695e-06
4607.16 3.88433e-09 5084.99 1.75966e-09 -0.0399016 0.00983224 -8.66079e-06
4059.69 -5.33473e-08 4494.81 -2.40915e-08 -0.0239434 0.00636736 -5.89783e-06
4273.65 -3.79121e-10 4749.8 -1.70558e-10 -0.0240882 0.00458213 -5.63644e-06
4381.24 -4.13038e-08 4857.34 -1.86277e-08 -0.0277762 0.00614776 -6.3398e-06
4288.35 5.47738e-08 4751.55 2.47171e-08 -0.0129518 0.00750692 -3.02023e-06
4284.88 1.22579e-08 4779.66 5.4945e-09 -0.0369812 0.00678978 -8.63062e-06
4030.01 -3.05569e-09 4473.53 -1.37637e-09 -0.0184677 0.0045608 -4.58254e-06
4424.54 6.57801e-09 4870.26 2.988e-09 -0.0434665 0.00971042 -9.82397e-06
5378.47 -2.0931e-09 5908.83 -9.52616e-10 -0.0328105 0.00750535 -6.10033e-06
4507.08 3.10548e-08 4989.1 1.40272e-08 -0.0109555 0.00209105 -2.43072e-06
4326 3.83605e-08 4781 1.73549e-08 -0.0142388 0.00627691 -3.29145e-06
3546.78 6.05349e-08 3960.66 2.71046e-08 -0.0101161 0.00141056 -2.85219e-06
4180.23 1.30467e-08 4634.31 5.88416e-09 -0.0363837 0.00802558 -8.70375e-06
3805.46 -5.89224e-09 4270.98 -2.625e-09 -0.0213465 0.00284635 -5.60945e-06
4503.64 -1.2869e-08 4964.32 -5.83738e-09 -0.0237499 0.00482312 -5.27349e-06
4669 2.30746e-08 5176.33 1.04065e-08 -0.0146017 0.00364404 -3.12737e-06
4210.35 -2.99092e-09 4641.09 -1.35667e-09 -0.0289525 0.00670242 -6.87651e-06
3636.63 7.2492e-10 4051.2 3.25368e-10 -0.0234444 0.00285756 -6.44674e-06
4022.36 4.51043e-09 4452.75 2.03723e-09 -0.018928 0.00423025 -4.7057e-06
4296.93 8.08072e-09 4811.28 3.60843e-09 -0.0204225 0.00499902 -4.75282e-06
4676.21 -9.87599e-09 5178.19 -4.4593e-09 -0.0128633 0.00229751 -2.7508e-06
4183.45 1.68202e-08 4640.13 7.58239e-09 -0.0107198 0.00428803 -2.56244e-06
3736.2 -2.1716e-08 4162.59 -9.74577e-09 -0.0245308 0.00362411 -6.56569e-06
3990.66 -1.83306e-08 4419.01 -8.27688e-09 -0.0236475 0.00505717 -5.92571e-06
4144.99 1.72785e-08 4634.62 7.72656e-09 -0.0204906 0.00408339 -4.94346e-06
4195.66 7.91736e-09 4659 3.56499e-09 -0.0180355 0.00376706 -4.29862e-06
4316.28 2.72137e-08 4776.18 1.22966e-08 -0.0133819 0.00719909 -3.10032e-06
4439.77 -5.88956e-10 4903.06 -2.66653e-10 -0.026824 0.00583791 -6.04175e-06
4576.64 3.02251e-08 5047.66 1.37023e-08 -0.0307954 0.00607883 -6.72883e-06
3828.74 8.5615e-09 4263.49 3.84424e-09 -0.00961418 0.00288928 -2.51106e-06
3793.5 5.64092e-08 4283.66 2.49773e-08 -0.0193015 0.0030527 -5.08805e-06
4474.33 -2.16886e-08 4950.03 -9.80217e-09 -0.0341921 0.00783821 -7.64183e-06
4080.24 6.07392e-09 4558.47 2.71835e-09 -0.00494356 0.00296135 -1.21159e-06
4413.53 -3.82396e-08 4877.91 -1.72996e-08 -0.0143584 0.00456864 -3.25327e-06
4142.51 -3.50617e-08 4592.04 -1.58147e-08 -0.0189971 0.00567385 -4.58589e-06
4942.58 2.45022e-08 5469.52 1.10708e-08 -0.0354676 0.00699051 -7.17592e-06
3925.25 1.6662e-08 4372.85 7.47825e-09 -0.0195508 0.00448443 -4.98078e-06
4193.28 5.2071e-09 4669.4 2.33808e-09 -0.0223836 0.0046957 -5.33797e-06
4404.81 -1.85701e-09 4922.62 -8.30836e-10 -0.00843483 0.00349571 -1.91491e-06
5296.07 1.70325e-09 5833.13 7.73217e-10 -0.0310099 0.00807713 -5.85526e-06
4817.04 1.33889e-08 5310.86 6.07198e-09 -0.0290718 0.00551762 -6.03519e-06
4650.82 3.34886e-08 5160.41 1.50908e-08 -0.0349331 0.00912617 -7.51118e-06
4083.5 -2.07391e-08 4502.61 -9.40435e-09 -0.0339433 0.00585273 -8.3123e-06
3837.14 5.16326e-08 4263.16 2.32365e-08 -0.0224278 0.0045329 -5.84493e-06
4606.71 -1.39323e-08 5071.7 -6.32749e-09 -0.0366885 0.0076121 -7.96414e-06
4160.55 6.11521e-09 4616.2 2.75579e-09 -0.0211494 0.00418132 -5.08332e-06
4074.71 -5.86633e-08 4550.05 -2.62674e-08 -0.0278144 0.00795214 -6.82611e-06
5028.53 -2.79127e-08 5516.41 -1.2722e-08 -0.042943 0.00890872 -8.53988e-06
4299.67 -2.06069e-08 4762.38 -9.30235e-09 -0.0388228 0.00869924 -9.02926e-06
4722.67 -9.09397e-09 5230.93 -4.10518e-09 -0.0447403 0.00988117 -9.47352e-06
4011.1 -1.05653e-08 4494.53 -4.71443e-09 -0.018872 0.00308378 -4.70495e-06
4429.59 2.44517e-09 4934.86 1.09741e-09 -0.0331007 0.00527051 -7.47263e-06
4024.51 -4.49573e-08 4519.44 -2.0017e-08 -0.0244365 0.00616542 -6.07192e-06
3409.47 6.58649e-08 3834.66 2.92809e-08 -0.00404172 0.00271115 -1.18544e-06
4107.06 2.11772e-09 4548.59 9.56076e-10 -0.0149637 0.00336687 -3.64341e-06
4568.86 1.10174e-08 5062.68 4.97136e-09 -0.0277339 0.00682007 -6.0702e-06
3674.45 -3.64672e-08 4089.56 -1.63828e-08 -0.0174522 0.0040321 -4.74961e-06
3993.74 2.24635e-08 4450.01 1.00801e-08 -0.00390239 0.00375653 -9.77128e-07
4188.15 3.90606e-08 4619.7 1.77059e-08 -0.0307624 0.00476787 -7.3451e-06
5460.65 -1.63946e-08 5989.2 -7.47388e-09 -0.0416193 0.0100327 -7.62167e-06
5354.99 6.63024e-09 5917.61 2.99994e-09 -0.0409308 0.00711379 -7.64348e-06
3670.07 -5.55269e-09 4117.79 -2.47448e-09 -0.0015093 0.00201497 -4.11246e-07
3507.85 -2.73098e-08 3908.88 -1.2254e-08 -0.0139827 0.00238654 -3.98612e-06
3699.38 4.80155e-08 4159.97 2.13496e-08 -0.0160692 0.00294844 -4.34376e-06
4861.18 2.71431e-08 5369.62 1.22865e-08 -0.0208763 0.00483834 -4.29448e-06
4326.04 -1.00031e-08 4806.42 -4.50169e-09 -0.0372869 0.00664093 -8.61918e-06
4206.9 -2.5032e-09 4653.89 -1.13139e-09 -0.0315038 0.00865051 -7.48859e-06
3723.68 -3.06157e-08 4146.99 -1.37453e-08 -0.0191034 0.00397357 -5.13024e-06
3913.7 -4.73131e-08 4343.8 -2.13142e-08 -0.0361679 0.00581707 -9.24137e-06
4536.53 4.89155e-08 5012.89 2.21336e-08 -0.0159476 0.00201604 -3.51537e-06
3754.97 -2.35609e-08 4166.62 -1.06166e-08 -0.0222858 0.00565494 -5.93501e-06
4216.74 9.30881e-09 4664.4 4.20771e-09 -0.0207335 0.0052204 -4.91694e-06
4567.31 2.3398e-08 5055.83 1.05686e-08 -0.0416599 0.00667154 -9.12131e-06
3719.99 -3.72703e-08 4159.01 -1.66681e-08 -0.0254301 0.0028116 -6.83606e-06
4154.71 7.68293e-10 4661.33 3.42396e-10 -0.0109556 0.00432988 -2.63691e-06
4199.95 -5.09569e-08 4680.31 -2.28635e-08 -0.0175223 0.0064302 -4.17203e-06
3915.6 -4.88578e-08 4333.87 -2.20712e-08 -0.02198 0.0050633 -5.61344e-06
3732.94 1.96461e-08 4190.79 8.74988e-09 -0.011959 0.00184354 -3.20366e-06
3588.41 -6.51078e-08 4064.43 -2.87413e-08 -0.0114327 0.0045991 -3.186e-06
4076.64 4.04155e-08 4551.46 1.80996e-08 -0.0149332 0.00346761 -3.66312e-06
4263.05 4.73583e-08 4731.98 2.13326e-08 -0.0345054 0.00596543 -8.09406e-06
3795.96 -2.79971e-08 4219.79 -1.25926e-08 -0.00693707 0.00323228 -1.82749e-06
4178.77 4.63715e-09 4613 2.10033e-09 -0.0184855 0.00510079 -4.42367e-06
5070.88 1.76681e-09 5608.2 7.98766e-10 -0.0401985 0.00523759 -7.92732e-06
5378.63 -7.44352e-09 5962.16 -3.3575e-09 -0.0263002 0.00891515 -4.88977e-06
5778.9 1.3558e-08 6387.87 6.13275e-09 -0.0231018 0.00827615 -3.99762e-06
4234.43 -3.41621e-08 4712.91 -1.53469e-08 -0.0138643 0.00365285 -3.27417e-06
3489.16 -4.21236e-08 3911.82 -1.87862e-08 -0.0151729 0.00369651 -4.34857e-06
4080.65 -2.07058e-08 4513.48 -9.3601e-09 -0.0255016 0.00440931 -6.24941e-06
5043.36 1.56532e-08 5580.53 7.07324e-09 -0.0252481 0.00735526 -5.00621e-06
3644.32 -1.82131e-08 4093.38 -8.10755e-09 -0.0182513 0.00207839 -5.00814e-06
4797.94 7.59348e-09 5285.33 3.44663e-09 -0.0242965 0.00494277 -5.06394e-06
3702.79 5.8167e-08 4135.36 2.60413e-08 -0.0304052 0.00401512 -8.21145e-06
4945.92 2.48499e-08 5477.85 1.12184e-08 -0.00868299 0.00295371 -1.75559e-06
4270.2 3.8541e-08 4719.25 1.74368e-08 -0.00937921 0.00350841 -2.19643e-06
3529.13 -9.47937e-09 3971.18 -4.21209e-09 -0.0141986 0.00459384 -4.02326e-06
3793.32 1.8475e-09 4184.88 8.37321e-10 -0.0227797 0.00490252 -6.00521e-06
3876.61 -7.3304e-09 4324.79 -3.28538e-09 -0.0355842 0.00769094 -9.1792e-06
4209.58 -3.3877e-09 4688.28 -1.5209e-09 -0.019301 0.00260164 -4.58501e-06
3762.01 -2.24956e-08 4197.43 -1.0081e-08 -0.0338205 0.00703675 -8.99001e-06
4548.48 5.14897e-09 5049.57 2.319e-09 -0.0196013 0.0079912 -4.30943e-06
4398.94 4.20564e-09 4906.11 1.88544e-09 -0.0186047 0.00248766 -4.22936e-06
4745.42 -1.84295e-08 5244.55 -8.33776e-09 -0.0316241 0.00753045 -6.66412e-06
4535.28 1.14559e-08 5010.88 5.18432e-09 -0.0170194 0.006621 -3.75267e-06
4040.75 1.90343e-08 4532.12 8.4853e-09 -0.0324056 0.00493714 -8.01971e-06
4131.31 -1.58046e-08 4584.89 -7.12054e-09 -0.0269259 0.00718818 -6.51753e-06
3758.32 8.74259e-09 4182.74 3.92774e-09 -0.0164096 0.00278038 -4.3662e-06
3807.46 -2.1029e-08 4248.18 -9.4237e-09 -0.00477139 0.0034983 -1.25317e-06
3690.62 -8.6157e-10 4115.44 -3.86317e-10 -0.0316167 0.003509 -8.56677e-06
3652 -4.66682e-08 4104.66 -2.07609e-08 -0.0192972 0.00286877 -5.28402e-06
5970.67 -1.56487e-08 6564.74 -7.11628e-09 -0.0577194 0.0133035 -9.66715e-06
5441.32 -1.02155e-08 6024.46 -4.61335e-09 -0.0385947 0.00741398 -7.0929e-06
5081.22 -1.61026e-08 5615.41 -7.2854e-09 -0.0332177 0.00780908 -6.53734e-06
3791.05 -2.37066e-08 4244.17 -1.05878e-08 -0.0169689 0.00665197 -4.47603e-06
3043.85 4.38643e-08 3452.15 1.93381e-08 -0.000641996 0.00235875 -2.10916e-07
3958.87 3.67388e-09 4376.2 1.66176e-09 -0.0171544 0.00419496 -4.33315e-06
3887.47 2.98771e-08 4313.35 1.34636e-08 -0.0217355 0.00383288 -5.59116e-06
4536.56 7.25831e-10 5046.08 3.2627e-10 -0.0183373 0.00214919 -4.04213e-06
4668.11 1.37412e-08 5186.15 6.1843e-09 -0.0494422 0.0102564 -1.05915e-05
3755.84 -5.88911e-08 4207.22 -2.62864e-08 -0.0337304 0.00416928 -8.98079e-06
4444.48 -1.05807e-08 4931.96 -4.76745e-09 -0.033295 0.00722824 -7.49133e-06
3737.09 -3.68742e-08 4177.52 -1.64933e-08 -0.0197782 0.00540704 -5.29241e-06
3550.66 2.83284e-08 3958.9 1.27036e-08 -0.0151698 0.00498624 -4.2724e-06
4122.92 5.0169e-08 4563.99 2.26603e-08 -0.0210243 0.00582238 -5.09937e-06
3692.6 1.48777e-08 4110.66 6.68229e-09 -0.00956276 0.00369506 -2.58971e-06
4672.77 8.23547e-09 5173.88 3.71891e-09 -0.00892044 0.00241431 -1.90903e-06
4220.36 7.64515e-09 4716.44 3.42052e-09 -0.0208674 0.00270335 -4.94445e-06
4919.35 2.90923e-08 5424.54 1.31914e-08 -0.0503464 0.0112287 -1.02344e-05
4075.68 4.41779e-08 4509.95 1.9962e-08 -0.0143139 0.00239334 -3.51202e-06
4094.36 -3.68055e-08 4514.96 -1.66884e-08 -0.0132309 0.00356727 -3.23149e-06
4076.37 1.04176e-08 4546.45 4.67024e-09 -0.0314651 0.00506178 -7.71891e-06
4166.94 4.68358e-08 4644.57 2.10097e-08 -0.0111744 0.00337979 -2.68168e-06
3947.22 1.14292e-08 4397.27 5.12975e-09 -0.0250765 0.00371156 -6.35293e-06
3707.96 6.84055e-09 4152.35 3.05423e-09 -0.0155953 0.00389258 -4.20589e-06
3892.98 7.15291e-09 4364.02 3.19042e-09 -0.0153553 0.00309263 -3.94435e-06
3676.26 1.86565e-08 4098.32 8.3676e-09 -0.0138707 0.00149902 -3.77305e-06
6226.37 -2.63844e-08 6832.65 -1.20216e-08 -0.0607308 0.0182884 -9.75381e-06
5802.51 -1.82598e-08 6402.15 -8.27479e-09 -0.0214503 0.00934997 -3.69672e-06
3588.54 2.79815e-08 4058.02 1.23721e-08 -0.00590225 0.00393433 -1.64475e-06
3963.32 -1.2749e-08 4385.43 -5.76095e-09 -0.0136334 0.00827652 -3.43988e-06
5140.07 -1.95631e-08 5693.31 -8.83105e-09 -0.0554917 0.0139815 -1.07959e-05
4046.12 2.37295e-08 4522.52 1.06149e-08 -0.0184487 0.00561164 -4.5596e-06
4630.56 -2.1984e-08 5149.81 -9.88371e-09 -0.0291781 0.00931422 -6.3012e-06
4159.39 -2.30129e-08 4636.09 -1.03233e-08 -0.0328264 0.00413346 -7.8921e-06
4158.02 6.33747e-09 4589.91 2.87057e-09 -0.0336346 0.00725063 -8.0891e-06
4110.14 -2.77159e-08 4653.61 -1.22396e-08 -0.0126661 0.00176517 -3.08167e-06
4273.61 2.69473e-09 4812.8 1.19642e-09 -0.0208434 0.00249029 -4.87723e-06
3628.84 3.39117e-08 4035.65 1.52466e-08 -0.0271531 0.00345745 -7.48258e-06
3695.91 -1.24641e-08 4144.43 -5.55763e-09 -0.0144981 0.00478916 -3.92273e-06
4460.67 1.82923e-09 5009.89 8.14351e-10 -0.0291808 0.00491288 -6.5418e-06
4333.42 -9.40483e-09 4808.64 -4.23769e-09 -0.042146 0.0102667 -9.72581e-06
4574.46 1.2184e-08 5074.43 5.49179e-09 -0.0288655 0.00334155 -6.31015e-06
4514.05 -1.33303e-08 4980.91 -6.04043e-09 -0.0265092 0.0073121 -5.8726e-06
3975.04 3.65261e-08 4436.15 1.63647e-08 -0.0267617 0.00496722 -6.73245e-06
4367.93 -2.32947e-08 4850.06 -1.04895e-08 -0.0367354 0.00710954 -8.41025e-06
3402.88 -2.18986e-08 3862.82 -9.64559e-09 -0.017019 0.00204372 -5.00137e-06
4231.06 4.68455e-08 4709.01 2.10454e-08 -0.0291677 0.00864602 -6.89373e-06
4750.96 -1.47472e-08 5273.96 -6.6424e-09 -0.0284196 0.00851999 -5.98186e-06
4766.36 3.43531e-08 5260.65 1.55626e-08 -0.0336562 0.00930549 -7.0612e-06
3979.87 -6.46224e-09 4415.88 -2.91209e-09 -0.0176666 0.00433425 -4.43898e-06
4163.84 8.3194e-09 4620.57 3.74852e-09 -0.0202312 0.00535688 -4.85877e-06
4876.99 2.02611e-09 5338.34 9.25503e-10 -0.00329904 0.0035353 -6.76449e-07
5913.14 -3.05024e-08 6445.77 -1.3991e-08 -0.0949131 0.0219445 -1.60512e-05
5295.87 1.11025e-08 5858.44 5.01819e-09 -0.0193274 0.00474756 -3.64952e-06
3809.04 -3.46318e-08 4266.18 -1.54604e-08 -0.0181571 0.00255588 -4.76684e-06
4851.93 2.86464e-09 5410.8 1.28437e-09 -0.0409248 0.00560568 -8.43476e-06
3798.07 6.21902e-08 4252.6 2.77716e-08 -0.0175063 0.00312302 -4.60927e-06
3886.33 2.1328e-09 4333.37 9.56389e-10 -0.0151876 0.00358038 -3.90796e-06
4770.29 -3.38073e-08 5231.04 -1.54148e-08 -0.00453815 0.00353862 -9.51335e-07
4915.52 6.41523e-09 5416.65 2.91085e-09 -0.025597 0.00523442 -5.20739e-06
4050.94 -3.57054e-08 4471.97 -1.61719e-08 -0.0509882 0.0116638 -1.25868e-05
4063.24 -1.56829e-09 4538.37 -7.0205e-10 -0.0277789 0.00617279 -6.83663e-06
5067.72 2.43531e-09 5660.8 1.09008e-09 -0.0584678 0.0143168 -1.15373e-05
4761.07 6.70877e-09 5229.49 3.05393e-09 -0.0269003 0.00695362 -5.65006e-06
4387.33 -1.73493e-08 4881.18 -7.79701e-09 -0.011711 0.00245759 -2.66928e-06
4257.83 1.42902e-08 4748.25 6.40712e-09 -0.0290269 0.00640815 -6.81729e-06
4702.93 -8.78919e-09 5149.06 -4.01384e-09 -0.450561 0.0599432 -9.58043e-05
4186.75 1.06159e-08 4695.52 4.73281e-09 -0.0424433 0.0081039 -1.01375e-05
4437.35 -2.4836e-08 4883.63 -1.12832e-08 -0.0181029 0.0060701 -4.07968e-06
4532.64 -4.16028e-08 5009.78 -1.88203e-08 -0.0331794 0.00969699 -7.3201e-06
4182.33 -5.89327e-09 4633.31 -2.65983e-09 -0.0300889 0.00376965 -7.19427e-06
4788.34 2.62605e-08 5289.92 1.18853e-08 -0.0403661 0.0117267 -8.43007e-06
4168.31 2.08941e-08 4631.71 9.40182e-09 -0.0273382 0.00643432 -6.55858e-06
5324.21 -6.87038e-09 5845.81 -3.12868e-09 -0.03828 0.00759304 -7.18981e-06
5334.65 -3.81998e-09 5727.04 -1.77913e-09 0.000885308 0.00421968 1.65954e-07
5822.41 -1.95055e-08 6411.6 -8.85652e-09 -0.0536681 0.0127237 -9.2175e-06
5136.25 -8.53303e-09 5734.23 -3.82159e-09 -0.0392361 0.00768115 -7.63906e-06
4099.44 1.14572e-08 4598.96 5.10637e-09 -0.0171661 0.00695335 -4.18742e-06
4028.03 9.8591e-09 4513.03 4.39978e-09 -0.0305817 0.00657456 -7.59224e-06
3989.88 1.55532e-08 4437.25 6.99257e-09 -0.0239937 0.00282175 -6.01362e-06
3906.23 -1.24495e-08 4409.52 -5.51428e-09 -0.0226886 0.00321253 -5.80832e-06
3729.94 -9.12852e-09 4166.55 -4.08598e-09 -0.0164049 0.00226006 -4.39816e-06
3942.26 4.42151e-08 4356.22 2.00067e-08 -0.03017 0.00626245 -7.65297e-06
4547.72 1.79923e-09 5058.46 8.08782e-10 -0.0279496 0.00707417 -6.14585e-06
4719.82 -1.39128e-08 5229.97 -6.27782e-09 -0.0422041 0.00762432 -8.94189e-06
5081.88 -5.75875e-09 5618.41 -2.60441e-09 -0.0547321 0.0148981 -1.077e-05
4452.26 -3.16669e-08 4923.1 -1.43192e-08 -0.0232229 0.00738494 -5.21596e-06
3989.19 1.7682e-09 4480.96 7.87073e-10 -0.0303996 0.00436602 -7.6205e-06
4175.71 -7.10915e-09 4671.79 -3.17713e-09 -0.00491042 0.000946917 -1.17595e-06
4327.75 2.85477e-08 4877.05 1.26662e-08 -0.00826986 0.00337995 -1.91089e-06
4305.75 -2.22634e-08 4789.39 -1.00076e-08 -0.0276946 0.00807568 -6.432e-06
4253.85 1.85511e-08 4744.61 8.31613e-09 -0.0107876 0.00306454 -2.53597e-06
4164.75 1.63429e-07 4670.73 7.28625e-08 -0.437263 0.0559005 -0.000104991
4374.69 -1.98982e-08 4863.22 -8.94967e-09 -0.0296668 0.00818105 -6.78147e-06
4770.6 -1.67594e-08 5313.73 -7.52317e-09 -0.0334553 0.00734132 -7.01282e-06
3910.85 -1.5587e-08 4384.07 -6.95226e-09 -0.0195063 0.00663758 -4.98773e-06
4131.88 -8.99381e-09 4598.18 -4.04087e-09 -0.025886 0.0063751 -6.26494e-06
4692.19 -1.76002e-08 5237.48 -7.88388e-09 -0.0537762 0.0139899 -1.14608e-05
4353.7 1.78325e-09 4853.46 7.99814e-10 -0.0153816 0.00419161 -3.53299e-06
3714.75 -1.63812e-08 4186.38 -7.26785e-09 -0.0143582 0.00459709 -3.86518e-06
4215.76 -1.20823e-08 4703.38 -5.41484e-09 -0.0233172 0.00559346 -5.53097e-06
5255.02 -2.54067e-08 5751.87 -1.1606e-08 -0.021322 0.00554557 -4.05745e-06
5446.15 -1.38345e-09 6010.65 -6.26763e-10 -0.0210967 0.00696158 -3.87369e-06
3535.01 7.49775e-08 3958.71 3.34763e-08 -0.0103179 0.00244317 -2.91877e-06
3884.54 6.55412e-07 4488.77 2.83594e-07 -0.501603 0.0601843 -0.000129128
5567.53 3.67378e-08 6157.02 1.66102e-08 -0.0426093 0.00691228 -7.65318e-06
4164.6 5.26188e-09 4654.73 2.35391e-09 -0.0199673 0.00290602 -4.79453e-06
4122 -8.31028e-08 4625.75 -3.70264e-08 -0.0156978 0.00252922 -3.8083e-06
4220.94 -5.0354e-08 4736.13 -2.24383e-08 -0.0271802 0.00459251 -6.43936e-06
5453.73 -1.33107e-08 5993.75 -6.05572e-09 -0.0863597 0.0149378 -1.5835e-05
4190.6 1.20533e-08 4636.48 5.4471e-09 -0.0374433 0.00743782 -8.93506e-06
3827.92 -4.15895e-08 4299.54 -1.85137e-08 -0.0470081 0.00657072 -1.22803e-05
4698.86 -3.27394e-08 5207.97 -1.47694e-08 -0.0453902 0.00921427 -9.65985e-06
4807.41 -3.34704e-08 5341.13 -1.50629e-08 -0.0181747 0.00757809 -3.78056e-06
4547.56 5.02116e-09 5063.33 2.25484e-09 -0.0376567 0.00708368 -8.28064e-06
4422.9 3.40829e-08 4908.31 1.53561e-08 -0.0434112 0.00770947 -9.81511e-06
4175.27 -6.92437e-08 4674.05 -3.09273e-08 -0.029157 0.0042935 -6.98325e-06
3973.39 5.73728e-09 4485.61 2.54106e-09 -0.389706 0.0499986 -9.80791e-05
4903.1 4.61226e-09 5422.73 2.08515e-09 -0.0582728 0.0130363 -1.18849e-05
4760.38 -4.90888e-09 5276.37 -2.21441e-09 -0.0560114 0.0155147 -1.17662e-05
3997.56 6.54072e-09 4483.38 2.91598e-09 -0.0182848 0.00549328 -4.574e-06
3725.09 2.75283e-08 4169.27 1.22977e-08 -0.018278 0.00287824 -4.90672e-06
4327.94 -1.97243e-08 4810.88 -8.87213e-09 -0.0324494 0.00579185 -7.49766e-06
4380.95 9.74144e-09 4861.8 4.38899e-09 -0.0370116 0.00709903 -8.44831e-06
4515.56 -3.10724e-08 5035.9 -1.39309e-08 -0.0335467 0.00781232 -7.42913e-06
4761.14 2.38368e-08 5265.99 1.07758e-08 -0.0301638 0.00676481 -6.33542e-06
5904.94 -9.00224e-09 6567.3 -4.04715e-09 -0.0352776 0.00752845 -5.97426e-06
5959.18 -1.04865e-08 6598.82 -4.73501e-09 -0.04444 0.0137525 -7.4574e-06
6167.2 1.68407e-08 6765.9 7.67523e-09 -0.0699221 0.0155913 -1.13377e-05
4321.23 4.73109e-08 4813.18 2.12376e-08 -0.034289 0.0054492 -7.93501e-06
4123.64 -4.00875e-08 4643.86 -1.77984e-08 -0.0394742 0.00588721 -9.57268e-06
4168.54 -6.91524e-09 4664.6 -3.08992e-09 -0.0247736 0.00823219 -5.94298e-06
4819.95 -9.85785e-11 5338.62 -4.45006e-11 -0.0601639 0.0112742 -1.24823e-05
4919.57 2.77469e-08 5421.79 1.25883e-08 -0.0381139 0.00828948 -7.74742e-06
4402.12 -2.78785e-08 4940.06 -1.24214e-08 -0.0246788 0.00449841 -5.60612e-06
4358.83 6.62181e-08 4863.2 2.96752e-08 -0.0435515 0.00925311 -9.99156e-06
4540.36 -2.99918e-08 5045.54 -1.34944e-08 -0.0330312 0.00489411 -7.27502e-06
5460.59 9.69499e-09 6043.16 4.38019e-09 -0.0366901 0.0112356 -6.71908e-06
4853.72 6.08309e-09 5403.94 2.73186e-09 -0.0234482 0.00434226 -4.83097e-06
4662.34 4.52328e-08 5195.75 2.02946e-08 -0.0351548 0.00555748 -7.54016e-06
4103.51 -1.19469e-08 4590.66 -5.33954e-09 -0.0118235 0.00366678 -2.88133e-06
4857.68 2.04458e-08 5336.62 9.30545e-09 -0.0217394 0.00845867 -4.47527e-06
4142.3 -1.01752e-08 4655.25 -4.52701e-09 -0.0291867 0.00890828 -7.04602e-06
4612.03 -3.77209e-08 5128.78 -1.69602e-08 -0.0431972 0.00927735 -9.36621e-06
4675.31 -2.15183e-08 5154.36 -9.75916e-09 -0.0331796 0.00487526 -7.09676e-06
5013.62 -4.35491e-09 5571.91 -1.95928e-09 -0.0550763 0.010918 -1.09853e-05
4089.92 6.86166e-09 4541.44 3.08972e-09 -0.0262576 0.00495794 -6.42007e-06
5926.8 1.29443e-08 6537.64 5.86742e-09 -0.0420615 0.0130359 -7.09683e-06
4651 1.6498e-08 5171.54 7.41871e-09 -0.0249656 0.00751171 -5.36779e-06
4523.14 -1.71406e-08 5069.49 -7.64666e-09 -0.0244344 0.00541672 -5.40208e-06
4515.46 5.24545e-08 4967.02 2.38428e-08 -0.429244 0.0563556 -9.5061e-05
4699.56 -4.59146e-09 5218.68 -2.06737e-09 -0.0345584 0.00612332 -7.35354e-06
4556.34 1.30398e-08 5113.66 5.80931e-09 -0.0443388 0.0105846 -9.73122e-06
4806.41 -2.48008e-08 5322.12 -1.11988e-08 -0.0822885 0.0182039 -1.71206e-05
4019.31 -1.88292e-08 4526.93 -8.35892e-09 -0.0139301 0.00306071 -3.4658e-06
5220.73 -7.66736e-09 5741.33 -3.48606e-09 -0.101715 0.017806 -1.94828e-05
5606.58 7.3238e-09 6142.53 3.34239e-09 -0.0260847 0.011918 -4.65252e-06
4601.45 -4.05011e-08 5150.69 -1.80912e-08 -0.0257309 0.00465355 -5.59191e-06
4937.15 -9.78593e-09 5460.37 -4.42411e-09 -0.0482459 0.0117733 -9.77202e-06
5457.24 -1.23961e-08 6028.8 -5.61046e-09 -0.0262798 0.00685458 -4.81558e-06
5112 6.24087e-09 5678.08 2.80934e-09 -0.0228789 0.00458064 -4.47553e-06
4299.35 -2.16179e-08 4802.72 -9.67608e-09 -0.0246625 0.0060212 -5.73633e-06
4314.46 -1.94084e-08 4803.16 -8.71683e-09 -0.0321306 0.00866271 -7.44718e-06
4458.39 1.04684e-09 4970.85 4.69459e-10 -0.0158769 0.00537411 -3.56113e-06
3902.95 3.24906e-09 4403.52 1.43986e-09 -0.0250023 0.0032972 -6.406e-06
5314.51 -2.00125e-08 5877.24 -9.04818e-09 -0.0771674 0.0210058 -1.45201e-05
5040.77 4.96888e-10 5616.97 2.22958e-10 -0.0680457 0.0127547 -1.34991e-05
4188.58 -2.54654e-08 4683.55 -1.13871e-08 -0.0431468 0.00921094 -1.0301e-05
4318.33 -2.72657e-08 4814.22 -1.22286e-08 -0.0496045 0.00763841 -1.1487e-05
4921.17 -4.34649e-09 5484.46 -1.95004e-09 -0.0297604 0.0113324 -6.04741e-06
4698.94 -1.45723e-08 5190.24 -6.59644e-09 -0.0220545 0.0091339 -4.69352e-06
4456.56 -2.21701e-08 5000.62 -9.87902e-09 -0.0337625 0.011694 -7.5759e-06
5134.08 -9.50024e-09 5722.86 -4.26141e-09 -0.0312954 0.00693582 -6.09563e-06
5700.4 2.15119e-08 6302.23 9.7288e-09 -0.025788 0.00565116 -4.52389e-06
5858.7 -6.52488e-09 6482.74 -2.94839e-09 -0.0132519 0.00511492 -2.26192e-06
5178.72 -1.7005e-08 5730 -7.68445e-09 -0.0212369 0.00633853 -4.10079e-06
4279.97 3.57246e-08 4793.26 1.59495e-08 -0.0199151 0.00286007 -4.6531e-06
4703.36 -2.96486e-08 5260.53 -1.32542e-08 -0.0401908 0.0105353 -8.54514e-06
4767.1 -1.00438e-08 5333.73 -4.48838e-09 -0.0396038 0.011174 -8.30774e-06
4351.56 -3.76577e-08 4852.69 -1.68844e-08 -0.0271051 0.00574817 -6.22881e-06
4658.79 2.34184e-08 5189.22 1.05123e-08 0.00431119 0.00379737 9.25388e-07
5183.89 -1.39518e-08 5743.91 -6.29579e-09 -0.0728196 0.0151177 -1.40473e-05
4467.51 -3.85481e-09 4970.76 -1.73227e-09 -0.0242527 0.00290042 -5.42869e-06
4866.77 -2.5618e-08 5371.52 -1.16054e-08 -0.0949294 0.0204352 -1.95056e-05
5450.97 8.53765e-12 6065.63 3.83625e-12 -0.0725331 0.0130677 -1.33064e-05
5272.01 1.29651e-08 5881.08 5.81118e-09 -0.0184115 0.00629757 -3.49232e-06
5487.04 6.02975e-09 6076.7 2.72232e-09 -0.0311765 0.0111394 -5.68184e-06
4826.95 -1.41989e-08 5279.25 -6.49121e-09 -0.00497572 0.00788278 -1.03082e-06
4547.38 -1.53279e-08 5069.09 -6.87515e-09 -0.0242893 0.00439311 -5.34138e-06
4272.14 4.55586e-08 4773.82 2.03854e-08 -0.0289079 0.00535408 -6.7666e-06
3780.87 1.11482e-08 4254.31 4.9538e-09 -0.012267 0.00285761 -3.24449e-06
4879.99 2.782e-08 5439.98 1.24781e-08 -0.0402722 0.011056 -8.25253e-06
5193.96 -2.38494e-08 5767.75 -1.07384e-08 -0.0270894 0.0069023 -5.21555e-06
4711.05 3.38412e-08 5271.95 1.51204e-08 -0.0164603 0.00728616 -3.49397e-06
4627.41 -1.79444e-08 5139.35 -8.07845e-09 -0.0489008 0.00915479 -1.05677e-05
4527.84 1.66034e-08 5020.12 7.48762e-09 -0.0237344 0.00593903 -5.24187e-06
5066.17 -6.84155e-09 5657.25 -3.06337e-09 -0.00381656 0.00630533 -7.53342e-07
4908.05 1.45374e-08 5468.92 6.52327e-09 -0.0128559 0.00418073 -2.61935e-06
5671.62 -5.06047e-09 6282.09 -2.28436e-09 -0.016581 0.0036206 -2.92351e-06
4366.51 3.76925e-09 4868.69 1.69024e-09 -0.0267544 0.00561298 -6.12718e-06
5265.06 -2.51789e-08 5817.8 -1.13934e-08 -0.00923271 0.00465848 -1.75358e-06
4834.56 -2.22017e-08 5392.11 -9.95302e-09 -0.0485554 0.0107988 -1.00434e-05
5612.03 -3.1103e-08 6207.55 -1.40596e-08 -0.0782908 0.0196826 -1.39505e-05
4196.23 -2.7614e-08 4694.52 -1.23415e-08 -0.0217194 0.00356952 -5.17593e-06
4613.61 3.54014e-08 5171.29 1.57918e-08 -0.0135069 0.00229566 -2.92761e-06
3822.19 -1.26579e-08 4303.71 -5.62082e-09 -0.0157584 0.00444575 -4.12288e-06
4967.11 -6.1247e-08 5462.18 -2.78478e-08 -0.0581774 0.0155012 -1.17125e-05
4971.81 -8.00052e-09 5447.92 -3.65066e-09 -0.0468499 0.0109705 -9.42312e-06
5217.54 -9.53645e-09 5792.6 -4.29486e-09 -0.0341385 0.0100352 -6.54303e-06
4118.1 6.96336e-09 4601.47 3.11594e-09 -0.0178793 0.00208542 -4.34163e-06
4178.67 2.21013e-08 4647.33 9.93627e-09 -0.0182001 0.00535961 -4.35548e-06
5255.44 -3.92209e-08 5819.35 -1.77101e-08 -0.051292 0.0128264 -9.7598e-06
3839.79 -1.49573e-08 4302.63 -6.67419e-09 -0.0224512 0.0053455 -5.84698e-06
3876.12 -4.90935e-08 4322.36 -2.20126e-08 -0.0271466 0.00429866 -7.00355e-06
5437.83 -1.18627e-09 6101.57 -5.28611e-10 -0.0481645 0.0149686 -8.8573e-06
5399.91 -3.64969e-08 5989.44 -1.64523e-08 -0.0566271 0.0139042 -1.04867e-05
5325.21 1.051e-09 5950.11 4.7031e-10 -0.0545462 0.0138143 -1.0243e-05
5069.61 -3.24172e-08 5588.41 -1.47039e-08 -0.044026 0.00984465 -8.6843e-06
4677.27 2.93356e-09 5177.72 1.32501e-09 -0.0588893 0.00943814 -1.25905e-05
5149.95 -1.39591e-08 5745.08 -6.25654e-09 -0.0270704 0.00538484 -5.25644e-06
5737.02 -5.52102e-08 6343.05 -2.49676e-08 -0.0993398 0.0236292 -1.73156e-05
5445.98 1.39813e-09 6056.16 6.28633e-10 -0.0101639 0.0033239 -1.86632e-06
5252.28 3.7875e-09 5877.49 1.6923e-09 -0.0259321 0.0100687 -4.93732e-06
4422.32 1.50074e-09 4969.31 6.67772e-10 -0.0196381 0.00346613 -4.44067e-06
5468.75 -8.82777e-09 6077.79 -3.97158e-09 -0.0261657 0.00432899 -4.78458e-06
5002.94 -3.41915e-09 5568.85 -1.53585e-09 -0.012515 0.00455662 -2.50152e-06
4971.15 1.7008e-09 5539.13 7.632e-10 -0.0380899 0.00932028 -7.6622e-06
3.84626 -0.00604722 46.1073 -0.000252229 -0.00181562 0.00150895 -0.000472048
5215.19 1.61533e-08 5779.88 7.28758e-09 -0.0396965 0.0088325 -7.61171e-06
4593.44 -1.65673e-09 5095.16 -7.46795e-10 -0.0335269 0.0051129 -7.29887e-06
5383.95 -3.24814e-08 6027.55 -1.45066e-08 -0.0242989 0.00780086 -4.51321e-06
5185.93 -5.90228e-09 5790.09 -2.64321e-09 -0.0216331 0.00796122 -4.1715e-06
4241.35 -2.39393e-09 4769.59 -1.0644e-09 -0.025174 0.00353306 -5.93537e-06
4890.15 -9.45669e-09 5378.18 -4.29928e-09 -0.0575327 0.0115485 -1.1765e-05
5327.33 -3.37436e-09 5940.97 -1.51291e-09 -0.0297847 0.00924826 -5.59093e-06
4863.51 6.36635e-09 5375.76 2.87986e-09 -0.0126904 0.00560425 -2.60931e-06
4179.31 6.63034e-10 4667.92 2.96816e-10 -0.0193624 0.00246082 -4.63292e-06
5066.35 -1.43719e-08 5645.17 -6.44917e-09 -0.0247234 0.00713969 -4.87991e-06
5306.92 -7.43986e-09 5902.54 -3.34456e-09 -0.0497795 0.0104363 -9.38011e-06
5428.58 -1.95891e-08 6046.94 -8.79296e-09 -0.0650601 0.019 -1.19847e-05
4654.97 -6.71053e-09 5153.92 -3.03044e-09 -0.0497428 0.00952133 -1.06859e-05
5028.23 -1.15407e-08 5582.03 -5.19787e-09 -0.0347099 0.00658754 -6.903e-06
4696.1 -2.49984e-08 5222.94 -1.12384e-08 -0.0336074 0.00953409 -7.15645e-06
5446.7 -1.82083e-08 6055.31 -8.18911e-09 -0.0775594 0.0179381 -1.42397e-05
5319.64 7.77814e-09 5912.53 3.49908e-09 -0.00688448 0.00964187 -1.29416e-06
5552.7 2.04296e-09 6160.19 9.20745e-10 -0.0295945 0.00762618 -5.32974e-06
5293.46 -9.04152e-10 5920.56 -4.04193e-10 -0.0384091 0.0127569 -7.25596e-06
5372.22 -2.9092e-08 5939.81 -1.3156e-08 -0.0259095 0.00763701 -4.82286e-06
5372.23 2.29036e-08 5946.91 1.03452e-08 -0.0133508 0.00321536 -2.48515e-06
5500.55 -3.66585e-08 6090.34 -1.65542e-08 -0.0645134 0.0153358 -1.17286e-05
5681.21 -1.04175e-08 6305.66 -4.69292e-09 -0.0629621 0.0182949 -1.10825e-05
4846.54 3.58016e-08 5347.63 1.62234e-08 -0.04439 0.00982291 -9.15911e-06
4485.86 -1.92635e-08 4970.01 -8.69347e-09 -0.0530937 0.00850977 -1.18358e-05
4047.62 -3.51394e-08 4532.67 -1.56895e-08 -0.0323449 0.00577922 -7.99108e-06
5276.22 2.26965e-08 5888.26 1.01687e-08 -0.0201158 0.00247361 -3.81255e-06
4439.02 -3.40229e-08 4936.62 -1.52967e-08 -0.0668908 0.0117288 -1.50688e-05
5296.46 -5.07086e-09 5931.47 -2.26399e-09 -0.0307617 0.009704 -5.80798e-06
5316.52 -3.69522e-08 5935.61 -1.6549e-08 -0.0278826 0.0104947 -5.24453e-06
5576.23 -6.36337e-09 6177.11 -2.87219e-09 -0.0508442 0.0149671 -9.11803e-06
4256.84 -1.5598e-09 4810.81 -6.90094e-10 -0.0195092 0.00452785 -4.58302e-06
4542.81 2.08187e-08 5008.38 9.44175e-09 -0.0236107 0.00364428 -5.19738e-06
4560.43 -4.0057e-08 5068.06 -1.80224e-08 -0.0156033 0.00531714 -3.42145e-06
5243 -4.36135e-09 5811.99 -1.96719e-09 -0.0437459 0.0141035 -8.34367e-06
5162.01 1.81591e-08 5754.57 8.1446e-09 -0.0778877 0.0155214 -1.50886e-05
5224.83 4.03392e-09 5832.57 1.8068e-09 -0.0455517 0.00988186 -8.71831e-06
4541.2 1.735e-08 5062.07 7.78236e-09 -0.0583489 0.00969657 -1.28488e-05
4482.33 -3.17712e-09 4995.56 -1.42535e-09 -0.0281835 0.00460927 -6.2877e-06
5088.86 -7.5169e-09 5669.34 -3.37362e-09 -0.0616891 0.0108666 -1.21224e-05
5248.59 -2.22881e-08 5831.65 -1.00298e-08 -0.0265564 0.0109551 -5.05972e-06
5329.11 6.41715e-09 5916.16 2.8902e-09 -0.0311976 0.00825876 -5.85418e-06
5292.41 -2.29811e-08 5883.75 -1.03357e-08 -0.0444754 0.0108714 -8.40361e-06
5308.61 1.20346e-08 5937.18 5.38026e-09 -0.0159106 0.00579932 -2.99714e-06
5498.43 8.34557e-09 6102.01 3.76004e-09 -0.0558928 0.0131377 -1.01652e-05
5503.67 -1.50362e-08 6080.59 -6.8048e-09 -0.0499837 0.0119843 -9.08189e-06
4782.67 -9.94205e-09 5250.17 -4.52838e-09 -0.0418908 0.00579934 -8.75888e-06
5256.26 2.35971e-09 5772.63 1.07432e-09 -0.0124067 0.00499616 -2.36036e-06
4382.13 -2.49876e-08 4852.02 -1.12839e-08 -0.0421608 0.0100576 -9.62106e-06
4375.75 -2.22008e-08 4828.99 -1.00586e-08 -0.027428 0.00433533 -6.26817e-06
5393.82 -2.57937e-08 5950.24 -1.16909e-08 -0.0245651 0.009236 -4.55429e-06
5143.98 -3.06943e-08 5653.91 -1.3963e-08 -0.0381577 0.0104382 -7.41792e-06
5173.17 -1.8572e-08 5774.38 -8.31917e-09 -0.0484511 0.0134186 -9.36583e-06
4501.68 -2.36371e-08 5057.8 -1.05191e-08 -0.0155512 0.00343563 -3.45454e-06
5383.91 -6.0863e-08 6008.9 -2.72663e-08 -0.044242 0.0139947 -8.21745e-06
4801.59 8.1874e-09 5336.94 3.68306e-09 -0.0186526 0.00521053 -3.88468e-06
5315.8 -3.6763e-08 5910.15 -1.6533e-08 -0.0810348 0.0187685 -1.52441e-05
5025.95 2.37327e-08 5570.9 1.07056e-08 -0.0466153 0.0103512 -9.27491e-06
4493.44 -5.01985e-08 5002 -2.25474e-08 -0.0300127 0.00548488 -6.67923e-06
5366.87 -1.34104e-08 5980.56 -6.01714e-09 -0.0785713 0.015466 -1.46401e-05
4614.51 -2.91304e-08 5168.2 -1.30048e-08 -0.0281179 0.0120373 -6.09337e-06
5329.15 -1.7759e-08 5894.48 -8.02788e-09 -0.0456614 0.011683 -8.56824e-06
5108.08 4.86728e-09 5715.79 2.17489e-09 -0.0181246 0.00196805 -3.54822e-06
5236.48 -1.29687e-08 5841.03 -5.81323e-09 -0.0201642 0.00659718 -3.85072e-06
6025.12 -1.01902e-08 6657.32 -4.61127e-09 -0.0640759 0.0144773 -1.06348e-05
5132.57 2.06106e-08 5709.54 9.26391e-09 -0.00941854 0.00456291 -1.83505e-06
5632.06 -1.61711e-08 6217.62 -7.32407e-09 -0.0440115 0.0135602 -7.81447e-06
4585.52 5.35232e-09 5060.28 2.42508e-09 -0.0399145 0.00905865 -8.70447e-06
5035.2 -3.58077e-08 5554.67 -1.62295e-08 -0.0483655 0.00998993 -9.60548e-06
4879.94 -4.48144e-08 5403.76 -2.02351e-08 -0.0254281 0.00870965 -5.21073e-06
5225.39 3.41694e-08 5844.36 1.52753e-08 -0.00567203 0.00207232 -1.08547e-06
5475.15 -3.11181e-08 6115.57 -1.39297e-08 -0.061291 0.012886 -1.11944e-05
4304.44 2.3374e-08 4749.7 1.05914e-08 -0.0311441 0.00406837 -7.23535e-06
5485.28 -1.71779e-08 6087.66 -7.73904e-09 -0.0511738 0.0138591 -9.32931e-06
5437.32 -3.74452e-08 6074.95 -1.67575e-08 -0.0544446 0.0185529 -1.00131e-05
4629.35 6.70841e-09 5148.87 3.01577e-09 -0.0151219 0.00473827 -3.26652e-06
5387.59 -2.81559e-08 5984.27 -1.26743e-08 -0.0451422 0.00909648 -8.37893e-06
5464.38 -3.19197e-08 6084.24 -1.43339e-08 -0.0277716 0.0107683 -5.08228e-06
4949.98 -3.67863e-08 5455.14 -1.66899e-08 -0.0220102 0.0047969 -4.44651e-06
5141.1 -5.22701e-08 5696.93 -2.35851e-08 -0.0191752 0.00375183 -3.72978e-06
5358.27 -3.83981e-09 5938.15 -1.73242e-09 -0.0589245 0.0131221 -1.09969e-05
5135.62 6.99513e-09 5705.82 3.14804e-09 -0.0540925 0.0115369 -1.05328e-05
4836.79 -1.20799e-08 5391.78 -5.41823e-09 -0.0541767 0.00893985 -1.1201e-05
5736.16 -2.36439e-08 6359.61 -1.0663e-08 -0.057754 0.0149222 -1.00684e-05
5156.4 2.14252e-08 5746.83 9.61195e-09 -0.0578606 0.0115956 -1.12211e-05
4508.11 -2.83186e-08 5082.54 -1.2559e-08 -0.000643707 0.00503017 -1.42789e-07
4178.15 1.35256e-08 4713.71 5.99444e-09 0.00638725 0.00392023 1.52873e-06
4313.08 -2.18731e-08 4804.4 -9.81814e-09 -0.0100819 0.00201621 -2.33751e-06
4119.53 6.64506e-08 4589.01 2.98262e-08 -0.00804504 0.00151497 -1.9529e-06
4027.02 -7.1985e-09 4544.98 -3.18906e-09 -0.0108805 0.00350456 -2.70187e-06
3847.31 4.46462e-09 4302.46 1.99616e-09 -0.0133611 0.00224696 -3.47284e-06
4073.97 -2.9017e-08 4614.51 -1.2809e-08 -0.0126066 0.00237159 -3.09442e-06
4511.43 -4.05028e-09 5042.36 -1.8119e-09 -0.0156335 0.00304493 -3.46531e-06
4651.7 -1.41917e-08 5206.73 -6.33946e-09 -0.0130285 0.00203971 -2.8008e-06
4339.89 1.88968e-08 4819.21 8.50865e-09 -0.0197579 0.00258992 -4.55262e-06
4165.34 -3.45622e-08 4615.85 -1.55944e-08 -0.00098233 0.00208671 -2.35834e-07
4722.55 1.73247e-09 5287.81 7.73635e-10 -0.0101905 0.00350085 -2.15783e-06
4537.03 -3.4152e-08 5116.44 -1.51422e-08 -0.00619192 0.00747126 -1.36475e-06
4427.71 4.36048e-09 4925.38 1.95994e-09 -0.00738207 0.00551439 -1.66724e-06
4846.8 2.54209e-09 5437.53 1.13296e-09 -0.0232017 0.0070489 -4.78701e-06
4506.08 2.79461e-08 4995.65 1.26037e-08 -0.00728439 0.00351892 -1.61657e-06
5034.95 1.20513e-08 5596.61 5.42093e-09 -0.00593492 0.00809243 -1.17875e-06
4814.19 -3.37764e-08 5404.44 -1.50437e-08 -0.0259636 0.00588588 -5.39314e-06
4879.57 -1.14247e-08 5458.57 -5.10641e-09 -0.0118386 0.00291118 -2.42615e-06
4586.85 1.15252e-08 5126.83 5.15568e-09 -0.0100124 0.00541085 -2.18285e-06
4408.99 -9.09158e-09 4936.74 -4.05983e-09 -0.0238111 0.0037806 -5.40058e-06
4486.28 5.5888e-10 5045.38 2.48474e-10 -0.0247294 0.00372374 -5.51224e-06
5210.63 -1.11752e-08 5676.86 -5.12868e-09 -0.00358933 0.00695164 -6.88848e-07
4711.95 6.14283e-10 5241.55 2.76108e-10 -0.0478405 0.0117123 -1.0153e-05
4102.15 -1.07147e-08 4546.02 -4.83428e-09 -0.00720987 0.00246901 -1.75758e-06
4045.27 7.92988e-08 4529.87 3.54078e-08 0.00207804 0.00127648 5.13697e-07
4596.43 -7.53129e-09 5168.51 -3.34884e-09 -0.0200223 0.00423298 -4.35606e-06
4561.26 -2.90827e-09 5114.8 -1.29676e-09 -0.0177054 0.0053169 -3.8817e-06
4960.29 4.44229e-09 5508.74 2.00001e-09 -0.0394577 0.0106257 -7.95472e-06
5061.68 -2.45567e-08 5664.85 -1.0971e-08 -0.0574382 0.0161388 -1.13477e-05
3233.03 -1.70893e-08 3652.18 -7.564e-09 -0.000704798 0.004086 -2.17999e-07
4569.19 -2.32947e-08 5063.16 -1.0511e-08 -0.0198222 0.00496848 -4.33823e-06
4581.21 5.61385e-08 5089.55 2.52657e-08 -0.0176688 0.00225639 -3.85679e-06
4608.3 1.77229e-09 5130.43 7.95963e-10 -0.0446923 0.00708526 -9.69823e-06
5483.18 -4.01011e-08 6116.34 -1.79749e-08 -0.0388534 0.0118273 -7.08593e-06
5159.04 -2.67082e-09 5772.77 -1.19344e-09 -0.0384013 0.00625232 -7.44349e-06
4804.66 -2.36102e-08 5323.11 -1.06553e-08 -0.0280888 0.00668078 -5.84615e-06
5426.31 -1.5669e-08 6021.62 -7.05995e-09 -0.0313689 0.00786717 -5.78089e-06
5619.29 1.23315e-08 6272.09 5.524e-09 -0.0052356 0.00452912 -9.31719e-07
4839.93 -2.40419e-09 5392.4 -1.07894e-09 -0.0263101 0.00691304 -5.43605e-06
5122.64 -8.2306e-09 5729.11 -3.67966e-09 -0.0103959 0.00333214 -2.02941e-06
5389.83 5.32771e-09 5978.28 2.40165e-09 -0.0362492 0.00406945 -6.72548e-06
5170.19 3.92667e-09 5735.71 1.76976e-09 -0.0573217 0.0115295 -1.1087e-05
6026.66 8.03035e-09 6669.31 3.62827e-09 -0.0380945 0.00839971 -6.321e-06
5461.81 -1.55338e-08 6068.06 -6.99092e-09 -0.0431794 0.00891348 -7.9057e-06
5340.54 -2.88323e-08 5911.88 -1.30229e-08 -0.0212207 0.00746331 -3.97352e-06
5265.96 -1.71188e-08 5773.61 -7.80678e-09 -0.0627559 0.0136231 -1.19173e-05
4721.3 -6.33386e-09 5217.9 -2.86553e-09 -0.0619517 0.0128148 -1.31217e-05
5959.22 -2.26275e-08 6619.73 -1.01849e-08 -0.042241 0.0114995 -7.08834e-06
5044.47 -1.9527e-08 5598.66 -8.79707e-09 -0.0437212 0.0075464 -8.66716e-06
5074.29 -2.55253e-08 5602.28 -1.15598e-08 -0.0317885 0.00618552 -6.26462e-06
4843.43 2.31313e-08 5433.61 1.03094e-08 -0.0218231 0.00328653 -4.50572e-06
4779.05 1.55318e-08 5303.18 6.99837e-09 -0.00718123 0.00387193 -1.50265e-06
5838.35 -2.38982e-08 6450.87 -1.08145e-08 -0.055587 0.0141993 -9.52101e-06
5193.12 -5.97391e-09 5760.42 -2.69279e-09 -0.0497489 0.013146 -9.57976e-06
4741.34 -3.1417e-09 5295.3 -1.40652e-09 -0.0444441 0.00937118 -9.37375e-06
5295.74 -1.9904e-08 5830.65 -9.039e-09 -0.0869062 0.0203057 -1.64106e-05
5232.71 -1.40463e-08 5829.08 -6.3046e-09 -0.0800817 0.0214819 -1.53041e-05
5232.96 2.30191e-10 5809.17 1.03679e-10 -0.0321067 0.00826383 -6.13549e-06
5642.03 -2.87164e-08 6268.35 -1.29236e-08 -0.0532091 0.0161673 -9.43083e-06
5375.75 -1.98587e-08 6010.84 -8.88023e-09 -0.0330847 0.0116365 -6.15443e-06
4911.52 6.55595e-09 5418.06 2.97151e-09 -0.0179979 0.00413379 -3.66442e-06
5055.28 -6.33867e-09 5591.61 -2.86534e-09 -0.0449713 0.010572 -8.89592e-06
4459.7 6.49514e-09 4959.01 2.92058e-09 -0.0322622 0.00540914 -7.23418e-06
5450.46 -3.14074e-08 6069.9 -1.41011e-08 -0.0567181 0.0169152 -1.04061e-05
5396.77 1.512e-08 5996.24 6.80421e-09 -0.0256496 0.0120097 -4.75276e-06
5808.04 -2.96476e-08 6419.19 -1.34125e-08 -0.0615471 0.0173408 -1.05969e-05
5201.93 -1.17566e-08 5759.96 -5.30882e-09 0.00697847 0.00380363 1.34152e-06
5385.73 -1.33753e-08 5958.25 -6.04506e-09 -0.0575317 0.0148668 -1.06823e-05
4227.3 -6.01987e-08 4688.63 -2.71378e-08 -0.0177099 0.00537519 -4.1894e-06
5247.14 -4.41308e-08 5742.01 -2.01637e-08 -0.0854889 0.0183925 -1.62925e-05
4567.29 -3.86678e-08 5100.44 -1.73129e-08 -0.0495561 0.0127418 -1.08502e-05
5291.85 -3.0938e-08 5885.49 -1.39087e-08 -0.0220815 0.00562643 -4.17274e-06
5350.53 -5.82957e-09 5957.77 -2.6177e-09 -0.0164055 0.00326155 -3.06614e-06
5872.46 -6.8575e-09 6528.27 -3.08431e-09 -0.0632248 0.0167502 -1.07663e-05
5124.55 1.31893e-08 5683.67 5.94592e-09 -0.014465 0.00837117 -2.82269e-06
6084.09 -1.52176e-08 6745.51 -6.86271e-09 -0.0629889 0.0185056 -1.03531e-05
5064.49 -3.45701e-09 5617.17 -1.55844e-09 -0.0272847 0.00462837 -5.38745e-06
6016.06 -2.40894e-08 6625.52 -1.09368e-08 -0.0451405 0.0131251 -7.50333e-06
4907.41 -3.53882e-08 5454.79 -1.59185e-08 -0.0258232 0.0061845 -5.26209e-06
5587.31 -1.10225e-08 6203.65 -4.9637e-09 -0.0731567 0.0157826 -1.30934e-05
5407.61 -4.27818e-08 5956.31 -1.94204e-08 -0.041869 0.0100335 -7.7426e-06
4837.07 3.9147e-08 5430.98 1.74331e-08 -0.06115 0.0124209 -1.26419e-05
5195.22 -1.06628e-09 5774.78 -4.79636e-10 -0.0388923 0.00954967 -7.48617e-06
5668.15 1.40332e-08 6304.61 6.30826e-09 -0.0173512 0.00889419 -3.06118e-06
5183.99 -6.34769e-09 5750.49 -2.86118e-09 -0.0516557 0.00975431 -9.96447e-06
4396.37 -1.27137e-08 4863.19 -5.74664e-09 -0.018875 0.00244306 -4.2933e-06
5745.58 -9.93244e-10 6339.39 -4.50104e-10 -0.0457092 0.0112479 -7.95555e-06
4687.19 2.05727e-08 5219.64 9.23707e-09 -0.0335505 0.00858374 -7.15792e-06
5544.71 1.58506e-08 6141.87 7.15476e-09 -0.0775257 0.0181969 -1.39819e-05
4517.68 -1.44341e-08 5018.79 -6.49644e-09 0.00115452 0.00176306 2.55556e-07
4799.67 -2.611e-08 5353.37 -1.17047e-08 -0.0291173 0.0100937 -6.06652e-06
5020.94 -7.36924e-09 5560.23 -3.32725e-09 -0.0488632 0.00943467 -9.73188e-06
6007.48 -1.68615e-08 6669.1 -7.59434e-09 -0.0985135 0.0269792 -1.63985e-05
4594.24 -2.17654e-08 5101.29 -9.80101e-09 -0.0082077 0.00396223 -1.78652e-06
5211.56 -2.17339e-08 5781.05 -9.79646e-09 -0.040169 0.00917105 -7.70768e-06
4977.32 7.37978e-09 5530.67 3.32072e-09 -0.0299706 0.0122523 -6.02142e-06
5230.06 -1.53741e-09 5786.76 -6.94755e-10 -0.0292364 0.00759038 -5.59007e-06
5998.96 -5.0499e-09 6633.17 -2.28354e-09 -0.0823699 0.018552 -1.37307e-05
5976.08 2.21076e-09 6628.53 9.96577e-10 -0.0626793 0.0138753 -1.04884e-05
6111.5 -1.11312e-08 6798.58 -5.00314e-09 -0.0408523 0.0137702 -6.68451e-06
5149.92 -2.17962e-08 5723.18 -9.80651e-09 -0.0541879 0.0128669 -1.05221e-05
4866.39 -1.65844e-08 5432.12 -7.42859e-09 -0.0488996 0.00990229 -1.00484e-05
6050.74 6.12329e-10 6674.67 2.77545e-10 -0.106541 0.0206648 -1.7608e-05
5839.65 2.3712e-09 6494.59 1.06604e-09 -0.0916534 0.0229153 -1.5695e-05
5853.17 -1.64983e-08 6528.13 -7.39627e-09 -0.0606603 0.0146945 -1.03637e-05
4975.54 8.7973e-09 5545.16 3.94681e-09 -0.0402191 0.0100588 -8.08336e-06
5348.32 -3.49894e-08 5947.37 -1.57326e-08 -0.0490196 0.0152487 -9.16542e-06
5639.58 -2.28437e-08 6193.02 -1.04011e-08 -0.0866895 0.0170962 -1.53716e-05
4701.41 1.16942e-08 5235.33 5.25079e-09 -0.0142344 0.00449669 -3.02769e-06
6116.76 -1.87664e-08 6770.66 -8.47699e-09 -0.0421837 0.0164874 -6.89643e-06
4274.31 1.04155e-07 4888.31 4.55362e-08 -0.405953 0.0512262 -9.49752e-05
5052.06 6.63381e-09 5653.05 2.96428e-09 -0.0302995 0.012182 -5.99746e-06
4180.65 2.14354e-08 4680.39 9.57333e-09 -0.000345749 0.00122116 -8.27023e-08
5762.89 -2.38177e-08 6334.75 -1.08338e-08 -0.0947272 0.0213517 -1.64374e-05
5517.45 -9.83589e-09 6120.36 -4.43348e-09 -0.0969069 0.024611 -1.75637e-05
5021.82 -3.5503e-09 5571.37 -1.60005e-09 -0.0229074 0.00836898 -4.56158e-06
5177.68 -3.12295e-08 5736.87 -1.40927e-08 -0.0384725 0.00746221 -7.43045e-06
5243.28 -3.78873e-08 5784 -1.71727e-08 -0.0635422 0.0114586 -1.21188e-05
5669.42 1.49439e-08 6290.03 6.73475e-09 -0.0696077 0.0131169 -1.22777e-05
5957.69 -2.90263e-08 6593.55 -1.31136e-08 -0.0772746 0.0187535 -1.29706e-05
5155.34 -2.16783e-08 5707.51 -9.79054e-09 -0.0520154 0.0156154 -1.00896e-05
5340.6 -6.12852e-09 5867.57 -2.78905e-09 -0.02538 0.00918499 -4.75228e-06
5812.54 -2.62919e-08 6439.19 -1.18666e-08 -0.0671723 0.0143683 -1.15564e-05
5142.12 -3.8754e-08 5717.56 -1.74268e-08 -0.0432166 0.00856917 -8.40444e-06
5949.39 -1.18162e-08 6587.9 -5.33547e-09 -0.0727591 0.0191929 -1.22297e-05
6231.56 -3.20663e-08 6859.63 -1.45652e-08 -0.0868545 0.0247683 -1.39378e-05
5982.29 -2.13933e-09 6623.07 -9.66177e-10 -0.0546703 0.013294 -9.13869e-06
5744.1 -8.4973e-09 6390.04 -3.81917e-09 -0.0286239 0.00849611 -4.98318e-06
5464.59 -1.05839e-08 6067.68 -4.76595e-09 -0.0576834 0.0116296 -1.05559e-05
4564.67 6.79852e-09 5140.79 3.01831e-09 0.00148652 0.00137427 3.25657e-07
5351.87 1.3393e-08 5912.39 6.06162e-09 -0.0576111 0.0119119 -1.07647e-05
5491.36 -2.4964e-09 6067.38 -1.1297e-09 -0.0573796 0.0152959 -1.04491e-05
5018.84 1.75059e-08 5591.2 7.85696e-09 -0.00979557 0.00542237 -1.95176e-06
5101.02 2.28971e-11 5648.14 1.03395e-11 -0.0365131 0.00848995 -7.158e-06
5171.26 -3.24244e-08 5752.62 -1.45738e-08 -0.0626859 0.0157978 -1.2122e-05
5395.65 -2.61572e-08 5962.26 -1.18357e-08 -0.101587 0.0188497 -1.88275e-05
5656.39 -7.64323e-09 6269.55 -3.44787e-09 -0.0416135 0.0119625 -7.3569e-06
6164.65 -3.5998e-08 6797.74 -1.63227e-08 -0.109194 0.0224191 -1.77129e-05
5470.28 -3.75013e-09 6033.94 -1.69991e-09 -0.0816607 0.0213721 -1.49281e-05
5395.41 -1.46066e-08 5959.9 -6.61157e-09 -0.0489629 0.0123526 -9.07492e-06
5118.01 4.47339e-10 5678.29 2.016e-10 -0.0178124 0.00355456 -3.48033e-06
6100.89 -5.72896e-08 6791.65 -2.57314e-08 -0.0998916 0.0276911 -1.63733e-05
6226.23 -1.07166e-08 6873.18 -4.85395e-09 -0.113918 0.0231861 -1.82964e-05
6165.97 -7.699e-09 6783.6 -3.49901e-09 -0.0876087 0.0215062 -1.42084e-05
5791.45 -3.48219e-08 6377.52 -1.58109e-08 -0.0358434 0.0106158 -6.18902e-06
5239.75 -2.70033e-08 5810.52 -1.21754e-08 -0.04993 0.0117357 -9.52907e-06
5447.48 1.27379e-08 6015.82 5.76726e-09 -0.0298178 0.00922561 -5.47369e-06
5394.44 -8.4281e-09 5968.9 -3.80848e-09 -0.0531597 0.0160085 -9.85453e-06
5428.39 6.43413e-10 6044.55 2.88913e-10 -0.0635148 0.0122362 -1.17005e-05
4448.21 -3.39379e-09 4915.41 -1.53561e-09 -0.0111728 0.00471075 -2.51176e-06
4762.58 1.83805e-09 5332.34 8.20829e-10 0.00247496 0.00442811 5.19668e-07
5231.63 -3.92483e-08 5772.71 -1.77848e-08 -0.0575931 0.0107446 -1.10086e-05
4933.19 1.24274e-08 5436.74 5.63818e-09 -0.0126348 0.00299185 -2.56119e-06
5569.29 -9.94386e-09 6147.38 -4.50438e-09 -0.0822445 0.0205726 -1.47675e-05
5529.57 -2.89194e-08 6145.13 -1.30113e-08 -0.0659901 0.0176747 -1.1934e-05
5449.57 -2.47067e-08 6006.7 -1.12076e-08 -0.0357256 0.00943401 -6.55567e-06
5142.8 8.08854e-09 5729.02 3.63044e-09 -0.0338658 0.01167 -6.58508e-06
5985.25 -3.0543e-08 6648.07 -1.37489e-08 -0.0441286 0.00942144 -7.3729e-06
5376.14 -2.38564e-09 5945.08 -1.07867e-09 -0.0484968 0.0120197 -9.02074e-06
5423.58 -1.28281e-08 6015.48 -5.78293e-09 -0.029574 0.00772333 -5.45286e-06
6165.19 1.29284e-09 6817.64 5.84558e-10 -0.0672069 0.0185156 -1.0901e-05
5383.16 -4.59728e-09 6028.21 -2.05267e-09 -0.0820169 0.0159112 -1.52358e-05
4788.01 3.20932e-08 5364.94 1.4321e-08 -0.031533 0.00764816 -6.58583e-06
5598.08 1.35731e-09 6188.44 6.13912e-10 -0.043866 0.0126258 -7.83589e-06
5350.36 -2.968e-09 5929.62 -1.33903e-09 -0.0273229 0.00597233 -5.10674e-06
5383.39 -2.5632e-08 5954.39 -1.1587e-08 -0.0539385 0.0160274 -1.00194e-05
4518.98 -1.43185e-08 4971.96 -6.50699e-09 -0.0205827 0.00339069 -4.55472e-06
4665.79 -3.72509e-09 5179.63 -1.67777e-09 -0.0136366 0.00245494 -2.92267e-06
5532.34 -9.73534e-10 6161 -4.37098e-10 -0.0437279 0.00960117 -7.90405e-06
5526.66 -2.14034e-08 6108.9 -9.68173e-09 -0.0623714 0.017808 -1.12855e-05
5412.74 -1.951e-08 6022.24 -8.76774e-09 -0.0968159 0.0216108 -1.78867e-05
5141.68 -3.30523e-09 5712.51 -1.48747e-09 -0.0410946 0.0110015 -7.99244e-06
6028.96 5.60875e-09 6671.29 2.53436e-09 -0.0396064 0.00913331 -6.56937e-06
5871.79 -1.22128e-08 6515.21 -5.50336e-09 -0.0580686 0.015741 -9.88943e-06
5143.29 -1.07966e-09 5689.43 -4.8801e-10 -0.0308959 0.00950029 -6.00703e-06
5054.92 -2.65116e-08 5601.35 -1.19627e-08 -0.0218802 0.00417982 -4.3285e-06
6114.13 -2.579e-08 6741.75 -1.16946e-08 -0.0935633 0.0222596 -1.53028e-05
5454.74 -1.37882e-08 6028.41 -6.23804e-09 -0.0512111 0.010776 -9.38836e-06
5098.49 7.16091e-09 5715.55 3.1939e-09 -0.0305484 0.00798715 -5.99165e-06
5349.56 6.109e-10 5908.84 2.76539e-10 -0.0326598 0.00486779 -6.10514e-06
5284.89 7.10157e-09 5865.16 3.19949e-09 -0.0412953 0.0127098 -7.81383e-06
6360.42 -1.79879e-08 6993.29 -8.18003e-09 -0.118716 0.0287638 -1.86647e-05
5507.81 -1.03765e-08 6102.02 -4.68304e-09 -0.0268964 0.00516037 -4.88332e-06
5295.47 -3.15191e-09 5884.49 -1.41821e-09 -0.0370907 0.011704 -7.00423e-06
5081.7 -2.63578e-08 5646.26 -1.18612e-08 -0.0497439 0.0125667 -9.78882e-06
5323.93 -4.52106e-09 5884.44 -2.04521e-09 -0.0221401 0.00702311 -4.1586e-06
4834.94 -6.83147e-09 5421.54 -3.04616e-09 -0.0120641 0.00259179 -2.49519e-06
5420 -1.21935e-08 6038.08 -5.47269e-09 -0.0837756 0.0149122 -1.54567e-05
4433.29 -3.0101e-08 4916.75 -1.35706e-08 -0.0334784 0.00480768 -7.55159e-06
5471.44 -3.3844e-08 6077.1 -1.52355e-08 -0.0550495 0.0131093 -1.00612e-05
5749.79 -3.41082e-08 6381.74 -1.53653e-08 -0.0436568 0.010619 -7.59277e-06
5048.22 -2.0826e-08 5557.41 -9.45891e-09 -0.0232178 0.00580209 -4.5992e-06
5068.27 -1.68202e-08 5657.74 -7.53388e-09 -0.0187081 0.00435487 -3.69122e-06
5398.23 -3.32934e-08 6001.12 -1.49743e-08 -0.058159 0.0161578 -1.07737e-05
6034.57 -1.12416e-08 6615.23 -5.12745e-09 -0.0835909 0.0221408 -1.3852e-05
6290.65 -1.754e-08 6935.65 -7.9544e-09 -0.0969639 0.0209639 -1.5414e-05
5048.98 2.77153e-08 5600.55 1.24929e-08 -0.0815411 0.0145872 -1.615e-05
5663.51 1.59451e-08 6205.61 7.2761e-09 -0.0276824 0.00834928 -4.88786e-06
3973.41 3.13103e-08 4437.97 1.40164e-08 -0.0194375 0.00508557 -4.8919e-06
6003.13 2.11215e-09 6671.87 9.50222e-10 -0.0723026 0.0167657 -1.20441e-05
4474 -4.22191e-08 4980.5 -1.89628e-08 -0.0410405 0.00618974 -9.17311e-06
5119.68 -6.70215e-09 5663.03 -3.02955e-09 -0.0778977 0.0153671 -1.52153e-05
5196.47 -2.54599e-08 5772.86 -1.14589e-08 -0.031663 0.00687542 -6.09318e-06
5437.82 -4.14132e-08 6027.12 -1.8682e-08 -0.0433659 0.0108959 -7.97488e-06
5248.6 2.5721e-08 5826.75 1.15844e-08 -0.0110091 0.00402988 -2.09753e-06
