1.241633878764170085e-02 2.402723893954794576e-03 -4.668988727218992274e-03 -1.015007395437728110e-02
1.264744726804400976e-02 2.943112072685272196e-03 -4.908393021227808184e-03 -1.068216631950191786e-02
1.392494389251464071e-02 2.896448667845330505e-03 -3.782185227024226215e-03 -1.303920733333585602e-02
1.179709875295431587e-02 2.883148815687297528e-03 -2.432156786329353615e-03 -1.224809078231170467e-02
1.486009898995321876e-02 3.887474557046743939e-03 -5.219104902966953397e-03 -1.352846864403300930e-02
1.198383895583132741e-02 3.054284194524248264e-03 -2.401189306150186553e-03 -1.263693384420561117e-02
1.475698898641408796e-02 5.225280733888171270e-03 -6.099142043168748195e-03 -1.388312767713373308e-02
1.322776362244559856e-02 5.840856869420374409e-03 -5.940866095057617535e-03 -1.312775439680857748e-02
1.348995396136953850e-02 2.145456224436514958e-03 -2.015022628215734635e-03 -1.362038755759020781e-02
1.433804597320120777e-02 6.454725586849674457e-03 -4.654307489477704785e-03 -1.613846407057317744e-02
1.344643602749773237e-02 4.008039898357074193e-03 -2.211301934009646253e-03 -1.524317399184482724e-02
1.502168541946113933e-02 5.888911084809267393e-03 -7.403876749163429416e-03 -1.350671975510664424e-02
1.513097376152150453e-02 5.528596158265397520e-03 -5.414631533116165407e-03 -1.524493838667040357e-02
1.285400912893552849e-02 4.767455434447898099e-03 -4.035284410369377461e-03 -1.358618015301360504e-02
1.585285768277122642e-02 3.479212149950061672e-03 -4.617702626104058794e-03 -1.471436720661745134e-02
1.225309689852061013e-02 5.519540928942356928e-03 -4.965952959248176590e-03 -1.280668486821479046e-02
1.545153197270576761e-02 3.157842540559618882e-03 -5.507179186381994107e-03 -1.310219532688361443e-02
1.240545425740502417e-02 3.876070551362076344e-03 -3.351240511369146802e-03 -1.293028429739762064e-02
1.273172713583869964e-02 3.239574942502487787e-03 -3.504815227273749834e-03 -1.246648685106710452e-02
1.073733150542710568e-02 4.682784205130019473e-03 -2.074533715864967931e-03 -1.334558199469193518e-02
1.467746551062920624e-02 4.805940837935729348e-03 -6.665002211202364357e-03 -1.281840413736234918e-02
1.270035454459517155e-02 2.803739395108584276e-03 -4.067672030570790298e-03 -1.143642190913263246e-02
1.339509036766273198e-02 5.426474219803800736e-03 -6.405181104136681292e-03 -1.241638348333007347e-02
1.256725132405489553e-02 4.861711723788353368e-03 -3.917241742718235997e-03 -1.351172130512534597e-02
1.383415397104292843e-02 5.042635136602857671e-03 -4.606234554121346747e-03 -1.427055455352488345e-02
1.122992512036202761e-02 6.099708956824878570e-03 -3.697244213696215809e-03 -1.363238986349035731e-02
1.321805156183764041e-02 5.441069804410947341e-03 -6.225716488515109504e-03 -1.243340487773325620e-02
1.346452761372751716e-02 8.433500544059668869e-03 -6.109520024757508772e-03 -1.578850813302967726e-02
1.592415576467898219e-02 3.504854681106506220e-03 -6.743057728305523746e-03 -1.268595271747996467e-02
1.288127441280328966e-02 5.036796378405039576e-03 -4.155466557078990597e-03 -1.376260423412933864e-02
1.418097966331721693e-02 3.566836466135425709e-03 -4.353159704743148062e-03 -1.339465642470905049e-02
1.197468479904006955e-02 5.599260699605590474e-03 -2.991531888545395645e-03 -1.458241361010037540e-02
1.305681356399546189e-02 2.618969502759860291e-03 -3.660805256297861021e-03 -1.201497781045723912e-02
1.366965076729020900e-02 6.774908346564689765e-03 -7.443319233079837005e-03 -1.300123988077483972e-02
1.263304448255375689e-02 5.785976828483363477e-03 -4.985873906713234049e-03 -1.343314740432399734e-02
1.284312577751345330e-02 5.166946198137400970e-03 -6.090619933309171508e-03 -1.191945204234179378e-02
1.319873794711368120e-02 9.094265041070137556e-03 -8.871688367333430136e-03 -1.342131462085049964e-02
1.230440021340761803e-02 5.778019116333688032e-03 -3.611857395479090016e-03 -1.447056193426288218e-02
1.369529205060437960e-02 4.660988410807531679e-03 -5.528411595304372206e-03 -1.282786886610776111e-02
1.140861578356555661e-02 2.294424515392634589e-03 -1.540638368475844011e-03 -1.216240193048190310e-02
8.801529374589556198e-03 3.374277309615703047e-03 -1.856502311745833467e-03 -1.031930437245942578e-02
1.151146950537640379e-02 4.859842771774092185e-03 -4.372090769174663549e-03 -1.199922150797583242e-02
1.077383798534281567e-02 4.239434119098772769e-03 -3.616338308218058906e-03 -1.139693379622341851e-02
1.447369057703995487e-02 4.347865906883185971e-03 -5.632308686001397113e-03 -1.318924779792229884e-02
1.190484405063640949e-02 6.133612996092940861e-03 -6.143665161830291765e-03 -1.189479188489928063e-02
1.460687534634241835e-02 5.789748477334599741e-03 -5.994344284578123627e-03 -1.440227953909845038e-02
1.194100814458831650e-02 5.589125509654735424e-03 -2.893666106403958160e-03 -1.463646754783909376e-02
1.230003729499373755e-02 4.239451572088714926e-03 -4.816839676529682812e-03 -1.172264919055299170e-02
1.582115785799564911e-02 3.444152343461182042e-03 -3.747249272897379413e-03 -1.551806092855911867e-02
1.411934045118967695e-02 5.311142843129834645e-03 -6.314069802497712658e-03 -1.311641349182135485e-02
1.098829138745571754e-02 6.097816266126487861e-03 -4.959264959941034334e-03 -1.212684269364117107e-02
1.381805415314274477e-02 2.254439452521683762e-03 -3.264369169582392871e-03 -1.280812443608181361e-02
1.567419500310873737e-02 5.050948069070138047e-03 -6.019018156573130440e-03 -1.470612491560552293e-02
1.376139689841360259e-02 3.339910820118863199e-03 -3.091390901372892408e-03 -1.400991681715946235e-02
1.180073169066919725e-02 4.635296008637324050e-03 -2.669278299904154217e-03 -1.376674939940258913e-02
1.211420550328878853e-02 3.779043540140802904e-03 -5.372309995383961478e-03 -1.052093904804607405e-02
1.310569593812282996e-02 6.995571557402158192e-03 -6.144828468892193918e-03 -1.395643902663301628e-02
9.540862419256335158e-03 2.577204113939801644e-03 -1.268912497553675855e-03 -1.084915403564279401e-02
1.309549422750677650e-02 5.432427173637677242e-03 -4.708132434349532325e-03 -1.381978896679481039e-02
1.624448160542213415e-02 3.631666996906535161e-03 -5.150504921131227043e-03 -1.472564368119733125e-02
1.107917395459101506e-02 4.127970167138172997e-03 -3.331419892873332955e-03 -1.187572422885607715e-02
1.229946577951257503e-02 5.189743192843376818e-03 -2.968968389804760299e-03 -1.452024058255108052e-02
1.348838795138251889e-02 5.888542087834736094e-03 -4.162029370673225870e-03 -1.521490066854436218e-02
1.191376119917042509e-02 5.884424221479056527e-03 -3.603019284228459185e-03 -1.419516613642091141e-02
1.458925078911610385e-02 3.218053464270287378e-03 -3.631711626571609841e-03 -1.417559262681455934e-02
1.238905692650194013e-02 3.262680629071423866e-03 -4.459260747680215964e-03 -1.119247680789370314e-02
1.381842478785788586e-02 3.641765341652281052e-03 -4.020268303733698367e-03 -1.343992182577657957e-02
1.532542113502444181e-02 5.548535481555871840e-03 -5.792519670382745289e-03 -1.508143694619779041e-02
1.442389148948075572e-02 3.667363505739595908e-03 -4.069775458548363645e-03 -1.402147953667198799e-02
1.094224863102444267e-02 4.356133615877721965e-03 -1.990099198871275732e-03 -1.330828304803099993e-02
1.214715154300205491e-02 4.954789067411535797e-03 -4.738759793858515756e-03 -1.236318081655485290e-02
1.495071461724117867e-02 4.163002483335009885e-03 -4.743778718598212762e-03 -1.436993838197753171e-02
1.429213753575098167e-02 4.396067239963219464e-03 -5.398868795281397404e-03 -1.328933598043291475e-02
1.455336800431594746e-02 6.019532701890373261e-03 -5.965031989467628470e-03 -1.460786871673858123e-02
1.437232621213246908e-02 2.928631913384549534e-03 -2.137115753775620242e-03 -1.516384237174117633e-02
1.539922957747608123e-02 2.599006408760651254e-03 -3.641781371685470781e-03 -1.435645461455137273e-02
1.403633527544445592e-02 3.441147233519181725e-03 -4.877868370278926058e-03 -1.259961413868460056e-02
1.187634351918886999e-02 5.538425107890487809e-03 -4.193368417351517330e-03 -1.322140020972784047e-02
1.174529288896586365e-02 3.925949436504261314e-03 -3.896407172825910870e-03 -1.177483515264399205e-02
1.293630951576330013e-02 3.927870561439839037e-03 -4.504892036386931586e-03 -1.235928804081620758e-02
1.378580685038377496e-02 2.707751975765448904e-03 -4.631805485103779318e-03 -1.186175334104566659e-02
1.646284465523284446e-02 2.667730947520485785e-03 -4.501071747312179738e-03 -1.462950385544148357e-02
1.580466688449444490e-02 4.680370206973316627e-03 -1.923448194965926561e-03 -1.856158889650227906e-02
1.326244079382576935e-02 6.759759821659550028e-03 -6.146098268654531793e-03 -1.387610234683100963e-02
1.248466699590444762e-02 4.250205688132391302e-03 -6.535649673409693605e-03 -1.019922301062736736e-02
1.286655085850973990e-02 4.627386964789703683e-03 -6.411686224777612964e-03 -1.108225159852171959e-02
1.006580059584805120e-02 5.401871112465261859e-03 -2.241215417248643149e-03 -1.322645629106500298e-02
1.254198979642962009e-02 4.446840989881017947e-03 -5.049001653486651087e-03 -1.193982913282365388e-02
1.457471769599849587e-02 1.613178530603498473e-03 -3.334882970918662259e-03 -1.285301325568311004e-02
1.081045714720629825e-02 5.648330375269905446e-03 -3.466822895707322161e-03 -1.299196462676877051e-02
1.234397742779291818e-02 5.673047542051001813e-03 -3.923449529468436836e-03 -1.409357544037515009e-02
1.347154869589917148e-02 4.836047559090062009e-03 -4.596422934340038680e-03 -1.371117332064897276e-02
1.277839258699842162e-02 2.132414255065162578e-03 -1.803261191488991777e-03 -1.310754565057437038e-02
1.328363720035019568e-02 2.302644517669483193e-03 -4.104884258303465039e-03 -1.148139745971610282e-02
1.210158374266745440e-02 5.530219778996592339e-03 -3.368212424959327045e-03 -1.426359109670516379e-02
1.385666441667221527e-02 4.719356210295622134e-03 -4.290936165735059760e-03 -1.428508446123288866e-02
1.144409836712778628e-02 3.992294131606399787e-03 -4.056872302183545109e-03 -1.137952019655097402e-02
1.507942309624366040e-02 3.758857199840592855e-03 -2.696171565965688188e-03 -1.614210873011856506e-02
1.250589028337256714e-02 4.223199547977340984e-03 -3.421601079250491395e-03 -1.330748875209952775e-02
1.335476972192828349e-02 4.452012528556315019e-03 -2.887006683368498194e-03 -1.491977556711654440e-02
1.205513948769598720e-02 2.240968947805566103e-03 -1.098360654647634327e-03 -1.319774778085380795e-02
1.415720306392920236e-02 4.828673173356223813e-03 -6.675822522476337895e-03 -1.231005371480953237e-02
1.306274112284389055e-02 4.394665905400385597e-03 -4.470836092375196635e-03 -1.298657093586907951e-02
1.176558757545276279e-02 4.263110953084847665e-03 -3.262214892921333487e-03 -1.276648363561583288e-02
1.315839817963104785e-02 5.290803255551645989e-03 -4.402900728358249971e-03 -1.404630070682444387e-02
1.447346565943607999e-02 5.948662506441548814e-03 -6.324083711665151597e-03 -1.409804445421192209e-02
1.358424004536207264e-02 4.521008139006577053e-03 -6.514083937096626364e-03 -1.159116424727246741e-02
1.402404593944694966e-02 2.775417829840254313e-03 -2.465983640547730893e-03 -1.433348012873936206e-02
1.244732468211062759e-02 2.403573266836156463e-03 -4.699829850353665073e-03 -1.015106809859311898e-02
1.414589849660097265e-02 5.382097723257484034e-03 -6.652722920197695622e-03 -1.287527329966076106e-02
1.514728362047690347e-02 4.278740272704917302e-03 -5.455164902397058313e-03 -1.397085899078487348e-02
1.665479863008623163e-02 3.478695344836024717e-03 -4.687404135074180189e-03 -1.544608983984807615e-02
1.272412004874468039e-02 4.433701898027164745e-03 -4.649461351060701908e-03 -1.250836059571103220e-02
1.238094552706181517e-02 2.678368163906430510e-03 -3.270969028084214081e-03 -1.178834466288447569e-02
1.471346811132145938e-02 5.143885312847151781e-03 -4.459319432569941455e-03 -1.539803399159844766e-02
1.345138850437899158e-02 4.422370833498723286e-03 -4.482722303375319406e-03 -1.339103703450217342e-02
1.069317443176487359e-02 1.640502487866069004e-03 -2.817125634120398736e-03 -9.516551285510654878e-03
1.218599988486346319e-02 3.678167886277616816e-03 -3.415815135850763795e-03 -1.244835263529053826e-02
1.475193575243194388e-02 3.314361272447996498e-03 -2.995434764870741340e-03 -1.507086226000964313e-02
1.197266857296486187e-02 5.829313593098905955e-03 -5.732363476732338370e-03 -1.206961868933120741e-02
1.186527629145062157e-02 3.808446752548322323e-03 -5.480962863285476772e-03 -1.019276018071368917e-02
1.421973399011200456e-02 4.092661761988747315e-03 -5.273625434888407071e-03 -1.303877031721234481e-02
1.307909916718941190e-02 3.772493103482377208e-03 -2.747709934032616097e-03 -1.410388233663883994e-02
1.391314504990948109e-02 3.782828759582690381e-03 -4.205715201100357348e-03 -1.349025860839181412e-02
1.314134362171293091e-02 4.622973222879744881e-03 -3.322406600298255519e-03 -1.444191024429486436e-02
1.634274268173530054e-02 5.137745618510214385e-03 -4.718030514766935468e-03 -1.676245778547857945e-02
1.304439721004779784e-02 2.734246531815198722e-03 -4.265814500083675576e-03 -1.151282924177943201e-02
1.367750561760083805e-02 5.146581426348051380e-03 -5.858052886952846983e-03 -1.296603415699593143e-02
1.473306355985837257e-02 3.393726109844896754e-03 -2.003820449808180193e-03 -1.612296921989508913e-02
1.312451627630117912e-02 4.607408778335431165e-03 -5.525267196995420349e-03 -1.220665785764130096e-02
1.505313114803374930e-02 6.058507156439851826e-03 -6.234712862110636244e-03 -1.487692544236340897e-02
1.123248189656766982e-02 4.864614976441083982e-03 -3.282032522075484238e-03 -1.281506435093338059e-02
1.375655453717428145e-02 4.415076165428688526e-03 -3.841106187033149766e-03 -1.433052451557004225e-02
1.326603694748484941e-02 5.114868312840581410e-03 -6.276043128996877662e-03 -1.210486213132844213e-02
1.500197784358148212e-02 3.760799462080077760e-03 -5.139027525692063669e-03 -1.362374977996971825e-02
1.442643564492240849e-02 4.547228888573506822e-03 -4.245625335329683558e-03 -1.472803919816667584e-02
1.294833460201583186e-02 3.515741245602388432e-03 -5.446864449170196743e-03 -1.101721139844813457e-02
1.514760988202090708e-02 1.359645655322871960e-03 -3.356380220212118459e-03 -1.315087531713154956e-02
1.324240775276197546e-02 5.991451242826961732e-03 -5.727407263928174785e-03 -1.350645173166087343e-02
1.478045623668111652e-02 4.443009356620120087e-03 -3.607431530496696404e-03 -1.561603406280465123e-02
1.416295473996731502e-02 5.781349420680204076e-03 -3.840785058885964887e-03 -1.610351910176177626e-02
1.532483991982158678e-02 3.181214300255419403e-03 -6.876413159946137554e-03 -1.162964106013086862e-02
1.515654112935993503e-02 2.674740464880143165e-03 -2.457797876460943165e-03 -1.537348371777880196e-02
1.374707759849114197e-02 6.996331260577859368e-03 -4.544015578103022257e-03 -1.619939328096564601e-02
1.494708968815605665e-02 3.026709109461567238e-03 -3.603800681885815926e-03 -1.436999811573203001e-02
8.807253366614808954e-03 2.532688975996455483e-03 -3.274665580694446909e-03 -8.065276761917150594e-03
1.551253514650619003e-02 5.307970259140093461e-03 -4.364783705433916694e-03 -1.645572170021236680e-02
1.680324540101674202e-02 4.068073290118157104e-03 -5.271311851495430467e-03 -1.560000683963957968e-02
1.546223037912008991e-02 3.986756517856848703e-03 -2.789496935921897958e-03 -1.665948996105526270e-02
1.338102426744169904e-02 3.951501518639322086e-03 -3.678542402394513466e-03 -1.365398338368595255e-02
1.373129647646087470e-02 5.445930468704007765e-03 -6.173457861992082130e-03 -1.300376908317324443e-02
1.099970988152199070e-02 3.178657467384882196e-03 -5.167840321103067680e-04 -1.366158331679656612e-02
1.489783087030605024e-02 5.847753920526610472e-03 -3.823871025194769402e-03 -1.692171376563778029e-02
1.607032451564394115e-02 1.612556230081274578e-03 -3.483009892407684660e-03 -1.419987085331719801e-02
1.340117968658161018e-02 5.371772962648568850e-03 -4.082727898366611541e-03 -1.469022475086378954e-02
1.475385721122535188e-02 5.596055870891181172e-03 -7.087354622584252084e-03 -1.326255845953194790e-02
3.968898574224777320e-03 1.121458652563189773e-03 -4.042330472524557905e-04 -4.686124179535955392e-03
1.401331908143954585e-02 2.448293104027721157e-03 -1.925693415771978501e-03 -1.453591876969562158e-02
1.325618381772608600e-02 6.084891943133330372e-03 -5.880364579500474420e-03 -1.346071118135916400e-02
1.283882607340203208e-02 4.641952307525176735e-03 -2.331860572885591232e-03 -1.514891780804195065e-02
1.446472740733506512e-02 4.810275191418300622e-03 -6.145023196707066759e-03 -1.312997940204607694e-02
1.459013719103863238e-02 3.362100993684391526e-03 -3.460821618693654678e-03 -1.449141656602881412e-02
1.488102897329501850e-02 6.374758943638036968e-03 -8.584096840891564106e-03 -1.267169107604115830e-02
1.385232160236427035e-02 3.864672027435345214e-03 -3.695123363951169360e-03 -1.402187026584866825e-02
1.430853773886009428e-02 3.735612980356517454e-03 -3.309545768823807244e-03 -1.473460495039313756e-02
1.476670735436336201e-02 4.821841129402537618e-03 -6.235217436984519246e-03 -1.335333104678104732e-02
1.427904409325986279e-02 1.631495715125108603e-03 -3.171286633537051536e-03 -1.273925317484836395e-02
1.195028219985494466e-02 6.199094315443964831e-03 -5.065358638264738644e-03 -1.308401787703394881e-02
1.292099020282311272e-02 6.250350730753639894e-03 -4.123580488766931396e-03 -1.504776044481004327e-02
1.115408134805884188e-02 6.243494475184796499e-03 -3.712395875096419218e-03 -1.368517994814777428e-02
1.272178686934344327e-02 4.786005416510974442e-03 -7.116859509237127845e-03 -1.039093277661751191e-02
1.191106664415908512e-02 6.758217610869587944e-03 -5.171557995431008692e-03 -1.349772625959766437e-02
1.002274134125413774e-02 5.032167869213122202e-03 -4.405018549538675110e-03 -1.064989066092836278e-02
1.591856070124353373e-02 5.404520643257804124e-03 -4.968713571941285601e-03 -1.635436777256027430e-02
1.707338777223776916e-02 4.237148453770434031e-03 -6.041496760162745616e-03 -1.526903946584512450e-02
1.389366712240303059e-02 4.288745340795818706e-03 -3.035579361300055901e-03 -1.514683310189890442e-02
1.157771067030277656e-02 3.404762720867982040e-03 -2.396267415586850191e-03 -1.258620597558357534e-02
1.453512747012197792e-02 6.762220286146591874e-03 -5.177882038892911432e-03 -1.611946571737521428e-02
1.272090810953541151e-02 5.471456743728841943e-03 -5.193814073885305582e-03 -1.299855077937872583e-02
1.411846599130162083e-02 5.597327742338453760e-03 -7.258204470941276298e-03 -1.245758926269868727e-02
1.537610286480917132e-02 2.884805297990400419e-03 -7.940710877878842666e-03 -1.032019728492050703e-02
1.330773865854673055e-02 5.743382799024088214e-03 -3.166462390395308191e-03 -1.588465906717506648e-02
1.185703651414615756e-02 3.895062400520288293e-03 -2.778486383232969814e-03 -1.297361253143314297e-02
1.523654706534904868e-02 4.255173516156229852e-03 -3.813307425943102125e-03 -1.567841315556184334e-02
1.176017305557808257e-02 5.714115376678430280e-03 -4.270237644537488997e-03 -1.320405078771891283e-02
1.380189577729451500e-02 4.677308780407951616e-03 -4.035375235683646977e-03 -1.444382932201870862e-02
1.263831906571177832e-02 2.104525481642527396e-03 -8.329105174423867552e-04 -1.390993402991191896e-02
1.538835171330443785e-02 5.514003419125002026e-03 -5.520183053213445490e-03 -1.538217207921621643e-02
1.487281570213139226e-02 5.416214368936467238e-03 -6.540464953669555825e-03 -1.374856511739841469e-02
1.594004837789908535e-02 4.686975979352636656e-03 -6.323398581706940469e-03 -1.430362577554478154e-02
1.388015572825818111e-02 6.690988714969092754e-03 -6.584425122738601921e-03 -1.398671932048867195e-02
1.311524140315345477e-02 5.650124625647290344e-03 -5.916855114243002589e-03 -1.284851091455785355e-02
1.131044877367348711e-02 4.863089753408100790e-03 -2.095745967116924291e-03 -1.407779255996477463e-02
1.553024074158049217e-02 4.718353936764563272e-03 -6.460986304299809468e-03 -1.378760837404535700e-02
1.624440941822813400e-02 6.566200784601239349e-03 -6.816525077108059882e-03 -1.599408512572142449e-02
1.515158718155107387e-02 5.033388297940755152e-03 -4.915005193936172745e-03 -1.526997028555565628e-02
1.493023742680166244e-02 3.296895237957730984e-03 -3.240961776918238613e-03 -1.498617088784137685e-02
1.144969934756168151e-02 5.790843747991658574e-03 -4.937494526235153280e-03 -1.230304856931829782e-02
1.503867731174746147e-02 4.020180596328470912e-03 -3.633586484344308865e-03 -1.542527142373140148e-02
1.562681824163880684e-02 2.779439294661401050e-03 -2.446570932906677598e-03 -1.595968660339341927e-02
1.205139005085698045e-02 4.384519771768680130e-03 -4.670086516180949054e-03 -1.176582330644493357e-02
1.246505248475471284e-02 4.568100594811497217e-03 -4.791201766042529897e-03 -1.224195131352390220e-02
1.439590274887425636e-02 4.298332379433222883e-03 -4.333885753642685579e-03 -1.436034937466490469e-02
1.424189765333183644e-02 4.091913716305128901e-03 -3.578784965281522901e-03 -1.475502640435566448e-02
1.324004141993095907e-02 5.300034608004544623e-03 -5.660712211072116418e-03 -1.287936381686360932e-02
1.411265429901886748e-02 4.263603734473653262e-03 -5.429223223594070724e-03 -1.294703480989789490e-02
1.402491416389439749e-02 3.445255741473918221e-03 -1.785768854765779068e-03 -1.568440105060242562e-02
1.230988844045333153e-02 3.882415813230233326e-03 -4.049460616480260455e-03 -1.214284363720341542e-02
1.348422025340845209e-02 4.748079462660426131e-03 -5.210780955514970891e-03 -1.302151876055357427e-02
1.495088946076794656e-02 2.343594512417279674e-03 -2.609317603942229447e-03 -1.468516636924299679e-02
1.615668693839067416e-02 3.121882004653464548e-03 -6.714488142552044181e-03 -1.256408080049176146e-02
1.241528021187598974e-02 2.857629177861698011e-03 -4.018035925618779203e-03 -1.125487346411901957e-02
1.468928262451840716e-02 5.675285308466726519e-03 -4.756755416609470544e-03 -1.560781251637555211e-02
1.465087920845520308e-02 5.073298695531747171e-03 -5.004717895807919703e-03 -1.471946000817914157e-02
1.514553988156008835e-02 2.339157144136905231e-03 -3.218433816460697372e-03 -1.426626320923596314e-02
1.581653732171206528e-02 6.885098760497587733e-03 -6.560818882600405466e-03 -1.614081719960924755e-02
1.525948806550148085e-02 1.621862071194746235e-03 -3.769187626580738915e-03 -1.311216251011593226e-02
1.418718051539125113e-02 6.611152524660379726e-03 -4.392800222526305198e-03 -1.640553281752565873e-02
1.281882194642447459e-02 4.548969416171999569e-03 -5.934193337039150862e-03 -1.143359802555676819e-02
1.295198265779595737e-02 3.201803147656612225e-03 -3.603525923471462278e-03 -1.255025988198188447e-02
1.343750491427497806e-02 3.751809101508296607e-03 -4.114442008008034612e-03 -1.307487200777535108e-02
1.374420584626778741e-02 5.846321516998820300e-03 -4.054662479822557231e-03 -1.553586488344382843e-02
1.455617165300981952e-02 6.314998726010712105e-03 -4.280355610000396993e-03 -1.659081476902013463e-02
1.286057526923967131e-02 4.291296225398255615e-03 -3.709632911713223180e-03 -1.344223858292448170e-02
1.258397284242818159e-02 6.272489696061533948e-03 -6.049608498850278515e-03 -1.280685403963954805e-02
1.423906230500704417e-02 5.516889420053239235e-03 -2.437448193141733555e-03 -1.731850353191843883e-02
1.346590695848548513e-02 3.684188395018050954e-03 -3.392388478768215698e-03 -1.375770687473565346e-02
1.347418835023805883e-02 3.108647251133023204e-03 -3.392874729076233997e-03 -1.318996087229473702e-02
1.338122576047617862e-02 5.753806051876475536e-03 -6.550422163022928679e-03 -1.258460964933005855e-02
1.050843148980828978e-02 5.734818515416462148e-03 -2.968257819900510519e-03 -1.327499218532424141e-02
1.325286004583103860e-02 6.007602748204110554e-03 -4.762860436624327676e-03 -1.449760235741115455e-02
1.139937327609219508e-02 4.619520293329903993e-03 -3.566534108594976438e-03 -1.245235946082745571e-02
1.351930003323120744e-02 8.606549484105441294e-03 -8.942141014335769356e-03 -1.318370850300076835e-02
1.170581431832129482e-02 5.743686658416402580e-03 -4.834338306174745803e-03 -1.261516267056328466e-02
1.249712323017071469e-02 5.003993526388583746e-03 -4.285993062573600909e-03 -1.321512369398569753e-02
1.394295752473473371e-02 4.668160854295333451e-03 -5.594749815732158460e-03 -1.301636856329835279e-02
1.407547314482493483e-02 3.696874779055780991e-03 -5.090393686026040143e-03 -1.268195423785434262e-02
1.555254112548065670e-02 1.230807844033510179e-03 -4.425856860178711827e-03 -1.235749210933567710e-02
1.305060471315866444e-02 4.912807135176056050e-03 -3.462954952640928674e-03 -1.450045689569368079e-02
1.479868009671903017e-02 5.453188066024239333e-03 -4.633100737380102530e-03 -1.561876742536305596e-02
1.417329168827952124e-02 6.001932633111772830e-03 -2.668489074503233027e-03 -1.750673524688772797e-02
1.298163438337662789e-02 5.437922093052494077e-03 -5.101645729285286812e-03 -1.331791074714394618e-02
1.396170901336835080e-02 4.815173390304128276e-03 -5.697857846955090011e-03 -1.307902455671794417e-02
1.243885478344974871e-02 4.819499153651651824e-03 -6.383827174204159682e-03 -1.087452676289712983e-02
1.356231757947923278e-02 6.408889875586298857e-03 -4.214992847709653212e-03 -1.575621460735587842e-02
1.183090890047666655e-02 4.686727450235794734e-03 -4.337096948817120712e-03 -1.218053940189567363e-02
1.242586695354930271e-02 4.050970367235784408e-03 -3.867794086865106173e-03 -1.260904323391998094e-02
1.180090659786992013e-02 3.631630991924206242e-03 -3.885066767845501978e-03 -1.154747082194884644e-02
1.304765870710689057e-02 4.216808004544381205e-03 -4.608740406950362356e-03 -1.265572630470013227e-02
1.524773432712023258e-02 3.268129648743123283e-03 -5.401996086843774414e-03 -1.311386788902002554e-02
1.308803302241412503e-02 6.516213074555965434e-03 -6.527075949170124680e-03 -1.307717014780029885e-02
1.139063344983082260e-02 6.473152400742199220e-03 -6.094683877053697074e-03 -1.176910197351888065e-02
1.244691452455648495e-02 8.279834567668009626e-03 -5.842367569858786247e-03 -1.488438152236537526e-02
1.765319346637284070e-02 5.065620858836217266e-03 -5.725214910139331259e-03 -1.699359941506939364e-02
1.224152634432162934e-02 4.459903019188971030e-03 -4.872041555459616369e-03 -1.182938780805098400e-02
1.331904158069074917e-02 3.744159510893574350e-03 -4.729650776821081593e-03 -1.233355031476301988e-02
1.569596858996336053e-02 3.195809514168423959e-03 -4.608760788911703266e-03 -1.428301731521974816e-02
1.125248569075987248e-02 4.529118185230940341e-03 -4.621497379039940512e-03 -1.116010649695109436e-02
1.241048790865173501e-02 5.362271619850478288e-03 -3.795254908083967038e-03 -1.397750462041869035e-02
1.240674823459286813e-02 4.922387087802793104e-03 -1.807918472531366838e-03 -1.552121684986418337e-02
1.017588856568130140e-02 4.771052428813149504e-03 -4.197215058875714000e-03 -1.074972593561851486e-02
1.304658564596472559e-02 4.588323992720244604e-03 -3.396935084106211811e-03 -1.423797455457898042e-02
1.079280087503864394e-02 6.351276751564771672e-03 -5.193478646418503430e-03 -1.195059898018513422e-02
1.596863897430167434e-02 3.755102580845548488e-03 -4.351560250241637284e-03 -1.537218130490547452e-02
1.483595874867749131e-02 6.382348384864400259e-03 -7.620351325417606958e-03 -1.359795580812428462e-02
1.388503727399048593e-02 5.825644587449607670e-03 -3.980101790551415775e-03 -1.573058007088812271e-02
1.306767621537252566e-02 3.272979363023065247e-03 -2.311853630043048113e-03 -1.402880194835232075e-02
1.333827548604604729e-02 3.765405863042525780e-03 -3.568027512565907777e-03 -1.353565383652266529e-02
9.308392053809511069e-03 6.544569680018152980e-03 -3.682204688535750670e-03 -1.217075704529124724e-02
1.166183149386101903e-02 4.712961112114388840e-03 -3.871827614126521766e-03 -1.250296499184866406e-02
1.246626005975648432e-02 3.118351957324794199e-03 -3.132251203514790916e-03 -1.245236081356693170e-02
1.532327465429106361e-02 5.695953220029359443e-03 -5.213597497000010961e-03 -1.580563037731996801e-02
1.213262769301870492e-02 5.447374036812835385e-03 -4.399207951946704220e-03 -1.318079377788405893e-02
1.258556509994890327e-02 6.222798234037707488e-03 -4.575402909748227387e-03 -1.423296042423838337e-02
1.291266097151999581e-02 5.798193297574361083e-03 -5.638475725624259027e-03 -1.307237854347054196e-02
1.580364421699775868e-02 5.767414525734260167e-03 -6.060738579265145809e-03 -1.551032016346709508e-02
1.555497681463458015e-02 3.930245077350180694e-03 -4.841776000157227422e-03 -1.464344589182708933e-02
1.268945870649496044e-02 4.738571311252215423e-03 -4.729721184827728742e-03 -1.269830883291933610e-02
1.434290639272095547e-02 3.158460743221569444e-03 -3.598473046643069218e-03 -1.390289408929967774e-02
9.668738008295374442e-03 3.515097885862905613e-03 -2.848712554303745037e-03 -1.033512333985431297e-02
1.357695432646077727e-02 4.148104578056921454e-03 -5.959298206624330518e-03 -1.176576069789303514e-02
1.332105852474052554e-02 5.713420831905846597e-03 -2.488527517564897984e-03 -1.654595183908169620e-02
1.446091905074764483e-02 6.075958193157315890e-03 -5.247985003350330580e-03 -1.528889224055551832e-02
1.615127504038915696e-02 3.621174375533220413e-03 -3.870889919039721683e-03 -1.590155949688332182e-02
1.192486957694693928e-02 5.417167593583682716e-03 -5.817216911083833430e-03 -1.152482025944667754e-02
1.444397467667135615e-02 5.386784854736204053e-03 -6.980606696028623936e-03 -1.285015283537871422e-02
1.498099311861200711e-02 6.767973695699591730e-03 -6.013533550695004948e-03 -1.573543326361670491e-02
1.285304619299809659e-02 6.034222065545380431e-03 -5.771189539096610588e-03 -1.311607871944719950e-02
1.177421265430544928e-02 3.583020006257209289e-03 -3.792083205892304854e-03 -1.156514945467024269e-02
1.173909176252263542e-02 2.300100853588782357e-03 -1.319294830797623774e-03 -1.271989778531423809e-02
1.566893686908965577e-02 6.726537673444665799e-03 -7.330159754193155131e-03 -1.506531478834161053e-02
1.289455108557580054e-02 2.909382192373133336e-03 -2.240562104546373057e-03 -1.356337117340222775e-02
1.385357493193928313e-02 3.083196582355451909e-03 -3.156343532552452480e-03 -1.378042798174194949e-02
9.858762757344097238e-03 6.779901380523867260e-03 -5.398295360686700128e-03 -1.124036877718148641e-02
1.110574970189714961e-02 3.484890493482994955e-03 -3.657668029238170249e-03 -1.093297216614175227e-02
1.349021021759067018e-02 4.993828919650056264e-03 -4.918481374248662163e-03 -1.356555776299139815e-02
1.415571366240531148e-02 4.862861422880726536e-03 -5.326596361508229016e-03 -1.369197872377836411e-02
1.154541896373806331e-02 5.150109366805599720e-03 -3.383343394355642353e-03 -1.331218493618802068e-02
1.395865315005884177e-02 4.461217199564160296e-03 -5.205437881395380550e-03 -1.321443246822706641e-02
1.334681128341208556e-02 4.199693196903053760e-03 -5.648984461073314201e-03 -1.189752001924215818e-02
1.297747601745879997e-02 2.822890726777549375e-03 -2.958425435918732305e-03 -1.284194130831795011e-02
1.359303759647523258e-02 3.508834529595716845e-03 -4.799724481855172087e-03 -1.230214764421588836e-02
1.257402078509373133e-02 3.965930844408216416e-03 -4.360627557936425092e-03 -1.217932407156563368e-02
1.306148597539835698e-02 5.614762929662342472e-03 -3.026378098837878561e-03 -1.564987080622315396e-02
1.529294451585627712e-02 5.750107980615259962e-03 -4.690145256856514955e-03 -1.635290723961446702e-02
1.241031833584416155e-02 4.143599793368979434e-03 -1.871557734634654580e-03 -1.468236039457826436e-02
1.274947847736940254e-02 3.516362006722895117e-03 -3.542329817866729513e-03 -1.272351066622556814e-02
1.312074690143094635e-02 3.567826844547816734e-03 -2.674623697710543091e-03 -1.401395004826821999e-02
1.411129006611822057e-02 3.149523558589883976e-03 -3.868102677467399886e-03 -1.339271094724092670e-02
1.363409438031415455e-02 5.385504472576352342e-03 -3.852888827751588252e-03 -1.516671002513925171e-02
1.249515742487461445e-02 4.768604224556272086e-03 -3.163748738003513417e-03 -1.410001291142726210e-02
1.187734769945270052e-02 4.829791467490851531e-03 -2.168997183088605674e-03 -1.453814198385505740e-02
1.278364286564048768e-02 4.803236212723049903e-03 -2.008899513240347545e-03 -1.557797956512341209e-02
1.296373553696295033e-02 3.855006474696942576e-03 -4.584925824693164564e-03 -1.223381618696683937e-02
1.313338519109596980e-02 5.406276475317106645e-03 -3.262742251455952314e-03 -1.527691941495701311e-02
1.357742478671708497e-02 6.525822185725393965e-03 -5.976890278446944649e-03 -1.412635669399564531e-02
1.534344262674980364e-02 3.676653433559273765e-03 -4.516722628782776638e-03 -1.450337343152663383e-02
1.536529591696478292e-02 2.292239438154819453e-03 -3.786226004275028423e-03 -1.387130935084435190e-02
1.335154689341755407e-02 1.854758738158102105e-03 -4.718629097079540813e-03 -1.048767653449622639e-02
1.347051725475401085e-02 3.950039241753966479e-03 -5.550664300599583711e-03 -1.186989219590839362e-02
1.181786457846567551e-02 5.314515157473165274e-03 -3.822643935638359025e-03 -1.330973580030003767e-02
1.568404751523555518e-02 3.933288867709272552e-03 -4.640268867674324227e-03 -1.497706751527061453e-02
1.081277798730462258e-02 4.436565035530692924e-03 -3.121669888532019321e-03 -1.212767313430340721e-02
9.086849258129747753e-03 5.017999824523222685e-03 -3.196306857228936593e-03 -1.090854222542381180e-02
1.154427698249582690e-02 3.892253254069499846e-03 -4.460875043356016256e-03 -1.097565519320931049e-02
1.221495193485355735e-02 5.521672785120390614e-03 -7.758339389396184949e-03 -9.978285330577985057e-03
1.294334957348475257e-02 3.723201391962804863e-03 -2.922431232636357734e-03 -1.374411973281142174e-02
1.357958830840200193e-02 5.406417212949321538e-03 -5.462901715700185790e-03 -1.352310380565135972e-02
1.468091393067738615e-02 4.460425945333801323e-03 -4.532275321962209169e-03 -1.460906455404853421e-02
1.177746374231536386e-02 5.160108631102833243e-03 -6.027515838119446023e-03 -1.091005653529841801e-02
1.280127439734957129e-02 5.508216814127386840e-03 -5.763938346850516758e-03 -1.254555286462655239e-02
1.400534379372242455e-02 5.510778412918027058e-03 -4.598591967367116062e-03 -1.491753023927300248e-02
1.427878677526295270e-02 4.071362713070625361e-03 -2.839516705961719900e-03 -1.551063278237196918e-02
1.078413104820996615e-02 4.941715992855977291e-03 -2.538751900655333849e-03 -1.318709514041072062e-02
1.133875806969442124e-02 3.982276426894415522e-03 -5.752419832772970310e-03 -9.568614663816088495e-03
1.629023973173326922e-02 3.156258289344515688e-03 -4.182381156565440072e-03 -1.526411686451301097e-02
1.509311398424939554e-02 3.152129306581707979e-03 -4.497048806603176629e-03 -1.374819448422792689e-02
1.240175484779038051e-02 4.863320594286291154e-03 -5.688105992783687448e-03 -1.157696944929309524e-02
1.368273463254077171e-02 5.228828436154797643e-03 -5.130936519219919667e-03 -1.378062654947564969e-02
1.167197480895509898e-02 7.512298723472365936e-03 -7.803876303775436618e-03 -1.138039722865169523e-02
1.246669336379002679e-02 5.174708026062901922e-03 -5.413296151551727498e-03 -1.222810523830053508e-02
1.169285969426514527e-02 5.789425371590661840e-03 -3.332507594077105395e-03 -1.414977747177892375e-02
1.303082822002155083e-02 5.191075669510158974e-03 -3.766242321661117387e-03 -1.445566156787059242e-02
1.367665943920903793e-02 5.685185011530924371e-03 -5.999482785896570469e-03 -1.336236166484350285e-02
1.305306194956612487e-02 4.535475618621997995e-03 -5.178200404412969249e-03 -1.241033716377515361e-02
1.275906022087913705e-02 1.285624288932973869e-03 -3.419561750131916433e-03 -1.062512275968019448e-02
1.488777569084742680e-02 3.781224072326505592e-03 -5.911086890556083162e-03 -1.275791287261773821e-02
1.357314580378088387e-02 4.912621092983515680e-03 -3.835694669301559223e-03 -1.465007222746284032e-02
1.282021004341471482e-02 3.858307035043306854e-03 -2.402486006731430201e-03 -1.427603107172681351e-02
1.429889742993251112e-02 7.051474155226333806e-03 -7.704199706823233740e-03 -1.364617187833594425e-02
1.544537450791105826e-02 5.062211063331156780e-03 -5.288530157370630036e-03 -1.521905541387147398e-02
1.307981115014356099e-02 3.162812590353336617e-03 -4.116562673296408903e-03 -1.212606106720037769e-02
1.357388252908608983e-02 3.477866674447271933e-03 -5.610377190871429498e-03 -1.144137201266182124e-02
1.445342984722275403e-02 4.958686798913314320e-03 -7.923279915945657947e-03 -1.148883673019029938e-02
1.329750160851217444e-02 4.969398158668258958e-03 -4.779781092284829391e-03 -1.348711867489560401e-02
1.336187690413037643e-02 2.790030080775052213e-03 -2.155115023028453258e-03 -1.399679196187642027e-02
1.373220662022700544e-02 3.264086888494555083e-03 -1.803387448408910743e-03 -1.519290606031253876e-02
1.155656916072200779e-02 2.771887505329084789e-03 -1.460819473349306286e-03 -1.286763719270178630e-02
1.355338893189972360e-02 4.409945030295236990e-03 -4.514138247648458169e-03 -1.344919571454650242e-02
1.200348984130150676e-02 6.167090171138367438e-03 -4.017665520634317033e-03 -1.415291449180511307e-02
1.213958078630361648e-02 3.884981303630130611e-03 -1.390325801839287223e-03 -1.463423628809434884e-02
1.175635450368628376e-02 3.545824934246377680e-03 -2.630424591826940883e-03 -1.267175484610572056e-02
1.102586242755632107e-02 4.116502475061123434e-03 -1.707262237600870591e-03 -1.343510266501657391e-02
1.271238081336134584e-02 7.580350693506376913e-03 -5.292145063596764842e-03 -1.500058644327084689e-02
1.304564429099652756e-02 2.726071195348955811e-03 -3.969281280873371287e-03 -1.180243420547189004e-02
1.264509159439497488e-02 5.719059430620232476e-03 -5.819393023384078489e-03 -1.254475800163179500e-02
1.447568012373801061e-02 1.320473220933315872e-03 -5.547956680886811931e-03 -1.024819666378473659e-02
1.114125442639446462e-02 4.415539175524285653e-03 -4.280567633530019123e-03 -1.127622596838884217e-02
1.193496323967035977e-02 5.990791342882939574e-03 -5.285179345840607112e-03 -1.264057523671269223e-02
1.375697178384016617e-02 6.004205503517434650e-03 -6.543370393030101262e-03 -1.321780689432738853e-02
1.551333311038449736e-02 5.624051289569997891e-04 -2.658494443247838568e-03 -1.341724379609376960e-02
1.189734882528981075e-02 3.353312787113482685e-03 -4.730622479890089771e-03 -1.052003913251298162e-02
1.229043562074694229e-02 1.985695019126598737e-03 -2.232681665401581306e-03 -1.204344897447195972e-02
1.159927568215213256e-02 3.804232890067593686e-03 -2.874529857718410852e-03 -1.252897871450109335e-02
1.600487605253753109e-02 1.937768474997936252e-03 -4.353095911341475777e-03 -1.358954861619376953e-02
1.250905270052538043e-02 5.372505161642893157e-03 -3.990405731860713345e-03 -1.389115213030733820e-02
1.247470174112197405e-02 6.391875923970280482e-03 -6.446678547539996806e-03 -1.241989911755214671e-02
1.055703186841250307e-02 4.488602039691702572e-03 -2.591631988821285759e-03 -1.245400191928258682e-02
1.547057625092396194e-02 3.464954954303767209e-03 -3.181080094378452294e-03 -1.575445111084960992e-02
1.486076119837753673e-02 2.368570748657372604e-03 -1.794634798745309290e-03 -1.543469714828971107e-02
1.464555771320985578e-02 5.598692306357566650e-03 -4.065968298863076313e-03 -1.617828172070456816e-02
1.432914615118852097e-02 3.709116286376268334e-03 -5.759884290665429063e-03 -1.227837814689891616e-02
1.672288025202206541e-02 6.647108350156916146e-03 -6.048308107139632739e-03 -1.732168049503957086e-02
1.181939826937905558e-02 6.147293512166696061e-03 -5.807415185861697360e-03 -1.215927659568372121e-02
1.469003047874517520e-02 4.881700498406527089e-03 -5.906399570410059141e-03 -1.366533140674219826e-02
1.375544917350346452e-02 4.382738406358832606e-03 -4.919873636391569605e-03 -1.321831394347061650e-02
1.502842756232447563e-02 4.684573722182339139e-03 -4.726543202585364867e-03 -1.498645808192189399e-02
1.232793345094029824e-02 7.013620905801154493e-03 -6.357333616971216905e-03 -1.298422073976979174e-02
1.482489231600570001e-02 5.091089103075319144e-03 -5.924470504746426336e-03 -1.399151091433503691e-02
1.573908029561565947e-02 5.323612685520950905e-03 -6.292109170330184575e-03 -1.477058381080653682e-02
1.486813715577506301e-02 5.836683772409312354e-03 -4.093639780544111595e-03 -1.661118114764026377e-02
1.326673451990756369e-02 4.675139781736392663e-03 -5.828846718541225158e-03 -1.211302758310239813e-02
1.427144254010670466e-02 4.146721378121220880e-03 -3.864177227528520220e-03 -1.455398669069973838e-02
1.042878041728600991e-02 2.294205782258584847e-03 -9.826561903237829299e-04 -1.174033000922114489e-02
1.382402292808437849e-02 5.966549071561244588e-03 -6.914718270656039500e-03 -1.287585372898980562e-02
1.335710128691935950e-02 5.688063495495221389e-03 -6.012005336213710471e-03 -1.303315944620131450e-02
1.278762037854086486e-02 5.951631007564017750e-03 -4.243629182519192966e-03 -1.449562220358557862e-02
1.330011233827432804e-02 4.328738972749990310e-03 -4.953306697253911928e-03 -1.267554461377040642e-02
1.534774503301261639e-02 5.529850936905278402e-03 -8.528278322515236987e-03 -1.234931764740276883e-02
1.291152372960646666e-02 5.289812639960977947e-03 -4.465013906420400858e-03 -1.373632246314682170e-02
1.217126432034576489e-02 3.284580512050938594e-03 -3.083490190180060431e-03 -1.237235464221675407e-02
1.548064061572507200e-02 3.770898178420800662e-03 -7.108066583422445461e-03 -1.214347221072353822e-02
1.236493368415247929e-02 4.009891982965196888e-03 -3.819817886432708143e-03 -1.255500778068485701e-02
1.158718669860037132e-02 4.358060712043032581e-03 -4.289037275477136646e-03 -1.165621013516648929e-02
1.266271829009246730e-02 5.375132017153338992e-03 -4.126788093123057166e-03 -1.391106221412286015e-02
1.309558968715918148e-02 6.877946982275062737e-03 -4.937281367620505179e-03 -1.503625530181373904e-02
1.195760451079141973e-02 4.312759154838419207e-03 -2.980202334328940772e-03 -1.329016133130089816e-02
1.621431596888123217e-02 4.664924485596300130e-03 -2.494501302529372744e-03 -1.838473915194815955e-02
1.241281845976582865e-02 4.348490789971126702e-03 -5.969339137684714913e-03 -1.079197011205257350e-02
1.453606588749001283e-02 5.579034534997751038e-03 -7.179041296247579140e-03 -1.293605912624007370e-02
1.385076841395682656e-02 4.167547169667384921e-03 -5.983480850477618240e-03 -1.203483473314603813e-02
1.325769760269746023e-02 5.046359370301400915e-03 -4.992063260130574776e-03 -1.331199371286861943e-02
1.214814689588217256e-02 3.054606298238837780e-03 -3.574719556278416199e-03 -1.162803363784259414e-02
1.194714869516322331e-02 6.325829024447005011e-03 -4.887830695626149691e-03 -1.338514702398385658e-02
1.251906373553435259e-02 3.739253979477830114e-03 -5.361334731856071123e-03 -1.089698298315588953e-02
1.264955858589744686e-02 3.316434813049884411e-03 -3.038626562861024283e-03 -1.292736683608652903e-02
1.411824906355874099e-02 5.314232046510936058e-03 -5.662363423490246461e-03 -1.377011768657943058e-02
1.350588674227037878e-02 4.649720125433853823e-03 -6.024459804557458220e-03 -1.213114706314688540e-02
1.080011593546248427e-02 4.771796725304922049e-03 -4.624602603533145562e-03 -1.094731005723470485e-02
1.168098456959643094e-02 3.553130882854471650e-03 -3.599079825736706262e-03 -1.163503562671408531e-02
1.435632026057764854e-02 4.128594983220379433e-03 -5.123245267736664665e-03 -1.336166997606180740e-02
1.625556417884355120e-02 3.882674058752533242e-03 -4.913344598503566196e-03 -1.522489363909262927e-02
1.389294354907510964e-02 4.711981592365743765e-03 -6.079350598060750954e-03 -1.252557454337965837e-02
1.608407121194410649e-02 2.737327915653509081e-03 -3.250592238396854405e-03 -1.557080688920053912e-02
1.262530275247053524e-02 5.557633333235223461e-03 -5.572581403813336998e-03 -1.261035468189219966e-02
1.236811312771890492e-02 5.220017519651953819e-03 -3.820701184670483030e-03 -1.376742946270048673e-02
1.333329043076014742e-02 4.688279311544363281e-03 -3.549411368605315253e-03 -1.447215837369941749e-02
1.209143685247604516e-02 4.229364368883103964e-03 -4.941793290364926428e-03 -1.137900793099388963e-02
1.461498259480986661e-02 6.025785697633345706e-03 -3.166972819289348706e-03 -1.747379547315386361e-02
1.413430665487780402e-02 2.648431034771414616e-03 -4.736537426589193522e-03 -1.204620026305980307e-02
1.259771454207458952e-02 4.872774239539134911e-03 -3.512592334231956492e-03 -1.395789644738165691e-02
1.488824767131591287e-02 6.057970465563888851e-03 -6.386145055551017968e-03 -1.456007308132900580e-02
1.302545802179522205e-02 4.088955722581610885e-03 -2.556154623607587162e-03 -1.455825912076957884e-02
1.559626776219391608e-02 3.772716148992216745e-03 -4.589073832713008727e-03 -1.477991007847301308e-02
1.292369942445925624e-02 5.391745940499070855e-03 -5.084597869405516057e-03 -1.323084749555292206e-02
1.419881554396962287e-02 5.962117802137623102e-03 -3.028558020633287384e-03 -1.713237532547406961e-02
1.305025044935814726e-02 4.596819488505099471e-03 -6.509727324378600244e-03 -1.113734261348464649e-02
1.225293670679827862e-02 4.258739450041737484e-03 -4.800098936278529571e-03 -1.171157722056181960e-02
1.105851395938528547e-02 4.321144135818411058e-03 -4.961000069924503819e-03 -1.041865802527941476e-02
1.449072831274755835e-02 5.490264541906819673e-03 -5.739363383952089670e-03 -1.424162947070195528e-02
1.532625003185716928e-02 2.274920493330556681e-03 -4.788408918691144933e-03 -1.281276160649658102e-02
1.426426091817600827e-02 5.782888008575959304e-03 -3.908275616048229040e-03 -1.613887331070373854e-02
1.403212569067502358e-02 5.988129109061102184e-03 -4.929395519967960659e-03 -1.509085927976872021e-02
1.663392758370307867e-02 6.287014550749869812e-04 -6.045917361133024137e-03 -1.121671167764515253e-02
1.306492816481341634e-02 4.065929009495539148e-03 -3.327676141994806436e-03 -1.380318103231426008e-02
1.339235052028442396e-02 4.961080858195021648e-03 -4.322024498161325390e-03 -1.403140688031778716e-02
1.316959311380783149e-02 5.196822689406355167e-03 -3.591334245837130013e-03 -1.477508155737705664e-02
1.054382743242676668e-02 7.327931707008961126e-03 -6.128851186194328449e-03 -1.174290795324162140e-02
1.146966045842301440e-02 3.334746304239244452e-03 -3.290629112962406566e-03 -1.151377764969974127e-02
1.150766583983009461e-02 4.209315490005582916e-03 -3.387303742064751155e-03 -1.232967758777092637e-02
1.206607462938458220e-02 4.952780530211642329e-03 -5.639619716424792983e-03 -1.137923544317143154e-02
1.363328876458447247e-02 5.292044139792118074e-03 -5.355820940569633315e-03 -1.356951196380695723e-02
1.290745923490321800e-02 4.969113139175362903e-03 -4.436826069093680047e-03 -1.343974630498490086e-02
1.378079695348843892e-02 6.119221708384525726e-03 -5.030714568130201236e-03 -1.486930409374254136e-02
1.130922805417222676e-02 5.339025416293274873e-03 -3.400272916474600393e-03 -1.324798055399079022e-02
1.223664073531050001e-02 3.766248571206221030e-03 -5.489320994505719753e-03 -1.051356831201089026e-02
1.204686256250075971e-02 3.771854346481307019e-03 -3.644003473684209737e-03 -1.217471343529796801e-02
1.437915291093538883e-02 4.401953501000699376e-03 -6.890476625064922978e-03 -1.189062978687138727e-02
1.331543950901781237e-02 4.434059873705598065e-03 -5.314549262330992008e-03 -1.243495012039264047e-02
1.529350762002001929e-02 4.455334825223644657e-03 -7.995556583085261515e-03 -1.175328586215795834e-02
1.240919023606767979e-02 7.262417208439675420e-03 -4.976777403949528278e-03 -1.469483004055771591e-02
1.124074515746675829e-02 4.500604659309237476e-03 -4.072080218603724155e-03 -1.166926959817271570e-02
1.199155855092115530e-02 6.328379172339637648e-03 -6.291839468309690098e-03 -1.202809825495143592e-02
1.268873213068455463e-02 5.750188621121754551e-03 -5.425930710185933314e-03 -1.301299004162048689e-02
1.500014293538520782e-02 2.622748977954003635e-03 -3.822531543484553040e-03 -1.380036036985443637e-02
1.318810761815281118e-02 5.346684461434492164e-03 -3.994698287193343411e-03 -1.454009379239395994e-02
1.204445564027811777e-02 3.378470529834753933e-03 -3.188158267456220329e-03 -1.223476790265676239e-02
1.158417542710310499e-02 5.773000296592556424e-03 -6.361413902986501334e-03 -1.099576182070938213e-02
1.338896044243198524e-02 5.825415724624694036e-03 -5.392112197568299514e-03 -1.382226396948815772e-02
1.426822671813798848e-02 3.461143848442427284e-03 -5.105486921070379047e-03 -1.262388364551048081e-02
1.276323957104552598e-02 4.060873292516031796e-03 -5.745061724040101403e-03 -1.107905113952178944e-02
1.353561907339817516e-02 3.986952812835342641e-03 -3.561223569790161747e-03 -1.396134831644380014e-02
1.381107373906864666e-02 3.829876265156517690e-03 -3.833009191928749004e-03 -1.380794081229663739e-02
1.348719976974410706e-02 5.222120829118104268e-03 -4.175195708710721654e-03 -1.453412489015182274e-02
1.222913479247100810e-02 2.055001987568472188e-03 -2.807034505089012200e-03 -1.147710227495046809e-02
1.506172131923233515e-02 7.672612623829788703e-03 -6.730712945214767373e-03 -1.600362099784780057e-02
1.335651267916659890e-02 6.072920392270475531e-03 -4.861953533587759502e-03 -1.456747953784942595e-02
1.367732872756199924e-02 4.967743651722145160e-03 -4.063002495650280821e-03 -1.458206988363353052e-02
1.236440620264467327e-02 4.198341240246428185e-03 -4.015435748285334228e-03 -1.254731169460587825e-02
1.446761696034148947e-02 4.431537367387994308e-03 -4.677872498210389196e-03 -1.422128182951942765e-02
1.192979579113506716e-02 4.692722500846402411e-03 -3.080597263762974158e-03 -1.354192102821871746e-02
1.397775678605905902e-02 4.510085750820680417e-03 -3.141625851908136369e-03 -1.534621668497182512e-02
1.492726862687354661e-02 5.745573323755470696e-03 -4.882876903294475213e-03 -1.578996504733454209e-02
1.217651195627622585e-02 6.436672773250773361e-03 -5.603334086418443327e-03 -1.300985064310922201e-02
1.290527077046155213e-02 7.359422529337411589e-03 -6.335710804615368730e-03 -1.392898249518381704e-02
1.237913632225695615e-02 4.859752990676646789e-03 -6.958670098562325101e-03 -1.028021921437127784e-02
1.442296537776632803e-02 6.646051294437071988e-03 -5.025985141226319008e-03 -1.604303153097674794e-02
1.391328961849414014e-02 6.984975149166183783e-03 -7.369416449622412379e-03 -1.352884831803835564e-02
1.281786306320409352e-02 6.033358105721475795e-03 -4.657701234347055852e-03 -1.419351993457884653e-02
1.344721282375904714e-02 6.751733281683103272e-03 -5.013158997469790989e-03 -1.518578710797280351e-02
1.329949620975900970e-02 5.383750001964004994e-03 -3.339286230925608834e-03 -1.534395998079751688e-02
1.040117458090739078e-02 5.292274710813060778e-03 -4.396944659159407465e-03 -1.129650463256093307e-02
1.277545014193970374e-02 4.327014722890210052e-03 -5.656774802425323934e-03 -1.144569006240392373e-02
1.377080064498237277e-02 3.359591598054434414e-03 -3.379546244925202281e-03 -1.375084599811171593e-02
1.351732560058738208e-02 4.803468975000502184e-03 -2.973594224047304557e-03 -1.534720035154057971e-02
1.480616088768926808e-02 6.269444186932204843e-03 -5.271066235501886688e-03 -1.580453883912003032e-02
1.172704055692519454e-02 3.789396498329766771e-03 -6.285864577223465588e-04 -1.488785059753239270e-02
1.506545573312934039e-02 3.774863368518843743e-03 -8.238139228335938924e-04 -1.801650517881470126e-02
1.265334810131424348e-02 4.623854894583612207e-03 -5.223303137872004065e-03 -1.205389985802529651e-02
1.305829784962031503e-02 3.385298555338422943e-03 -4.589508682827592168e-03 -1.185408772213125683e-02
1.391015095389325218e-02 3.616410736606123777e-03 -2.448089953424825715e-03 -1.507847173707488331e-02
1.408993991794171841e-02 2.505086787174759522e-03 -5.480002738097344839e-03 -1.111502396701913309e-02
1.343691519844125715e-02 3.975979549459163209e-03 -4.554426787039322910e-03 -1.285846796086098642e-02
1.053165431641689409e-02 1.808765600509021354e-03 -4.079277255753188669e-03 -8.261142661172504731e-03
1.147221365037465191e-02 6.665113859137150598e-03 -5.577021743762733408e-03 -1.256030576574895807e-02
1.327621037567960904e-02 4.423866376609630890e-03 -3.569807726703344564e-03 -1.413026902558600639e-02
1.442001510701440559e-02 3.187839178827367448e-03 -4.461741137743446828e-03 -1.314611314809799314e-02
1.455444709468078912e-02 4.420915009445636201e-03 -4.951859829821048109e-03 -1.402350227430515517e-02
1.228521891606382255e-02 4.630430761674242390e-03 -3.994219289994660471e-03 -1.292143038774318242e-02
1.063347349145393750e-02 4.069049458332640867e-03 -4.790059303244831312e-03 -9.912463646541747053e-03
1.322758063909890147e-02 3.305473750526033427e-03 -3.675568604245227355e-03 -1.285748578537970754e-02
1.437283605190176061e-02 6.383038158450204946e-03 -5.843842557797240822e-03 -1.491203165255439167e-02
1.518024445835886027e-02 5.368113823587483679e-03 -5.049722176870052870e-03 -1.549863610507629108e-02
1.410937099975617670e-02 7.659238918139354979e-03 -7.036263449497703881e-03 -1.473234646839804984e-02
1.608867279594661248e-02 5.995292753693259868e-03 -3.465825670331712516e-03 -1.861813987930793779e-02
1.343832078361639759e-02 4.095276243523127135e-03 -6.248905811165217372e-03 -1.128469121597452940e-02
1.377207782547684722e-02 7.567900222815282518e-03 -4.809053409172259208e-03 -1.653092463911987053e-02
1.454367216216345682e-02 5.954011214802212848e-03 -6.675455114655060029e-03 -1.382222826231038759e-02
1.333155538052976929e-02 5.986847759287039494e-03 -3.862293005604033880e-03 -1.545611013421310798e-02
1.406883040550854780e-02 4.325704308496769457e-03 -2.428118018978575599e-03 -1.596641669502696370e-02
1.303089269975243880e-02 4.330105952462082186e-03 -2.934937663590986290e-03 -1.442606098862297959e-02
1.252772026784221282e-02 4.115524833202544031e-03 -3.427320512841558475e-03 -1.321592458820308735e-02
1.372496331736772213e-02 5.378748333576099938e-03 -6.929783780826648254e-03 -1.217392787011739586e-02
1.249894420185659882e-02 3.252386932655726426e-03 -4.079258864290502551e-03 -1.167207227022182270e-02
1.139152359228234879e-02 7.173956732690944804e-03 -6.015408156455515076e-03 -1.255007216851766749e-02
1.134066137066547242e-02 3.540098016535875303e-03 -3.458122443274924684e-03 -1.142263694392620099e-02
1.469730267763202924e-02 7.183326824001134980e-03 -5.592989980379825532e-03 -1.628763952125344971e-02
1.524214393380418642e-02 4.248314399055264090e-03 -5.487919160850673883e-03 -1.400253917200877662e-02
1.419904845510844282e-02 3.446820577253983942e-03 -3.554971261531925109e-03 -1.409089777083027961e-02
7.838517832946756414e-03 5.482683694660428486e-03 -4.050612660988273106e-03 -9.270588866618911794e-03
1.057282367568879167e-02 4.529720344276455535e-03 -3.901688136257797090e-03 -1.120085588370733909e-02
1.732845140024785735e-02 4.355159189789237217e-03 -3.421892769588930072e-03 -1.826171782044794245e-02
1.020212272038301116e-02 4.541478847463364943e-03 -3.389952262329631871e-03 -1.135364930551663321e-02
1.392236636440857822e-02 2.775897673534588606e-03 -4.402215254480146278e-03 -1.229604878346324259e-02
1.576434686770844529e-02 4.922450239632336633e-03 -3.179747130780619102e-03 -1.750704997656005180e-02
1.304024976780970846e-02 4.789728909071477858e-03 -3.447717178538978189e-03 -1.438226149834254119e-02
1.316688539945154446e-02 7.099836636767609122e-03 -4.930123727813540135e-03 -1.533659830840550242e-02
1.451302527958486799e-02 4.626474499839661192e-03 -5.475094555842274779e-03 -1.366440522358247645e-02
1.514621267323668086e-02 5.237319359062464486e-03 -6.068109750196226670e-03 -1.431542228210269663e-02
1.518339605660301572e-02 6.770683680661138126e-03 -6.810061635589836904e-03 -1.514401810167453899e-02
6.547081008644095590e-03 3.829490633748600104e-03 -2.315319223407219518e-03 -8.061252418985476176e-03
1.520061972572039899e-02 6.921318301962076092e-03 -6.521593428344019117e-03 -1.560034459933834494e-02
1.195512377059171349e-02 3.890627889295616981e-03 -5.472860953498304148e-03 -1.037289070638880428e-02
1.278455241378884111e-02 5.686903534673826144e-03 -4.088870167876179629e-03 -1.438258578058659864e-02
1.350098147780620650e-02 4.623619411872059715e-03 -4.065731535855654499e-03 -1.405886935382227865e-02
1.464836159452942432e-02 3.708916003737128264e-03 -5.667490575251843410e-03 -1.268978702301493122e-02
1.526413685170058265e-02 6.143769557304779028e-03 -5.014646226659813522e-03 -1.639326018234577020e-02
1.368906037745354354e-02 5.235739416932005952e-03 -3.730806292585264750e-03 -1.519399350180028474e-02
1.520766411958174302e-02 3.171224504778136222e-03 -4.858085789670729682e-03 -1.352080283468903854e-02
1.515893531315670728e-02 2.778495628515509352e-03 -3.812434522906915646e-03 -1.412499641876530099e-02
1.209338741114596161e-02 5.755819143854479236e-03 -4.381689739103800108e-03 -1.346751681589652971e-02
1.440362886070456483e-02 5.403085214278346982e-03 -2.321594066960530611e-03 -1.748512000802282529e-02
1.273460057171815762e-02 6.338412626127443161e-03 -4.449572904622556280e-03 -1.462344029322282246e-02
1.155926606936930057e-02 5.692283815598830898e-03 -6.013806819857858699e-03 -1.123774306510993970e-02
1.335190178642609027e-02 4.828538481322253162e-03 -4.705398041545016952e-03 -1.347504222620388159e-02
1.380938291255495720e-02 5.742985713139692194e-03 -4.407942335938108691e-03 -1.514442628975642968e-02
1.385982764726567673e-02 5.160137467696834790e-03 -5.151074440107095143e-03 -1.386889067485563842e-02
1.310323830907922371e-02 7.872823855451516195e-03 -7.332004853968898672e-03 -1.364405731056206328e-02
1.308275323053553763e-02 3.560765844607294284e-03 -5.024088130712756062e-03 -1.161943094442974278e-02
1.273997205259402854e-02 1.906731865118915792e-03 -4.404208938285747443e-03 -1.024249497942664178e-02
1.410744564151600322e-02 5.556326637269126678e-03 -9.539037117526349974e-04 -1.870986856703293899e-02
1.538509332663573481e-02 3.400582566555732100e-03 -7.565860601750462600e-03 -1.121981529144133738e-02
1.597416068885570972e-02 3.680573540853604442e-03 -3.988982562120435560e-03 -1.566575166758898963e-02
1.295916906357463816e-02 4.175267898237855491e-03 -5.096316278731083393e-03 -1.203812068308141026e-02
1.385347198449404793e-02 4.450050088963708461e-03 -3.684407468955486209e-03 -1.461911460450227018e-02
1.391465228391530751e-02 5.955050484191204418e-03 -4.294906388023989052e-03 -1.557479638008218981e-02
1.712019626329497335e-02 4.665286589666362005e-03 -3.820385892614575063e-03 -1.796509696034653825e-02
1.437437256301299371e-02 6.076970431009964813e-03 -6.211073990581739146e-03 -1.424026900344099733e-02
1.543489597558456161e-02 4.042525794872187106e-03 -5.963339793812583167e-03 -1.351408197664405453e-02
1.473506348798081511e-02 5.744136263698518263e-03 -6.895888086554169405e-03 -1.358331166512471988e-02
1.465186783987593167e-02 4.480471869878543956e-03 -3.556769867512632466e-03 -1.557556984224184315e-02
1.297026533652245739e-02 4.126281192678327159e-03 -4.410926839524487164e-03 -1.268561968967696352e-02
1.195286130030037697e-02 3.397910994482833402e-03 -3.901175882558227670e-03 -1.144959641222464963e-02
1.641755805979872029e-02 5.661217719744815469e-03 -4.946462540405871522e-03 -1.713231323913799731e-02
1.533287755166989896e-02 5.480137154074471439e-03 -6.139562505215856447e-03 -1.467345220052895804e-02
1.351922821502560268e-02 4.718722556409815638e-03 -5.706821294826802671e-03 -1.253112947660828258e-02
1.187820411410545063e-02 4.867433536113852099e-03 -3.633209214023325195e-03 -1.311242843619542242e-02
1.228241452159162250e-02 3.725217652952528269e-03 -4.779699770199430375e-03 -1.122793240434460937e-02
1.477352856744440501e-02 4.404975315092984900e-03 -5.301788926949213554e-03 -1.387671495558828738e-02
1.180007165937801972e-02 4.948875071506542156e-03 -8.055236261190090730e-03 -8.693710469694582166e-03
1.300304234284532789e-02 4.856924841347254329e-03 -4.214063282260038790e-03 -1.364590390193287650e-02
1.166307923740106389e-02 5.438202246327961120e-03 -3.246102546075380069e-03 -1.385517893765364494e-02
1.239535476130670943e-02 6.169129860499333873e-03 -4.130872512209560199e-03 -1.443361210959637209e-02
1.459957103460340910e-02 3.822210350619803521e-03 -4.554551816814522702e-03 -1.386722956840891197e-02
1.212927391541707145e-02 4.842752072316880430e-03 -3.009308429019585951e-03 -1.396271755871469900e-02
1.396006973238828053e-02 3.953596921102420225e-03 -4.876298040222493135e-03 -1.303736861326831864e-02
1.572150422482399001e-02 4.835153934807712162e-03 -5.274563775457097314e-03 -1.528209438417482691e-02
1.312760916406796596e-02 5.062714724687999990e-03 -4.784935203987594754e-03 -1.340538868476859324e-02
1.390781278420494260e-02 4.087701985129310600e-03 -4.502268988492041935e-03 -1.349324578084210025e-02
1.222759439920251268e-02 3.538769532815955188e-03 -3.535516014918638206e-03 -1.223084791710038477e-02
1.243111540230890100e-02 5.142037594246362531e-03 -2.592707580085451546e-03 -1.498044541646947891e-02
1.331474994503989429e-02 7.138427248744250164e-03 -6.456632549481922112e-03 -1.399654464430211132e-02
1.331453041890484634e-02 6.499665348223881978e-03 -3.883144115351400139e-03 -1.593105165177732818e-02
1.358944970900166638e-02 5.889943355859905694e-03 -4.683019243445496471e-03 -1.479637382141618662e-02
1.390252696311655711e-02 3.960877444419530491e-03 -4.577806284741692266e-03 -1.328559812279472840e-02
1.563886068065811763e-02 6.633144836263760169e-03 -7.319440883685857102e-03 -1.495256463323613172e-02
1.447411059746173123e-02 5.226186083250761172e-03 -5.355696662414755060e-03 -1.434460001829740428e-02
1.552255702538274384e-02 5.971966341661083533e-03 -4.854117004818525594e-03 -1.664040636222552383e-02
1.217565524883945649e-02 4.972113443863390714e-03 -3.552001627648126991e-03 -1.359576706505472021e-02
1.347654300052059106e-02 3.351286045520041057e-03 -2.362602928682400183e-03 -1.446522611735823194e-02
1.426555079912072976e-02 2.787568928653838540e-03 -5.178053248023339883e-03 -1.187506647975111740e-02
1.174343247493081499e-02 2.406817883249923185e-03 -7.491156746806115763e-04 -1.340113468350012660e-02
1.403814353638699330e-02 5.176828519435794362e-03 -5.175248590625458611e-03 -1.403972346519721803e-02
1.370675182346259291e-02 7.169335090749573425e-03 -6.071525804347110977e-03 -1.480456110986505536e-02
1.368702749839334487e-02 5.467510884647364122e-03 -2.697326711666558907e-03 -1.645721167137437213e-02
1.228214982002606703e-02 4.531532986242980954e-03 -5.315483749929961199e-03 -1.149819905633964190e-02
1.243315619135532124e-02 5.202490832580508595e-03 -3.501622354888711541e-03 -1.413402466904745136e-02
1.539469729918385710e-02 3.483442605338948894e-03 -3.549800355098220450e-03 -1.532833954942414145e-02
1.351656504451503871e-02 3.450198819971550535e-03 -4.290863321250726337e-03 -1.267590054323575188e-02
1.397024993020368200e-02 4.240303830034930499e-03 -3.279080945008283621e-03 -1.493147281523088399e-02
1.449879037801160564e-02 3.651902013417807069e-03 -9.471964216517525514e-04 -1.720349596977766016e-02
1.316906863317934828e-02 4.423844277750221821e-03 -5.066492496350494257e-03 -1.252642041457907585e-02
1.214709204958674960e-02 3.969975598623554092e-03 -5.401741520898784010e-03 -1.071532612731140865e-02
1.356737209624214735e-02 5.928609293628372967e-03 -5.137324325687586679e-03 -1.435865706418260057e-02
1.465499735372999268e-02 2.993184405316817731e-03 -5.234238211272335128e-03 -1.241394354777469733e-02
1.412426680478051644e-02 4.124852159056224821e-03 -3.542254694791191483e-03 -1.470686426904588284e-02
1.582055620128408613e-02 5.647325441323181039e-03 -7.001992065260087550e-03 -1.446588957734762371e-02
1.361252691598857645e-02 4.942094613122227642e-03 -4.892673731906049817e-03 -1.366194779720486530e-02
1.155220508402754476e-02 6.578144375563699242e-03 -6.252012842887011423e-03 -1.187833661670401053e-02
1.189493169248279081e-02 4.343941375750004497e-03 -1.936709803254110795e-03 -1.430216326497890655e-02
1.144783182441000413e-02 4.348932054973442263e-03 -2.011292537442144202e-03 -1.378547134194152424e-02
1.338361297791812454e-02 4.946902693530708106e-03 -4.313891421252269431e-03 -1.401662425019645219e-02
1.310188103996301479e-02 4.360043877626118558e-03 -7.404346004662332170e-03 -1.005757891292702322e-02
1.150268577124258229e-02 2.172534666497583089e-03 -2.595982619921111123e-03 -1.107923781781927630e-02
1.376599184835924916e-02 5.265263176453371941e-03 -5.712826976677187751e-03 -1.331842804813587744e-02
1.228876770700604304e-02 3.757022593045222791e-03 -3.038166810121367689e-03 -1.300762348993034223e-02
1.678472511389150768e-02 4.567633294305872838e-03 -5.346674703843312670e-03 -1.600568370435406784e-02
1.352757604138443703e-02 4.201524834364533945e-03 -4.242274403278734063e-03 -1.348682647247034794e-02
1.146513738338317268e-02 4.872898364825628548e-03 -3.215547129216012046e-03 -1.312248861899234509e-02
1.490719422076902667e-02 3.585433036439988896e-03 -6.017535734028744976e-03 -1.247509152318015957e-02
1.267062416029718364e-02 5.537007297100826619e-03 -5.889879625053273671e-03 -1.231775183234484761e-02
1.453277274753439485e-02 4.843385690860513293e-03 -4.380490314213281167e-03 -1.499566812418184902e-02
1.241422163305228032e-02 5.356265210624266970e-03 -6.119691679819405650e-03 -1.165079516385758573e-02
1.497541675925306848e-02 2.946211988368974133e-03 -3.755144572792912250e-03 -1.416648417482924138e-02
1.165282551122315269e-02 5.811878417564253496e-03 -3.478681673557582066e-03 -1.398602225523015719e-02
1.333323870400837663e-02 5.883595890382897764e-03 -3.551255495000238405e-03 -1.566557909939136906e-02
1.370231160684842742e-02 3.773253115178398787e-03 -5.354449971764263516e-03 -1.212111475026189655e-02
1.325227026543895903e-02 4.528525803974892128e-03 -3.328249226511426073e-03 -1.445254684290231406e-02
1.378447423941375760e-02 4.063283218626922988e-03 -4.172475576620926496e-03 -1.367528188141975409e-02
1.423833525721307502e-02 4.458431672284435265e-03 -4.762785514779044327e-03 -1.393398141471846596e-02
1.177016502041960955e-02 4.827631931775933083e-03 -5.224870802454040231e-03 -1.137292614974205751e-02
1.017936823837262139e-02 4.233967640876468153e-03 -1.405879300297674384e-03 -1.300745657895074903e-02
1.267535644654360638e-02 5.618996838520740056e-03 -5.731774132722189385e-03 -1.256257915234260114e-02
1.207827789790005824e-02 5.635929967493069626e-03 -3.258790443993575536e-03 -1.445541742139988539e-02
1.350331146607586241e-02 5.340082608435103850e-03 -5.069706816625330070e-03 -1.377368725788563619e-02
1.144188745953500508e-02 5.126359406300018406e-03 -5.633184992129280921e-03 -1.093506187370563154e-02
1.266118756206702223e-02 7.979949576825351443e-03 -6.682692730978545548e-03 -1.395844440791416119e-02
1.516632048160326818e-02 5.790414007422750586e-03 -5.440414184982977908e-03 -1.551632030404304086e-02
1.184193353177076524e-02 2.822300043458625396e-03 -3.298429751762199658e-03 -1.136580382346696894e-02
1.347818575409465147e-02 5.146642972282622353e-03 -4.580152650752289389e-03 -1.404467607562498443e-02
1.394013351830003522e-02 4.797308994592519582e-03 -3.751296963369510351e-03 -1.498614554952337752e-02
1.184553185352776872e-02 5.382106749201254203e-03 -4.940219414135027520e-03 -1.228741918859399540e-02
1.136626047716182697e-02 5.397145174012907276e-03 -4.339564881160495879e-03 -1.242384077001412734e-02
1.214755406293632767e-02 5.391124956625192866e-03 -2.093349298541102854e-03 -1.544532972102041768e-02
1.325292054031801392e-02 3.531409953742237207e-03 -5.815990107660540254e-03 -1.096834038639948883e-02
1.302109278423224659e-02 2.093600832102637810e-03 -3.590639988184207709e-03 -1.152405362815045464e-02
1.437649045064248732e-02 3.479528972605949733e-03 -4.392318640943915220e-03 -1.346370078230418876e-02
1.374660731303678496e-02 6.349566563262465380e-03 -5.319364708839424694e-03 -1.477680916745982564e-02
1.181472254451754189e-02 8.383866216836732832e-04 -1.475743020110997783e-03 -1.117736614609021739e-02
1.472542234713758447e-02 4.465842385217522192e-03 -5.486744393354503480e-03 -1.370452033900049216e-02
1.620449178046046157e-02 3.989479748302215967e-03 -6.394910662134822843e-03 -1.379906086662774367e-02
1.490203365448183881e-02 4.704607761112367115e-03 -4.146859250840129185e-03 -1.545978216475440981e-02
1.451470316863012755e-02 3.984004835636767439e-03 -6.708222552666343041e-03 -1.179048545160088501e-02
1.445683519797258398e-02 4.454485464869151201e-03 -3.999514426017536373e-03 -1.491180623682464290e-02
1.414602031927181258e-02 6.091030557836774051e-03 -4.844476547509857234e-03 -1.539257432959861838e-02
1.442534747372148374e-02 4.064793065386096416e-03 -5.368101789542834013e-03 -1.312203874956441307e-02
1.192039485589102554e-02 7.742175698598252609e-03 -4.054720038162873408e-03 -1.560785051632618270e-02
1.249327858512105927e-02 5.668225999321485631e-03 -2.494788496184452420e-03 -1.566671608825809248e-02
1.573558832142540886e-02 4.075901737896181487e-03 -4.843529397166812522e-03 -1.496796066215466681e-02
1.301393765987168827e-02 4.702195878453441225e-03 -2.499972402145944628e-03 -1.521616113617940691e-02
1.302366158312939781e-02 2.632968273242219936e-03 -4.472284674165938334e-03 -1.118434518220545737e-02
1.374101636035729435e-02 6.004842398705134698e-03 -5.702408072049913734e-03 -1.404345068701218224e-02
8.375616134254082468e-03 3.107071165798558354e-03 -2.139115581381356712e-03 -9.343571718670951043e-03
1.227161576740076754e-02 4.812582645609353449e-03 -4.291923525208019008e-03 -1.279227488780165789e-02
1.574373587127020357e-02 4.518361139541182681e-03 -5.496921447355029855e-03 -1.476517556345624538e-02
1.299038575856759081e-02 5.049723346240986288e-03 -8.135468099935705411e-04 -1.722656229481489554e-02
1.671499762073924700e-02 6.744834628701124046e-03 -7.643387411335522685e-03 -1.581644483810495938e-02
1.454404588286006828e-02 7.151507577027427232e-03 -5.102225143286509557e-03 -1.659332831660087493e-02
1.654228895494691542e-02 4.389882315151139025e-03 -5.216329590236434832e-03 -1.571584167986139757e-02
1.608459967546060909e-02 2.582777614135389754e-03 -3.019811340771116903e-03 -1.564756594882499297e-02
1.302469112527893103e-02 3.837318590041105537e-03 -5.025727936905699522e-03 -1.183628177841444806e-02
1.324479156113378409e-02 6.813132745121963652e-03 -4.626191893509989939e-03 -1.543173241274553575e-02
1.665090465487129023e-02 5.310871484724311031e-03 -4.947424857143056798e-03 -1.701435128245221140e-02
9.592763844819884866e-03 3.353229048629557951e-03 -2.496264321241725703e-03 -1.044972857220771711e-02
1.286544230168407132e-02 5.132581940512803698e-03 -5.172008050501886167e-03 -1.282601619169476681e-02
1.583405591826436698e-02 7.160209314094556632e-03 -5.535647544347210847e-03 -1.745861768801171277e-02
1.413119465396639463e-02 5.564851730207376335e-03 -3.783412776734995653e-03 -1.591263360743877531e-02
1.403360317176982619e-02 3.971833953485770508e-03 -5.031889316611581897e-03 -1.297354780864401480e-02
1.387664528574616973e-02 1.946362284024560907e-03 -4.120534205333648003e-03 -1.170247336443730468e-02
1.274366750334232634e-02 6.304316136144016980e-03 -5.026567350327582062e-03 -1.402141628915887228e-02
1.408841363958623916e-02 6.122942685468979462e-03 -4.931555563027933964e-03 -1.527980076202661852e-02
9.960734906222512564e-03 2.977368733485752372e-03 -1.565239826336051188e-03 -1.137286381337243579e-02
5.651462722169542374e-03 4.827820774914171054e-03 -2.260765392228081261e-03 -8.218518104855410122e-03
1.493137652319731501e-02 3.708706667999939199e-03 -3.381098806241711330e-03 -1.525898438495565390e-02
1.415871616265218513e-02 1.886841943668393640e-03 -3.179798399892130867e-03 -1.286575970642866995e-02
1.631171916088014484e-02 4.512260523181321759e-03 -3.197558761395158378e-03 -1.762642092266664129e-02
1.642023605213638326e-02 3.808482952284419909e-03 -4.071048308871172416e-03 -1.615767069554974178e-02
1.139025349452604807e-02 4.558222926748900505e-03 -3.647907711726627866e-03 -1.230056870954820969e-02
1.474981949330134157e-02 5.762107380515191224e-03 -5.704027467227423820e-03 -1.480789940658921999e-02
8.429766165102492437e-03 3.200878101295989708e-03 -3.523865650891799817e-03 -8.106778615506682328e-03
1.180996289989200143e-02 4.989588125449362366e-03 -2.430708591484309622e-03 -1.436884243385749826e-02
1.106152131359339208e-02 5.177532181905197817e-03 -3.836780107363102488e-03 -1.240227338813582048e-02
1.151255893327163271e-02 5.001271548401575728e-03 -4.522101975008574470e-03 -1.199172850666441192e-02
1.691203545549058163e-02 3.357110847881372706e-03 -4.904686121716905767e-03 -1.536446018165538163e-02
1.265846933076542058e-02 2.344458570364693628e-03 -5.228234380135199366e-03 -9.774693520995247908e-03
1.579337583269113665e-02 3.994328277509451297e-03 -3.592448575588380599e-03 -1.619525553461231837e-02
1.435072656714164729e-02 3.355141520837490177e-03 -4.420485988433808799e-03 -1.328538209954499560e-02
7.338117128374177511e-03 2.759631514826388354e-03 -3.639432457940738885e-03 -6.458316185260049025e-03
1.520064907881124583e-02 3.202066804981695824e-03 -5.682946917501485729e-03 -1.271976896629145592e-02
1.576614432613721029e-02 3.985390512011965924e-03 -4.009982312900506329e-03 -1.574155252524866988e-02
1.380334255187043446e-02 3.572554182418752333e-03 -2.101857263137940635e-03 -1.527403947115113514e-02
1.542686316781427536e-02 6.037447217479785522e-03 -7.205675186676807620e-03 -1.425863519861714224e-02
1.371967405047747057e-02 2.413045175905681461e-03 -2.854447220631994853e-03 -1.327827200575071309e-02
1.439685846459926033e-02 2.552487755357546462e-03 -9.176505436909732083e-04 -1.603169567626605563e-02
1.416439854022866207e-02 2.759339543809247175e-03 -1.695428232711182481e-03 -1.522830985132661574e-02
1.441750196031366116e-02 5.663675415822133630e-03 -3.445699127510915005e-03 -1.663547824862487978e-02
1.536672285930529291e-02 2.895012043698130810e-03 -3.605868577851945034e-03 -1.465586632515136767e-02
1.154994651257723604e-02 4.809723072737526195e-03 -2.541677102324224613e-03 -1.381799248299087068e-02
1.638940428450075260e-02 4.803696113909738941e-03 -5.088832737342063872e-03 -1.610426766106809460e-02
1.394308108594644047e-02 3.770028414571635622e-03 -2.643901610960064374e-03 -1.506920788955812274e-02
1.424031220571664313e-02 4.056050289537704856e-03 -5.715624010695363744e-03 -1.258073848455865118e-02
1.234280391539410715e-02 3.079658964852072245e-03 -4.441690967977196536e-03 -1.098077191226864979e-02
1.610730262204151941e-02 4.130023198187116051e-03 -6.902658924454074807e-03 -1.333466689577411657e-02
1.181173789720224576e-02 4.563814557383416570e-03 -2.421561043307818295e-03 -1.395399141127784404e-02
1.489199520741180116e-02 4.899991567557382410e-03 -3.227980129548613242e-03 -1.656400664542023726e-02
1.342515083847706236e-02 6.331847678973767657e-03 -6.979638434802648561e-03 -1.277736008264851453e-02
1.564785990013817241e-02 4.246148140910177560e-03 -3.958463999708561332e-03 -1.593554404133967761e-02
1.398804580710844014e-02 5.572825106350265401e-03 -6.703909703879795678e-03 -1.285696120957868782e-02
1.329819228542383769e-02 6.139693283570224480e-03 -4.638913832018309868e-03 -1.479897173697575230e-02
1.407256963911063252e-02 6.374860762793366220e-03 -7.402464215298665273e-03 -1.304496618660511142e-02
1.518726321903840493e-02 6.074625189413263016e-03 -6.061755995814488429e-03 -1.520013241263740156e-02
1.023478328129390214e-02 5.228724627556191606e-03 -6.628367379988620023e-03 -8.835140528861473719e-03
1.423119679402162774e-02 2.591851309998949304e-03 -4.783884854173914292e-03 -1.203916324984677377e-02
1.179873377692364222e-02 4.493342957422541417e-03 -3.722378568195683357e-03 -1.256969816615038926e-02
1.456534737327341844e-02 4.881057966926283243e-03 -4.830338153774205168e-03 -1.461606718642549652e-02
1.181619159362368165e-02 5.433967873447187458e-03 -4.812265905478674277e-03 -1.243789356159252790e-02
9.633324990636404905e-03 5.261808870588469134e-03 -3.693817392665277310e-03 -1.120131646855970775e-02
1.380457414785185577e-02 3.813103092590752752e-03 -4.685766493641274621e-03 -1.293191074680177799e-02
9.952188190395672152e-03 5.158421445633054603e-03 -3.340390442328589060e-03 -1.177021919370013769e-02
6.306889528229664421e-03 1.966468722694791893e-03 -2.801637098414522242e-03 -5.471721152509934072e-03
1.404970736590627212e-02 6.819846160745157704e-03 -4.856053732827492198e-03 -1.601349979382382660e-02
1.380451522529324571e-02 2.057693393435977569e-03 -5.369628452481789438e-03 -1.049258016624732281e-02
1.665481014878023025e-02 5.456224774502693720e-03 -3.961812923415908294e-03 -1.814922199986712670e-02
1.340724411090676860e-02 5.611701292630444371e-03 -5.872065575180163144e-03 -1.314687982835704982e-02
1.284399550430403991e-02 3.955922729113492409e-03 -4.896356703258275544e-03 -1.190356153015925678e-02
1.324529387593531560e-02 3.926796058113968257e-03 -3.648447243821073549e-03 -1.352364269022832133e-02
1.402384814726675977e-02 4.209927742752972435e-03 -4.650526860201953383e-03 -1.358324902981800086e-02
1.386139531771646283e-02 3.260677624778107742e-03 -6.087950763309923907e-03 -1.103412217918475768e-02
1.571412696260621189e-02 3.356233562804344928e-03 -4.620555784890845175e-03 -1.444980474051993369e-02
1.261018762316390429e-02 5.248964696441316136e-03 -3.010336553009973493e-03 -1.484881576659513591e-02
1.356657469613420375e-02 3.377080553742972668e-03 -4.612731099567723980e-03 -1.233092415030956346e-02
1.335920672646229157e-02 3.484426428794762387e-03 -2.069469385111988302e-03 -1.477416377014506566e-02
1.265675035733804243e-02 4.228165370119940647e-03 -5.144448551415270465e-03 -1.174046717604282364e-02
1.459037393323003862e-02 5.073577114498073470e-03 -5.061720326950069904e-03 -1.460223072077782014e-02
1.487676081590261212e-02 4.758589380950528636e-03 -6.873275067592166110e-03 -1.276207512926119669e-02
1.530050328545962124e-02 4.473252421342222007e-03 -4.776300696063717766e-03 -1.499745501073790344e-02
1.395445775574621905e-02 5.070688305451653832e-03 -7.096122057399734118e-03 -1.192902400379780570e-02
1.466181943872979510e-02 3.673721506448401897e-03 -5.011676078128024514e-03 -1.332386486704995043e-02
1.520865671555848841e-02 5.678377124844979917e-03 -3.426299718444547615e-03 -1.746073412195847663e-02
1.501506345277547894e-02 4.855621002862076097e-03 -6.953654264308828381e-03 -1.291703019132839358e-02
1.500366839653977102e-02 4.368578724745608710e-03 -6.333550674689769622e-03 -1.303869644659527705e-02
1.289612927674643750e-02 1.070842262283822066e-03 -2.065247180947360484e-03 -1.190172435808312112e-02
1.412215188579213354e-02 2.376451967923909336e-03 -4.496693320587330511e-03 -1.200191053312860134e-02
1.205348582791021528e-02 7.620010073146943341e-03 -5.968977028563027254e-03 -1.370451887249390932e-02
1.352887273558756043e-02 6.066774784167616730e-03 -4.205740878101882352e-03 -1.538990664165407196e-02
1.465244283122046909e-02 4.607704018319003225e-03 -5.999517235542151106e-03 -1.326062961399754325e-02
1.404729993829856305e-02 5.174384193243897201e-03 -4.281867558390106687e-03 -1.493981657315202050e-02
1.489863803125190955e-02 4.499412106641287323e-03 -3.812577118447846303e-03 -1.558547301944523955e-02
1.306336275590136431e-02 5.415588374844126918e-03 -6.832353234085264404e-03 -1.164659789666022682e-02
1.352379004778314631e-02 5.470914832804929517e-03 -4.048224014199020004e-03 -1.494648086638938889e-02
1.426710373947637223e-02 5.515184554252261506e-03 -6.453211220139420945e-03 -1.332907707358987892e-02
1.308162665957146586e-02 3.146904466776234699e-03 -3.217657494829384568e-03 -1.301087363151809395e-02
1.249390183117160547e-02 7.171159997340303960e-03 -4.542287602717687278e-03 -1.512277422579455521e-02
1.294177599996615413e-02 4.393179921007295263e-03 -4.464406394824038671e-03 -1.287054952614985481e-02
1.348837100506750097e-02 2.455409458542723300e-03 -3.769062510596610238e-03 -1.217471795301383608e-02
1.270086227148681246e-02 3.596868345039805348e-03 -4.607754093417626429e-03 -1.168997652310921342e-02
1.475646234982441740e-02 6.440279823175742990e-03 -5.270992234076232741e-03 -1.592574993892359458e-02
8.918744777139719915e-03 3.538063289500570363e-03 -2.056500353055601416e-03 -1.040030771358435580e-02
1.515498969139894569e-02 3.022340548516799785e-03 -4.163249194239160289e-03 -1.401408104567669621e-02
1.437238199548951378e-02 3.760632411178743695e-03 -4.681744828851863716e-03 -1.345126957781606070e-02
1.212406589289427572e-02 4.434717539484323012e-03 -4.854854984867595924e-03 -1.170392844751144690e-02
1.508289652373573375e-02 1.531660979409377177e-03 -3.506892142727258133e-03 -1.310766536041740871e-02
1.477803750738582167e-02 2.194159115899818602e-03 -3.839477852757178233e-03 -1.313271877052846204e-02
1.135714308435531450e-02 4.975892823098293505e-03 -4.604216485923795510e-03 -1.172881942152970147e-02
1.211924970039923721e-02 5.602267995366894127e-03 -3.587754065371151491e-03 -1.413376363039509087e-02
1.307994540217949364e-02 7.008151164565878943e-03 -4.206984115465162155e-03 -1.588111245128021043e-02
1.248410733139260209e-02 6.483407355411419104e-03 -4.683366455301540832e-03 -1.428414823150270241e-02
1.483064378045706455e-02 3.583015499452057995e-03 -5.582352924631828195e-03 -1.283130635527729435e-02
1.498189380458003761e-02 5.395445438763246671e-03 -6.215412752574200894e-03 -1.416192649076952748e-02
1.213650946778943585e-02 5.186929396657768976e-03 -5.248236324121524632e-03 -1.207520254032556917e-02
1.597774926573491960e-02 8.487761701147400473e-03 -4.468922616100323708e-03 -1.999658835078199637e-02
1.595930425664748853e-02 3.361070624281481400e-03 -6.337529848934653209e-03 -1.298284503199431672e-02
1.293071154438085735e-02 3.521599703346423027e-03 -3.635757737944222967e-03 -1.281655350978327945e-02
1.449883353776515449e-02 3.509317785093335473e-03 -4.818837992569213746e-03 -1.318931333028960928e-02
1.335221374829553831e-02 3.964162159485251635e-03 -4.759851920118518542e-03 -1.255652398766260447e-02
1.263587015749068065e-02 6.363739794605027811e-03 -6.950845787986770219e-03 -1.204876416410938234e-02
1.561364737165171768e-02 3.015328989807830595e-03 -4.814905488038978554e-03 -1.381407087342079176e-02
1.436088846540162223e-02 5.222148903475165582e-03 -6.852757472244119796e-03 -1.273027989663233495e-02
1.433367620007897081e-02 1.679702224033796654e-03 -4.478243813855087296e-03 -1.153513461025790221e-02
1.398541204636583046e-02 2.808181572715007235e-03 -3.414794116180730477e-03 -1.337879950290044029e-02
1.396537770830086345e-02 2.315184462513775188e-03 -4.933412272688397771e-03 -1.134714989812646291e-02
1.221618909256161345e-02 2.663020067032562110e-03 -3.447752304506224164e-03 -1.143145685508750731e-02
1.196614394943362747e-02 2.393501115916407684e-03 -3.886090391936547483e-03 -1.047355467341337665e-02
1.525768784343362050e-02 2.084188862445435220e-03 -3.372085121260415264e-03 -1.396979158461908455e-02
1.320808344698587433e-02 5.649874005740240790e-03 -6.608120845489340311e-03 -1.224983660723666379e-02
1.099646020513711520e-02 5.239502383435068467e-03 -5.571707471758169383e-03 -1.066425511681390326e-02
1.070454006522769674e-02 5.442863295468391982e-03 -3.202583324373731166e-03 -1.294482003632235756e-02
1.422073236479648450e-02 2.562823900423616408e-03 -5.083586653014560142e-03 -1.169996961220531873e-02
1.305555213434161921e-02 6.924209852765095263e-03 -4.428266922059331812e-03 -1.555149506504782675e-02
1.560752330260029019e-02 3.830755793655438168e-03 -5.229751195943266318e-03 -1.420852790031235102e-02
1.469149302449723749e-02 5.311663328351201585e-03 -4.683430994617432397e-03 -1.531972535823100667e-02
1.485176721933312294e-02 4.967437414544084717e-03 -3.556784821505343253e-03 -1.626241981237164236e-02
1.253616066513463245e-02 3.923964959021253307e-03 -3.500233282705211835e-03 -1.295989234145045188e-02
1.311364675215154207e-02 4.414522743649396119e-03 -6.702293089037358875e-03 -1.082587640676324625e-02
1.614925634321706660e-02 5.582604042569938585e-03 -5.408183623897167003e-03 -1.632367676188939409e-02
1.257999812029186870e-02 7.002083557218430343e-03 -5.927684520714904259e-03 -1.365439715679550581e-02
1.393295026334051556e-02 3.450639089500606715e-03 -4.963411171479470418e-03 -1.242017818136231799e-02
1.216663486144820006e-02 6.049878619836857041e-03 -6.141255369758180649e-03 -1.207525811152676543e-02
1.179889310707804562e-02 5.457168325497363526e-03 -2.809470047541506865e-03 -1.444659138503423534e-02
1.199231166881276067e-02 5.686826342296225079e-03 -2.712961307915318088e-03 -1.496617670319377869e-02
1.313503378973113200e-02 4.946726569658332906e-03 -3.967423119864310621e-03 -1.411433723952515429e-02
1.589362153847417858e-02 4.560642548536719687e-03 -5.824628343122695284e-03 -1.462963574388853605e-02
1.541984846692256994e-02 5.912817654320612348e-03 -6.701975766459478123e-03 -1.463069035478425928e-02
1.447079209513280063e-02 5.468614298952179098e-03 -4.691043501217295741e-03 -1.524836289286723989e-02
1.416616045794860668e-02 3.474885600376564909e-03 -3.626930637007030889e-03 -1.401411542131869581e-02
1.425913385242250087e-02 3.719454899600904696e-03 -4.858361781652664746e-03 -1.312022697037051877e-02
1.339965958707756144e-02 5.063847884010375111e-03 -5.490830373199417913e-03 -1.297267709788862966e-02
1.167143095387257468e-02 5.451439171614724799e-03 -3.981623530091793484e-03 -1.314124659539561701e-02
1.595786498794948827e-02 4.592270640800588666e-03 -6.119978430390693447e-03 -1.443015719835927246e-02
1.252640347985889413e-02 5.286557111935152875e-03 -4.789967916831949779e-03 -1.302299267496209723e-02
1.293937800515743142e-02 5.862435277639743703e-03 -4.014396432621136768e-04 -1.840037363953517247e-02
1.407924009963257284e-02 5.237781985585554523e-03 -5.111002295773880988e-03 -1.420601978944446842e-02
1.277577155752385174e-02 3.747092368108440041e-03 -3.189279485304230555e-03 -1.333358444032795020e-02
1.078950547946755378e-02 5.738217546325641294e-03 -5.614557628196736871e-03 -1.091316539759590309e-02
1.516378070723933824e-02 2.611166803935471847e-03 -1.455076479869976680e-03 -1.631987103130472239e-02
1.643241315357246712e-02 4.101139143592114067e-03 -5.253018501671369300e-03 -1.528053379549287882e-02
1.094610969597953343e-02 7.440172834983549421e-03 -5.783164150606867615e-03 -1.260311838035632626e-02
1.164187567013108549e-02 5.952518462206013439e-03 -4.133960246159085195e-03 -1.346043388617812475e-02
1.245443538543633544e-02 3.540748564721196701e-03 -3.967751445127398746e-03 -1.202743250503057748e-02
1.442333127562989148e-02 5.257008434579324430e-03 -4.827261311122210685e-03 -1.485307839908711625e-02
1.321703594515555302e-02 3.409944742713832966e-03 -1.543966019718512328e-03 -1.508301466815065162e-02
1.367639390421548917e-02 5.523823089404800157e-03 -4.954181281379699264e-03 -1.424603571224070109e-02
1.157842060592351174e-02 4.867447724784756957e-03 -4.357039271681850678e-03 -1.208882905902675109e-02
1.292175362777236991e-02 6.683031086269108911e-03 -4.243334409904653270e-03 -1.536145030413704760e-02
1.303805063628638017e-02 6.090888080828804618e-03 -4.606751798315822377e-03 -1.452218691879947343e-02
1.393636210985316204e-02 4.509399973700478625e-03 -4.050690191885086833e-03 -1.439507189166833179e-02
1.325327203249981878e-02 3.144749094269094769e-03 -3.927674722342566760e-03 -1.247034640442645781e-02
1.124427073186140547e-02 5.060611279799509532e-03 -4.730068289810263060e-03 -1.157481372185020785e-02
1.393524245839117270e-02 4.413036168189998776e-03 -3.369397164924903265e-03 -1.497888146165593515e-02
1.381773425120891297e-02 5.660795214145641907e-03 -7.835895366966716402e-03 -1.164263409838783847e-02
1.407444444867667066e-02 4.459583125580701690e-03 -4.186122814001103087e-03 -1.434790476025660233e-02
1.290653874020675218e-02 5.358215112982289696e-03 -4.538274133113917586e-03 -1.372647972007501327e-02
1.263199881075771636e-02 7.925607698011649660e-03 -5.714783204175510889e-03 -1.484282330459385513e-02
1.699835363687873802e-02 2.733082923345397930e-03 -3.636994608383514738e-03 -1.609444195184051019e-02
