5994.67 6.23247e-09 6406.12 2.91609e-09 -0.0050248 0.000551946 -8.38212e-07
5997.82 1.89651e-08 6309.15 9.01461e-09 -0.00511197 0.000576628 -8.52306e-07
6227.1 1.16769e-08 6641.24 5.47438e-09 -0.00572764 0.000667558 -9.19793e-07
5591.54 5.17187e-09 5904.31 2.44895e-09 -0.00476114 0.00062004 -8.51491e-07
6213.15 -8.31935e-09 6620.33 -3.90384e-09 -0.00613993 0.000717935 -9.88216e-07
5566.46 2.26573e-08 5993.06 1.05222e-08 -0.00484954 0.000644051 -8.71207e-07
6476.41 -3.50829e-09 6888.25 -1.64927e-09 -0.00619592 0.000792931 -9.56691e-07
5994.8 2.23197e-08 6402.62 1.0449e-08 -0.00553143 0.000787588 -9.22704e-07
5886.73 -1.54675e-09 6294.83 -7.23235e-10 -0.00551669 0.000709134 -9.3714e-07
5997.89 -8.03344e-09 6398.17 -3.76543e-09 -0.00607413 0.000929499 -1.01271e-06
5889.85 -1.48484e-09 6300.75 -6.94001e-10 -0.00557975 0.000817547 -9.4735e-07
5842.95 2.94553e-09 6255.64 1.37561e-09 -0.00615443 0.000823873 -1.05331e-06
6841.39 -1.22356e-09 7246.68 -5.77567e-10 -0.00647365 0.000859878 -9.46248e-07
6696 2.20747e-09 7008.9 1.05446e-09 -0.00549311 0.000757676 -8.20357e-07
6054.66 1.03945e-08 6465 4.86737e-09 -0.00648665 0.000752309 -1.07135e-06
6082.14 -2.81936e-09 6512.54 -1.31652e-09 -0.00512191 0.000748047 -8.42123e-07
6273.56 2.4752e-09 6686.36 1.1612e-09 -0.00632605 0.000700767 -1.00837e-06
6144.18 -6.55745e-10 6556.7 -3.07244e-10 -0.00517205 0.000684099 -8.41781e-07
6602.38 9.79977e-09 7010.22 4.61482e-09 -0.00535463 0.000654531 -8.11015e-07
6018 -5.97424e-11 6427.11 -2.79698e-11 -0.00457664 0.00077399 -7.60491e-07
6603.79 -7.73889e-09 6917.36 -3.69404e-09 -0.00612054 0.000758259 -9.26822e-07
5794.74 -1.84117e-09 6197.02 -8.60825e-10 -0.00516707 0.00058843 -8.91682e-07
6146.36 2.38569e-10 6564.1 1.11693e-10 -0.00556622 0.000755205 -9.05613e-07
5918.13 -4.72007e-09 6329.49 -2.20666e-09 -0.00524235 0.000740831 -8.85812e-07
6097.65 5.31239e-09 6407.29 2.52783e-09 -0.00577564 0.00077846 -9.47191e-07
6164.12 3.19297e-09 6564.09 1.49921e-09 -0.00486548 0.000843238 -7.89322e-07
6302.15 -5.93843e-09 6697.51 -2.79394e-09 -0.00558667 0.000763877 -8.86471e-07
5765.9 -1.43014e-08 6180.54 -6.67096e-09 -0.00571606 0.00103656 -9.91356e-07
6223.35 -5.25857e-09 6618.81 -2.47219e-09 -0.00652372 0.000734094 -1.04827e-06
6195.41 -4.98367e-10 6598.85 -2.33949e-10 -0.00544331 0.000767271 -8.78605e-07
5969.54 -6.00984e-09 6359.68 -2.82058e-09 -0.00588558 0.000698296 -9.85935e-07
5474.73 5.02598e-09 5853.99 2.35019e-09 -0.00508339 0.000847882 -9.28519e-07
5638.84 8.69846e-09 6026.24 4.06964e-09 -0.00532814 0.00061199 -9.449e-07
5198.9 -1.643e-08 5590.73 -7.63926e-09 -0.00558638 0.00085099 -1.07453e-06
5432.88 -2.42811e-09 5816.47 -1.13399e-09 -0.00527899 0.00078278 -9.71676e-07
5547.45 2.07426e-09 5839.25 9.85303e-10 -0.0052787 0.000713631 -9.51555e-07
5693.08 -1.19679e-09 5976.46 -5.70022e-10 -0.00562547 0.00108504 -9.88124e-07
6348.43 -1.23095e-09 6738.91 -5.79814e-10 -0.00534981 0.000861615 -8.42698e-07
6042.44 -8.3434e-09 6416.57 -3.92847e-09 -0.00577413 0.000727931 -9.55595e-07
5796.79 -6.78191e-09 6192.42 -3.1743e-09 -0.00472292 0.000644636 -8.14748e-07
5969.22 8.91358e-09 6374.34 4.17353e-09 -0.00373191 0.000577966 -6.25192e-07
5306.27 1.50236e-09 5694.88 6.99922e-10 -0.00475944 0.000676141 -8.96946e-07
5971.4 6.65388e-10 6357.81 3.12474e-10 -0.00457414 0.000640925 -7.66008e-07
5426.08 -1.39695e-08 5801.13 -6.5332e-09 -0.00592707 0.000714705 -1.09233e-06
5806.29 -2.06272e-10 6179.3 -9.691e-11 -0.00507675 0.000789896 -8.74354e-07
5557.3 -5.72078e-09 5937.61 -2.67718e-09 -0.00608922 0.000824215 -1.09571e-06
5767.04 5.0033e-09 6156.4 2.34343e-09 -0.00508671 0.00085481 -8.82032e-07
5216.34 -1.51288e-08 5594.86 -7.05264e-09 -0.00503667 0.000640721 -9.65557e-07
5631.71 6.9931e-09 6015.83 3.27329e-09 -0.00649752 0.000792006 -1.15374e-06
5928.87 1.0046e-08 6304.26 4.72389e-09 -0.00593477 0.000777178 -1.001e-06
5513.51 6.82878e-10 5894.03 3.19396e-10 -0.00465589 0.000770623 -8.44451e-07
5599.69 3.67221e-10 5983.57 1.71831e-10 -0.00563004 0.000652187 -1.00542e-06
6047.13 -2.37808e-09 6428.09 -1.11857e-09 -0.00656243 0.000813553 -1.08521e-06
5659.75 2.12497e-09 6047.96 9.94284e-10 -0.0056738 0.000721329 -1.00248e-06
5666.51 2.07831e-09 6046.68 9.73819e-10 -0.00499303 0.000770513 -8.81148e-07
5498.63 -1.14739e-09 5895.12 -5.3511e-10 -0.00492536 0.000599586 -8.95744e-07
5486.29 -3.41088e-10 5872.17 -1.59337e-10 -0.00551772 0.000883994 -1.00573e-06
5561.92 4.02449e-09 5959.81 1.8779e-09 -0.00395213 0.000583551 -7.1057e-07
5148.29 -4.2026e-09 5530.86 -1.95595e-09 -0.00538366 0.000765521 -1.04572e-06
6243.74 -4.14308e-09 6614.47 -1.95543e-09 -0.00681345 0.000779474 -1.09124e-06
5693.35 1.8755e-08 6089.68 8.76719e-09 -0.00462491 0.000646374 -8.12335e-07
5770.51 1.446e-08 6167.3 6.76484e-09 -0.00519586 0.000821406 -9.00416e-07
5347.55 7.58234e-09 5729.87 3.5382e-09 -0.00561268 0.000852957 -1.04958e-06
6091.47 -4.56551e-09 6494.93 -2.14095e-09 -0.00511109 0.000845113 -8.39058e-07
5441.88 7.73879e-09 5828.21 3.61291e-09 -0.00592541 0.00071522 -1.08885e-06
5855.56 7.21102e-09 6258.73 3.37326e-09 -0.00505822 0.000590512 -8.63832e-07
5384.05 -1.88549e-09 5761.62 -8.80966e-10 -0.00564408 0.000687847 -1.0483e-06
5409.83 1.5535e-08 5798.84 7.24644e-09 -0.00627754 0.00082152 -1.16039e-06
6034.76 -5.92281e-09 6412.42 -2.78699e-09 -0.00603519 0.000732956 -1.00007e-06
6175.24 8.87037e-09 6564 4.1725e-09 -0.00471909 0.000769202 -7.64196e-07
5889.32 -1.36817e-08 6277.6 -6.41773e-09 -0.0051252 0.000710248 -8.70254e-07
6072.24 3.48688e-09 6462.67 1.63812e-09 -0.006223 0.000756621 -1.02483e-06
5985.72 -3.78776e-09 6361.34 -1.78205e-09 -0.00598691 0.000730557 -1.0002e-06
5933.9 -4.75631e-09 6320.91 -2.23255e-09 -0.006133 0.000849907 -1.03355e-06
5511.47 -6.34938e-09 5907.91 -2.96166e-09 -0.00586196 0.000787061 -1.06359e-06
6400.89 -1.42569e-09 6782.64 -6.72724e-10 -0.00643606 0.000748765 -1.00549e-06
5420.49 4.91288e-09 5837.54 2.28095e-09 -0.0056033 0.00064497 -1.03372e-06
5723.96 1.14682e-08 6132.16 5.35238e-09 -0.00498275 0.000764968 -8.70508e-07
5806.08 -4.27686e-09 6191.92 -2.00518e-09 -0.00489345 0.000633216 -8.42815e-07
6201.33 -5.75623e-09 6591 -2.70796e-09 -0.00544756 0.000670315 -8.7845e-07
5791.16 -2.57517e-09 6183.89 -1.20581e-09 -0.00562282 0.000622718 -9.70932e-07
5981.32 -4.10057e-09 6370.26 -1.9251e-09 -0.00674307 0.000754682 -1.12736e-06
5777.72 -8.72313e-09 6172.27 -4.08276e-09 -0.00659364 0.00101886 -1.14122e-06
5417.25 -1.16048e-08 5804.52 -5.41525e-09 -0.00553143 0.000859566 -1.02108e-06
5362.87 4.73437e-09 5762.97 2.20284e-09 -0.00502812 0.000647162 -9.37582e-07
5900.32 6.75074e-09 6317.43 3.15251e-09 -0.00527228 0.000682697 -8.93558e-07
5605.8 1.01445e-08 5997.43 4.74102e-09 -0.00432054 0.000807117 -7.70726e-07
5852.25 9.03546e-09 6245.22 4.23346e-09 -0.00521593 0.000669722 -8.91269e-07
5746.09 9.79654e-09 6124 4.596e-09 -0.00592138 0.000668916 -1.03051e-06
5868.67 5.61729e-09 6270.51 2.62865e-09 -0.00461565 0.000782689 -7.86489e-07
5250.01 -5.20623e-09 5643.42 -2.42165e-09 -0.00512219 0.000798234 -9.75652e-07
6019.33 4.15422e-09 6405.29 1.95195e-09 -0.00567714 0.000755121 -9.43151e-07
6280.38 6.33875e-09 6681.45 2.97913e-09 -0.00532111 0.000696765 -8.47259e-07
5310.53 2.20602e-09 5698.63 1.02789e-09 -0.00531027 0.000585399 -9.99951e-07
5825.8 -8.51795e-09 6205.76 -3.99821e-09 -0.00519326 0.000832541 -8.91424e-07
5338.2 -1.56066e-08 5722.47 -7.27929e-09 -0.00569493 0.000755634 -1.06683e-06
5796.22 2.839e-09 6199.26 1.32721e-09 -0.00474906 0.000617904 -8.19337e-07
5709.8 -1.00865e-08 6108.07 -4.71442e-09 -0.006214 0.000842546 -1.0883e-06
6011.33 7.59903e-09 6403.47 3.56684e-09 -0.00526693 0.00071852 -8.76166e-07
6100.33 -1.34638e-09 6495.28 -6.32259e-10 -0.00565603 0.000814733 -9.27167e-07
6221.35 6.91101e-09 6620.77 3.24704e-09 -0.00506055 0.000725184 -8.13417e-07
5506.91 3.99553e-09 5887.18 1.86872e-09 -0.00579697 0.000730901 -1.05267e-06
6260.21 1.79731e-10 6642.73 8.46908e-11 -0.00554387 0.000714535 -8.85572e-07
5830.76 -2.74406e-09 6230.11 -1.28408e-09 -0.00492545 0.000692815 -8.44735e-07
6006.6 3.1741e-11 6385.86 1.49279e-11 -0.00558948 0.000793351 -9.30557e-07
5620.82 -1.59371e-08 5913.21 -7.57452e-09 -0.0059557 0.000816385 -1.05958e-06
5758.92 1.72319e-09 6162.74 8.0514e-10 -0.00553077 0.000693073 -9.60384e-07
6069.23 -9.72055e-09 6464.49 -4.5631e-09 -0.00582799 0.00074959 -9.60251e-07
5886.91 -5.6947e-09 6286.52 -2.66635e-09 -0.0050531 0.000554971 -8.58362e-07
5821.37 1.71292e-09 6231.55 8.00087e-10 -0.00581507 0.000765757 -9.98918e-07
6077.35 1.04936e-08 6486.34 4.91596e-09 -0.00624339 0.000744527 -1.02732e-06
5788.89 -8.76329e-10 6178.98 -4.10503e-10 -0.00680301 0.000786905 -1.17518e-06
5767.26 -1.71639e-09 6146.47 -8.05248e-10 -0.00531943 0.000687672 -9.2235e-07
5848.39 -3.67884e-09 6254.17 -1.72007e-09 -0.00506644 0.000599599 -8.66297e-07
5783.23 1.22217e-08 6172.55 5.72542e-09 -0.00612813 0.000827753 -1.05964e-06
6566.51 3.43049e-10 6961.05 1.61803e-10 -0.00572079 0.000734066 -8.71207e-07
5573.21 3.40808e-09 5989.86 1.58551e-09 -0.00426823 0.000478687 -7.65847e-07
5773.48 -1.73499e-08 6161.64 -8.12843e-09 -0.00506725 0.000654484 -8.77676e-07
6457.34 -3.39286e-10 6843.43 -1.60072e-10 -0.00624616 0.000798291 -9.67295e-07
6481.99 5.18913e-09 6898.4 2.43795e-09 -0.00509939 0.000767063 -7.86701e-07
6156.72 3.63001e-09 6563.51 1.70251e-09 -0.00491423 0.000605738 -7.98189e-07
6047.48 -1.43302e-08 6445.52 -6.72262e-09 -0.00588552 0.000703295 -9.73218e-07
5959.5 6.17562e-10 6348.97 2.89839e-10 -0.00547479 0.000749069 -9.18666e-07
6214.33 -1.09814e-08 6625.62 -5.14987e-09 -0.00576321 0.000702963 -9.27406e-07
5965.73 1.7239e-09 6363.33 8.08096e-10 -0.00553276 0.000785468 -9.27423e-07
5621.89 -1.1428e-08 6009.52 -5.34542e-09 -0.00673017 0.00087717 -1.19714e-06
6134.03 1.60158e-08 6564.23 7.4831e-09 -0.00530718 0.00059621 -8.65203e-07
5818.07 1.22423e-08 6219.59 5.726e-09 -0.00566173 0.000743098 -9.73128e-07
5590.12 -5.55354e-09 5985.84 -2.5932e-09 -0.00603754 0.000848772 -1.08004e-06
5873.48 -5.22192e-11 6281.76 -2.44126e-11 -0.00541377 0.000689227 -9.21731e-07
6226.91 6.33553e-10 6651.04 2.96576e-10 -0.00626815 0.000854407 -1.00662e-06
6189.19 -2.55629e-09 6632.06 -1.19279e-09 -0.00470987 0.000721859 -7.60984e-07
6607.52 2.26035e-09 7040.71 1.06064e-09 -0.00577327 0.00076574 -8.73742e-07
6519.83 8.55356e-09 6953.91 4.00981e-09 -0.00552405 0.000731967 -8.4727e-07
6137.28 1.23114e-08 6571.51 5.74895e-09 -0.00609224 0.000706817 -9.92661e-07
6382.56 3.34247e-09 6815.7 1.56503e-09 -0.00598963 0.000777679 -9.38437e-07
6770.67 6.4966e-09 7214.58 3.04843e-09 -0.00533277 0.000622643 -7.87628e-07
6407.17 1.09488e-09 6863.12 5.11071e-10 -0.00604583 0.00068246 -9.43603e-07
6408 -1.6857e-08 6860.31 -7.87279e-09 -0.00551713 0.000800254 -8.60976e-07
6391.55 -8.57383e-10 6850.78 -3.99955e-10 -0.00607285 0.000812151 -9.50138e-07
6327.53 1.08153e-08 6776.58 5.0493e-09 -0.00591764 0.000892362 -9.35221e-07
6255.26 4.51755e-10 6674.24 2.11698e-10 -0.00619976 0.000702751 -9.91127e-07
6183.77 -1.81545e-09 6603.54 -8.50024e-10 -0.00622269 0.000798317 -1.00629e-06
6147.04 3.10985e-09 6566.92 1.4555e-09 -0.00584792 0.000966864 -9.5134e-07
6392.75 2.85825e-09 6805.83 1.34238e-09 -0.006176 0.000737563 -9.66094e-07
6673.77 -2.25154e-09 7099.68 -1.05824e-09 -0.00367941 0.000439406 -5.51324e-07
6316.56 3.92722e-09 6740.75 1.84004e-09 -0.00647084 0.000881754 -1.02442e-06
6243.22 5.73395e-09 6679.4 2.67976e-09 -0.00686332 0.000802033 -1.09932e-06
6580.83 -4.25222e-09 6996.18 -1.99989e-09 -0.00652052 0.000891261 -9.90834e-07
6376.93 -6.36659e-09 6792.17 -2.98868e-09 -0.00558656 0.000719039 -8.76057e-07
5955.6 1.53023e-09 6368.79 7.15478e-10 -0.00567311 0.000761957 -9.52567e-07
6049.03 -1.74671e-08 6471.55 -8.16333e-09 -0.0046113 0.000781129 -7.62321e-07
6149.72 2.41717e-09 6569.77 1.13131e-09 -0.00624503 0.000934204 -1.0155e-06
6353.84 1.07768e-09 6796.32 5.03757e-10 -0.00647815 0.000737299 -1.01956e-06
5658.96 -2.06386e-08 6081.25 -9.6027e-09 -0.00551527 0.000799483 -9.74609e-07
6298.97 2.78121e-09 6735.18 1.30054e-09 -0.00607895 0.000800386 -9.6507e-07
6575.3 -5.12685e-09 7003.18 -2.40681e-09 -0.00168693 0.000263515 -2.56555e-07
6201.03 -1.2833e-08 6629.13 -6.00215e-09 -0.00576356 0.000764119 -9.29452e-07
5463.79 1.74531e-08 5899.73 8.08174e-09 -0.00535535 0.000781406 -9.80152e-07
6018.81 5.81041e-09 6431.17 2.71893e-09 -0.00540498 0.00084062 -8.98015e-07
6641.89 -2.04717e-09 7066.34 -9.62104e-10 -0.00603527 0.000751126 -9.08667e-07
6182.14 1.07926e-08 6604.15 5.05147e-09 -0.0060059 0.000742175 -9.71491e-07
6154.02 -8.05553e-09 6581.52 -3.76614e-09 -0.00613743 0.000880332 -9.97304e-07
6120.35 6.26371e-09 6528.27 2.93616e-09 -0.00575724 0.000731338 -9.40672e-07
6534.13 -1.3289e-09 6946.9 -6.24967e-10 -0.00599155 0.000772801 -9.16963e-07
6319.75 5.74878e-09 6730.73 2.69888e-09 -0.00613675 0.000758599 -9.71043e-07
6491.06 2.67458e-09 6910.36 1.25615e-09 -0.0058413 0.000665283 -8.99899e-07
6455.18 -1.06737e-08 6889.44 -5.00046e-09 -0.00507422 0.000807907 -7.8607e-07
6022.44 -2.65557e-09 6445.57 -1.24062e-09 -0.00544686 0.000876995 -9.04427e-07
6368.49 -5.93867e-09 6792.48 -2.78399e-09 -0.00481549 0.000851059 -7.56142e-07
6292.63 1.13952e-08 6723.7 5.33234e-09 -0.00522118 0.000707711 -8.2973e-07
6044.93 -4.67498e-10 6464.23 -2.18587e-10 -0.00505843 0.000856165 -8.36806e-07
6529.38 2.18239e-09 6948.77 1.02534e-09 -0.00430167 0.000665945 -6.58818e-07
6233.92 -6.91945e-09 6657.14 -3.23978e-09 -0.00661535 0.000874751 -1.06119e-06
6313.49 -9.58449e-09 6715.24 -4.50554e-09 -0.00705638 0.000812685 -1.11767e-06
6072.99 -1.18478e-10 6474.65 -5.55638e-11 -0.00582586 0.0008102 -9.59306e-07
6086.6 2.65569e-09 6527.97 1.23806e-09 -0.00476639 0.000659292 -7.83096e-07
6300.89 -7.55067e-09 6720.36 -3.53969e-09 -0.00614717 0.000940406 -9.75605e-07
6292.79 -9.20346e-11 6712.1 -4.31426e-11 -0.00533992 0.000757361 -8.48578e-07
6567.72 -4.74732e-09 6982.16 -2.23277e-09 -0.00592785 0.000801639 -9.02574e-07
5970.88 8.56673e-09 6394.23 3.99977e-09 -0.00610013 0.000736098 -1.02165e-06
5816.58 6.35451e-09 6232.2 2.96537e-09 -0.0055733 0.000895639 -9.58174e-07
6504.42 2.0345e-10 6911.27 9.57366e-11 -0.00504478 0.000707567 -7.75592e-07
6450.94 -7.36519e-09 6879.51 -3.45318e-09 -0.00632965 0.000818008 -9.81198e-07
6371.83 6.97667e-09 6780.88 3.27791e-09 -0.00504784 0.000791541 -7.92212e-07
5810.71 -7.70297e-09 6238.16 -3.58758e-09 -0.00566153 0.000760415 -9.74327e-07
6674.81 8.86401e-09 7097.86 4.16785e-09 -0.0053005 0.000774904 -7.94106e-07
5950.13 -8.47665e-09 6389.29 -3.94701e-09 -0.0062757 0.000825149 -1.05472e-06
6084.24 -1.05103e-08 6528.9 -4.89723e-09 -0.00605616 0.000781872 -9.95385e-07
6447.5 -1.68438e-09 6862.3 -7.91284e-10 -0.00660225 0.000789187 -1.024e-06
6189.72 6.35042e-09 6633.64 2.96272e-09 -0.00576506 0.000862244 -9.31392e-07
6320.34 6.19405e-09 6744.34 2.90233e-09 -0.00549149 0.000770645 -8.68859e-07
6592.19 9.77196e-09 7028.3 4.5828e-09 -0.00486912 0.000823761 -7.38619e-07
6282.69 7.47806e-09 6708.83 3.50153e-09 -0.00636395 0.000767248 -1.01293e-06
6039.4 2.8937e-09 6473.31 1.34987e-09 -0.00667763 0.000910885 -1.10568e-06
6478.12 6.28188e-09 6909.5 2.94485e-09 -0.00631324 0.000818892 -9.74547e-07
6654.24 -1.04074e-08 7086.28 -4.88642e-09 -0.00622766 0.000779151 -9.35894e-07
6384.96 -1.92616e-09 6813.35 -9.02525e-10 -0.00485192 0.000756967 -7.59898e-07
6510.8 -8.26423e-09 6942.84 -3.87498e-09 -0.00626734 0.000805327 -9.62608e-07
6023.29 4.38825e-09 6444.72 2.05065e-09 -0.00637922 0.000825784 -1.05909e-06
6415.71 2.58515e-10 6848.33 1.21092e-10 -0.00501612 0.000655327 -7.8185e-07
5691.88 1.10522e-08 6115.38 5.14339e-09 -0.00508181 0.000667135 -8.92818e-07
6449.61 -5.71679e-10 6883.46 -2.67824e-10 -0.00596758 0.00075365 -9.25262e-07
6231.32 5.98381e-09 6657.33 2.80045e-09 -0.00589604 0.000769045 -9.46196e-07
5900.59 2.38044e-09 6315.06 1.1121e-09 -0.00546582 0.000740226 -9.26318e-07
5694.05 -3.13897e-09 6079.37 -1.47001e-09 -0.00581226 0.000703085 -1.02076e-06
5864.52 2.68739e-09 6261.44 1.25852e-09 -0.00585251 0.000846932 -9.97951e-07
6374.17 -6.05271e-09 6780.14 -2.84514e-09 -0.00517858 0.000654675 -8.12432e-07
5752.51 -8.3689e-09 6129.37 -3.92718e-09 -0.00564451 0.000726396 -9.81225e-07
6004.74 8.4443e-09 6388.87 3.96829e-09 -0.00620429 0.000769236 -1.03323e-06
5974.26 -1.02216e-08 6355.05 -4.80457e-09 -0.00661749 0.000733419 -1.10767e-06
5597.21 -5.03956e-09 5981.26 -2.35799e-09 -0.00507271 0.000581905 -9.06292e-07
5776.57 1.54545e-09 6159.79 7.24652e-10 -0.00617803 0.000864326 -1.0695e-06
5995.69 -4.86637e-10 6390.3 -2.28294e-10 -0.00611847 0.000799534 -1.02048e-06
5881.21 9.51282e-09 6247.63 4.47745e-09 -0.00628273 0.000741782 -1.06827e-06
6082.72 -7.95078e-09 6463.8 -3.74102e-09 -0.00672435 0.000958254 -1.10548e-06
5269.49 6.19232e-09 5646.92 2.88922e-09 -0.00608767 0.00067576 -1.15527e-06
6158.2 -1.15144e-09 6541.62 -5.41974e-10 -0.00612624 0.000969327 -9.9481e-07
5708.38 9.77112e-09 6102.83 4.56979e-09 -0.00528119 0.000674843 -9.25165e-07
5901.15 6.97477e-09 6291.95 3.27078e-09 -0.00536086 0.000647981 -9.08444e-07
5878.45 2.43177e-10 6273.45 1.13933e-10 -0.0055627 0.000682566 -9.46287e-07
5890.66 -3.68747e-09 6276.09 -1.73051e-09 -0.00584597 0.000884251 -9.92413e-07
5742.77 -1.30282e-08 6114.77 -6.11782e-09 -0.00618925 0.000948107 -1.07775e-06
5932.79 -1.52392e-09 6337.91 -7.13254e-10 -0.00537078 0.00071872 -9.05271e-07
5791.23 1.00168e-09 6192.03 4.68424e-10 -0.00528558 0.00080689 -9.12687e-07
6142.82 -1.48284e-08 6529.96 -6.97464e-09 -0.0061178 0.00099551 -9.95926e-07
5944.73 9.57079e-09 6325.13 4.49759e-09 -0.00565226 0.000723968 -9.50802e-07
6102.39 -1.45003e-08 6484.24 -6.82317e-09 -0.00565673 0.000688401 -9.26969e-07
5608.89 -1.16797e-09 5985.71 -5.47222e-10 -0.00556783 0.000779101 -9.92679e-07
5780.34 -3.22316e-09 6181.29 -1.50704e-09 -0.00451951 0.000813081 -7.81875e-07
6175.72 -2.62979e-09 6538.56 -1.24193e-09 -0.00576276 0.000865243 -9.33132e-07
6031.66 -5.70418e-09 6427.6 -2.6764e-09 -0.00483262 0.000700261 -8.01209e-07
5419.27 -1.34131e-09 5813.65 -6.25159e-10 -0.00564371 0.00103049 -1.04142e-06
5159.27 -2.64704e-08 5551.68 -1.22997e-08 -0.00483288 0.000743778 -9.36738e-07
5585.04 1.56796e-09 5982.18 7.31933e-10 -0.00519379 0.000731253 -9.29948e-07
5846.79 6.70572e-09 6240.45 3.14136e-09 -0.00579028 0.000725401 -9.90336e-07
6197.74 -4.38802e-09 6579.22 -2.06679e-09 -0.00589447 0.000687197 -9.51067e-07
5812.7 6.93418e-09 6197.43 3.25185e-09 -0.00628484 0.000680272 -1.08123e-06
5931.92 4.45037e-09 6307.14 2.09281e-09 -0.00555702 0.000806176 -9.36798e-07
5570.05 -3.42182e-09 5945.62 -1.60284e-09 -0.00618317 0.000850563 -1.11007e-06
5478.73 -6.34757e-09 5845.25 -2.97478e-09 -0.00603893 0.00101 -1.10225e-06
5622.64 -2.80081e-09 6002.3 -1.31183e-09 -0.00543128 0.000763247 -9.65965e-07
5470.78 5.82109e-09 5852.97 2.72049e-09 -0.00574306 0.000727371 -1.04977e-06
5757.31 -6.41681e-10 6144.61 -3.00618e-10 -0.00515707 0.0006906 -8.95743e-07
5575.39 2.93645e-09 5961.33 1.37317e-09 -0.00572938 0.000914013 -1.02762e-06
5878.18 5.41772e-09 6259.56 2.54382e-09 -0.00499103 0.00068848 -8.49077e-07
5778.95 -1.52557e-09 6171.16 -7.14307e-10 -0.00517126 0.000671784 -8.94845e-07
5499.94 1.66322e-08 5880.03 7.77856e-09 -0.004877 0.000610306 -8.86737e-07
6051.95 -4.31061e-09 6446.78 -2.0233e-09 -0.00546664 0.000687865 -9.03286e-07
5557.05 3.24408e-09 5929.33 1.5202e-09 -0.0062278 0.000695449 -1.1207e-06
5584.33 -8.27931e-10 5964.19 -3.876e-10 -0.00550872 0.000839015 -9.86461e-07
6362.56 1.18651e-10 6748.15 5.59357e-11 -0.00495283 0.000822414 -7.78434e-07
5987.75 -1.47413e-08 6371.11 -6.92712e-09 -0.00544261 0.00103034 -9.08958e-07
5835.53 -1.47647e-08 6217.67 -6.92864e-09 -0.00731285 0.00089418 -1.25316e-06
5634.45 -2.56957e-09 6012.78 -1.20394e-09 -0.00509609 0.000663658 -9.04453e-07
6038.97 4.39925e-09 6406.87 2.07331e-09 -0.00561338 0.000669801 -9.29527e-07
5313.83 3.02467e-11 5702.62 1.40923e-11 -0.00630947 0.00071935 -1.18737e-06
5917.77 2.15083e-09 6283.54 1.01281e-09 -0.00478155 0.000652512 -8.07999e-07
5505.69 1.66712e-10 5874.99 7.8116e-11 -0.00523715 0.000792615 -9.51226e-07
6044.93 -1.53525e-09 6416.82 -7.23135e-10 -0.00538221 0.000912163 -8.90369e-07
5745.66 7.28841e-09 6129.28 3.41612e-09 -0.00430917 0.000643682 -7.49988e-07
6073.41 -1.25801e-09 6455.4 -5.91783e-10 -0.00555226 0.000782171 -9.14191e-07
5649.49 -2.02821e-09 6040.18 -9.48509e-10 -0.00459535 0.000787934 -8.1341e-07
5745.07 -8.05666e-09 6124.85 -3.77855e-09 -0.00658691 0.000789421 -1.14653e-06
4475.21 -9.97388e-09 4822.83 -4.62749e-09 -0.00595957 0.000836681 -1.33168e-06
5298.05 4.10639e-09 5673.94 1.91718e-09 -0.00581206 0.000878239 -1.09702e-06
6163.55 -6.71893e-09 6522.42 -3.17462e-09 -0.00559203 0.000761137 -9.07275e-07
5747.23 -4.20522e-09 6103.58 -1.97985e-09 -0.00562152 0.000716586 -9.78127e-07
5528.33 6.39222e-09 5897.71 2.99593e-09 -0.00408515 0.000833498 -7.38949e-07
5699.6 2.54816e-09 6057.95 1.19871e-09 -0.00498201 0.00071049 -8.74099e-07
5176.89 -1.58972e-08 5543.73 -7.42263e-09 -0.00511288 0.000636743 -9.87636e-07
5430.58 -3.4473e-09 5787.19 -1.61744e-09 -0.00642557 0.000870483 -1.18322e-06
5366.84 8.42768e-10 5729.11 3.94738e-10 -0.00512129 0.000762783 -9.54248e-07
5214.59 -3.51668e-09 5569.82 -1.6462e-09 -0.00532994 0.000845556 -1.02212e-06
5742.59 -4.61875e-09 6114.15 -2.16903e-09 -0.00547977 0.000790271 -9.54232e-07
5220.51 2.70811e-09 5583.65 1.26599e-09 -0.00651926 0.000854399 -1.24878e-06
5167.97 2.05652e-08 5539.89 9.59226e-09 -0.00631938 0.000748431 -1.2228e-06
5953.03 9.75145e-09 6312.1 4.59837e-09 -0.00541939 0.000722067 -9.10359e-07
4704.06 -9.73895e-09 5067.52 -4.52022e-09 -0.00571806 0.000688523 -1.21556e-06
5717.58 4.92495e-09 6080.82 2.31538e-09 -0.00411439 0.000570735 -7.19603e-07
5648.26 5.87718e-09 6013.1 2.76029e-09 -0.00562616 0.000680058 -9.96087e-07
4981.11 1.26699e-08 5346.11 5.90244e-09 -0.0055779 0.000940882 -1.11981e-06
5344.73 -1.94142e-09 5720.14 -9.07005e-10 -0.00601801 0.000860456 -1.12597e-06
4723.94 -1.34651e-08 5092.05 -6.24583e-09 -0.00644347 0.000788589 -1.364e-06
5461.13 6.23938e-09 5815.04 2.92982e-09 -0.00502983 0.000725279 -9.21024e-07
5379.79 9.83155e-09 5727.49 4.61735e-09 -0.00601709 0.00078702 -1.11846e-06
5167.92 9.19527e-10 5504.35 4.31662e-10 -0.00632454 0.000926891 -1.22381e-06
5429.72 5.0066e-09 5802.63 2.34242e-09 -0.0053895 0.000796458 -9.92594e-07
5133.6 -1.46062e-08 5507.58 -6.80723e-09 -0.00481538 0.000602887 -9.38011e-07
5756.52 3.61806e-09 6126.54 1.69977e-09 -0.00491985 0.000690082 -8.54657e-07
5760.75 1.16114e-09 6103.75 5.47947e-10 -0.00668836 0.000935087 -1.16102e-06
5831.23 -3.57124e-09 6199.53 -1.67954e-09 -0.00542169 0.00072026 -9.29767e-07
5270.51 3.82454e-09 5643.25 1.78596e-09 -0.00566986 0.000701861 -1.07577e-06
5335.49 -4.95427e-09 5697.86 -2.31959e-09 -0.0042444 0.000811544 -7.95503e-07
6220.59 3.9689e-09 6614.85 1.86618e-09 -0.00468269 0.000590585 -7.52772e-07
6089.44 -1.26349e-08 6486.89 -5.93039e-09 -0.00567049 0.00075535 -9.31201e-07
6127.93 -4.98863e-09 6517.02 -2.3454e-09 -0.00593581 0.000758455 -9.68648e-07
5530.77 7.51186e-09 5933.25 3.50114e-09 -0.00480607 0.000749542 -8.6897e-07
5774.7 -5.43277e-09 6175.12 -2.54025e-09 -0.00574728 0.000713106 -9.95251e-07
5838.84 1.11649e-08 6259.4 5.20739e-09 -0.00544153 0.000663665 -9.31953e-07
5913.85 -5.24978e-09 6318.96 -2.45661e-09 -0.0053414 0.00065747 -9.032e-07
6177.35 2.84326e-09 6571.86 1.33629e-09 -0.00565287 0.000658001 -9.15097e-07
5654.27 -3.94227e-09 6070.94 -1.83585e-09 -0.00512828 0.000641103 -9.06976e-07
5787.28 -8.13593e-09 6175.24 -3.81239e-09 -0.00555684 0.000896404 -9.60182e-07
5617.09 -7.44581e-09 6006.39 -3.48161e-09 -0.00636177 0.000888959 -1.13257e-06
5702.81 2.51226e-09 6087.77 1.1767e-09 -0.00523195 0.000815247 -9.17434e-07
5778.56 -1.2019e-09 6190.18 -5.60992e-10 -0.00522765 0.0006544 -9.04662e-07
6159.41 -1.87021e-09 6557.15 -8.78384e-10 -0.0055105 0.000744038 -8.94648e-07
5851.89 -5.52268e-09 6243.05 -2.58833e-09 -0.00582051 0.00068751 -9.94637e-07
5561.12 -1.91493e-09 5959.31 -8.93488e-10 -0.00566724 0.000830346 -1.01908e-06
5823.54 -1.91899e-08 6227.34 -8.97278e-09 -0.0052321 0.000773635 -8.98439e-07
5633.02 3.53047e-09 6041.03 1.64601e-09 -0.00498503 0.000820857 -8.84966e-07
5867.36 -1.24834e-08 6259.01 -5.85112e-09 -0.00542291 0.000883601 -9.2425e-07
5678.34 -4.32369e-09 6089.09 -2.01602e-09 -0.00528816 0.000643827 -9.31286e-07
6138.5 2.11518e-09 6536 9.9327e-10 -0.00560528 0.000867788 -9.13135e-07
6435.25 1.26193e-08 6834.03 5.94146e-09 -0.00582268 0.000875492 -9.0481e-07
6149.33 3.92619e-09 6551.34 1.84263e-09 -0.00635656 0.000751344 -1.0337e-06
5870.27 -5.33312e-09 6261.39 -2.49999e-09 -0.0062639 0.000711058 -1.06705e-06
5601.94 -8.99315e-09 6003.66 -4.1957e-09 -0.00533149 0.000573368 -9.5172e-07
5958.34 7.82742e-09 6378.39 3.65597e-09 -0.00550664 0.000656571 -9.24191e-07
6173 1.19481e-08 6560.76 5.62099e-09 -0.00507773 0.000777156 -8.2257e-07
5513.18 -3.23374e-09 5884.25 -1.51491e-09 -0.00644164 0.000770158 -1.16841e-06
5714.15 -1.0249e-08 6113.81 -4.78953e-09 -0.00453185 0.000674761 -7.93092e-07
5648.54 -1.29582e-08 6034.09 -6.06513e-09 -0.00389236 0.000672901 -6.89092e-07
5502.03 1.60264e-09 5885.93 7.49057e-10 -0.00475514 0.000600188 -8.64251e-07
6114.84 6.51963e-09 6497.71 3.06773e-09 -0.00514753 0.000781916 -8.4181e-07
5499.07 -1.32488e-08 5868.06 -6.20783e-09 -0.00538336 0.000722462 -9.78958e-07
5705.47 -8.49577e-09 6085.16 -3.98283e-09 -0.00569304 0.000774578 -9.97821e-07
5887.56 -1.91887e-10 6261.29 -9.02166e-11 -0.00616076 0.000778577 -1.0464e-06
5536.96 -8.68079e-09 5931.94 -4.05139e-09 -0.00485557 0.000687778 -8.76938e-07
5881.47 7.96233e-09 6248.11 3.74755e-09 -0.00542834 0.000761371 -9.22956e-07
5845.24 -1.86104e-08 6229.06 -8.73186e-09 -0.00591043 0.00083247 -1.01115e-06
5398.69 -3.76689e-09 5783.7 -1.75807e-09 -0.00588842 0.000813223 -1.09071e-06
6328.23 -4.33588e-09 6695.75 -2.04894e-09 -0.0047495 0.0007929 -7.50525e-07
5860.4 1.74593e-09 6250.76 8.18447e-10 -0.00469281 0.000604794 -8.00766e-07
5768.42 -6.23082e-09 6146.71 -2.92368e-09 -0.00672649 0.000783979 -1.16609e-06
5679.4 -1.43035e-08 6056.84 -6.70608e-09 -0.00619307 0.000707328 -1.09044e-06
5878.79 7.89241e-09 6268.6 3.70081e-09 -0.00517869 0.000691343 -8.80912e-07
5938.72 -1.15825e-08 6319.59 -5.44223e-09 -0.0057688 0.000777011 -9.71387e-07
5928.33 8.27226e-10 6309.48 3.88627e-10 -0.00502583 0.000926056 -8.47765e-07
5728.17 -5.59388e-09 6096.45 -2.62798e-09 -0.00524776 0.000723632 -9.16131e-07
5748.86 -2.75054e-09 6128.09 -1.29016e-09 -0.0050285 0.00084439 -8.74695e-07
5633.48 2.90542e-09 5991.71 1.36586e-09 -0.00555505 0.000813126 -9.86079e-07
5629.14 1.98502e-09 6006.36 9.30174e-10 -0.00572284 0.000789045 -1.01664e-06
5568.19 5.44853e-09 5928.07 2.55888e-09 -0.00546911 0.000697082 -9.82206e-07
6287.81 1.57612e-08 6691.03 7.40569e-09 -0.00521507 0.000569668 -8.29394e-07
5427.71 8.31296e-09 5814.97 3.87967e-09 -0.00601119 0.000690201 -1.1075e-06
5750.98 1.75847e-09 6124.39 8.25627e-10 -0.00573237 0.000801923 -9.96764e-07
5502.6 -2.16078e-10 5880.39 -1.01098e-10 -0.00533975 0.00076298 -9.70405e-07
5595.44 1.80424e-09 5975.26 8.44779e-10 -0.00599152 0.000909228 -1.07079e-06
5564.8 -8.85935e-09 5941.4 -4.14889e-09 -0.00640443 0.000815847 -1.15088e-06
6033.64 1.25923e-08 6409.99 5.92649e-09 -0.00546668 0.000638192 -9.06032e-07
6054.27 6.45157e-09 6456.34 3.0249e-09 -0.0055833 0.000642748 -9.22208e-07
5515.77 -1.1069e-08 5906.1 -5.16873e-09 -0.00586635 0.000768903 -1.06356e-06
5987.93 1.17999e-08 6370.03 5.54606e-09 -0.00561533 0.000753804 -9.37775e-07
5741.37 -4.0391e-09 6122.2 -1.89393e-09 -0.0055463 0.000735742 -9.66024e-07
5155.58 1.13303e-09 5552.29 5.2604e-10 -0.00556138 0.000793317 -1.07871e-06
5982.35 1.22096e-08 6351.09 5.75035e-09 -0.00491955 0.000708263 -8.22344e-07
5646.75 1.20428e-08 6043.53 5.62607e-09 -0.00557106 0.000711707 -9.86597e-07
5721.57 2.35604e-10 6097.51 1.10539e-10 -0.00515722 0.000855881 -9.01365e-07
5920.58 6.18477e-09 6306.69 2.90306e-09 -0.00516459 0.000828484 -8.72313e-07
5635.64 -1.57763e-08 6021.97 -7.38211e-09 -0.00489546 0.000670505 -8.68661e-07
5986.14 -3.75991e-09 6368.68 -1.76703e-09 -0.00472286 0.00076931 -7.88966e-07
5726.9 -1.28913e-08 6087.45 -6.06388e-09 -0.00553783 0.000980591 -9.66987e-07
5796.49 4.36935e-10 6190.67 2.04557e-10 -0.0053389 0.000607221 -9.21057e-07
5467.21 -8.13714e-09 5855.52 -3.79877e-09 -0.0052473 0.000756342 -9.59776e-07
5148.54 -3.15106e-09 5529.25 -1.46705e-09 -0.00566861 0.000619701 -1.10101e-06
6292.92 -6.69251e-10 6676.82 -3.15385e-10 -0.00476522 0.000651624 -7.57235e-07
5890.62 -1.3044e-08 6272.25 -6.12518e-09 -0.00509754 0.000788219 -8.65366e-07
5586.19 -1.37375e-08 5970.01 -6.42716e-09 -0.00571679 0.00080624 -1.02338e-06
5146.07 7.51538e-09 5529.81 3.49692e-09 -0.00609611 0.000717753 -1.18462e-06
6060.44 -4.81163e-09 6425.57 -2.26911e-09 -0.0050001 0.000589829 -8.25039e-07
6493.54 -4.57841e-09 6890.7 -2.15726e-09 -0.00515112 0.000635324 -7.93268e-07
5693.09 -4.13116e-09 6076.12 -1.93537e-09 -0.00486222 0.000671717 -8.54056e-07
5707.48 6.15463e-09 6085.34 2.88624e-09 -0.00650252 0.000712689 -1.1393e-06
5715.15 2.76946e-09 6087.8 1.29997e-09 -0.00531542 0.00079332 -9.30058e-07
6231.35 4.82807e-09 6616.4 2.27355e-09 -0.00534997 0.000829496 -8.58557e-07
5109.94 5.4113e-09 5493.84 2.51658e-09 -0.00438865 0.000694077 -8.58845e-07
5746.14 -4.82405e-09 6146.76 -2.25482e-09 -0.00634593 0.00080784 -1.10438e-06
5923 7.83066e-09 6333.31 3.66167e-09 -0.00609562 0.000816427 -1.02914e-06
5449.73 -3.46568e-09 5829.73 -1.61989e-09 -0.00610453 0.000882595 -1.12015e-06
6007.55 1.01825e-08 6404.85 4.77545e-09 -0.00590504 0.00068094 -9.82936e-07
5298.93 5.27253e-09 5669.92 2.46377e-09 -0.00692493 0.000959714 -1.30685e-06
5519.19 6.59924e-09 5917.03 3.07776e-09 -0.00493245 0.000773305 -8.93691e-07
5646.29 6.63321e-09 6038 3.10145e-09 -0.00603587 0.000753699 -1.069e-06
5598.85 -2.06149e-09 5984.02 -9.64403e-10 -0.00566883 0.000707441 -1.0125e-06
5564.36 -5.27436e-09 5959.83 -2.46219e-09 -0.00614561 0.000781268 -1.10446e-06
6212.83 1.10855e-08 6605.45 5.2133e-09 -0.00532077 0.000885088 -8.56417e-07
5517.43 5.06542e-09 5880.09 2.3765e-09 -0.00615454 0.000779732 -1.11547e-06
5621.08 -1.32793e-08 5994.19 -6.22635e-09 -0.00652562 0.000821345 -1.16092e-06
5350.32 -9.12976e-10 5745.88 -4.25063e-10 -0.00614764 0.000903597 -1.14902e-06
6302.1 1.81864e-08 6679.76 8.57909e-09 -0.00562602 0.000716148 -8.92722e-07
5501.75 7.55425e-09 5904.7 3.51937e-09 -0.00582572 0.000748175 -1.05889e-06
5417.44 7.36638e-09 5805.8 3.43681e-09 -0.00430047 0.00063444 -7.93819e-07
5815.19 -1.34611e-08 6205.93 -6.30676e-09 -0.00576544 0.000809083 -9.91445e-07
5993.39 1.31715e-09 6406.82 6.16079e-10 -0.00556582 0.000776152 -9.28661e-07
5577.35 3.10379e-10 5947.39 1.45533e-10 -0.00542235 0.000843298 -9.72209e-07
5770.93 6.0615e-09 6154.92 2.84167e-09 -0.00552345 0.000690589 -9.57115e-07
5409.77 -3.41481e-09 5819.35 -1.58723e-09 -0.00615385 0.000821473 -1.13755e-06
5662.77 1.52458e-08 6055.12 7.12896e-09 -0.0054012 0.00076905 -9.53809e-07
6041.68 3.37905e-09 6426.52 1.58835e-09 -0.00510279 0.000649572 -8.44598e-07
5869.79 1.59803e-08 6251.22 7.5026e-09 -0.0063253 0.00073287 -1.0776e-06
6078.23 2.60535e-09 6466.82 1.2244e-09 -0.00520183 0.000675444 -8.55814e-07
5802.29 -4.76177e-09 6198.56 -2.22868e-09 -0.00483592 0.000647552 -8.33451e-07
5933.11 -3.69985e-09 6312.93 -1.73862e-09 -0.00539002 0.00079467 -9.08465e-07
5776.42 2.03413e-09 6161.43 9.5351e-10 -0.00558461 0.000917165 -9.66794e-07
5535.13 -5.93275e-09 5916.56 -2.77513e-09 -0.00500503 0.00072189 -9.0423e-07
5461.11 -2.38038e-08 5852.89 -1.11052e-08 -0.0066646 0.000977435 -1.22037e-06
6157.82 4.10482e-09 6550.85 1.92927e-09 -0.00517081 0.000659744 -8.39715e-07
5799.46 3.96672e-09 6181.36 1.86082e-09 -0.00603852 0.000801138 -1.04122e-06
5905.28 -3.04574e-09 6278.73 -1.43229e-09 -0.00574839 0.000691094 -9.73432e-07
5927.13 -2.58755e-09 6347.5 -1.20809e-09 -0.00548263 0.000736371 -9.25006e-07
6160.36 7.3361e-09 6569.24 3.43975e-09 -0.00504156 0.000604007 -8.18387e-07
5473.3 -2.04027e-09 5873.17 -9.50682e-10 -0.00500402 0.000813434 -9.1426e-07
5639.86 -4.78027e-09 6051.96 -2.22738e-09 -0.00505343 0.00060602 -8.9602e-07
5785.85 -2.94942e-09 6182.94 -1.38e-09 -0.00521971 0.000667478 -9.02152e-07
6055.71 1.09855e-08 6464.16 5.14569e-09 -0.00586515 0.000775328 -9.68533e-07
6169.94 -1.08965e-08 6569.39 -5.11697e-09 -0.00563597 0.000710674 -9.13455e-07
6189.57 -8.1757e-09 6580.67 -3.8449e-09 -0.00459771 0.000658187 -7.42817e-07
6368.27 -6.50456e-09 6739.77 -3.07301e-09 -0.0049865 0.000630773 -7.83023e-07
5953.29 -7.22825e-10 6360.48 -3.38276e-10 -0.00588682 0.000707223 -9.88835e-07
5563.72 1.22837e-08 5960.2 5.73328e-09 -0.00658065 0.000772485 -1.18278e-06
6170.18 2.5263e-09 6562.24 1.18768e-09 -0.00580764 0.00072796 -9.41243e-07
5804.83 1.29309e-08 6212.62 6.04104e-09 -0.00652091 0.000789761 -1.12336e-06
5679.87 -7.65456e-09 6091.31 -3.56876e-09 -0.00522067 0.000743179 -9.19155e-07
5951.78 -1.2312e-08 6363.62 -5.75763e-09 -0.00519828 0.000773777 -8.73398e-07
6195.38 -9.46389e-09 6604.4 -4.43889e-09 -0.00562429 0.000787711 -9.0782e-07
6434.31 6.6517e-09 6845.19 3.12622e-09 -0.00508373 0.000647747 -7.90096e-07
6143.14 2.22228e-09 6528 1.04563e-09 -0.00628629 0.00100567 -1.0233e-06
6232.67 1.02752e-08 6640.2 4.82227e-09 -0.00578795 0.000637115 -9.28647e-07
6330.12 7.21411e-10 6727.33 3.39409e-10 -0.00538878 0.000783187 -8.51292e-07
5985.65 5.20442e-09 6376.25 2.4428e-09 -0.00624051 0.000852261 -1.04258e-06
5762.41 4.82268e-09 6170.11 2.25201e-09 -0.00539331 0.000775154 -9.35948e-07
6011.04 5.97129e-09 6396.3 2.80581e-09 -0.00648256 0.00076826 -1.07844e-06
6085.53 -1.47501e-09 6488.06 -6.91749e-10 -0.00543396 0.000761681 -8.92932e-07
5680.1 -5.62147e-09 6063.69 -2.63293e-09 -0.0060201 0.000976274 -1.05986e-06
5892.29 1.71605e-09 6288.82 8.03925e-10 -0.00538591 0.000692429 -9.14061e-07
6119.58 7.84632e-09 6529.81 3.67669e-09 -0.00509755 0.000650864 -8.3299e-07
5554.34 1.86371e-08 5989.15 8.642e-09 -0.00446992 0.000595995 -8.04761e-07
6047.61 -2.96194e-09 6438.72 -1.39101e-09 -0.00606772 0.0008062 -1.00332e-06
6029.44 -8.07256e-11 6446.46 -3.77518e-11 -0.00618208 0.000671124 -1.02532e-06
6051.83 -6.78308e-09 6423.72 -3.19519e-09 -0.006137 0.000919483 -1.01407e-06
5777.6 -1.39804e-08 6178 -6.53717e-09 -0.00586975 0.000853144 -1.01595e-06
5630.15 5.2276e-09 6026.12 2.44205e-09 -0.00653754 0.000730295 -1.16117e-06
5654.37 -1.08242e-09 6046.51 -5.06109e-10 -0.00543009 0.00072824 -9.60335e-07
5723.31 3.31451e-09 6102.21 1.55435e-09 -0.00562199 0.000769749 -9.82297e-07
5648.88 8.38067e-09 6038.69 3.91984e-09 -0.00551745 0.000815262 -9.76733e-07
5731.55 2.31626e-09 6111.81 1.08607e-09 -0.0045606 0.000877085 -7.95701e-07
6188.19 1.31677e-09 6598.32 6.17463e-10 -0.00479242 0.000606432 -7.74446e-07
5632.14 -5.34387e-09 6017.2 -2.50095e-09 -0.00482086 0.000670986 -8.55955e-07
5773.78 -1.5707e-08 6166.53 -7.3533e-09 -0.00502581 0.000686214 -8.70454e-07
5884.51 3.64172e-09 6265.82 1.71005e-09 -0.00573735 0.000772921 -9.74992e-07
5426.76 -2.27968e-09 5801.85 -1.06615e-09 -0.00537705 0.000740382 -9.90841e-07
5645.93 -1.8357e-08 6044.86 -8.57279e-09 -0.00575059 0.000849325 -1.01854e-06
5910.26 3.51883e-09 6297.7 1.65117e-09 -0.00485618 0.000780349 -8.21653e-07
5684.15 1.41008e-08 6062.88 6.60998e-09 -0.00503566 0.00061096 -8.85913e-07
5495.81 2.22397e-09 5890.31 1.03751e-09 -0.00496276 0.00063811 -9.03009e-07
6017.95 1.12318e-08 6416.26 5.26728e-09 -0.00590568 0.000722183 -9.81344e-07
5478.15 -7.5765e-09 5868.6 -3.53621e-09 -0.00545786 0.000682602 -9.96296e-07
5750.03 1.26281e-08 6135.28 5.91755e-09 -0.00622765 0.000774063 -1.08306e-06
5583.16 -1.42063e-08 5970.86 -6.64195e-09 -0.00529833 0.000931279 -9.48984e-07
5875.08 3.23757e-09 6261.16 1.51896e-09 -0.00473338 0.000658441 -8.05671e-07
5422.96 -1.29579e-08 5806.77 -6.05069e-09 -0.00500241 0.000790488 -9.22449e-07
6103.73 -6.26197e-09 6503.26 -2.93863e-09 -0.00538085 0.000782408 -8.81567e-07
5888.18 -2.24171e-09 6261.43 -1.05404e-09 -0.00619753 0.000711639 -1.05254e-06
5610.41 -5.13631e-09 6015.81 -2.39509e-09 -0.00549541 0.000802919 -9.79503e-07
6066.03 3.19147e-09 6452.24 1.50022e-09 -0.00506736 0.000646253 -8.35367e-07
6023.05 -5.18697e-09 6406.12 -2.4384e-09 -0.00492577 0.00075337 -8.1782e-07
5670.56 2.11031e-09 6040.78 9.90486e-10 -0.00564852 0.00080843 -9.96113e-07
5640.99 8.15002e-09 6022.1 3.81712e-09 -0.00584999 0.00066911 -1.03705e-06
5916.47 -2.7769e-10 6269.61 -1.31025e-10 -0.00537263 0.000658838 -9.0808e-07
5469.36 -3.11306e-09 5835.46 -1.45888e-09 -0.00562972 0.000732289 -1.02932e-06
5492.54 1.38254e-09 5876.58 6.46095e-10 -0.00567457 0.000711895 -1.03314e-06
4781.04 4.65312e-09 5156.52 2.15715e-09 -0.00548827 0.000777275 -1.14792e-06
5325.18 3.76662e-09 5697.94 1.7601e-09 -0.00497554 0.000582773 -9.34343e-07
5414.17 9.73908e-09 5784.35 4.55791e-09 -0.00634397 0.00098965 -1.17173e-06
5419.6 3.12175e-09 5788.42 1.46142e-09 -0.00564055 0.000846174 -1.04077e-06
4929.65 7.97287e-09 5304.76 3.70455e-09 -0.00558692 0.00077301 -1.13333e-06
4951.68 2.16753e-08 5332.98 1.00627e-08 -0.00501373 0.000656695 -1.01253e-06
5349.34 -7.90693e-09 5737.19 -3.6862e-09 -0.00590752 0.000740882 -1.10435e-06
5183.24 -1.91926e-08 5551.64 -8.95947e-09 -0.00498609 0.000745617 -9.61964e-07
5137.6 1.49302e-08 5504.73 6.96723e-09 -0.00576423 0.000810733 -1.12197e-06
5213.21 7.53127e-10 5573.73 3.52206e-10 -0.00623308 0.000868133 -1.19563e-06
5189.71 7.12762e-09 5553.16 3.33056e-09 -0.00511742 0.000816015 -9.86069e-07
5243.35 -1.72807e-08 5604.37 -8.08378e-09 -0.00547691 0.000915688 -1.04454e-06
5617.96 -3.21225e-09 5984.38 -1.50778e-09 -0.00515637 0.000709962 -9.17836e-07
5559.51 -1.16854e-08 5925.55 -5.48178e-09 -0.00613065 0.000936665 -1.10273e-06
5790.81 1.50058e-08 6144.49 7.07104e-09 -0.00595158 0.000911759 -1.02776e-06
5012.97 -9.16909e-09 5372.06 -4.2781e-09 -0.00535628 0.000822133 -1.06848e-06
5289.59 6.07344e-09 5655.09 2.84045e-09 -0.00568501 0.000906603 -1.07475e-06
5357.95 -3.12924e-09 5730.9 -1.4628e-09 -0.00558533 0.00085442 -1.04244e-06
5169.37 3.5579e-09 5551.85 1.65639e-09 -0.00433397 0.000681102 -8.38394e-07
5723.68 -3.05807e-09 6094.45 -1.43601e-09 -0.00533167 0.000667988 -9.3151e-07
5397.14 -9.00126e-09 5744.35 -4.22859e-09 -0.00572766 0.000712513 -1.06124e-06
5671.23 1.29439e-09 6028.33 6.08858e-10 -0.00575306 0.000849776 -1.01443e-06
5318.05 8.54949e-09 5684.07 3.99948e-09 -0.00620569 0.000895109 -1.16691e-06
5676.38 -8.93838e-09 6056.21 -4.18889e-09 -0.00499447 0.000869762 -8.79869e-07
5170 5.67268e-09 5534.29 2.64964e-09 -0.00624986 0.00100659 -1.20887e-06
5632.53 4.89849e-09 6000.57 2.29902e-09 -0.00530853 0.000689337 -9.42478e-07
5705.7 -2.97512e-09 6100.98 -1.39118e-09 -0.00533708 0.000622403 -9.35394e-07
5681.76 -3.66649e-09 6071.72 -1.7155e-09 -0.0057646 0.000794472 -1.01458e-06
5856.77 2.52277e-09 6244.3 1.1831e-09 -0.00573321 0.000626403 -9.78903e-07
5812.31 1.03775e-08 6216.22 4.85161e-09 -0.00553063 0.00067754 -9.51537e-07
5810.71 6.49023e-09 6192.12 3.04523e-09 -0.00429314 0.000467939 -7.38833e-07
5765.87 -1.42187e-08 6161.96 -6.65236e-09 -0.00487749 0.000827457 -8.45925e-07
6073.74 3.27917e-09 6459.71 1.54162e-09 -0.00562162 0.000765688 -9.25561e-07
6168.48 -8.57687e-10 6554.11 -4.03611e-10 -0.00600158 0.000688192 -9.72943e-07
5466.06 -2.16582e-09 5862.75 -1.00964e-09 -0.00593386 0.000733612 -1.08558e-06
6128.88 1.07564e-08 6513.59 5.06057e-09 -0.00521577 0.000719362 -8.51015e-07
5822.56 -3.25086e-11 6207.92 -1.52453e-11 -0.00442828 0.000584461 -7.60538e-07
6054.74 9.65306e-09 6448.68 4.53168e-09 -0.00549865 0.000666934 -9.08156e-07
5278.79 -7.4521e-09 5662.22 -3.47373e-09 -0.00593878 0.00085929 -1.12503e-06
5646.66 1.06866e-08 6035.72 4.99887e-09 -0.00628695 0.000834857 -1.11339e-06
5565.44 -2.79423e-09 5951.61 -1.30646e-09 -0.00594864 0.000959294 -1.06885e-06
5771.6 -8.72466e-09 6146.4 -4.09632e-09 -0.00682357 0.00103667 -1.18227e-06
5908.26 2.01998e-09 6296 9.47789e-10 -0.0055504 0.000674314 -9.3943e-07
5894.51 1.68606e-09 6276.47 7.91727e-10 -0.00596022 0.00102829 -1.01115e-06
5733.44 6.01806e-09 6114.79 2.82137e-09 -0.00606577 0.000827365 -1.05796e-06
5958.73 -2.35619e-09 6331.01 -1.10882e-09 -0.00573331 0.000900389 -9.62169e-07
5607.64 1.07965e-08 5980.11 5.062e-09 -0.00591397 0.000867775 -1.05463e-06
5819.64 4.02564e-09 6192.73 1.89156e-09 -0.0055121 0.000784865 -9.47155e-07
5533.91 -8.7318e-09 5917.36 -4.08298e-09 -0.00521315 0.000702327 -9.42038e-07
5850.95 4.57217e-09 6237.7 2.14434e-09 -0.00571045 0.000766432 -9.75987e-07
5759.34 2.5646e-08 6146.47 1.20154e-08 -0.00515549 0.000609761 -8.95153e-07
6269.47 1.64631e-09 6645.87 7.76535e-10 -0.00499468 0.00089401 -7.96668e-07
5865.66 1.50724e-09 6243.78 7.07982e-10 -0.004762 0.000610308 -8.11843e-07
6128.38 -4.43703e-09 6576.98 -2.0672e-09 -0.00612446 0.000954695 -9.9936e-07
6182.65 -1.18478e-08 6624.72 -5.52859e-09 -0.0062105 0.000737443 -1.0045e-06
6499.96 7.41138e-09 6930.59 3.47544e-09 -0.00588352 0.00072703 -9.05163e-07
6620.7 4.35193e-09 7040.35 2.04626e-09 -0.00344757 0.000671563 -5.20726e-07
6260.19 -8.77509e-09 6694.62 -4.10283e-09 -0.00443204 0.000638873 -7.07972e-07
6137.44 -6.96914e-09 6569.28 -3.25551e-09 -0.007086 0.000940478 -1.15455e-06
6904.03 -8.45267e-09 7232.29 -4.03451e-09 -0.00436755 0.000659966 -6.3261e-07
6095.18 3.40546e-09 6516.79 1.59257e-09 -0.0056473 0.000632404 -9.2652e-07
6097.47 -9.35148e-09 6519.8 -4.37285e-09 -0.00654346 0.000932344 -1.07314e-06
5941.3 9.76777e-09 6361.13 4.56155e-09 -0.00543106 0.000778697 -9.1412e-07
6109 5.18384e-09 6532.64 2.42383e-09 -0.00560051 0.000938794 -9.16764e-07
5997.49 4.30789e-09 6419.36 2.01239e-09 -0.00594549 0.000735682 -9.9133e-07
6107.71 -1.26222e-08 6535.76 -5.89778e-09 -0.00623276 0.000791793 -1.02047e-06
6479.37 -3.3158e-09 6928.16 -1.55051e-09 -0.00631695 0.000904757 -9.74933e-07
6568.21 -2.10457e-09 6984.23 -9.89604e-10 -0.0028623 0.000515983 -4.3578e-07
6668.91 5.27386e-10 7105.13 2.47504e-10 -0.00642138 0.000936042 -9.62883e-07
6573.74 4.37514e-09 7005.15 2.05285e-09 -0.00494673 0.000611954 -7.52498e-07
6215.26 -5.45133e-09 6650.62 -2.54724e-09 -0.00537908 0.000819865 -8.65465e-07
6443.52 1.0484e-08 6866.14 4.91933e-09 -0.00567137 0.000759756 -8.80166e-07
6038.95 -1.94311e-08 6464.75 -9.07565e-09 -0.00595282 0.000683475 -9.85738e-07
6066.43 -5.6381e-09 6499.07 -2.63139e-09 -0.0063371 0.000903912 -1.04462e-06
6416.83 -3.81294e-09 6835.03 -1.78982e-09 -0.00580265 0.000843144 -9.04287e-07
6145.39 4.81697e-09 6562.68 2.25534e-09 -0.00618957 0.000697344 -1.00719e-06
6319.84 -9.18404e-09 6752.67 -4.29768e-09 -0.00617674 0.000716688 -9.77356e-07
5567.47 3.49658e-09 5942.06 1.63808e-09 -0.00513527 0.000794528 -9.2237e-07
4833.71 9.03958e-09 5102.03 4.28209e-09 -0.00592792 0.000960616 -1.22637e-06
5788.17 1.05807e-08 6149.38 4.97958e-09 -0.00551532 0.000886698 -9.5286e-07
5428.91 8.63996e-09 5799.66 4.04382e-09 -0.00484987 0.000733863 -8.93341e-07
5718.43 -1.82712e-10 6097.66 -8.56742e-11 -0.00558913 0.000740922 -9.77388e-07
5673.36 1.13499e-08 6046.76 5.32451e-09 -0.00585859 0.000857583 -1.03265e-06
5063.9 -2.33254e-09 5431.83 -1.08727e-09 -0.00567395 0.000755233 -1.12047e-06
5613.45 9.37667e-09 5991.87 4.39224e-09 -0.00556911 0.000961539 -9.921e-07
5253.78 5.40317e-09 5634.38 2.51909e-09 -0.00529439 0.000619626 -1.00773e-06
5677.96 7.79129e-09 6037.46 3.66368e-09 -0.00523024 0.000563902 -9.21148e-07
4995.19 1.65363e-08 5368.33 7.69347e-09 -0.00588964 0.00108929 -1.17906e-06
5232.43 -5.56148e-09 5598.52 -2.5989e-09 -0.00617027 0.000725995 -1.17924e-06
5729.39 -1.68421e-10 6113.19 -7.89236e-11 -0.00658912 0.000803341 -1.15006e-06
5769.41 -1.01709e-08 6148.12 -4.77219e-09 -0.00539065 0.00066634 -9.34351e-07
5369.4 4.93198e-10 5731.64 2.31014e-10 -0.00578556 0.000777516 -1.07751e-06
5470.12 1.11197e-08 5838.17 5.20935e-09 -0.00589047 0.000884337 -1.07684e-06
5270.02 -9.20707e-09 5639.84 -4.30167e-09 -0.00704446 0.000930228 -1.3367e-06
5886.04 -1.46941e-08 6259.71 -6.9085e-09 -0.00609581 0.000849627 -1.03564e-06
5428.92 4.844e-09 5804.63 2.26524e-09 -0.00628204 0.000727338 -1.15714e-06
5597.31 1.69672e-09 5961.4 7.96548e-10 -0.00614754 0.000818449 -1.0983e-06
5030.71 -6.98604e-10 5390.75 -3.25972e-10 -0.0060126 0.000810759 -1.19518e-06
5242.18 7.28072e-09 5616.75 3.39759e-09 -0.00532454 0.000670689 -1.01571e-06
5638.7 8.63418e-09 6017.25 4.0455e-09 -0.00495543 0.000603092 -8.78824e-07
5620.6 -1.7087e-08 5957.97 -8.05972e-09 -0.0069961 0.000940166 -1.24472e-06
5785.61 4.16764e-10 6150.67 1.96014e-10 -0.00644398 0.000830992 -1.11379e-06
4703.63 -2.53457e-08 5068.36 -1.17609e-08 -0.00541191 0.000687168 -1.15058e-06
5586.31 -1.50851e-08 5946.66 -7.0855e-09 -0.00505859 0.000741858 -9.05532e-07
4788.26 1.18902e-08 5165.48 5.51093e-09 -0.00489446 0.000592173 -1.02218e-06
5270.71 -1.7782e-08 5640.49 -8.30814e-09 -0.00604813 0.000735238 -1.1475e-06
5731.12 4.54248e-09 6094.9 2.13568e-09 -0.00491645 0.000761489 -8.57851e-07
6206.84 -7.24666e-09 6617.02 -3.39873e-09 -0.00547396 0.000751966 -8.81924e-07
6116.91 7.21001e-09 6522.04 3.38107e-09 -0.00499614 0.00081121 -8.16776e-07
6495.29 8.43963e-09 6893.4 3.97611e-09 -0.00538616 0.00087525 -8.29241e-07
6077.99 2.39042e-09 6479.5 1.12115e-09 -0.00604071 0.000722659 -9.93867e-07
5594.97 1.6518e-08 6003.12 7.69747e-09 -0.00504658 0.000768387 -9.01985e-07
6701.22 -8.03947e-09 7112.6 -3.78724e-09 -0.00586856 0.000703908 -8.75745e-07
6364.71 7.23843e-09 6778.95 3.39806e-09 -0.00657119 0.00081875 -1.03244e-06
6416.07 -8.06385e-09 6834.19 -3.78525e-09 -0.00553513 0.000753319 -8.62697e-07
6474.66 -1.02305e-08 6889.94 -4.80692e-09 -0.00582209 0.00071844 -8.99212e-07
5707.36 6.84562e-09 6122.91 3.19051e-09 -0.00498747 0.000628776 -8.73866e-07
6155.37 1.14538e-08 6557.09 5.37602e-09 -0.00532006 0.000859852 -8.64296e-07
6095.84 5.04941e-09 6513.6 2.36278e-09 -0.00562206 0.000900621 -9.22278e-07
5975.23 -8.69407e-09 6378.94 -4.07192e-09 -0.00567412 0.000938816 -9.49607e-07
6204.42 8.10113e-09 6624.35 3.79379e-09 -0.00572813 0.000844134 -9.23233e-07
6535.55 1.27001e-08 6944.63 5.97601e-09 -0.00581834 0.00070733 -8.9026e-07
6052.51 -1.02647e-08 6444.1 -4.82048e-09 -0.00656016 0.000911189 -1.08388e-06
6597.86 5.7201e-09 6993.61 2.69821e-09 -0.00615288 0.000807194 -9.32556e-07
5876.85 -1.54797e-08 6300.02 -7.21996e-09 -0.00642196 0.000904083 -1.09276e-06
6122.52 -1.23981e-08 6529.27 -5.8129e-09 -0.00516027 0.000764235 -8.42834e-07
6257.93 2.7166e-09 6657.42 1.27679e-09 -0.00566241 0.00077071 -9.04837e-07
6737.08 7.64718e-09 7135.19 3.61025e-09 -0.00595836 0.000655459 -8.84414e-07
5931.8 1.91508e-08 6345.41 8.95127e-09 -0.00487313 0.000740271 -8.21525e-07
5454.92 5.62987e-10 5869.76 2.61599e-10 -0.00569761 0.00075587 -1.04449e-06
6344.5 -1.22508e-08 6737.49 -5.76813e-09 -0.00588833 0.000936642 -9.28099e-07
6023.58 2.061e-09 6426.05 9.65957e-10 -0.005803 0.00093192 -9.6338e-07
5933.15 1.50161e-08 6348.34 7.01701e-09 -0.00507198 0.000659126 -8.54854e-07
6210.86 2.77059e-09 6611.13 1.30142e-09 -0.00530585 0.000804002 -8.54286e-07
6161.51 -3.56634e-09 6576.04 -1.67077e-09 -0.00635813 0.000787849 -1.03191e-06
6597.46 -8.26694e-09 6997.06 -3.8974e-09 -0.00570178 0.000674415 -8.6424e-07
5834.48 -1.81e-09 6228.36 -8.47766e-10 -0.005825 0.000790018 -9.98375e-07
5787.93 -3.09582e-09 6164.3 -1.4534e-09 -0.00609458 0.000968341 -1.05298e-06
6674.36 3.50948e-09 7082.24 1.65368e-09 -0.00556568 0.000701815 -8.3389e-07
5916.35 6.0161e-09 6320.76 2.81559e-09 -0.00499117 0.000617246 -8.43624e-07
6217.74 -1.46781e-08 6630.42 -6.88226e-09 -0.00573173 0.000831848 -9.21835e-07
5670.29 -1.0069e-08 6079.1 -4.69594e-09 -0.00587804 0.000650987 -1.03664e-06
5474.33 9.5245e-09 5863.5 4.44617e-09 -0.0057948 0.000760875 -1.05854e-06
5756.28 8.04061e-09 6169.03 3.75132e-09 -0.00643156 0.000823056 -1.11731e-06
6201.9 6.198e-09 6601.57 2.91138e-09 -0.00573032 0.000758038 -9.23962e-07
6228.04 3.78113e-09 6631.64 1.7755e-09 -0.00494653 0.000822485 -7.94235e-07
6272.87 -1.02029e-08 6686.69 -4.78573e-09 -0.00505983 0.000808176 -8.06622e-07
6248.32 1.48281e-10 6655.24 6.96073e-11 -0.004894 0.000784674 -7.8325e-07
5964.96 -1.18834e-08 6372.37 -5.56185e-09 -0.00558076 0.000763456 -9.3559e-07
5869.19 -5.89674e-09 6276.14 -2.7572e-09 -0.00533102 0.000703297 -9.08306e-07
6182.18 3.6246e-09 6570.6 1.70516e-09 -0.00478689 0.000573689 -7.74305e-07
5218.53 2.15849e-08 5627.92 1.00074e-08 -0.00554204 0.000735414 -1.06199e-06
5887.65 -3.81413e-09 6281.4 -1.78752e-09 -0.0051336 0.00068886 -8.71927e-07
6335.08 2.01524e-09 6733.81 9.47953e-10 -0.00701809 0.000846032 -1.10781e-06
6183.76 -1.41562e-08 6582.68 -6.64918e-09 -0.00567363 0.000720691 -9.17504e-07
6266.68 1.23058e-08 6690.67 5.76299e-09 -0.00485863 0.000743795 -7.75311e-07
6167 2.08346e-09 6561.64 9.79078e-10 -0.00614163 0.000697423 -9.95886e-07
5834.35 4.9553e-09 6239.19 2.31688e-09 -0.0052708 0.000744373 -9.03409e-07
6189.04 -3.70324e-10 6609.77 -1.73376e-10 -0.00605975 0.00080141 -9.7911e-07
5421.47 -6.83353e-10 5815.34 -3.18535e-10 -0.00508021 0.000712307 -9.37054e-07
6286.21 -3.86735e-09 6701.71 -1.81379e-09 -0.00617268 0.000725726 -9.8194e-07
6170.91 -6.1087e-10 6579.84 -2.86453e-10 -0.0050084 0.000836118 -8.11615e-07
5735.82 -1.02112e-08 6137.01 -4.77185e-09 -0.00562045 0.000891144 -9.79886e-07
5743.51 -4.8025e-09 6144.58 -2.24452e-09 -0.00557815 0.000654224 -9.7121e-07
5290.53 5.7114e-09 5691.25 2.65463e-09 -0.00540461 0.00075808 -1.02156e-06
5260.99 3.59505e-09 5668.13 1.66841e-09 -0.00553836 0.000695062 -1.05272e-06
5237.04 -1.61546e-08 5629.67 -7.51396e-09 -0.00577402 0.000725114 -1.10254e-06
5346.29 7.14294e-09 5720.02 3.33812e-09 -0.00487235 0.000666335 -9.11352e-07
5671.35 -2.62074e-10 6095.48 -1.21919e-10 -0.00427032 0.000747306 -7.52963e-07
5715.67 3.54214e-09 6126.21 1.65238e-09 -0.00524924 0.000748713 -9.18394e-07
5526.4 1.02351e-08 5918.56 4.77845e-09 -0.00508693 0.000832417 -9.20479e-07
5955.89 -1.59177e-09 6348.7 -7.46642e-10 -0.00568158 0.000779324 -9.53942e-07
5733.8 -6.43388e-09 6128.5 -3.00976e-09 -0.00477693 0.000683504 -8.33117e-07
6239.98 -8.8473e-09 6627.75 -4.16484e-09 -0.00551326 0.000987463 -8.83537e-07
5618.12 -2.01167e-08 6024.23 -9.3803e-09 -0.00624591 0.000848281 -1.11174e-06
6030.08 6.7529e-10 6415.24 3.17373e-10 -0.00493397 0.00059019 -8.18226e-07
5716.07 5.8863e-09 6112.33 2.75235e-09 -0.00560793 0.000770793 -9.81082e-07
6273.46 1.9075e-09 6665.63 8.97639e-10 -0.00593381 0.000820228 -9.4586e-07
5738.08 -4.37314e-09 6123.39 -2.04898e-09 -0.00498392 0.000728469 -8.68569e-07
5991.42 -1.03407e-09 6374.46 -4.85968e-10 -0.00487428 0.000744731 -8.13543e-07
5529.9 -8.56419e-09 5914.45 -4.00368e-09 -0.0051602 0.000900625 -9.33146e-07
5943.45 -1.93654e-09 6319.63 -9.10635e-10 -0.00548918 0.00064041 -9.23567e-07
5916.7 5.55211e-09 6298.69 2.6077e-09 -0.00535588 0.000597847 -9.05214e-07
5995.85 -4.39566e-09 6391.43 -2.0618e-09 -0.00593574 0.00069754 -9.89974e-07
6052.59 7.87026e-09 6430.38 3.70393e-09 -0.0058895 0.000881369 -9.73056e-07
5652.38 1.48687e-08 6042.63 6.95421e-09 -0.00478451 0.000601231 -8.46459e-07
5787.51 -5.55133e-09 6183.36 -2.59797e-09 -0.00606432 0.000737533 -1.04783e-06
6345.21 -7.1267e-09 6727.05 -3.36109e-09 -0.00677401 0.000772554 -1.06758e-06
5796.89 1.20523e-08 6195.04 5.63884e-09 -0.00618436 0.000815211 -1.06684e-06
6047.34 -3.32041e-09 6440.11 -1.55895e-09 -0.005965 0.000706105 -9.86384e-07
6575.91 3.11878e-11 6964.24 1.47244e-11 -0.00615605 0.000804519 -9.36152e-07
6304.31 2.00896e-09 6673.71 9.48882e-10 -0.00612228 0.000899893 -9.71126e-07
6615.38 -1.13812e-08 7055.9 -5.33531e-09 -0.00595152 0.000706019 -8.9965e-07
5928.74 -5.59296e-09 6367.65 -2.60373e-09 -0.00508378 0.001002 -8.57479e-07
6313.39 -1.13113e-08 6756.01 -5.28512e-09 -0.00528841 0.000908788 -8.3765e-07
6199.41 1.15692e-08 6641.48 5.39957e-09 -0.00639942 0.000765393 -1.03226e-06
6198.78 5.62203e-09 6624.01 2.63056e-09 -0.00546293 0.000839188 -8.81291e-07
6358.53 6.63372e-09 6822.2 3.09143e-09 -0.00524212 0.000581638 -8.24425e-07
6563.55 1.71213e-09 6992.81 8.03516e-10 -0.00581109 0.000829979 -8.85358e-07
6728.07 1.48837e-09 7145.32 7.00729e-10 -0.0035869 0.000521482 -5.33125e-07
6589.55 -5.79655e-09 7018.88 -2.721e-09 -0.00518792 0.000718814 -7.87295e-07
6088.89 -4.18164e-09 6551.03 -1.94332e-09 -0.00632388 0.000762014 -1.03859e-06
6153.15 -1.04022e-09 6607.54 -4.84344e-10 -0.00544931 0.00100807 -8.85613e-07
6501.61 1.22532e-08 6950.41 5.731e-09 -0.00689877 0.000934151 -1.06109e-06
5736.55 -1.35235e-08 6168.53 -6.28824e-09 -0.00600406 0.000956397 -1.04663e-06
6477.12 1.506e-08 6946.26 7.02145e-09 -0.00671409 0.000804683 -1.03659e-06
6458.93 5.7584e-09 6886 2.70063e-09 -0.00660283 0.000807359 -1.02228e-06
6148.37 -2.71168e-09 6570.28 -1.26877e-09 -0.00533414 0.00063949 -8.6757e-07
6325.32 7.45076e-09 6769.16 3.48112e-09 -0.00560387 0.000921917 -8.85942e-07
6414.9 -3.66984e-09 6855.72 -1.71694e-09 -0.00688956 0.000896861 -1.07399e-06
6502.23 1.28664e-08 6936.72 6.03024e-09 -0.00403189 0.000566411 -6.20078e-07
6258.06 5.80275e-09 6704.79 2.70806e-09 -0.00532427 0.000725282 -8.50786e-07
5923.14 3.18946e-09 6351.42 1.4872e-09 -0.00656586 0.000990361 -1.10851e-06
6763.41 -2.89547e-09 7186.41 -1.36252e-09 -0.00604503 0.000896355 -8.93785e-07
6628.95 -6.95536e-09 7040.42 -3.27443e-09 -0.00586372 0.000700164 -8.84563e-07
6281 -4.52369e-09 6709.52 -2.11739e-09 -0.00560527 0.000610427 -8.92417e-07
6624.38 -1.26177e-09 7079.26 -5.90349e-10 -0.00539578 0.000842057 -8.14532e-07
6418.56 1.32739e-09 6835.53 6.23211e-10 -0.00597012 0.000878146 -9.30135e-07
6537.95 -7.1341e-10 6953.9 -3.35369e-10 -0.00423139 0.000626443 -6.47205e-07
6715.44 -1.02113e-08 7135.55 -4.80504e-09 -0.00256111 0.000614896 -3.81377e-07
6529.73 -6.38277e-09 6988.37 -2.98194e-09 -0.00612713 0.000782584 -9.38344e-07
6289.36 6.67522e-09 6725.49 3.12117e-09 -0.0057351 0.000658373 -9.11874e-07
6441.82 8.27693e-10 6868.05 3.88163e-10 -0.00679301 0.000931465 -1.05452e-06
5986.91 -6.69043e-09 6434.14 -3.11269e-09 -0.00661787 0.000809753 -1.10539e-06
6237.15 1.09968e-08 6683.97 5.13085e-09 -0.00475129 0.000679665 -7.61772e-07
6369.19 1.07121e-08 6796.82 5.01909e-09 -0.00616398 0.000835396 -9.67782e-07
6530.65 -1.48843e-09 6968.53 -6.97451e-10 -0.00352281 0.000465412 -5.39427e-07
6512.34 1.38802e-08 6960.49 6.49328e-09 -0.00500742 0.000821151 -7.68913e-07
6707.31 -8.35215e-10 7128.95 -3.92908e-10 -0.00476647 0.00073649 -7.10639e-07
6550.58 9.26419e-09 6993.31 4.33885e-09 -0.00484274 0.00069546 -7.39284e-07
6237.74 -1.50006e-08 6671.17 -7.013e-09 -0.00685978 0.000780544 -1.09972e-06
5954.78 7.40995e-09 6406.54 3.44372e-09 -0.00499549 0.000551583 -8.38903e-07
6573.64 -3.31042e-09 7010.97 -1.55196e-09 -0.00655129 0.000840321 -9.96601e-07
5870.49 1.55525e-08 6292.81 7.25439e-09 -0.00581596 0.000676232 -9.90711e-07
6602.21 7.30808e-09 7044.81 3.42447e-09 -0.00305373 0.000401951 -4.62531e-07
6672.49 1.20872e-08 7114.2 5.66839e-09 -0.00620746 0.00068918 -9.30306e-07
6549.39 -1.24751e-09 6977.58 -5.85476e-10 -0.00653873 0.000814269 -9.98372e-07
5696.8 7.20511e-11 6081.74 3.37453e-11 -0.00575583 0.000817317 -1.01036e-06
6001.83 -1.10188e-08 6383.28 -5.18016e-09 -0.00648549 0.000865005 -1.08059e-06
5315.97 -2.00375e-09 5711.23 -9.32537e-10 -0.00552034 0.000667178 -1.03844e-06
5980.06 -7.44027e-09 6359.82 -3.498e-09 -0.00605354 0.000896331 -1.01229e-06
5588.93 7.95175e-10 5960.63 3.72794e-10 -0.00587512 0.000814509 -1.05121e-06
6371.21 2.1831e-09 6764.67 1.02806e-09 -0.00618942 0.000942694 -9.71466e-07
5382.08 1.03947e-08 5764.72 4.85237e-09 -0.00621267 0.00073689 -1.15433e-06
6008.31 4.70925e-09 6391.43 2.21348e-09 -0.00496969 0.000796663 -8.27136e-07
5278.55 1.01067e-08 5661.82 4.71128e-09 -0.00666726 0.000829817 -1.26309e-06
6078.52 -2.27311e-09 6460.8 -1.06931e-09 -0.00589149 0.000808075 -9.69231e-07
5625.61 3.64395e-10 6015.66 1.70384e-10 -0.00582789 0.000689328 -1.03596e-06
5928.18 6.46008e-09 6316 3.03171e-09 -0.00509349 0.00058618 -8.59199e-07
5343.55 1.03597e-09 5727.21 4.83283e-10 -0.00647032 0.000746937 -1.21087e-06
5368.44 6.70145e-09 5767.97 3.11863e-09 -0.00490012 0.000766835 -9.12765e-07
5685.42 -1.60412e-10 6071.61 -7.51044e-11 -0.00623255 0.000892053 -1.09623e-06
5980.87 -1.24432e-08 6372.7 -5.83905e-09 -0.00566503 0.000835903 -9.47192e-07
5589.82 5.63625e-09 5971.89 2.63783e-09 -0.00645921 0.000824097 -1.15553e-06
5676.82 -5.79172e-10 6076.81 -2.70525e-10 -0.00577628 0.000777505 -1.01752e-06
5504.84 -7.01295e-09 5887.62 -3.2785e-09 -0.0055977 0.000856115 -1.01687e-06
5796.07 4.67699e-10 6176.8 2.19436e-10 -0.00590701 0.000853481 -1.01914e-06
5033.55 -4.56505e-09 5414.56 -2.12191e-09 -0.0061716 0.000842817 -1.22609e-06
5525.91 -4.80098e-09 5915.26 -2.24249e-09 -0.0042545 0.000684779 -7.69919e-07
5646.14 -5.44838e-09 6038.93 -2.547e-09 -0.0057606 0.000631737 -1.02027e-06
5438.98 -1.56878e-08 5821.52 -7.32848e-09 -0.0049053 0.000685287 -9.01878e-07
5628.6 -1.27791e-08 5996.94 -5.99707e-09 -0.00608754 0.000788706 -1.08154e-06
5716.49 1.32766e-08 6100.31 6.22062e-09 -0.00499964 0.000739167 -8.74599e-07
5850.52 1.86956e-09 6229.69 8.77884e-10 -0.00416621 0.000701528 -7.1211e-07
5464.78 -7.61533e-10 5860.7 -3.55044e-10 -0.00559653 0.000669215 -1.02411e-06
6124.11 -7.49618e-10 6498.69 -3.53205e-10 -0.00434826 0.000725651 -7.10023e-07
6406.81 -6.47946e-09 6821.02 -3.04299e-09 -0.00262526 0.000319567 -4.09761e-07
6802.28 1.32735e-08 7203.63 6.26697e-09 -0.00612393 0.000970226 -9.00277e-07
6015.27 -1.18086e-09 6435.64 -5.51865e-10 -0.00552916 0.000600224 -9.19189e-07
6126.36 -2.93657e-09 6540.45 -1.37533e-09 -0.00695487 0.000970562 -1.13524e-06
6342.49 -3.5683e-10 6743.16 -1.67814e-10 -0.00568032 0.000786264 -8.95598e-07
6070.69 5.58211e-09 6492.78 2.60961e-09 -0.00526591 0.000642144 -8.67432e-07
6661.38 -7.45642e-10 7088.81 -3.50341e-10 -0.00556341 0.000716775 -8.35173e-07
6171.59 -1.30773e-08 6564.12 -6.14764e-09 -0.00587999 0.000727561 -9.52751e-07
6491.53 -1.49618e-09 6901.03 -7.03698e-10 -0.00572023 0.000653209 -8.81183e-07
6173.78 -1.20259e-09 6573.92 -5.64697e-10 -0.00647967 0.000745542 -1.04955e-06
6408.78 -6.0483e-09 6831.25 -2.83713e-09 -0.00538607 0.000847132 -8.4042e-07
6071.73 -5.93819e-09 6511.71 -2.76848e-09 -0.00549973 0.000637664 -9.05794e-07
6469.29 -1.13264e-08 6896.6 -5.3123e-09 -0.00559869 0.000794074 -8.65425e-07
6107.78 2.1339e-09 6504.77 1.00183e-09 -0.00526504 0.000658207 -8.62022e-07
6153.95 -1.45084e-08 6558.4 -6.80681e-09 -0.00609558 0.000795462 -9.90515e-07
6004.03 1.07326e-09 6399.78 5.03444e-10 -0.0061389 0.000755882 -1.02246e-06
6842.54 2.32288e-10 7249.84 1.09619e-10 -0.00647627 0.000804264 -9.46472e-07
5989.39 -4.35911e-09 6416.64 -2.03443e-09 -0.00569233 0.000742601 -9.50402e-07
6360.35 -2.66529e-09 6782.58 -1.24968e-09 -0.00603526 0.000700359 -9.48889e-07
6376.5 -5.04478e-09 6790.94 -2.36845e-09 -0.00644543 0.000969816 -1.01081e-06
5840.34 7.92908e-09 6256.97 3.70055e-09 -0.00609097 0.000752793 -1.04291e-06
6186.38 -2.98882e-09 6610.09 -1.39862e-09 -0.00612371 0.000728587 -9.8987e-07
6059.04 -2.69881e-09 6471.38 -1.26342e-09 -0.00522504 0.000629851 -8.62355e-07
6476.81 2.63635e-08 6898.87 1.23753e-08 -0.00578576 0.000633081 -8.93304e-07
6548.64 -1.32851e-08 6959.26 -6.25062e-09 -0.00525743 0.000949161 -8.02828e-07
5816.83 3.08527e-09 6245.25 1.43681e-09 -0.00561459 0.000866016 -9.65231e-07
6361.52 -6.67191e-09 6771.72 -3.13388e-09 -0.00609904 0.000744555 -9.58739e-07
6699.56 8.14343e-09 7118.37 3.83216e-09 -0.00597576 0.000827373 -8.91964e-07
6461.55 -6.84582e-09 6874.59 -3.21725e-09 -0.00625433 0.000827576 -9.67931e-07
5368.42 7.54151e-09 5801.82 3.48908e-09 -0.00520587 0.000719829 -9.69721e-07
6463.62 -6.96211e-09 6883.59 -3.26867e-09 -0.00575953 0.000842953 -8.9107e-07
6587.01 -2.91061e-09 6989.16 -1.37157e-09 -0.00605008 0.0008023 -9.18486e-07
5980.08 9.71175e-09 6400.5 4.53692e-09 -0.00536412 0.000664245 -8.96997e-07
6089.3 -2.79712e-09 6508.65 -1.30845e-09 -0.00534542 0.000944387 -8.77837e-07
6444.73 -3.92594e-10 6874.9 -1.84014e-10 -0.00539918 0.000697562 -8.37767e-07
6261.54 -1.25606e-08 6672.63 -5.8934e-09 -0.00553823 0.000626354 -8.84485e-07
6498.2 6.29964e-09 6925.65 2.95541e-09 -0.00527546 0.000628947 -8.11835e-07
6539.57 -1.34446e-08 6967.56 -6.30939e-09 -0.00625669 0.000918532 -9.56743e-07
6266.67 -8.8145e-09 6678.07 -4.13575e-09 -0.00380617 0.000587792 -6.07368e-07
6192.16 -1.24412e-09 6607.69 -5.82939e-10 -0.00618518 0.000713024 -9.98873e-07
6568.9 1.997e-09 6992.34 9.38034e-10 -0.00598151 0.000708899 -9.10579e-07
6768.39 -8.46046e-09 7180.7 -3.98733e-09 -0.00515226 0.000671715 -7.61225e-07
6132.35 -2.9461e-09 6560.63 -1.37689e-09 -0.0060497 0.000678682 -9.86523e-07
6443.77 -7.32576e-09 6867.84 -3.43671e-09 -0.00604998 0.000678388 -9.38887e-07
5871.93 2.00343e-09 6285.3 9.35832e-10 -0.00473681 0.000680059 -8.06688e-07
6572.75 -5.97912e-09 6975.3 -2.81703e-09 -0.00525248 0.000835729 -7.9913e-07
6404.78 2.43202e-09 6817.24 1.14244e-09 -0.0056688 0.000977946 -8.85089e-07
6132.08 3.15958e-09 6555.82 1.47768e-09 -0.00530336 0.000864905 -8.64855e-07
6370.24 6.04532e-09 6785.56 2.83766e-09 -0.00609977 0.00069395 -9.57541e-07
5632.43 -2.04023e-09 6035.95 -9.51916e-10 -0.00612678 0.000789837 -1.08777e-06
5381.2 1.31659e-10 5800.88 6.1067e-11 -0.00491944 0.000689859 -9.1419e-07
5905.19 -1.90206e-08 6302.25 -8.9111e-09 -0.00683892 0.00120995 -1.15812e-06
6221.22 2.24355e-09 6616.77 1.05472e-09 -0.00654257 0.000727244 -1.05165e-06
6662.42 -1.44724e-08 7077.81 -6.81152e-09 -0.00543312 0.000675108 -8.15486e-07
6347.28 2.98271e-09 6761.37 1.40002e-09 -0.00598429 0.00069153 -9.42812e-07
5866.7 -1.42838e-09 6287.88 -6.66351e-10 -0.00544775 0.000661965 -9.2859e-07
5758.94 -1.49551e-08 6167.17 -6.98259e-09 -0.00525425 0.000808659 -9.12363e-07
5628.08 7.51429e-09 6016.98 3.51431e-09 -0.00632097 0.000707297 -1.12311e-06
5273.46 -1.18268e-08 5670.6 -5.49924e-09 -0.00580022 0.000750037 -1.09989e-06
6138.31 1.49605e-08 6524.18 7.03784e-09 -0.00586207 0.000630383 -9.54997e-07
6375.69 -1.07802e-08 6683.74 -5.14165e-09 -0.00579716 0.000688914 -9.0926e-07
6303.7 -6.46506e-09 6699.94 -3.04136e-09 -0.00574062 0.000622283 -9.10675e-07
5939.75 3.35547e-09 6331.02 1.57405e-09 -0.00504297 0.000588282 -8.49019e-07
6539.3 1.17467e-09 6946.16 5.52934e-10 -0.00496779 0.000554232 -7.59682e-07
6221.96 -1.99602e-09 6605.03 -9.40129e-10 -0.00632633 0.000730515 -1.01677e-06
6125.53 5.88158e-09 6431.57 2.80086e-09 -0.00549868 0.000768133 -8.97665e-07
6507.29 3.41029e-09 6914.75 1.60467e-09 -0.00469052 0.000695497 -7.2081e-07
5747.4 -1.02223e-08 6160.29 -4.76857e-09 -0.00453181 0.000766166 -7.88499e-07
6406.53 7.48917e-09 6814.4 3.52046e-09 -0.00585658 0.00063899 -9.14156e-07
5940.66 9.05001e-09 6330.32 4.24647e-09 -0.0056068 0.000948841 -9.43801e-07
6150.63 -1.12968e-08 6552.97 -5.30161e-09 -0.00644865 0.000746785 -1.04845e-06
5981 1.09993e-08 6383.64 5.15276e-09 -0.00614968 0.000834065 -1.0282e-06
6038.64 1.37748e-08 6430.93 6.46727e-09 -0.00625634 0.00087966 -1.03605e-06
5933.88 1.5764e-08 6331.44 7.38709e-09 -0.00523192 0.000686573 -8.81703e-07
5876.1 7.58579e-09 6282.9 3.54731e-09 -0.0053522 0.000682002 -9.10842e-07
4953.97 1.52725e-08 5335.27 7.09052e-09 -0.00649726 0.000852108 -1.31153e-06
6154.06 1.28943e-08 6564.84 6.04373e-09 -0.00536842 0.000885607 -8.72338e-07
5555.95 8.87819e-09 5956.57 4.14054e-09 -0.00562483 0.000646924 -1.0124e-06
5911.31 1.19192e-08 6314.53 5.57904e-09 -0.0051034 0.000776526 -8.63327e-07
5843.48 2.43803e-09 6225.19 1.14427e-09 -0.00507016 0.000849096 -8.67662e-07
6088.68 7.01142e-10 6486.75 3.29058e-10 -0.00516514 0.000888268 -8.48318e-07
5903.58 -7.26385e-09 6303.75 -3.40137e-09 -0.00551561 0.00077434 -9.34282e-07
5940.61 -9.44276e-09 6337.36 -4.4258e-09 -0.00654644 0.000782743 -1.10198e-06
5537.35 -2.40598e-09 5924.81 -1.12432e-09 -0.00634312 0.000839328 -1.14551e-06
5892.12 -1.267e-08 6284.18 -5.93976e-09 -0.00607487 0.000839617 -1.03102e-06
6014.1 6.62981e-09 6301.85 3.16354e-09 -0.00590154 0.000727155 -9.81284e-07
6046.3 1.23683e-08 6436.08 5.80963e-09 -0.0059055 0.000693359 -9.76713e-07
6317.66 1.10043e-08 6746.27 5.15256e-09 -0.00557838 0.000736862 -8.82982e-07
6308.03 -3.42046e-09 6718.26 -1.6058e-09 -0.00499298 0.000773351 -7.91527e-07
6865.91 3.08645e-09 7280.16 1.45541e-09 -0.00669284 0.000796688 -9.74793e-07
6785.41 1.14917e-08 7106.88 5.48597e-09 -0.00530671 0.000752757 -7.82076e-07
5832.83 -3.46536e-09 6239.73 -1.61969e-09 -0.00553641 0.00113643 -9.4918e-07
6765.06 1.25481e-08 6970.65 6.089e-09 -0.00593204 0.000792876 -8.76864e-07
6182.2 2.37764e-09 6607.91 1.11223e-09 -0.00530453 0.000698494 -8.58033e-07
5938.06 5.29194e-09 6383.17 2.46146e-09 -0.00447588 0.000710862 -7.53762e-07
6269.47 -5.19888e-09 6492.15 -2.51028e-09 -0.0061811 0.000868402 -9.85905e-07
6307.03 5.52173e-09 6729.22 2.58765e-09 -0.00676224 0.000793618 -1.07218e-06
5894.58 -5.84908e-09 6330.31 -2.72323e-09 -0.00463919 0.000881184 -7.87026e-07
6805.58 9.67223e-09 7214.31 4.56212e-09 -0.00508181 0.000829447 -7.46712e-07
6275.11 -1.07816e-08 6701.5 -5.04781e-09 -0.00514305 0.000629277 -8.19595e-07
6279.6 -2.11438e-08 6691.44 -9.92122e-09 -0.00604585 0.000813876 -9.62777e-07
6778.78 -5.03475e-09 7204.57 -2.3686e-09 -0.00562016 0.000836679 -8.29082e-07
6026.23 7.95069e-09 6444.91 3.7171e-09 -0.00569821 0.000796582 -9.45567e-07
6645.17 4.02696e-09 7064.35 1.89401e-09 -0.00492123 0.000698641 -7.40572e-07
6147.99 -6.23552e-09 6563.35 -2.92046e-09 -0.00552724 0.000925569 -8.99032e-07
6631.46 -3.2266e-09 7066.07 -1.51407e-09 -0.00556731 0.000855566 -8.39531e-07
6244.46 7.83989e-09 6651.75 3.67992e-09 -0.00583386 0.000768496 -9.34246e-07
5518.92 5.9087e-09 5941.05 2.74443e-09 -0.0052981 0.00062365 -9.59988e-07
6558.48 -5.28829e-09 6975.62 -2.48602e-09 -0.00478956 0.000695059 -7.30285e-07
6275.83 -7.23155e-09 6690.67 -3.39159e-09 -0.00582947 0.00079833 -9.28876e-07
6476.48 1.18003e-09 6897.86 5.53972e-10 -0.00574477 0.000805523 -8.8702e-07
5846.35 5.13559e-09 6275.07 2.39236e-09 -0.00574769 0.000745917 -9.83124e-07
5987.52 -1.75889e-08 6301.27 -8.35655e-09 -0.00534948 0.000764719 -8.93439e-07
6641.8 -1.92424e-09 7057.89 -9.054e-10 -0.00550689 0.00100044 -8.29126e-07
6442.35 -9.65717e-09 6875.19 -4.52459e-09 -0.0069495 0.000823289 -1.07872e-06
