7.802572601733803737e-02 1.509899813877790820e-02 -2.934047157046215659e-02 -6.378425258565201261e-02
7.819357072368049444e-02 1.819595979535737484e-02 -3.034642238159346306e-02 -6.604310813744707076e-02
9.041442467821347861e-02 1.880659210799340286e-02 -2.455766457426467042e-02 -8.466335221194221106e-02
6.825032071564152147e-02 1.668001899978133196e-02 -1.407087320144118081e-02 -7.085946651397811991e-02
9.598383396915988186e-02 2.510984029751028856e-02 -3.371106066067941498e-02 -8.738261360599075545e-02
7.034758821884246061e-02 1.792927355012263746e-02 -1.409547284197643080e-02 -7.418138892698955544e-02
9.909563290603085051e-02 3.508862830439518632e-02 -4.095675218759176062e-02 -9.322750902283516439e-02
8.267425346942491871e-02 3.650567813909955106e-02 -3.713074132480542744e-02 -8.204919028371993051e-02
8.305080462152325538e-02 1.320848582804412530e-02 -1.240547233023381324e-02 -8.385381811933267926e-02
8.925885534692934442e-02 4.018270122285727552e-02 -2.897453109858272313e-02 -1.004670254712047850e-01
8.271976419945659131e-02 2.465665360070889989e-02 -1.360348379161724353e-02 -9.377293400854647132e-02
9.153070311602995446e-02 3.588253628864190858e-02 -4.511358251167951749e-02 -8.229965689299056919e-02
1.067747430959684607e-01 3.901364471210211349e-02 -3.820943053764658259e-02 -1.075789572704222152e-01
8.804127530746175267e-02 3.265384769919155161e-02 -2.763897101313617100e-02 -9.305615199351446876e-02
9.988233046040839724e-02 2.192108354576749463e-02 -2.909424337857302589e-02 -9.270917062760464233e-02
7.800954331506382289e-02 3.514024827695472197e-02 -3.161582134568874380e-02 -8.153397024632980106e-02
1.008437225247229563e-01 2.060951609843542087e-02 -3.594235514940891107e-02 -8.551088347375035426e-02
7.957973543745744394e-02 2.486460089361042236e-02 -2.149786922335827910e-02 -8.294646710770692266e-02
8.739491864716164571e-02 2.223754762654550632e-02 -2.405824743123119447e-02 -8.557421884247418120e-02
6.757736283069082361e-02 2.947196024710141415e-02 -1.305645798033250315e-02 -8.399286509745973461e-02
9.905738861823909502e-02 3.243502421551625048e-02 -4.498172478745576797e-02 -8.651068804629780118e-02
7.707897059997925737e-02 1.701600893477017706e-02 -2.468686773694450665e-02 -6.940811179780315143e-02
8.586089144638808790e-02 3.478303625692458212e-02 -4.105642771954620684e-02 -7.958749998376823953e-02
7.772827717645469647e-02 3.006962037078952932e-02 -2.422808648398522280e-02 -8.356981106326166753e-02
8.646879558411857403e-02 3.151841361205676151e-02 -2.879074173285278704e-02 -8.919646746332432485e-02
7.206606385419433991e-02 3.914380643353521094e-02 -2.372641266375552505e-02 -8.748345762397136127e-02
8.647293314614401538e-02 3.559565971120459693e-02 -4.072884442761015578e-02 -8.133974842973756836e-02
8.092670177906580165e-02 5.068840163295984524e-02 -3.672043455521567523e-02 -9.489466885680997166e-02
1.027992882676089792e-01 2.262578764133404974e-02 -4.353019057718210405e-02 -8.189488533176092488e-02
8.302419448759046361e-02 3.246386566374503957e-02 -2.678339522669315187e-02 -8.870466492464235131e-02
8.809030603027334649e-02 2.215670026483262944e-02 -2.704123267177571677e-02 -8.320577362332759463e-02
6.848582176909001618e-02 3.202338739994203820e-02 -1.710922025704508798e-02 -8.339998891198696640e-02
7.703923117153799183e-02 1.545272864358704368e-02 -2.159988124450240576e-02 -7.089207857062085338e-02
7.447227298983527533e-02 3.690970840848262213e-02 -4.055121168148900779e-02 -7.083076971682800149e-02
7.174580493030457973e-02 3.285981977194118997e-02 -2.831586140713326927e-02 -7.628976329511250043e-02
7.330859504763598267e-02 2.949294221935971905e-02 -3.476527428095188554e-02 -6.803626298604470435e-02
7.678933012138156045e-02 5.290979510679605369e-02 -5.161485965574197365e-02 -7.808426557243652866e-02
8.099616083969607416e-02 3.803495965381920030e-02 -2.377576943697690126e-02 -9.525535105654192591e-02
8.584224431361420216e-02 2.921512768220324574e-02 -3.465214594013676930e-02 -8.040522605568156678e-02
6.930643383124479584e-02 1.393844651039266580e-02 -9.359255598427651535e-03 -7.388562474320714557e-02
5.519441602806463010e-02 2.116010271563428802e-02 -1.164213133769642639e-02 -6.471238740600249173e-02
6.417528273517092430e-02 2.709313383329714497e-02 -2.437396555883442062e-02 -6.689445100963453683e-02
6.718163259279741339e-02 2.643552889677103224e-02 -2.255013597610133758e-02 -7.106702551346621988e-02
8.192723485498021319e-02 2.461076733506040171e-02 -3.188125889783588462e-02 -7.465674329220739480e-02
7.191363272897266512e-02 3.705133728980669616e-02 -3.711205944222584208e-02 -7.185291057655440738e-02
8.449120304515034263e-02 3.348990133617579801e-02 -3.467335402418214585e-02 -8.330775035714133026e-02
7.180606138297651597e-02 3.360964874689553739e-02 -1.740077249276872351e-02 -8.801493763710332985e-02
6.734644372332798667e-02 2.321228626141280671e-02 -2.637366167432109165e-02 -6.418506831042058991e-02
9.270833743985473774e-02 2.018193867463935476e-02 -2.195801680137154932e-02 -9.093225931312076682e-02
8.684601541416991921e-02 3.266806936314381460e-02 -3.883692763762613964e-02 -8.067715713968492963e-02
6.338111574977478568e-02 3.517256550235270396e-02 -2.860533411214927213e-02 -6.994834713997732933e-02
8.088623912927594972e-02 1.319672991856624122e-02 -1.910851863299622977e-02 -7.497445041484418482e-02
9.810985942617289624e-02 3.161551868705725354e-02 -3.767498267744251450e-02 -9.205039543578763528e-02
8.131721927732993294e-02 1.973580607631753026e-02 -1.826728155975665402e-02 -8.278574379388992099e-02
6.978447966228795707e-02 2.741115792838577647e-02 -1.578497012858370852e-02 -8.141066746209002503e-02
6.997251002117632623e-02 2.182802346478140976e-02 -3.103084349087659177e-02 -6.076968999508380875e-02
7.502329933249551885e-02 4.004601216378045336e-02 -3.517595004074003384e-02 -7.989336145553771473e-02
5.591021196248568970e-02 1.510262091088776515e-02 -7.435928072590414217e-03 -6.357690480078570516e-02
7.066872623353415150e-02 2.931563345742471682e-02 -2.540703819909317929e-02 -7.457732149186480086e-02
1.046769051132496742e-01 2.340189554040428277e-02 -3.318905016548079345e-02 -9.488975048817316349e-02
6.612297135015321459e-02 2.463664296767031914e-02 -1.988265398076105583e-02 -7.087696033706336607e-02
7.407703787000041729e-02 3.125670739880526128e-02 -1.788145825103626407e-02 -8.745228701776852631e-02
7.529351278384854851e-02 3.287042310516952170e-02 -2.323285871944502645e-02 -8.493107716957482012e-02
7.558042106307283348e-02 3.733055018797060143e-02 -2.285740917984124820e-02 -9.005356207120129852e-02
8.298919586833797268e-02 1.830550952351472915e-02 -2.065855415548245588e-02 -8.063615123636935778e-02
7.596745874844490487e-02 2.000616815054989672e-02 -2.734338125231339234e-02 -6.863024564668407379e-02
7.775052556786388180e-02 2.049069801046332628e-02 -2.262037665926897034e-02 -7.562084691905912592e-02
8.648380427192048359e-02 3.131127375586650885e-02 -3.268811558266104811e-02 -8.510696244512683251e-02
9.027227190764453013e-02 2.295228273283544951e-02 -2.547078762101584459e-02 -8.775376701946502322e-02
7.035587190032188687e-02 2.800882971991924819e-02 -1.279583100567993625e-02 -8.556887061456119881e-02
7.458954777833071148e-02 3.042486747340777953e-02 -2.909834036422065395e-02 -7.591607488751694888e-02
9.421210350287712032e-02 2.623320897252590100e-02 -2.989297723039463506e-02 -9.055233524500660991e-02
8.875572473686421660e-02 2.730005451591299703e-02 -3.352756097440323657e-02 -8.252821827837486524e-02
8.959355403908197957e-02 3.705749268876434854e-02 -3.672197499126905740e-02 -8.992907173657727071e-02
8.287263750454698652e-02 1.688685932673017476e-02 -1.232287776897234011e-02 -8.743661906230393299e-02
1.019329860471103189e-01 1.720374923093803687e-02 -2.410624816514239654e-02 -9.503048711290773554e-02
8.007372223939857037e-02 1.963086962191162854e-02 -2.782699823973100450e-02 -7.187759362157919441e-02
7.121344715237754031e-02 3.320974533036213927e-02 -2.514445794675967960e-02 -7.927873453598088815e-02
7.123791819759528465e-02 2.381179145122214180e-02 -2.363261078853629016e-02 -7.141709886028024812e-02
8.342672697780439961e-02 2.533097901948799802e-02 -2.905221133787616594e-02 -7.970549465941534351e-02
8.341837630249493429e-02 1.638469737024816908e-02 -2.802720922392687442e-02 -7.177586444881711714e-02
1.022187004616057493e-01 1.656408696962863303e-02 -2.794739999860595958e-02 -9.083538743263019910e-02
9.482044391806443429e-02 2.807998320809179660e-02 -1.153976942589007848e-02 -1.113606577002688169e-01
7.502073612242288192e-02 3.823746817914308593e-02 -3.476621110420818894e-02 -7.849199319735866709e-02
7.045507626629365916e-02 2.398530661675124520e-02 -3.688281764671152985e-02 -5.755756523633515087e-02
7.954370300668589522e-02 2.860747207794211988e-02 -3.963838253500995279e-02 -6.851279254961717413e-02
5.911957978621806831e-02 3.172687032564347476e-02 -1.316335570295201762e-02 -7.768309440891130180e-02
7.664229681060952259e-02 2.717400608259712413e-02 -3.085372334092806312e-02 -7.296257955227680725e-02
8.727586181920266029e-02 9.659984465105964091e-03 -1.996984033749171772e-02 -7.696600594681601848e-02
6.634980836216097799e-02 3.466695560253718611e-02 -2.127782679525047627e-02 -7.973893716944679966e-02
6.801465682570206894e-02 3.125818918460865348e-02 -2.161799751180115692e-02 -7.765484849850778915e-02
8.424935201506489335e-02 3.024402630793243674e-02 -2.874544438407511393e-02 -8.574793393892132798e-02
8.363003328846296824e-02 1.395589264625751724e-02 -1.180170294857418867e-02 -8.578422298614540864e-02
7.411738382855403984e-02 1.284783564642388853e-02 -2.290361273465446601e-02 -6.406160674032346236e-02
7.335677441977939139e-02 3.352280936496931929e-02 -2.041726143533484361e-02 -8.646232234941741979e-02
7.733514059640178573e-02 2.633910045541565381e-02 -2.394805428556345817e-02 -7.972618676625398138e-02
6.953706057169295462e-02 2.425812763432233510e-02 -2.465051994125389001e-02 -6.914466826476228789e-02
8.975276555046729499e-02 2.237272784520616398e-02 -1.604762018410621494e-02 -9.607787321156724403e-02
7.831596745865621045e-02 2.644705421816695434e-02 -2.142718292798129198e-02 -8.333583874884276099e-02
8.468942766728826399e-02 2.823248927998633917e-02 -1.830798649299403280e-02 -9.461393045428323489e-02
7.822743163835887970e-02 1.454195078763476090e-02 -7.127410936505818029e-03 -8.564197148948604621e-02
8.135792471255332003e-02 2.774918370001877577e-02 -3.836429157125120781e-02 -7.074281684132266435e-02
8.482683613699038006e-02 2.853808409188296480e-02 -2.903271809773766421e-02 -8.433220213113479247e-02
7.175224258928647458e-02 2.599851212947257295e-02 -1.989456394541910811e-02 -7.785619077333727489e-02
8.201176460681036673e-02 3.297575474246716709e-02 -2.744176404999087993e-02 -8.754575529928576572e-02
8.336329073923831601e-02 3.426270484918614301e-02 -3.642503057110690889e-02 -8.120096501731488559e-02
8.181210138751104921e-02 2.722810955983145931e-02 -3.923155757914198460e-02 -6.980865336820318845e-02
8.857843463666537076e-02 1.753004574367711399e-02 -1.557560290821147220e-02 -9.053287747213012437e-02
7.672946966639404565e-02 1.481642897398849357e-02 -2.897132204305741254e-02 -6.257457659732423849e-02
8.600633369953136764e-02 3.272287673357698878e-02 -4.044821243574769909e-02 -7.828099799736065734e-02
9.581553873144965650e-02 2.706556598484510801e-02 -3.450714841606838945e-02 -8.837395630022726323e-02
1.001431894017255075e-01 2.091695339741317383e-02 -2.818476587601548289e-02 -9.287537692312319848e-02
7.647186768808378332e-02 2.664651572096676801e-02 -2.794322844307384202e-02 -7.517515496597493296e-02
7.587208263824507526e-02 1.641339671702635172e-02 -2.004493371394744372e-02 -7.224054564132664780e-02
8.845280026217139380e-02 3.092344080310205356e-02 -2.680804335796427296e-02 -9.256819770730828623e-02
9.150743236448199980e-02 3.008461169680032299e-02 -3.049517214162200673e-02 -9.109687191965853970e-02
6.298399851088642976e-02 9.662743922508987282e-03 -1.659318641780860304e-02 -5.605355601558681400e-02
7.350748216668456791e-02 2.218717075834408803e-02 -2.060462600981338710e-02 -7.509002691521704520e-02
9.852099511865741732e-02 2.213500493930009583e-02 -2.000505010330133615e-02 -1.006509499546588415e-01
8.079395203494232902e-02 3.933736910591179026e-02 -3.868313041185889034e-02 -8.144819072899345258e-02
7.637145731649308544e-02 2.451326218285831970e-02 -3.527849761646884019e-02 -6.560622188288256496e-02
8.949055954882556563e-02 2.575678218587906798e-02 -3.318906607868044034e-02 -8.205827565602419327e-02
8.114915158802915585e-02 2.340639908039410244e-02 -1.704814124478115644e-02 -8.750740942364032549e-02
9.003319680235755129e-02 2.447902073610208618e-02 -2.721555644227269255e-02 -8.729666109618694492e-02
8.166856231995733850e-02 2.873005893647295750e-02 -2.064752115912860120e-02 -8.975110009730435934e-02
9.541066344265125565e-02 2.999470331313958127e-02 -2.754436206473886983e-02 -9.786100469105107891e-02
8.389112799988929225e-02 1.758448643430376990e-02 -2.743430642963318178e-02 -7.404130800456165673e-02
8.303665400494608662e-02 3.124509052717883151e-02 -3.556446067845975278e-02 -7.871728385366427716e-02
8.595997975856928264e-02 1.980067665649887232e-02 -1.169127959066340594e-02 -9.406937682440386084e-02
8.058554384709459839e-02 2.828984583595506308e-02 -3.392556743400820807e-02 -7.494982224904234158e-02
9.742583731567311389e-02 3.921145220848298862e-02 -4.035187862514977297e-02 -9.628541089900810590e-02
7.290267687164053712e-02 3.157302695861030628e-02 -2.130152166211818354e-02 -8.317418216813265985e-02
9.456354718839943274e-02 3.034955171236219940e-02 -2.640404072048774253e-02 -9.850905818027477778e-02
9.014839647958083901e-02 3.475771840769859011e-02 -4.264839805251874338e-02 -8.225771683475890939e-02
9.616360321393546684e-02 2.410695649663185947e-02 -3.294148338564450995e-02 -8.732907632492370453e-02
9.586453465298561127e-02 3.021661012414700309e-02 -2.821243632868952744e-02 -9.786870844844663964e-02
9.148640885130721045e-02 2.484045639046961185e-02 -3.848480003574028530e-02 -7.784206520603742518e-02
1.015906599166189750e-01 9.118752097052151839e-03 -2.251027615301559592e-02 -8.819913586065553091e-02
8.861512769835666603e-02 4.009340498300595357e-02 -3.832648378975012093e-02 -9.038204889161427502e-02
9.865008881320669332e-02 2.965424480881218017e-02 -2.407729742386965910e-02 -1.042270361981501026e-01
9.346451402660616026e-02 3.815242115383021826e-02 -2.534620180606861339e-02 -1.062707333743695415e-01
9.988456184988692144e-02 2.073458503932634756e-02 -4.481922938011440039e-02 -7.579991750909886861e-02
9.761831747895222122e-02 1.722712732713649331e-02 -1.582987116623169044e-02 -9.901557363985524773e-02
8.785473862849091375e-02 4.471211061788604724e-02 -2.903986669732994130e-02 -1.035269825490452433e-01
9.927718997251755439e-02 2.010312251552637264e-02 -2.393611146938923184e-02 -9.544420101865647155e-02
6.161504517957450133e-02 1.771854847203258032e-02 -2.290937472825760324e-02 -5.642421892335036659e-02
1.016813532289226885e-01 3.479261086282292581e-02 -2.861022453960604395e-02 -1.078637395521395703e-01
1.091913939931625777e-01 2.643528573280740090e-02 -3.425420955898417219e-02 -1.013724701669858064e-01
1.053529792813554522e-01 2.716404209012246440e-02 -1.900643087639153350e-02 -1.135105904950872713e-01
8.879815688872660928e-02 2.622266014806751144e-02 -2.441126918545766245e-02 -9.060954785133290557e-02
8.532366047059891656e-02 3.383997447398723324e-02 -3.836069110073747623e-02 -8.080294384385133810e-02
6.974468188332760832e-02 2.015457282661881067e-02 -3.276717141646123821e-03 -8.662253756830029516e-02
9.520922409830223643e-02 3.737189113892203096e-02 -2.443763770244089528e-02 -1.081434775347833721e-01
1.065925322774825545e-01 1.069589178717933464e-02 -2.310238626593008604e-02 -9.418603779873002679e-02
7.945911603446020877e-02 3.185065353442428915e-02 -2.420756660238421176e-02 -8.710220296650206251e-02
9.684639568952135846e-02 3.673329851400808366e-02 -4.652239345576170138e-02 -8.705730074776596439e-02
2.759951555048623106e-02 7.798565506726085061e-03 -2.811015717589349094e-03 -3.258706533962563157e-02
9.077604762016200368e-02 1.585965252826504468e-02 -1.247433503769102003e-02 -9.416136511073780468e-02
7.626025505772737745e-02 3.500520345542845746e-02 -3.382859719140896004e-02 -7.743686132174776304e-02
8.061961017090002457e-02 2.914848938096348263e-02 -1.464259187593430767e-02 -9.512550767593097589e-02
9.973799399754756934e-02 3.316807739667027022e-02 -4.237150617834384292e-02 -9.053456521587222028e-02
9.404323817601145663e-02 2.167100009964784135e-02 -2.230732086408337977e-02 -9.340691741157236549e-02
9.543726307736388748e-02 4.088356708736640144e-02 -5.505282665304367384e-02 -8.126800351168483871e-02
8.831808442781419188e-02 2.463994413373971071e-02 -2.355895470784652446e-02 -8.939907385370737813e-02
9.699033683455660082e-02 2.532183007522270657e-02 -2.243373604947951350e-02 -9.987843086030068207e-02
9.692973685309791421e-02 3.165091449329260342e-02 -4.092841896878063324e-02 -8.765223237760810804e-02
9.653789916215416156e-02 1.103023198202635058e-02 -2.144046528907317395e-02 -8.612766585510911455e-02
8.045971306603583173e-02 4.173770472934634768e-02 -3.410440823031724022e-02 -8.809300956506405100e-02
8.120245216167809588e-02 3.928056582666883401e-02 -2.591479771424687328e-02 -9.456822027410094478e-02
7.407332828088275534e-02 4.146252850852061300e-02 -2.465371282346495718e-02 -9.088214396594107569e-02
8.371021222571251030e-02 3.149223715537807777e-02 -4.682941366785886572e-02 -6.837303571323349871e-02
7.516756715686589985e-02 4.264931020051498933e-02 -3.263632423027473806e-02 -8.518055312710615112e-02
6.834091724539703705e-02 3.431226609623472257e-02 -3.003599493477437932e-02 -7.261718840685649212e-02
1.030279537365608178e-01 3.497908593949361489e-02 -3.215845965145547325e-02 -1.058485800245998476e-01
1.114644842749026310e-01 2.766244013760932319e-02 -3.944222023206478411e-02 -9.968470418044628190e-02
8.774376904346414818e-02 2.708505086193113698e-02 -1.917083316049339459e-02 -9.565798674490277875e-02
7.404987275848284867e-02 2.177651985204587248e-02 -1.532628533157698314e-02 -8.050010727894996165e-02
9.499141964712976005e-02 4.419313874392205577e-02 -3.383901287765489485e-02 -1.053455455133933683e-01
8.341949193651210237e-02 3.587999675686148748e-02 -3.405930830767101014e-02 -8.524018038570080336e-02
9.621871300451534381e-02 3.814633062572703182e-02 -4.946536637534570957e-02 -8.489967725489666606e-02
9.609998501674965610e-02 1.802990968196471755e-02 -4.962910323219738018e-02 -6.450079146651610529e-02
8.081573051596357971e-02 3.487862877723824084e-02 -1.922941063069139034e-02 -9.646494866250776568e-02
8.023563788276977249e-02 2.635758234581508930e-02 -1.880179984613494781e-02 -8.779142038244813762e-02
1.021081067675160270e-01 2.851615328843770669e-02 -2.555497647305315922e-02 -1.050692835828987981e-01
7.796341147335006383e-02 3.788140924566274492e-02 -2.830930233736239643e-02 -8.753551838164952414e-02
8.398054528304932376e-02 2.846007158538643722e-02 -2.455409156703947104e-02 -8.788652530139540175e-02
8.785638709640775090e-02 1.462979407372877461e-02 -5.790050754108655440e-03 -9.669613041602698189e-02
9.565996998006642826e-02 3.427718649603228585e-02 -3.431560150125267938e-02 -9.562155497484781108e-02
9.458556734404321986e-02 3.444510570176717579e-02 -4.159492060726677209e-02 -8.743575243854451173e-02
1.065177680213249545e-01 3.132024497381102890e-02 -4.225547421590736263e-02 -9.558253877922862074e-02
8.970966203941710404e-02 4.324492808876811978e-02 -4.255619058236970176e-02 -9.039839954581463388e-02
8.636819683530649883e-02 3.720793699569924229e-02 -3.896444536888665766e-02 -8.461168846211997163e-02
7.780016422436020207e-02 3.345129702842619679e-02 -1.441581883061537894e-02 -9.683564242217101992e-02
1.014998977095178390e-01 3.083741262662265115e-02 -4.222661193095511578e-02 -9.011069840518537433e-02
1.021387609467403479e-01 4.128581070568948519e-02 -4.285975608057146502e-02 -1.005648155718583681e-01
1.019704013699289646e-01 3.387477620936518719e-02 -3.307805620332704422e-02 -1.027671213759671076e-01
1.032212369904543792e-01 2.279331499973658026e-02 -2.240661511864150413e-02 -1.036079368715503435e-01
7.632058235917416056e-02 3.860018973265244568e-02 -3.291199586980830816e-02 -8.200877622201740991e-02
1.017368006468615249e-01 2.719656146711546540e-02 -2.458124847868781160e-02 -1.043521136352874024e-01
9.812486792876295993e-02 1.745282433617578732e-02 -1.536265706541151133e-02 -1.002150351995254596e-01
8.079936558792955026e-02 2.939631150196220233e-02 -3.131091319389600613e-02 -7.888476389599752281e-02
7.453288488044496063e-02 2.731426250886581641e-02 -2.864826201928849514e-02 -7.319888537002405826e-02
9.666612622574533020e-02 2.886259705963833966e-02 -2.910133213718335554e-02 -9.642739114820120250e-02
9.249967947210091523e-02 2.657656419102050194e-02 -2.324384504410925700e-02 -9.583239861901304835e-02
8.162224295877340552e-02 3.267366760750789467e-02 -3.489717386505208907e-02 -7.939873670122921112e-02
8.375093365763142117e-02 2.530217108295129691e-02 -3.221948928794393652e-02 -7.683361545263522885e-02
8.571516338859819228e-02 2.105614732075800077e-02 -1.091396834032476448e-02 -9.585734236903054040e-02
8.173473708915057756e-02 2.577831938121466493e-02 -2.688745722123631055e-02 -8.062559924912982012e-02
8.073037827656470711e-02 2.842687555558676138e-02 -3.119708145887845063e-02 -7.796017237327035332e-02
9.325629716866412622e-02 1.461819023318522426e-02 -1.627564022322491866e-02 -9.159884717862443182e-02
1.001559837457977054e-01 1.935267821346453587e-02 -4.162339518189472898e-02 -7.788526677736573589e-02
7.277161246860064381e-02 1.674986625846752730e-02 -2.355153877109827931e-02 -6.596993995597077998e-02
8.810067522847120358e-02 3.403818148039317038e-02 -2.852919198385439614e-02 -9.360966472500908964e-02
9.125420150609375725e-02 3.159945658383911393e-02 -3.117229545388955358e-02 -9.168136263604509395e-02
9.238714423679361687e-02 1.426875833795904214e-02 -1.963230835897444848e-02 -8.702359421577732235e-02
9.932832336999286582e-02 4.323862437186232199e-02 -4.120213712316811439e-02 -1.013648106186861853e-01
8.418995976662468905e-02 8.948170602761429393e-03 -2.079543909157077763e-02 -7.234269127781711717e-02
9.035889552308340456e-02 4.210677658008865620e-02 -2.797797461803064323e-02 -1.044876974851431939e-01
7.653185178179366943e-02 2.715858403942483790e-02 -3.542874741633106339e-02 -6.826168840488477940e-02
7.976613000057763969e-02 1.971863712761479093e-02 -2.219268855328948575e-02 -7.729207857490649758e-02
8.240500603375888744e-02 2.300783170831621760e-02 -2.523166470698523511e-02 -8.018117303509075811e-02
8.408009129721971675e-02 3.576483446190881210e-02 -2.480437176917504871e-02 -9.504055398995259196e-02
8.656851854416647285e-02 3.755658406281714434e-02 -2.545614690682285186e-02 -9.866895570016076533e-02
7.967271787174290409e-02 2.658506531103643766e-02 -2.298159531709131898e-02 -8.327618786568713460e-02
7.609747083890727737e-02 3.793083533397734186e-02 -3.658303399828621849e-02 -7.744527217459840074e-02
9.051248143414181158e-02 3.506883673310401406e-02 -1.549396158276827862e-02 -1.100873565844766588e-01
8.324192643939820613e-02 2.277447336539939471e-02 -2.097065968702072070e-02 -8.504574011777954468e-02
8.545805045129561961e-02 1.971613626863888413e-02 -2.151880708771614081e-02 -8.365537963221836293e-02
7.818999212182387026e-02 3.362098943099489645e-02 -3.827582513660221508e-02 -7.353515641621832799e-02
6.357758022638915207e-02 3.469650866556950319e-02 -1.795840319845609656e-02 -8.031568569350167053e-02
8.454975140292919633e-02 3.832692091606304530e-02 -3.038579329222645953e-02 -9.249087902676667028e-02
7.175096269954472916e-02 2.907660098749964561e-02 -2.244880043792907287e-02 -7.837876324911796644e-02
7.652183269021950451e-02 4.871472177139146709e-02 -5.061423423619437756e-02 -7.462232022541570586e-02
6.350859364564165332e-02 3.116173314370218606e-02 -2.622816479771739040e-02 -6.844216199162822534e-02
7.306878277561867918e-02 2.925759066755251325e-02 -2.505955093016432045e-02 -7.726682251300687199e-02
8.497352884542230811e-02 2.844949504463833989e-02 -3.409647013602867816e-02 -7.932655375403374620e-02
9.051000115441976135e-02 2.377214158822837931e-02 -3.273293435027913034e-02 -8.154920839236723396e-02
9.423188019896588941e-02 7.457388241006057683e-03 -2.681599168015313950e-02 -7.487327675981969577e-02
8.036796441589189044e-02 3.025394743768927697e-02 -2.132549767039293442e-02 -8.929641418318823298e-02
8.566862697940624827e-02 3.156816224308744978e-02 -2.682072835107973674e-02 -9.041606087141396131e-02
8.059157612941891813e-02 3.412793734606278662e-02 -1.517345053839491698e-02 -9.954606293708501141e-02
7.608269669397937918e-02 3.187054611405493176e-02 -2.989969931354607979e-02 -7.805354349448911933e-02
7.976099346172382809e-02 2.750830954386618288e-02 -3.255094358732613102e-02 -7.471835941826654448e-02
7.481200643518004512e-02 2.898630203296992391e-02 -3.839476607388991880e-02 -6.540354239426005023e-02
7.873663379481143920e-02 3.720709327208382433e-02 -2.447032716591213131e-02 -9.147339990098224405e-02
7.249000753094492211e-02 2.871638274126109280e-02 -2.657413670639652281e-02 -7.463225356581126846e-02
7.502683376769958556e-02 2.445957947857024806e-02 -2.335356921876829972e-02 -7.613284402750153390e-02
6.798893739428280014e-02 2.092303079440060998e-02 -2.238315836677617909e-02 -6.652880982190811920e-02
8.227384378936353215e-02 2.658967488677888014e-02 -2.906105967506888987e-02 -7.980245900106908152e-02
8.823084903081745978e-02 1.891099670713192182e-02 -3.125859166864142225e-02 -7.588325406931062389e-02
7.616667691801470852e-02 3.792153451390856134e-02 -3.798475173377013903e-02 -7.610345969815401901e-02
7.522825404330557575e-02 4.275126185113986566e-02 -4.025170584551140962e-02 -7.772781004893136725e-02
7.725730870786229332e-02 5.139247433428817402e-02 -3.626325175117717237e-02 -9.238653129097063044e-02
1.065060323577453616e-01 3.056212917685385833e-02 -3.454162135796501332e-02 -1.025265401766333184e-01
7.201600303788335822e-02 2.623728286363213869e-02 -2.866186369164847036e-02 -6.959142220986702654e-02
8.347145832173730184e-02 2.346493572154439988e-02 -2.964108530647902029e-02 -7.729530873680179326e-02
8.726960161229513346e-02 1.776870420781762050e-02 -2.562471475840499835e-02 -7.941359106170686744e-02
6.929185516855440596e-02 2.788992671992485128e-02 -2.845878998213269284e-02 -6.872299190634745258e-02
7.120878500233374098e-02 3.076759348323943044e-02 -2.177637920185215847e-02 -8.019999928372278930e-02
7.777329281060563204e-02 3.085661488958191256e-02 -1.133316885965651721e-02 -9.729673884053013921e-02
6.119186364962203584e-02 2.869032888918887636e-02 -2.523960536056346626e-02 -6.464258717824655776e-02
8.227474447381588618e-02 2.893501750635429914e-02 -2.142184734175422989e-02 -8.978791463841773179e-02
6.380066529439520906e-02 3.754499753218176750e-02 -3.070077884972999271e-02 -7.064488397684787202e-02
9.522170713936350950e-02 2.239184433983254507e-02 -2.594854805188084867e-02 -9.166500342731520590e-02
6.962761177076703945e-02 2.995341811439899971e-02 -3.576357097179982958e-02 -6.381745891336620957e-02
7.674705389235914055e-02 3.220020589705185898e-02 -2.199929899999020222e-02 -8.694796078941724460e-02
8.335641536204718705e-02 2.087776149018782945e-02 -1.474690895810759628e-02 -8.948726789412653204e-02
7.957716886583465765e-02 2.246469856805788368e-02 -2.128712427498147264e-02 -8.075474315891106869e-02
5.380183400651272763e-02 3.782714023355815414e-02 -2.128287724511235268e-02 -7.034609699495586455e-02
6.916541232701689523e-02 2.795220448624924359e-02 -2.296350736427310579e-02 -7.415410944899214485e-02
6.765280334479673030e-02 1.692289834461213616e-02 -1.699832778091625585e-02 -6.757737390849438697e-02
8.626937164532488822e-02 3.206796956259516662e-02 -2.935232776447538328e-02 -8.898501344344289521e-02
6.793929134450138463e-02 3.050375739811528319e-02 -2.463432310746149767e-02 -7.380872563515161744e-02
6.841146043955781408e-02 3.382531589407555828e-02 -2.487055548713890119e-02 -7.736622084649358300e-02
7.711254865436689698e-02 3.462597397645428288e-02 -3.367216367622827278e-02 -7.806635895459557162e-02
8.580555397156253150e-02 3.131405589553803992e-02 -3.290665267643344549e-02 -8.421295719066890229e-02
8.401480088206447761e-02 2.122785276546501620e-02 -2.615117022778612466e-02 -7.909148341974248098e-02
7.833038332874409093e-02 2.925058631941457321e-02 -2.919595563646915082e-02 -7.838501401168862515e-02
7.094081804689178483e-02 1.562192367140102789e-02 -1.779824915946637276e-02 -6.876449255882732814e-02
5.778319887367189267e-02 2.100725038003758982e-02 -1.702473724265107791e-02 -6.176571201105751641e-02
7.983974410088379159e-02 2.439307079131225464e-02 -3.504385684722066685e-02 -6.918895804497360302e-02
6.940610445294748132e-02 2.976837631231887826e-02 -1.296586157153800656e-02 -8.620861919372924120e-02
8.051379617633003249e-02 3.382900200347105368e-02 -2.921911072272642684e-02 -8.512368745707821205e-02
8.001588145794436002e-02 1.793985049766266826e-02 -1.917697941023810415e-02 -7.877875254537158867e-02
6.784297227015745335e-02 3.081935181452788441e-02 -3.309531253499820025e-02 -6.556701154968713752e-02
8.070029585950155848e-02 3.009664176515158829e-02 -3.900152404435974773e-02 -7.179541358029073450e-02
8.016199257369027720e-02 3.621483921914148141e-02 -3.217789555176775451e-02 -8.419893624106489227e-02
7.282224008841620133e-02 3.418843762059609048e-02 -3.269815916796403599e-02 -7.431251854105003218e-02
6.353457682965313325e-02 1.933425754685114129e-02 -2.046237900256553388e-02 -6.240645537393785247e-02
7.053450343076850260e-02 1.382018940055651512e-02 -7.927002160948326548e-03 -7.642769067037935571e-02
9.301447446024457832e-02 3.993030107018658015e-02 -4.351354293799758466e-02 -8.943123259243535017e-02
7.824539790182694077e-02 1.765441586759664006e-02 -1.359595012114045431e-02 -8.230386364828135015e-02
7.640888183212801721e-02 1.700525708950983983e-02 -1.740869639679676339e-02 -7.600544252483931729e-02
5.502778800549812388e-02 3.784277855633888521e-02 -3.013118988766017026e-02 -6.273937667417683883e-02
7.207455225737557925e-02 2.261638599156068352e-02 -2.373768476597515331e-02 -7.095325348295933310e-02
8.545058192431209676e-02 3.163224147968612954e-02 -3.115497007343925873e-02 -8.592785333055452668e-02
9.001012185361467743e-02 3.092085356269880236e-02 -3.386954547107645652e-02 -8.706142994524057599e-02
6.699711340656211433e-02 2.988565961857148068e-02 -1.963326249111663202e-02 -7.724951053401696299e-02
8.415403627178275059e-02 2.689582082113961548e-02 -3.138258423446949053e-02 -7.966727285845109918e-02
8.170773384985796639e-02 2.571006712368006930e-02 -3.458247135336467437e-02 -7.283532962017602586e-02
8.026200502729441411e-02 1.745877776227899858e-02 -1.829702146173417532e-02 -7.942376132784190190e-02
8.738439552853627390e-02 2.255694374433847571e-02 -3.085557731843469043e-02 -7.908576195444094736e-02
7.470045741493436253e-02 2.356102739264542834e-02 -2.590586406379902229e-02 -7.235562074378254493e-02
7.864706226022111224e-02 3.380814484181016155e-02 -1.822271579287271237e-02 -9.423249130916122596e-02
8.931433924494047716e-02 3.358196286812020759e-02 -2.739153497513857616e-02 -9.550476713791944405e-02
7.383364978266016010e-02 2.465183307179774630e-02 -1.113460062728055533e-02 -8.735088222717646289e-02
7.721836730354514344e-02 2.129716391845626333e-02 -2.145444031078280744e-02 -7.706109091121771115e-02
8.411210992538187270e-02 2.287197870653212561e-02 -1.714599360546475992e-02 -8.983809502644923839e-02
8.607722602123057953e-02 1.921172691807004895e-02 -2.359497585845282686e-02 -8.169397708084780163e-02
7.920905538559797066e-02 3.128779295114814119e-02 -2.238386181282248089e-02 -8.811298652392629549e-02
7.603093360870261108e-02 2.901615552931335884e-02 -1.925087952672832614e-02 -8.579620961128764378e-02
7.013291397169041375e-02 2.851877018859561019e-02 -1.280741262238205280e-02 -8.584427153790485931e-02
7.808694350594436173e-02 2.933983988216048999e-02 -1.227105797997118941e-02 -9.515572540813543867e-02
7.721424183463021507e-02 2.296108258014051273e-02 -2.730860795580802858e-02 -7.286671645896447558e-02
8.377622570946829939e-02 3.448596318876173683e-02 -2.081262578631370985e-02 -9.744956311191543818e-02
9.046491402484591049e-02 4.348084796983275879e-02 -3.982337399538504741e-02 -9.412238799929539823e-02
9.803687593938992251e-02 2.349196495899619208e-02 -2.885958430467372438e-02 -9.266925659371416657e-02
9.391207145093893871e-02 1.401007537127707536e-02 -2.314126125291782188e-02 -8.478088556929641584e-02
7.855584162183504304e-02 1.091275301989824698e-02 -2.776276659037257843e-02 -6.170582805136248794e-02
8.403431930630755886e-02 2.464187919709281971e-02 -3.462720008276498618e-02 -7.404899842063450421e-02
7.582468247387819105e-02 3.409849737593884100e-02 -2.452649213451252308e-02 -8.539668771530184443e-02
8.988312608216908473e-02 2.254113926079881480e-02 -2.659274471613137791e-02 -8.583152062683652161e-02
6.479344048796242816e-02 2.658524136333362264e-02 -1.870599140971407337e-02 -7.267269044158375380e-02
5.382193371979226981e-02 2.972190319100853628e-02 -1.893191038290620298e-02 -6.461192652789282675e-02
6.658857153052455402e-02 2.245091525580278358e-02 -2.573078395153149955e-02 -6.330870283479406169e-02
7.772347124043754718e-02 3.513428282012842629e-02 -4.936614336440481310e-02 -6.349161069616293673e-02
7.423450503994555305e-02 2.135382428846721581e-02 -1.676113550332125612e-02 -7.882719382509151274e-02
8.066515859817879885e-02 3.211507536356261738e-02 -3.245060330956928141e-02 -8.032963065217302301e-02
8.962062148059590783e-02 2.722896865798496435e-02 -2.766757798549956959e-02 -8.918201215307863805e-02
6.839556488016995672e-02 2.996643015756195183e-02 -3.500374610291956401e-02 -6.335824893481056819e-02
7.817319982607884299e-02 3.363688023008926109e-02 -3.519848807137826441e-02 -7.661159198479072785e-02
8.502331213343961025e-02 3.345470414726747777e-02 -2.791702409983187749e-02 -9.056099218087343417e-02
8.052338544978621115e-02 2.295992749316955184e-02 -1.601309003376805151e-02 -8.747022290918859966e-02
7.072537307822290842e-02 3.240916729209875058e-02 -1.664985101944793655e-02 -8.648468935087549880e-02
6.953420644603802714e-02 2.442105471259381488e-02 -3.527634558897485562e-02 -5.867891556965787458e-02
9.755256765577424716e-02 1.890095574901806685e-02 -2.504579597704115201e-02 -9.140772742775382653e-02
8.923177538808779730e-02 1.863565693419033664e-02 -2.658693556802393942e-02 -8.128049675425419451e-02
7.608237084395241823e-02 2.983553259428006754e-02 -3.489543172350195732e-02 -7.102247171473141663e-02
8.439153565400925316e-02 3.225004893020599894e-02 -3.164627713895828975e-02 -8.499530744525696235e-02
7.198414370775019222e-02 4.633032539370152136e-02 -4.812856114952168696e-02 -7.018590795192736209e-02
7.430627456858740487e-02 3.084324481050781941e-02 -3.226532155885131203e-02 -7.288419782024035953e-02
7.002276820910591226e-02 3.467001242284961648e-02 -1.995674393746416087e-02 -8.473603669449225606e-02
7.620354000620643831e-02 3.035711435816246251e-02 -2.202477022840376719e-02 -8.453588413596513362e-02
8.014754212412977807e-02 3.331614764705292941e-02 -3.515798586949703264e-02 -7.830570390168567485e-02
7.563502573702596266e-02 2.628048625445522646e-02 -3.000470865552529176e-02 -7.191080333595678553e-02
8.379153976168662865e-02 8.442975960599063967e-03 -2.245701010838097034e-02 -6.977750561390472228e-02
8.450054401252504732e-02 2.146160029407706560e-02 -3.355034817352642307e-02 -7.241179613307568985e-02
8.112905791756208629e-02 2.936359241559749478e-02 -2.292661550082009114e-02 -8.756603483234037810e-02
7.368204825695645610e-02 2.217498497945857849e-02 -1.380789310667918102e-02 -8.204914012973674176e-02
8.321998499134330984e-02 4.103977780387069174e-02 -4.483865886260574030e-02 -7.942110393261003765e-02
8.933409034390926706e-02 2.927918777495097657e-02 -3.058818875664393033e-02 -8.802508936221542513e-02
8.207469713569182090e-02 1.984637870305583363e-02 -2.583107896379566171e-02 -7.608999687495110464e-02
8.576524588018319406e-02 2.197455958774519047e-02 -3.544861819929501223e-02 -7.229118726863248412e-02
8.330036795100337343e-02 2.857871379108178900e-02 -4.566474112744245417e-02 -6.621434061464359644e-02
8.272866028890213386e-02 3.091645815974874978e-02 -2.973678047805794478e-02 -8.390833797059382704e-02
8.000406210631183512e-02 1.670526838873964692e-02 -1.290372283667107212e-02 -8.380560765837774539e-02
7.444308066607874252e-02 1.769480246411259117e-02 -9.776266918119169702e-03 -8.236161621207127581e-02
7.195728536800327646e-02 1.725923130429407593e-02 -9.095831319228864231e-03 -8.012068535306759998e-02
8.000994179593590161e-02 2.603330037749795878e-02 -2.664838589580220685e-02 -7.939485627763076536e-02
7.149008288516522924e-02 3.672980052667451645e-02 -2.392831125550998195e-02 -8.429157215632709921e-02
7.488200730139737971e-02 2.396418817628731546e-02 -8.576110549229909452e-03 -9.027008492845389753e-02
6.933987194880053551e-02 2.091354482517626678e-02 -1.551444406606350412e-02 -7.473897270791329817e-02
6.879095456683170795e-02 2.568308253406481612e-02 -1.065170183213481891e-02 -8.382233526876170515e-02
7.541053307591560895e-02 4.496705181289772923e-02 -3.139329180112770956e-02 -8.898429308768474044e-02
7.909522763071130669e-02 1.652806231137748938e-02 -2.406559610533598459e-02 -7.155769383675192330e-02
7.233004887743543776e-02 3.271307645830567878e-02 -3.328698560040077581e-02 -7.175613973534389345e-02
7.836756788865884005e-02 7.148698638135719818e-03 -3.003519476226657048e-02 -5.548107176452976574e-02
7.293846422758942794e-02 2.890721581911837035e-02 -2.802359745706350935e-02 -7.382208258964517711e-02
7.318549288465092673e-02 3.673568224665046955e-02 -3.240885184492636739e-02 -7.751232328637502889e-02
8.011181306532044744e-02 3.496465620933975060e-02 -3.810440800346359680e-02 -7.697206127119571306e-02
8.384150877831864079e-02 3.039507642935923570e-03 -1.436778180515396741e-02 -7.251323461610059695e-02
7.497404783518835103e-02 2.113171909131317250e-02 -2.981117232971897124e-02 -6.629459459678077593e-02
8.304901885386328786e-02 1.341775248414212030e-02 -1.508669240426296909e-02 -8.138007893374155088e-02
6.902812887468279257e-02 2.263926519213210753e-02 -1.710653517598714757e-02 -7.456085889082597618e-02
9.505335011663973432e-02 1.150845434193570327e-02 -2.585314302927432806e-02 -8.070866142930022136e-02
7.438592195477955471e-02 3.194796274531874758e-02 -2.372921566839547580e-02 -8.260466903170105013e-02
8.064427993417311313e-02 4.132108662910649599e-02 -4.167536508866298561e-02 -8.029000147461484715e-02
5.682171974740946041e-02 2.415926089227227180e-02 -1.394908989503385044e-02 -6.703189074464610542e-02
9.266471701522416282e-02 2.075417651568667310e-02 -1.905384013932476250e-02 -9.436505339158784977e-02
9.187168205095286311e-02 1.464289586724554226e-02 -1.109472895950336380e-02 -9.541984895869504157e-02
8.310583717206210252e-02 3.176963419897305130e-02 -2.307223159465632278e-02 -9.180323977638060740e-02
8.970521166275879921e-02 2.322029924466662010e-02 -3.605878773204373999e-02 -7.686672317537901478e-02
9.195400799190256436e-02 3.655041746050002871e-02 -3.325779791756566794e-02 -9.524662753483781330e-02
6.838511383274781252e-02 3.556723929693816899e-02 -3.360075864336220519e-02 -7.035159448632199997e-02
8.648671366200222366e-02 2.874073228099938149e-02 -3.477358941892827460e-02 -8.045385652407688326e-02
8.039106472080970178e-02 2.561406773678154281e-02 -2.875325079774349035e-02 -7.725188165984686606e-02
8.724737277440386407e-02 2.719624179798163510e-02 -2.743989516002987017e-02 -8.700371941235740536e-02
7.953191333904108262e-02 4.524738004896633470e-02 -4.101343573149840438e-02 -8.376585765650723658e-02
8.494254700795611512e-02 2.917053738007702179e-02 -3.394558311923479010e-02 -8.016750126880189953e-02
9.178183733942013589e-02 3.104444124963645635e-02 -3.669219100140086454e-02 -8.613408758765572770e-02
8.309484091565977337e-02 3.261997817628348173e-02 -2.287847783259167045e-02 -9.283634125935158465e-02
8.665612691586588312e-02 3.053724378577449272e-02 -3.807306766085449823e-02 -7.912030304078321308e-02
8.222702355621791526e-02 2.389194753660106585e-02 -2.226402769169588680e-02 -8.385494340112398248e-02
5.945277742407650834e-02 1.307889324350597349e-02 -5.601962782807667907e-03 -6.692970788477570210e-02
8.369196435795522859e-02 3.612206192327960252e-02 -4.186236944654986303e-02 -7.795165683468585627e-02
8.356227097059676368e-02 3.558462969611575488e-02 -3.761121580124093811e-02 -8.153568486547335681e-02
7.419148215771187438e-02 3.453029669601015428e-02 -2.462077614590096886e-02 -8.410100270782017162e-02
8.001631142343157421e-02 2.604261655125572616e-02 -2.980014914029371909e-02 -7.625877883439358129e-02
8.704155748314157393e-02 3.136140437324996810e-02 -4.836636432549124009e-02 -7.003659753090030193e-02
7.636435268989139047e-02 3.128624681029279486e-02 -2.640802928110730363e-02 -8.124257021907599352e-02
7.660808995031409552e-02 2.067373057502575051e-02 -1.940803252915568322e-02 -7.787378799618416281e-02
9.445858996909706207e-02 2.300897835512305534e-02 -4.337145752188842351e-02 -7.409611080233258207e-02
7.826562205042808529e-02 2.538118670252398346e-02 -2.417808543398614063e-02 -7.946872331896592812e-02
7.035404156682378840e-02 2.646088239200050651e-02 -2.604179207684875763e-02 -7.077313188197731364e-02
7.807633078093179080e-02 3.314221920981985647e-02 -2.544512677610377693e-02 -8.577342321464964670e-02
7.863533017612756026e-02 4.130013575604252196e-02 -2.964698496135476091e-02 -9.028848097081443314e-02
6.921148061164306142e-02 2.496256222209147779e-02 -1.724962687092013169e-02 -7.692441596281440752e-02
9.217316486522886265e-02 2.651859347751361895e-02 -1.418043661267276434e-02 -1.045113217300688291e-01
7.962962707415499608e-02 2.789605769738479069e-02 -3.829398222117852413e-02 -6.923170255036392717e-02
8.759976092405441506e-02 3.362134536507888072e-02 -4.326358356399762073e-02 -7.795752272513478687e-02
8.499646826201434635e-02 2.557452266548221331e-02 -3.671816068280531198e-02 -7.385283024468769497e-02
8.217615273923151165e-02 3.127921686089507602e-02 -3.094266932630329592e-02 -8.251270027382417993e-02
7.823625757440932915e-02 1.967221562149834568e-02 -2.302183883338404513e-02 -7.488663436252274153e-02
6.853826499006032691e-02 3.628994306690813687e-02 -2.804045082145822931e-02 -7.678775723550934629e-02
7.416622747818557571e-02 2.215232441492442916e-02 -3.176195758001387759e-02 -6.455659431309435092e-02
7.651987321507913720e-02 2.006182031549919031e-02 -1.838129905950403042e-02 -7.820039447107518527e-02
8.902819772571035628e-02 3.351098987325951128e-02 -3.570626982084501577e-02 -8.683291777812485179e-02
8.670894373409421263e-02 2.985159941210557832e-02 -3.867754529488021120e-02 -7.788299785132046793e-02
6.967215547347826998e-02 3.078312911823832820e-02 -2.983357155810129058e-02 -7.062171303361708397e-02
7.715204700907474233e-02 2.346816908027626880e-02 -2.377165848051809860e-02 -7.684855760883202436e-02
8.913482701304875633e-02 2.563342088758080450e-02 -3.180895747631851123e-02 -8.295929042431282596e-02
9.430591944500932300e-02 2.252515772368557379e-02 -2.850454618579778554e-02 -8.832653098289799942e-02
8.905107769414222219e-02 3.020288950235183734e-02 -3.896746002929507569e-02 -8.028650716719631930e-02
9.737407666379560567e-02 1.657197203372628991e-02 -1.967930965073971805e-02 -9.426673904678128935e-02
7.512672521026964034e-02 3.307063604187199246e-02 -3.315958437148935900e-02 -7.503777688065049745e-02
7.689814635506753149e-02 3.245520695493908647e-02 -2.375502518806271723e-02 -8.559832812194478890e-02
8.597625933595676173e-02 3.023115111921814702e-02 -2.288745706860062512e-02 -9.331995338657605998e-02
8.108286353115712330e-02 2.836130876170095405e-02 -3.313872088574765229e-02 -7.630545140710864871e-02
9.278726740570242271e-02 3.825637049026120451e-02 -2.010640463946522516e-02 -1.109372332564984021e-01
9.180347236824193402e-02 1.720177517415955037e-02 -3.076419617745873580e-02 -7.824105136494097223e-02
8.282015774745943304e-02 3.203469405807979342e-02 -2.309255780101970856e-02 -9.176229400451951790e-02
9.243150172921854590e-02 3.761002099945809363e-02 -3.964744480187931686e-02 -9.039407792679821085e-02
7.850846053013338377e-02 2.464539967950596377e-02 -1.540673380088630751e-02 -8.774712640875481640e-02
9.721313549437216039e-02 2.351572643955357478e-02 -2.860416755440819969e-02 -9.212469437951664730e-02
8.189050939927433603e-02 3.416458454483262130e-02 -3.221835296076669408e-02 -8.383674098334115143e-02
8.375672636132680537e-02 3.516965677462557949e-02 -1.786501871357248916e-02 -1.010613644223807839e-01
8.026684435541842078e-02 2.827318876718809548e-02 -4.003871588286678218e-02 -6.850131723973973408e-02
7.832519899893242155e-02 2.722340144987889232e-02 -3.068396690484664902e-02 -7.486463354396644121e-02
6.494602138101868150e-02 2.537783290467832131e-02 -2.913567028950669879e-02 -6.118818399619208037e-02
9.090884838953261493e-02 3.444365363054746609e-02 -3.600639695005103391e-02 -8.934610507002638258e-02
9.651313118146020997e-02 1.432572870361781270e-02 -3.015377780993411250e-02 -8.068508207514479835e-02
8.923408202054705640e-02 3.617647670867896181e-02 -2.444931348927870118e-02 -1.009612452399473170e-01
8.444393807539096741e-02 3.603596595553870685e-02 -2.966461241962115025e-02 -9.081529161131207672e-02
9.799335140433829139e-02 3.703789276800151242e-03 -3.561754742226685977e-02 -6.607959325887158286e-02
7.719496302256345643e-02 2.402380140027826627e-02 -1.966178715197131055e-02 -8.155697727087130033e-02
7.976175692191134203e-02 2.954705560326775782e-02 -2.574098302689620255e-02 -8.356782949828023277e-02
7.761738344184632155e-02 3.062841622191303514e-02 -2.116617915360752278e-02 -8.707962051015094573e-02
6.304824849202717019e-02 4.381836312829090474e-02 -3.664829826116555722e-02 -7.021831335915340588e-02
7.422391606326517177e-02 2.158023166207811983e-02 -2.129473491924471773e-02 -7.450941280609768569e-02
6.781946655742654428e-02 2.480724893105801243e-02 -1.996279141680368241e-02 -7.266392407168087431e-02
7.282881560975784652e-02 2.989415788229532467e-02 -3.403980474614431984e-02 -6.868316874590973953e-02
8.339424754408586438e-02 3.237120893048839321e-02 -3.276132890839367207e-02 -8.300412756618058552e-02
7.313486692068238426e-02 2.815545813731379354e-02 -2.513946999235372459e-02 -7.615085506564245321e-02
8.118507881407310833e-02 3.604940253837973785e-02 -2.963681709288756849e-02 -8.759766425956527769e-02
6.968578436785488606e-02 3.289828201466438173e-02 -2.095197692665617950e-02 -8.163208945586220011e-02
7.270056208559516620e-02 2.237610746310902954e-02 -3.261325803390047184e-02 -6.246341151480194753e-02
6.949227531466739549e-02 2.175792571158030597e-02 -2.102041849710456489e-02 -7.022978252914313657e-02
9.013942933798269053e-02 2.759478107022417248e-02 -4.319473022487407832e-02 -7.453948018333456105e-02
7.634858759001428297e-02 2.542418584213468336e-02 -3.047277031912631884e-02 -7.130000311302353566e-02
9.154053299266085020e-02 2.666776874834386746e-02 -4.785805384701191656e-02 -7.035024789399102474e-02
7.224381577908101093e-02 4.228033585885349055e-02 -2.897379950703005136e-02 -8.555035213090356194e-02
6.895280676896842209e-02 2.760754016478461637e-02 -2.497889210437342911e-02 -7.158145482938138571e-02
6.804279264674750749e-02 3.590864273271865414e-02 -3.570130825704342925e-02 -6.825012712242450874e-02
8.063465165304606330e-02 3.654143310994850680e-02 -3.448083135519741660e-02 -8.269525340779804168e-02
9.171181385594984192e-02 1.603565159966358067e-02 -2.337119738689708015e-02 -8.437626806871634244e-02
7.741631782136781936e-02 3.138589974707528540e-02 -2.344952294566926554e-02 -8.535269462277295105e-02
7.613584862444522372e-02 2.135611010774596252e-02 -2.015310135147085902e-02 -7.733885738072121541e-02
7.263147889597298956e-02 3.619606348738280133e-02 -3.988535071406928978e-02 -6.894219166928827747e-02
7.888906155704855649e-02 3.432391795250033795e-02 -3.177085128494194777e-02 -8.144212822460605850e-02
8.396418019805640398e-02 2.036778021003726735e-02 -3.004423971583225494e-02 -7.428772069226496910e-02
7.833339571820197023e-02 2.492329575210572301e-02 -3.525987199015379048e-02 -6.799681948015567912e-02
7.714780426165646077e-02 2.272409215545856398e-02 -2.029759979239642576e-02 -7.957429662472037535e-02
7.927396951165643912e-02 2.198304780739768205e-02 -2.200103044554069243e-02 -7.925598687351431693e-02
6.782781781537927657e-02 2.626231287846092499e-02 -2.099727287418673427e-02 -7.309285781965435547e-02
6.832798176950483082e-02 1.148193561733545920e-02 -1.568377532384168660e-02 -6.412614206299949160e-02
8.468420928380204771e-02 4.313910206002002923e-02 -3.784329105558104089e-02 -8.998002028824281240e-02
7.538512752303727638e-02 3.427600371485084452e-02 -2.744121882295580406e-02 -8.221991241493231684e-02
7.077383823202065827e-02 2.570577139647411968e-02 -2.102415516152511543e-02 -7.545545446696788616e-02
6.451085808877365935e-02 2.190469898181213182e-02 -2.095039595729364379e-02 -6.546516111329303556e-02
8.095226143904810101e-02 2.479627242863013947e-02 -2.617461870131787549e-02 -7.957391516636214135e-02
6.475272737324377914e-02 2.547123069461054712e-02 -1.672091276830034445e-02 -7.350304529955486998e-02
7.503418816929485757e-02 2.421065325905935595e-02 -1.686460488171537264e-02 -8.238023654664061723e-02
8.098924163517917663e-02 3.117312603409150285e-02 -2.649248883240495900e-02 -8.566987883686660865e-02
6.603610400641368727e-02 3.490759868145598688e-02 -3.038820590347235395e-02 -7.055549678440087291e-02
7.048682333991962423e-02 4.019615899083373023e-02 -3.460478560743673881e-02 -7.607819672331750382e-02
7.252592627745713116e-02 2.847194488801019219e-02 -4.076891807468729922e-02 -6.022895309078091231e-02
8.316703282693449495e-02 3.832307377136245918e-02 -2.898129894095280434e-02 -9.250880765734237343e-02
8.333515467863872317e-02 4.183726497782824794e-02 -4.413991777359793645e-02 -8.103250188287169919e-02
6.717274514129289997e-02 3.161815853261895626e-02 -2.440894994870301815e-02 -7.438195372520972626e-02
7.406382160353786048e-02 3.718682643333526272e-02 -2.761120230080393867e-02 -8.363944573607184907e-02
7.433442175063831314e-02 3.009121074468446011e-02 -1.866415893660544612e-02 -8.576147355871821532e-02
5.659594138365520166e-02 2.879686971788597560e-02 -2.392510771367639677e-02 -6.146770338786389232e-02
7.619313842232511291e-02 2.580643563034179522e-02 -3.373716156820094625e-02 -6.826241248446329735e-02
7.728311256380759886e-02 1.885436455980293857e-02 -1.896635203678709303e-02 -7.717112508682344441e-02
7.949436553158673036e-02 2.824883633059283028e-02 -1.748748185652626574e-02 -9.025572000565329489e-02
8.189075189933792132e-02 3.467539643485118006e-02 -2.915351120460663026e-02 -8.741263712958424748e-02
6.949520266037634286e-02 2.245620933377256989e-02 -3.725044102724339723e-03 -8.822636789142279667e-02
8.117299173920500266e-02 2.033904307027345482e-02 -4.438726709459217545e-03 -9.707330810001923993e-02
7.429163878467370807e-02 2.714805242617668313e-02 -3.066759460615298138e-02 -7.077209660469474528e-02
7.796687184399164749e-02 2.021252246328586466e-02 -2.740247154887143211e-02 -7.077692275840696823e-02
8.245320680580103812e-02 2.143647925521996456e-02 -1.451119171014081388e-02 -8.937849435088196515e-02
8.612181177270983312e-02 1.531181921398072632e-02 -3.349537095778476470e-02 -6.793826002890579474e-02
8.163665043624668272e-02 2.415626264118397870e-02 -2.767064776848027208e-02 -7.812226530894950116e-02
6.417716989473376543e-02 1.102214844468196731e-02 -2.485805758760051276e-02 -5.034126075181255544e-02
6.909582230104671652e-02 4.014321358216221824e-02 -3.358976001667457467e-02 -7.564927586653347191e-02
8.376567260010059357e-02 2.791219271491218734e-02 -2.252354676663781419e-02 -8.915431854837496672e-02
9.233233486549696778e-02 2.041195049883537393e-02 -2.856883115281227958e-02 -8.417545421151917395e-02
8.322080982039992136e-02 2.527833072873608700e-02 -2.831421781081733258e-02 -8.018492273831601125e-02
7.830839815944568016e-02 2.951527508075546535e-02 -2.545993820981529154e-02 -8.236373503038407762e-02
6.478575167911415633e-02 2.479118681110570321e-02 -2.918402841721068341e-02 -6.039291007300828795e-02
8.344452343014285844e-02 2.085216407664081117e-02 -2.318686076344622649e-02 -8.110982674333833131e-02
7.920889634195571460e-02 3.517701071755574560e-02 -3.220549637717606828e-02 -8.218041068233361557e-02
8.920511920682017148e-02 3.154515955671666205e-02 -2.967416433804359599e-02 -9.107611442549323755e-02
8.172327102568477386e-02 4.436328578845927240e-02 -4.075493265442897695e-02 -8.533162415971506931e-02
9.597556073241886310e-02 3.576439095309869032e-02 -2.067507782212452128e-02 -1.110648738633921440e-01
8.275337300351104375e-02 2.521877011195261531e-02 -3.848085201877449180e-02 -6.949129109669005544e-02
8.409424212748906058e-02 4.621066202202328554e-02 -2.936475577031938400e-02 -1.009401483791920739e-01
8.665647802177822712e-02 3.547616009381915347e-02 -3.977478472963724698e-02 -8.235785338595746907e-02
8.227377554640469270e-02 3.694696940594432988e-02 -2.383558547876596379e-02 -9.538515947358483515e-02
8.203732854528844598e-02 2.522379013162190375e-02 -1.415869762646959629e-02 -9.310242105044164163e-02
7.882387996762929561e-02 2.619281423831143485e-02 -1.775344018539648516e-02 -8.726325402054246894e-02
7.247883620856576670e-02 2.381027385035583421e-02 -1.982868365301460045e-02 -7.646042640590700046e-02
8.359502346212721591e-02 3.276049507346900924e-02 -4.220743067579846297e-02 -7.414808785979953853e-02
7.525686602482739573e-02 1.958280985168414645e-02 -2.456145358140737756e-02 -7.027822229510416463e-02
7.402761716956884896e-02 4.661983257081558918e-02 -3.909102487629301237e-02 -8.155642486408964942e-02
6.943726287269402775e-02 2.167551860821248511e-02 -2.117359378711025641e-02 -6.993918769379536826e-02
9.397174894516258092e-02 4.592882107023754656e-02 -3.576051074248809414e-02 -1.041400592729120334e-01
9.842721661957298807e-02 2.743378906798543682e-02 -3.543862401389485939e-02 -9.042238167366356549e-02
9.610964151723155879e-02 2.333062606986935350e-02 -2.406266973664550335e-02 -9.537759785045540895e-02
5.428457296011401922e-02 3.796956891378666654e-02 -2.805195870121757196e-02 -6.420218317268311381e-02
6.941741813674351391e-02 2.974054054303199024e-02 -2.561710334927447263e-02 -7.354085533050014334e-02
1.104711194028906718e-01 2.776470324791535660e-02 -2.181500908544808937e-02 -1.164208135653570508e-01
7.237616735588936479e-02 3.221827869709237291e-02 -2.404908850749798432e-02 -8.054535754548375337e-02
8.870168645617404479e-02 1.768570073703479295e-02 -2.804723758841198844e-02 -7.834014960479773748e-02
9.992779916893024250e-02 3.120266402997096122e-02 -2.015593385245129099e-02 -1.109745293464490246e-01
8.099044503038044240e-02 2.974807099770337970e-02 -2.141309818451908598e-02 -8.932541784356651249e-02
8.379135894486999803e-02 4.518190460639370798e-02 -3.137429653158907428e-02 -9.759896701967374355e-02
9.087675032346265169e-02 2.896976749508084481e-02 -3.428360327109292172e-02 -8.556291454745146297e-02
9.640067848673705697e-02 3.333382084073477358e-02 -3.862152933350415651e-02 -9.111296999396678586e-02
1.022998430434505224e-01 4.561824477517095744e-02 -4.588355818684508591e-02 -1.020345296317772821e-01
4.512254908314705659e-02 2.639288850353782578e-02 -1.595720370091768814e-02 -5.555823388576630606e-02
1.050244469318686313e-01 4.782092045056618446e-02 -4.505913280413142985e-02 -1.077862345783024978e-01
8.208549226885075711e-02 2.671357584045619404e-02 -3.757740146463106612e-02 -7.122166664467499686e-02
8.297398448849513386e-02 3.690900004951824798e-02 -2.653748358987595424e-02 -9.334550094813742760e-02
9.052652747552425438e-02 3.100220605540826568e-02 -2.726146674549401183e-02 -9.426726678543762006e-02
9.244094285953163848e-02 2.340573655010746990e-02 -3.576564990172315106e-02 -8.008102950791684549e-02
9.644577566821332937e-02 3.881913705556083727e-02 -3.168482107640446799e-02 -1.035800916473714750e-01
9.125981592975218604e-02 3.490470509081422534e-02 -2.487188208269319745e-02 -1.012926389378723258e-01
9.738297653528338316e-02 2.030708194950658907e-02 -3.110897575997384479e-02 -8.658108272481523926e-02
9.988124689095201347e-02 1.830732845837257372e-02 -2.511988513517593447e-02 -9.306869021414954091e-02
7.022704737963270105e-02 3.342439715042289095e-02 -2.544474285403985903e-02 -7.820670167601484479e-02
7.148271094135250081e-02 2.681457445890256253e-02 -1.152166854732339374e-02 -8.677561685293344595e-02
7.643252055248961341e-02 3.804287779489268218e-02 -2.670614367266921363e-02 -8.776925467471130560e-02
6.562399138783980845e-02 3.231609877740115877e-02 -3.414144155745812981e-02 -6.379864860778017288e-02
7.951150826728436982e-02 2.875428411006364371e-02 -2.802097418522997430e-02 -8.024481819212070377e-02
8.139987489204791871e-02 3.385222363059892103e-02 -2.598276526538434439e-02 -8.926933325726249535e-02
7.343216707524291564e-02 2.733945084330713371e-02 -2.729143309206882861e-02 -7.348018482648299710e-02
7.651921786494231270e-02 4.597507193242389434e-02 -4.281684142300257179e-02 -7.967744837436452343e-02
7.212706827004211618e-02 1.963100554156937960e-02 -2.769850819725316882e-02 -6.405956561435655061e-02
7.544592919725623403e-02 1.129163837252100677e-02 -2.608166127492950181e-02 -6.065590629484418628e-02
7.365585863879431372e-02 2.900992991539741439e-02 -4.980391116383486860e-03 -9.768539743781001761e-02
8.410861213950227011e-02 1.859061066881029234e-02 -4.136172731253218160e-02 -6.133749549578126903e-02
9.508291576893945773e-02 2.190785924737337353e-02 -2.374360070275649548e-02 -9.324717431355544761e-02
7.794365128436098189e-02 2.511238363220158476e-02 -3.065208092552307306e-02 -7.240395399103860541e-02
7.747413002478875654e-02 2.488645154045787677e-02 -2.060467322802939094e-02 -8.175590833721724238e-02
7.914288541746739014e-02 3.387076216560380715e-02 -2.442829883281039116e-02 -8.858534875025902977e-02
9.371998243682355678e-02 2.553887645457031397e-02 -2.091369124811759406e-02 -9.834516764327538851e-02
8.769564515990424525e-02 3.707458118459783236e-02 -3.789272459387227343e-02 -8.687750175062802782e-02
8.735031537169568594e-02 2.287776371404603992e-02 -3.374817766715665357e-02 -7.647990141858329594e-02
8.559708595014470234e-02 3.336811720385224334e-02 -4.005872969117696414e-02 -7.890647346281731700e-02
7.695645032448084066e-02 2.353291844102933794e-02 -1.868133036798980129e-02 -8.180803839752126549e-02
7.123284198897117392e-02 2.266158236350523936e-02 -2.422485943290642041e-02 -6.966956491957265740e-02
7.049267196580100148e-02 2.003937125055088586e-02 -2.300740424078728807e-02 -6.752463897556371109e-02
9.497579871441175214e-02 3.275022221152035229e-02 -2.861535368870349316e-02 -9.911066723723038763e-02
9.185860839987558535e-02 3.283126543712011625e-02 -3.678185428747227093e-02 -8.790801954952520703e-02
6.689028797199636500e-02 2.334724332173010453e-02 -2.823614734097201762e-02 -6.200138395275356373e-02
6.909362654779638291e-02 2.831308771593654683e-02 -2.113380088372451837e-02 -7.627291338000574683e-02
6.212412497654362653e-02 1.884205150624307379e-02 -2.417559392351087411e-02 -5.679058255927582621e-02
8.124223587644507916e-02 2.422373517233467055e-02 -2.915547119321981739e-02 -7.631049985556082049e-02
7.050903951941123182e-02 2.957104313143421592e-02 -4.813250192654994208e-02 -5.194758072429550566e-02
8.406473554574667162e-02 3.140004405031326939e-02 -2.724394076830449762e-02 -8.822083882775721975e-02
7.438037488537307951e-02 3.468170913965984425e-02 -2.070176489234398787e-02 -8.836031913268982407e-02
8.341609120532478272e-02 4.151593149292409635e-02 -2.779922356975905728e-02 -9.713279912848893360e-02
9.230987080110164555e-02 2.416699386605802857e-02 -2.879742759363157489e-02 -8.767943707352987559e-02
7.115213461989799981e-02 2.840830784951631216e-02 -1.765305326168231659e-02 -8.190738920773377174e-02
9.701151204800684269e-02 2.747439108091587201e-02 -3.388643861722240302e-02 -9.059946451170119985e-02
1.037784280504423506e-01 3.191709060154401811e-02 -3.481765672297587599e-02 -1.008778619290104928e-01
8.763126705762935842e-02 3.379534693111274635e-02 -3.194107392089318154e-02 -8.948554006784981141e-02
9.360467218647983145e-02 2.751173101413950661e-02 -3.030191873461074437e-02 -9.081448446600859370e-02
7.329149755662012211e-02 2.121118104675900895e-02 -2.119167964760926282e-02 -7.331099895577253278e-02
7.961131082279226945e-02 3.293062126203061268e-02 -1.660420986780142272e-02 -9.593772221702057124e-02
8.452672440838426837e-02 4.531725156345789429e-02 -4.098897856655359107e-02 -8.885499740528768342e-02
8.272532858607295481e-02 4.038347089341520757e-02 -2.412660174882397257e-02 -9.898219773066418981e-02
8.777405491910528212e-02 3.804305712579481025e-02 -3.024755211310203862e-02 -9.556955993179805375e-02
9.432375824784866580e-02 2.687316108128889880e-02 -3.105880639203295601e-02 -9.013811293710638495e-02
9.798485713391080765e-02 4.155978893869693991e-02 -4.585975819677745591e-02 -9.368488787583206800e-02
9.868549532269277336e-02 3.563250113375548978e-02 -3.651551329317470618e-02 -9.780248316327266878e-02
9.502986595312368223e-02 3.656067489374414947e-02 -2.971714566964589466e-02 -1.018733951772237134e-01
7.771394367046458029e-02 3.173566729695220801e-02 -2.267147424650950427e-02 -8.677813672090728403e-02
8.767249745276117778e-02 2.180200198804538303e-02 -1.537006183550104765e-02 -9.410443760530462498e-02
9.957958282594070454e-02 1.945841102966827663e-02 -3.614500341062587552e-02 -8.289299044498310565e-02
7.303441465669191501e-02 1.496841197526066480e-02 -4.658878477586725353e-03 -8.334394815436585446e-02
8.035314520181735531e-02 2.963172820030823829e-02 -2.962268482154684079e-02 -8.036218858057875281e-02
8.991828878044394457e-02 4.703188263395130519e-02 -3.983009378477841977e-02 -9.712007762961594182e-02
8.567419482167704103e-02 3.422398272933246943e-02 -1.688396506985601064e-02 -1.030142124811543880e-01
7.632222843091263087e-02 2.815929627843605232e-02 -3.303082692587544500e-02 -7.145069778347590272e-02
8.029515801268782837e-02 3.359845376607228928e-02 -2.261399406226693998e-02 -9.127961771649495404e-02
9.864712150289989268e-02 2.232142531022418552e-02 -2.274663672399590553e-02 -9.822191008912639631e-02
9.251341360109766043e-02 2.361470309851920746e-02 -2.936858675538545072e-02 -8.675952994423141718e-02
8.487584131959824418e-02 2.576184082768850914e-02 -1.992195954640152422e-02 -9.071572260088789363e-02
8.708217528936401663e-02 2.193393814109612094e-02 -5.689021130261373571e-03 -1.033270923001996522e-01
9.120211944966705175e-02 3.063724440083692713e-02 -3.508789168877246567e-02 -8.675147216173240139e-02
7.520201121770941910e-02 2.457791118096253058e-02 -3.344189908099171049e-02 -6.633802331767935101e-02
8.771967537727665132e-02 3.833134957799444464e-02 -3.321530646910808571e-02 -9.283571848616212208e-02
8.702486536304210318e-02 1.777424202762833971e-02 -3.108215338559094931e-02 -7.371695400508038176e-02
8.076870355279908154e-02 2.358769951309458435e-02 -2.025615370386990577e-02 -8.410024936202464829e-02
9.495255135650282341e-02 3.389438096687147350e-02 -4.202488223014988478e-02 -8.682205009322618849e-02
8.773661226704110305e-02 3.185320708892458441e-02 -3.153467543643095894e-02 -8.805514391953561670e-02
7.491881973022174179e-02 4.266084345348364337e-02 -4.054580227067638987e-02 -7.703386091302721894e-02
7.779104184560203805e-02 2.840871507899223047e-02 -1.266578718084954147e-02 -9.353396974374561523e-02
7.457898145207408902e-02 2.833190843812083415e-02 -1.310293085584568473e-02 -8.980795903435101479e-02
8.325466710055007269e-02 3.077291144089677744e-02 -2.683517483484099131e-02 -8.719240370660585882e-02
8.046970208677706182e-02 2.677870687786665371e-02 -4.547633391916949819e-02 -6.177207504547510553e-02
7.418049202546050935e-02 1.401061401729997158e-02 -1.674141777538018516e-02 -7.144968826738118395e-02
7.559261872577760499e-02 2.891292078136409316e-02 -3.137060927039314606e-02 -7.313493023675121663e-02
7.554219954799457071e-02 2.309537922735316329e-02 -1.867638878871780150e-02 -7.996118998663259703e-02
1.099050875193228194e-01 2.990851107542980003e-02 -3.500961423412984885e-02 -1.048039843606227706e-01
8.697853777758801641e-02 2.701463184618368985e-02 -2.727664019922304561e-02 -8.671652942454866064e-02
7.509745701037395804e-02 3.191782734315751213e-02 -2.106206007187605422e-02 -8.595322428165275142e-02
9.551563129571594146e-02 2.297312927384798087e-02 -3.855646582235472408e-02 -7.993229474720831007e-02
7.724146980019419573e-02 3.375418420685249998e-02 -3.590533137356199944e-02 -7.509032263348558445e-02
9.364191631813945094e-02 3.120835407248634397e-02 -2.822568786851586964e-02 -9.662458252211081344e-02
7.056806882949118176e-02 3.044744191178239134e-02 -3.478710437446785875e-02 -6.622840636680837889e-02
9.797584921012969517e-02 1.927543160594513694e-02 -2.456782901877296865e-02 -9.268345179730275163e-02
7.494768760881864722e-02 3.738036304075009753e-02 -2.237389954129209713e-02 -8.995415110827842398e-02
7.974940872217306520e-02 3.519124676566320886e-02 -2.124094019726019411e-02 -9.369971529057785631e-02
8.229831065032922055e-02 2.266277150492435055e-02 -3.215969682937735996e-02 -7.280138532587265843e-02
7.361910439287644436e-02 2.515689819412436634e-02 -1.848911336279179807e-02 -8.028688922420812446e-02
7.628096416857488293e-02 2.248552655861324467e-02 -2.308977871962802908e-02 -7.567671200756009853e-02
7.817800643615235856e-02 2.447977896815078935e-02 -2.615088561282341573e-02 -7.650689979147973219e-02
6.590003402096655805e-02 2.702945183799965179e-02 -2.925355447774347084e-02 -6.367593138122540353e-02
6.083195141487252044e-02 2.530221009699040735e-02 -8.401541165246051435e-03 -7.773262034661421183e-02
7.586905690975331851e-02 3.363282071911299909e-02 -3.430785553868442861e-02 -7.519402209018455352e-02
6.980759913710876674e-02 3.257341346682984806e-02 -1.883450098674188666e-02 -8.354651161719850450e-02
8.367022661965251018e-02 3.308861853167854861e-02 -3.141329586508501137e-02 -8.534554928624604742e-02
6.867860477195186775e-02 3.077037882337041452e-02 -3.381254072371930874e-02 -6.563644287160208535e-02
8.180125854087894055e-02 5.155676868991143635e-02 -4.317546621564982701e-02 -9.018256101514232626e-02
8.890628285482549131e-02 3.394390789875068037e-02 -3.189217865758653403e-02 -9.095801209598963766e-02
7.447360276001546708e-02 1.774936936963911194e-02 -2.074373635061466103e-02 -7.147923577903902981e-02
8.042265949788784951e-02 3.070937905655046762e-02 -2.732920170416086592e-02 -8.380283685027656304e-02
9.067819803408116996e-02 3.120567923336370342e-02 -2.440154884331047214e-02 -9.748232842413706578e-02
7.093804055475594339e-02 3.223123381591008751e-02 -2.958495148066653258e-02 -7.358432289000038651e-02
7.092581091372363034e-02 3.367834995996332736e-02 -2.707901678194524209e-02 -7.752514409174171561e-02
7.013482542133075981e-02 3.112606914104087963e-02 -1.208611106716528383e-02 -8.917478349520546743e-02
8.198167540121570340e-02 2.184506453921386537e-02 -3.597732376741991089e-02 -6.784941617300876970e-02
8.035629497815399702e-02 1.292011421918992653e-02 -2.215870287018262275e-02 -7.111770632715952445e-02
8.973442809136855658e-02 2.171834241855474801e-02 -2.741574535129664980e-02 -8.403702515862576661e-02
8.614431147962697821e-02 3.979011164940882139e-02 -3.333426204132816650e-02 -9.260016108770852128e-02
7.011089866962816330e-02 4.975151913838793405e-03 -8.757350750773440495e-03 -6.632869983269351621e-02
8.880525751120860178e-02 2.693235369923385747e-02 -3.308915270907242245e-02 -8.264845850136914862e-02
1.062323625159891094e-01 2.615397413344844324e-02 -4.192334304099798459e-02 -9.046299360843956805e-02
8.993320742363675180e-02 2.839212925141421096e-02 -2.502613816405308000e-02 -9.329919851099965911e-02
9.133044817179492014e-02 2.506843873622521812e-02 -4.220995531588123129e-02 -7.418893159214068334e-02
9.821385126352044637e-02 3.026196030535910353e-02 -2.717107233941984390e-02 -1.013047392294623705e-01
9.197583009005061427e-02 3.960319432721881583e-02 -3.149824061838568667e-02 -1.000807837988819671e-01
9.935740262120251742e-02 2.799705739533564497e-02 -3.697385118707341434e-02 -9.038060882946208352e-02
7.397437383646288112e-02 4.804560640477806288e-02 -2.516236916070191398e-02 -9.685761108053903001e-02
8.233228662833891320e-02 3.735432652611514470e-02 -1.644097185102122438e-02 -1.032456413034328335e-01
1.017699658851558553e-01 2.636090703085702813e-02 -3.132554127908004915e-02 -9.680533163693372245e-02
8.413958077692740289e-02 3.040131282970737203e-02 -1.616318099625235760e-02 -9.837771261038419368e-02
8.704852413379704501e-02 1.759843042710329541e-02 -2.989219106373663948e-02 -7.475476349716370095e-02
9.368552120269590944e-02 4.094069718785409151e-02 -3.887871597924252853e-02 -9.574750241130480788e-02
5.894432701092711113e-02 2.186635775892753486e-02 -1.505426303235690710e-02 -6.575642173749596253e-02
8.424706925911618072e-02 3.303933166950479006e-02 -2.946490383471456198e-02 -8.782149709390285608e-02
1.004108440016455717e-01 2.881733149204279698e-02 -3.505842110492274344e-02 -9.416975438876562521e-02
8.364604749709680931e-02 3.251553931631967487e-02 -5.238487630357724356e-03 -1.109230991830578716e-01
1.127928254362968730e-01 4.551415274674308620e-02 -5.157758807928747302e-02 -1.067293901037542625e-01
8.715906140148987902e-02 4.285731034126616379e-02 -3.057644056747754746e-02 -9.943993117527849535e-02
1.117622428231976883e-01 2.965871860946123206e-02 -3.524232322973031017e-02 -1.061786382029277220e-01
1.079164392700926456e-01 1.732863541324114465e-02 -2.026082673730744688e-02 -1.049842479460272315e-01
8.369050181327697402e-02 2.465679341866788832e-02 -3.229294951957140114e-02 -7.605434571237346120e-02
8.737594192896480649e-02 4.494626346850161269e-02 -3.051900608430369033e-02 -1.018031993131609525e-01
1.108652561327492236e-01 3.536090919059020621e-02 -3.294100442910341542e-02 -1.132851608942333499e-01
6.540572654660881113e-02 2.286310658228529746e-02 -1.702011893802168885e-02 -7.124871419087153157e-02
8.427918213364993250e-02 3.362261460095616883e-02 -3.388088790603749345e-02 -8.402090882856683152e-02
9.756717096174938320e-02 4.412017804385470754e-02 -3.410986250972580791e-02 -1.075774864958773946e-01
9.894262185488322814e-02 3.896351539293707589e-02 -2.649038449019958108e-02 -1.114157527576207229e-01
9.648939523386790285e-02 2.730872830379826866e-02 -3.459724142836684280e-02 -8.920088210930021688e-02
9.114435535937115418e-02 1.278406502582019044e-02 -2.706442559767285871e-02 -7.686399478751937409e-02
8.805962226063357434e-02 4.356325974566299664e-02 -3.473392742092418217e-02 -9.688895458537327698e-02
9.377859083891326719e-02 4.075696182125909672e-02 -3.282657247123133004e-02 -1.017089801889365930e-01
6.804480667312429176e-02 2.033931047979997686e-02 -1.069262884544563974e-02 -7.769148830748040524e-02
3.979648484324727065e-02 3.399656084452118421e-02 -1.591986359796848660e-02 -5.787318208979908007e-02
1.017262589982310672e-01 2.526711817033788776e-02 -2.303515234030850678e-02 -1.039582248282604482e-01
9.314544253082335246e-02 1.241289999811545641e-02 -2.091882665873523450e-02 -8.463951587020535072e-02
1.088819290492741843e-01 3.011967195432951883e-02 -2.134394068186740157e-02 -1.176576603217380779e-01
1.027869816463704566e-01 2.384024602776957380e-02 -2.548384605902054290e-02 -1.011433816151185994e-01
7.455064245026488123e-02 2.983414265397765774e-02 -2.387601501926095438e-02 -8.050877008498069642e-02
9.764334775444538650e-02 3.814497221539703276e-02 -3.776048499009387882e-02 -9.802783497974942861e-02
5.786930480443164271e-02 2.197363329632473494e-02 -2.419090297967319003e-02 -5.565203512108318762e-02
8.036645662906316545e-02 3.395400316494523452e-02 -1.654090180056400072e-02 -9.777955799344617560e-02
7.724025112654864245e-02 3.615360623630436976e-02 -2.679141960752584595e-02 -8.660243775532983079e-02
7.881996346183761659e-02 3.424087059988778492e-02 -3.096026821724073841e-02 -8.210056584448377492e-02
1.097725215611990990e-01 2.179031163352718181e-02 -3.183530240721488269e-02 -9.972753078751228628e-02
7.952069235984282614e-02 1.472792356270602454e-02 -3.284384603416690140e-02 -6.140476988838372563e-02
1.077752593873073650e-01 2.725761551849892328e-02 -2.451515630168010773e-02 -1.105177186041261805e-01
8.820182768129303241e-02 2.062122868014437671e-02 -2.716900371526431712e-02 -8.165405264617220382e-02
5.105457921736356042e-02 1.919999685473250395e-02 -2.532116747110979560e-02 -4.493340860098804512e-02
1.056177934449502587e-01 2.224873613304456654e-02 -3.948649235827428328e-02 -8.838003721972143012e-02
1.071162463983181823e-01 2.707701155383190894e-02 -2.724408990532101171e-02 -1.069491680468281913e-01
8.196934282017576123e-02 2.121514534772206417e-02 -1.248160421389243879e-02 -9.070288395400538661e-02
9.585599587754511930e-02 3.751414070989245175e-02 -4.477301467417404979e-02 -8.859712191326263309e-02
7.661333599868580535e-02 1.347491494050689909e-02 -1.593979005625012491e-02 -7.414846088293991500e-02
8.939074968323090786e-02 1.584851268557851967e-02 -5.697734005614130126e-03 -9.954152836319618558e-02
8.242868949554083002e-02 1.605777624961834960e-02 -9.866421575135397859e-03 -8.862004417002466994e-02
9.495678692946896149e-02 3.730219154318614727e-02 -2.269411988115255241e-02 -1.095648585915025564e-01
8.638077497769103275e-02 1.627369649300103305e-02 -2.026962580599533936e-02 -8.238484566469583825e-02
7.223018959068827627e-02 3.007868556310899777e-02 -1.589494971074323360e-02 -8.641392544305581680e-02
9.020405705188938583e-02 2.643859842598672572e-02 -2.800793430917014604e-02 -8.863472116870418915e-02
8.795945805653637706e-02 2.378309744879114618e-02 -1.667896438537130877e-02 -9.506359111995621447e-02
8.365907634422153905e-02 2.382850993198104561e-02 -3.357818414077140545e-02 -7.390940213543029103e-02
7.642478254035367513e-02 1.906878439458292718e-02 -2.750228138322263760e-02 -6.799128555171218835e-02
8.987154586586143523e-02 2.304368260735500940e-02 -3.851375010962865275e-02 -7.440147836358512734e-02
6.662879048137160254e-02 2.574400537720755722e-02 -1.365977511494076424e-02 -7.871302074363750734e-02
8.801839562778379644e-02 2.896115600087068032e-02 -1.907881571032365997e-02 -9.790073591832815225e-02
8.347596093193132560e-02 3.937066151704549100e-02 -4.339854593162151275e-02 -7.944807651735708021e-02
9.096433745593568432e-02 2.468376217850920540e-02 -2.301139308343902456e-02 -9.263670655100586515e-02
8.295565442539931666e-02 3.304945952211912896e-02 -3.975732024065248282e-02 -7.624779370686418645e-02
7.632274251121984321e-02 3.523773904919558220e-02 -2.662426729390521274e-02 -8.493621426651110085e-02
8.475863364473212869e-02 3.839558103362339381e-02 -4.458480352792104640e-02 -7.856941115043269974e-02
7.996534889898665455e-02 3.198466476126249347e-02 -3.191690472172670212e-02 -8.003310893852422225e-02
5.942049508020463833e-02 3.035661796330391127e-02 -3.848258047752395328e-02 -5.129453256598548450e-02
8.403221484051570656e-02 1.530433520587681784e-02 -2.824783085053717002e-02 -7.108871919585535437e-02
6.722279702437639060e-02 2.560063539856205495e-02 -2.120809772207188360e-02 -7.161533470086656195e-02
8.512560947429914648e-02 2.852681942048373998e-02 -2.823039291609941159e-02 -8.542203597868258669e-02
7.051213440239489927e-02 3.242674849970850204e-02 -2.871679403796090213e-02 -7.422208886414516371e-02
5.888615919429618373e-02 3.216415049887899613e-02 -2.257940215144582652e-02 -6.847090754173024152e-02
7.901754687835271795e-02 2.182624752808237645e-02 -2.682138323187110984e-02 -7.402241117456664909e-02
6.342417878097172945e-02 3.287404113912995030e-02 -2.128793352370017544e-02 -7.501028639640239248e-02
4.257306398605020803e-02 1.327415017864552738e-02 -1.891174324881106372e-02 -3.693547091588555986e-02
9.856283711243740697e-02 4.784323037962678882e-02 -3.406664783918422756e-02 -1.123394196528799682e-01
8.700937867014069127e-02 1.296956979180841074e-02 -3.384458111820620729e-02 -6.613436734374200654e-02
1.057331232043816627e-01 3.463886295669027504e-02 -2.515158384888138698e-02 -1.152204023121914389e-01
8.826750091872259674e-02 3.694501606037814412e-02 -3.865914197313458089e-02 -8.655337500596527178e-02
8.159518831202383637e-02 2.513114084489309619e-02 -3.110551908176262259e-02 -7.562081007515430997e-02
9.176968687693154436e-02 2.720670813785464048e-02 -2.527817534956877665e-02 -9.369821966521740819e-02
8.986803026426049001e-02 2.697818101159388249e-02 -2.980164104948901382e-02 -8.704457022636713504e-02
9.360410829984289194e-02 2.201891040005943267e-02 -4.111109953300484676e-02 -7.451191916689836603e-02
1.007153734077919083e-01 2.151085563493193575e-02 -2.961418106995061805e-02 -9.261204797277411416e-02
8.413019525620413219e-02 3.501902096947073773e-02 -2.008377746310419099e-02 -9.906543876256890258e-02
8.639489747140416398e-02 2.150598325135355537e-02 -2.937487459703902459e-02 -7.852600612571869476e-02
9.003125597784222833e-02 2.348247872572972739e-02 -1.394670595075542252e-02 -9.956702875281653320e-02
8.055501365161976679e-02 2.691053465503845388e-02 -3.274230047913118113e-02 -7.472324782752703953e-02
9.324208534301980933e-02 3.242349459097759734e-02 -3.234772192048218642e-02 -9.331785801351344389e-02
9.284502600708499642e-02 2.969808819935604305e-02 -4.289572241574912681e-02 -7.964739179069368902e-02
1.080935931955808726e-01 3.160222369634180239e-02 -3.374317137075610873e-02 -1.059526455211656781e-01
8.742869390539009800e-02 3.176932156782807937e-02 -4.445924693965430663e-02 -7.473876853356298255e-02
9.710131386084608351e-02 2.433007625865890589e-02 -3.319099200919950476e-02 -8.824039811030459646e-02
1.004185378091317915e-01 3.749274762855403509e-02 -2.262290577379300061e-02 -1.152883796638910496e-01
9.159892800122815260e-02 2.962156503975332811e-02 -4.242055175491898922e-02 -7.879994128606071513e-02
9.671669002470295595e-02 2.816074463943607498e-02 -4.082735242942270304e-02 -8.405008223471455153e-02
8.181421033265223741e-02 6.793520148526077662e-03 -1.310211487687329424e-02 -7.550561560430679720e-02
9.533453788594670186e-02 1.604273569654068865e-02 -3.035586808582024787e-02 -8.102140549666803082e-02
8.185803843010042158e-02 5.174926874357588247e-02 -4.053671759094878979e-02 -9.307058958272662608e-02
8.233617286853256445e-02 3.692214622358847009e-02 -2.559596906169048225e-02 -9.366235003043499319e-02
9.679121853956118571e-02 3.043760632544145750e-02 -3.963165668457069302e-02 -8.759716818043372655e-02
9.752061462434546968e-02 3.592214368911417210e-02 -2.972602264267099059e-02 -1.037167356707868748e-01
9.981519531927585120e-02 3.014434589955428123e-02 -2.554281330611640755e-02 -1.044167279127137249e-01
7.403056733789448174e-02 3.069034270499049200e-02 -3.871920236952242078e-02 -6.600170767336166477e-02
9.081352682485377414e-02 3.673770955996680243e-02 -2.718420641015040218e-02 -1.003670299746710626e-01
9.725988307303978786e-02 3.759741392982274277e-02 -4.399200988352980346e-02 -9.086528711933716806e-02
8.190261248299535168e-02 1.970241956682095008e-02 -2.014539642202617387e-02 -8.145963562778746336e-02
7.928041939616115030e-02 4.550480545058022130e-02 -2.882321880126959002e-02 -9.596200604547355795e-02
8.699053790618815896e-02 2.952957031925862452e-02 -3.000833221951815233e-02 -8.651177600593129569e-02
8.807669313130794819e-02 1.603339241710788343e-02 -2.461131607469990712e-02 -7.949876947371681268e-02
8.612519937635099154e-02 2.439054898205572641e-02 -3.124541716066797647e-02 -7.927033119774051784e-02
1.000377882002192464e-01 4.366028480455241834e-02 -3.573338868199638085e-02 -1.079646843227735076e-01
5.856710199271031314e-02 2.323355121271841739e-02 -1.350450864276009355e-02 -6.829614456266774880e-02
9.773714549281375952e-02 1.949159609701833773e-02 -2.684951296609128235e-02 -9.037922862374081490e-02
9.814744379792372797e-02 2.568095242226675623e-02 -3.197112960191095254e-02 -9.185726661827864348e-02
8.523627348479134724e-02 3.117756042919772597e-02 -3.413126841068248041e-02 -8.228256550330925734e-02
9.672252102086886794e-02 9.822126078013582173e-03 -2.248874733437755680e-02 -8.405589976450222878e-02
9.919347451544346939e-02 1.472768398625667885e-02 -2.577142928144127154e-02 -8.814972922025887669e-02
6.989643647498056112e-02 3.062365015855927908e-02 -2.833620416112747620e-02 -7.218388247241236400e-02
8.260024692396683577e-02 3.818295118849679426e-02 -2.445278206392309528e-02 -9.633041604854142292e-02
8.690106686361076527e-02 4.656103632059238606e-02 -2.795053011851766911e-02 -1.055115730656854822e-01
7.987501546736641700e-02 4.148172144375195103e-02 -2.996481511464388348e-02 -9.139192179647448455e-02
9.825917238397874343e-02 2.373896526859198275e-02 -3.698540578881726049e-02 -8.501273186375257751e-02
8.805540531668665238e-02 3.171148729068740124e-02 -3.653080820604337475e-02 -8.323608440133334341e-02
6.884272907790744966e-02 2.942216426790977835e-02 -2.976991962616892806e-02 -6.849497371964829995e-02
9.748509361174395593e-02 5.178640809973078518e-02 -2.726625210651256737e-02 -1.220052496049621737e-01
1.029810235124184459e-01 2.168806906741238549e-02 -4.089434601210406584e-02 -8.377474656772676553e-02
8.954889798014509239e-02 2.438809121056539908e-02 -2.517866844668503745e-02 -8.875832074402723038e-02
9.573899746104252984e-02 2.317279977329977925e-02 -3.181985068895887281e-02 -8.709194654538521263e-02
8.208217022377528593e-02 2.436951948968424375e-02 -2.926098869537696601e-02 -7.719070101808434003e-02
7.611343375303203374e-02 3.833262618570554281e-02 -4.186911813887572720e-02 -7.257694179986451388e-02
9.163237047208028230e-02 1.769616903164639155e-02 -2.825740795639397618e-02 -8.107113154733447402e-02
7.942387223508440286e-02 2.888145035743772127e-02 -3.789964215966179495e-02 -7.040568043285855282e-02
9.152148316253683191e-02 1.072501127199565474e-02 -2.859388687775776816e-02 -7.365260755677560667e-02
9.140416399150552706e-02 1.835337336786402318e-02 -2.231799823686397843e-02 -8.743953912250645999e-02
9.159591550779566660e-02 1.518479806581485292e-02 -3.235719241776724431e-02 -7.442352115584416339e-02
7.581379753243400188e-02 1.652673044409169734e-02 -2.139678693373969764e-02 -7.094374104278244886e-02
8.157268278185192401e-02 1.631639299106790730e-02 -2.649130915879105430e-02 -7.139776661412788883e-02
9.842471390684792709e-02 1.344474304488496585e-02 -2.175273978176406331e-02 -9.011671716997149417e-02
8.297294277403111096e-02 3.549240693703747951e-02 -4.151209635806729636e-02 -7.695325335300129410e-02
7.453983195057567457e-02 3.551612245033464177e-02 -3.776798450364982074e-02 -7.228796989726049560e-02
6.455779414499129842e-02 3.282525414890002935e-02 -1.931439498822662415e-02 -7.806865330566559180e-02
9.482382407837519622e-02 1.708890628440506987e-02 -3.389734889223650072e-02 -7.801538147054287720e-02
8.053851079068596874e-02 4.271481927424591873e-02 -2.731757489966124552e-02 -9.593575516527241831e-02
9.968428039468246737e-02 2.446679894398684496e-02 -3.340209554734308028e-02 -9.074898379132534387e-02
9.136827987536921825e-02 3.303391566665769830e-02 -2.912685818790894388e-02 -9.527533735411708449e-02
9.300055271910334653e-02 3.110568717699724317e-02 -2.227229591050416957e-02 -1.018339439855946438e-01
7.763767585632663781e-02 2.430150088992988344e-02 -2.167728894700449160e-02 -8.026188779925114147e-02
8.061829319897739765e-02 2.713900226286636297e-02 -4.120344550754673207e-02 -6.655384995429525219e-02
8.368007902017460253e-02 2.892719872000881765e-02 -2.802341008063891081e-02 -8.458386765954273301e-02
8.061571460172967107e-02 4.487106947620844721e-02 -3.798605683416056422e-02 -8.750072724377666589e-02
8.111681096847167538e-02 2.008941634421201883e-02 -2.889668578054394033e-02 -7.230954153214241842e-02
7.508924631786051407e-02 3.733824767911286813e-02 -3.790220076562444973e-02 -7.452529323134804429e-02
7.177310339135800632e-02 3.319615686788424114e-02 -1.709011026433948643e-02 -8.787914999490453738e-02
7.598458536143937181e-02 3.603234752192374657e-02 -1.718961662909990196e-02 -9.482731625426410460e-02
8.083339599866068426e-02 3.044230522002067119e-02 -2.441564211223834491e-02 -8.686005910644301053e-02
9.803251599832218943e-02 2.813023215129195620e-02 -3.592654888938984215e-02 -9.023619926022607984e-02
8.887699656709280305e-02 3.408032676145822393e-02 -3.862888007402265345e-02 -8.432844325453103806e-02
8.856199531164410388e-02 3.346820206669232078e-02 -2.870942860835246080e-02 -9.332076876998129933e-02
8.716650335751818801e-02 2.138149064817795875e-02 -2.231704649164623078e-02 -8.623094751405346869e-02
8.963469965726122979e-02 2.338095891833003037e-02 -3.054027009156445871e-02 -8.247538848402591327e-02
8.828505327977254069e-02 3.336368937847211669e-02 -3.617690799515482780e-02 -8.547183466308982958e-02
7.666572525517878489e-02 3.580868013768778724e-02 -2.615395291579858394e-02 -8.632045247706976454e-02
1.131537105965527701e-01 3.256278101504150868e-02 -4.339542092206638557e-02 -1.023210706895270050e-01
8.702167269999172561e-02 3.672602782149958500e-02 -3.327619304074236339e-02 -9.047150748074983539e-02
7.860946881096708694e-02 3.561553908775572097e-02 -2.438831070853630933e-03 -1.117861768278700652e-01
9.570951688068518592e-02 3.560601139118446667e-02 -3.474417348116354276e-02 -9.657135479070788620e-02
8.256912736481769599e-02 2.421725729808255068e-02 -2.061214251040688339e-02 -8.617424215249336328e-02
6.747188299908479792e-02 3.588378945131065478e-02 -3.511048547148121202e-02 -6.824518697891157615e-02
9.596808988621585712e-02 1.652547576267338059e-02 -9.208845281230892965e-03 -1.032847203676574566e-01
1.076353284216811090e-01 2.686321567612193206e-02 -3.440823732633813137e-02 -1.000903067714622452e-01
6.771995461597057897e-02 4.602988465437363175e-02 -3.577852083463461952e-02 -7.797131843570959120e-02
8.211970897939746550e-02 4.198800070206676338e-02 -2.916021627150389151e-02 -9.494749340996122555e-02
8.171143527668167650e-02 2.323024996504763351e-02 -2.603174334033653281e-02 -7.890994190139455355e-02
9.404637505473356640e-02 3.427797486283168382e-02 -3.147583724434532826e-02 -9.684851267322081014e-02
9.306272975060014829e-02 2.400982847988508695e-02 -1.087124927505733751e-02 -1.062013089554270096e-01
8.596295138534593150e-02 3.471998094098438514e-02 -3.113949829378359624e-02 -8.954343403254760858e-02
8.006018355273969433e-02 3.365646935301924714e-02 -3.012719745721526010e-02 -8.358945544854634591e-02
8.265874611226120550e-02 4.275046450606989623e-02 -2.714404807284598320e-02 -9.826516254548600671e-02
8.990869581344718142e-02 4.200196938711808770e-02 -3.176755925230878574e-02 -1.001431059482573716e-01
9.046170126384556198e-02 2.927076593479771560e-02 -2.629325523851200330e-02 -9.343921196012949792e-02
7.700678365946611592e-02 1.827224345594302690e-02 -2.282135286188147205e-02 -7.245767425352767077e-02
7.682290533337354788e-02 3.457501785112970794e-02 -3.231668794836384251e-02 -7.908123523613674877e-02
9.096229093505581176e-02 2.880609225396746353e-02 -2.199373897560708002e-02 -9.777464421341441891e-02
9.305852928996305451e-02 3.812385356839342876e-02 -5.277253746982157878e-02 -7.840984538853490449e-02
8.616803619415414062e-02 2.730292634833020315e-02 -2.562871902087326959e-02 -8.784224352161285054e-02
7.938254282605150536e-02 3.295606585462351745e-02 -2.791296318710045909e-02 -8.442564549357456372e-02
8.687171467056842289e-02 5.450531945476289053e-02 -3.930122408612835017e-02 -1.020758100392029633e-01
1.137651946070263875e-01 1.829175444243968940e-02 -2.434138083289294485e-02 -1.077155682165722439e-01
