-9.539134373204690099e-07
-9.131670500196098812e-07
-9.111687509845119972e-07
-9.180706750614732852e-07
-9.147659408839611694e-07
-9.301883806908314887e-07
-9.337133034010667440e-07
-9.410622790117297578e-07
-8.771980108535484579e-07
-9.381216541652274910e-07
-9.979119262108771823e-07
-9.631373652494167436e-07
-9.166339011582008588e-07
-9.020021043991511600e-07
-9.584018491625609118e-07
-9.592951576528681955e-07
-9.571993455352557643e-07
-8.956172308386679469e-07
-9.324710757246819693e-07
-9.010989742085796657e-07
-9.101839525028617595e-07
-8.775009280273213065e-07
-9.064430111409240207e-07
-9.285932842728172224e-07
-9.376804749764034012e-07
-9.066442599877677513e-07
-9.276295976578157621e-07
-9.562947744418235574e-07
-9.288479023142401398e-07
-9.187206630708248519e-07
-9.762257460700164593e-07
-1.066421835580340788e-06
-9.652984750111359107e-07
-9.558802814352010489e-07
-9.943551934567804611e-07
-1.024619293372900010e-06
-9.977032169272188165e-07
-9.915067181120704745e-07
-1.007087098190344035e-06
-9.831862921969135615e-07
-9.442075681791539549e-07
-1.005788024366683250e-06
-1.006530314263109055e-06
-1.014912008258496408e-06
-9.172590635370313146e-07
-1.042603519000700217e-06
-9.539748896559875895e-07
-1.018604298976470595e-06
-9.901208265902275990e-07
-9.703374669222846365e-07
-1.018295492064589874e-06
-1.005074799754266618e-06
-1.012957746756363062e-06
-1.011917573133247926e-06
-9.579731570131742327e-07
-9.658899029814724720e-07
-1.004441878600837259e-06
-9.769561848936551320e-07
-9.566888886868840196e-07
-9.851693336640752492e-07
-9.415096607298661641e-07
-8.919382454410183098e-07
-9.034326568270565059e-07
-9.069517059630824920e-07
-9.911144165035773036e-07
-9.393268397178615901e-07
-9.371089429613739565e-07
-1.009941763194450223e-06
-9.356075223521662918e-07
-9.414231136684614464e-07
-9.675200886942505166e-07
-9.490891822360135359e-07
-1.009133555029912614e-06
-9.729939684871212103e-07
-9.980153849276394846e-07
-9.420032363371323781e-07
-1.015924803369541800e-06
-1.023710843715372992e-06
-9.454812360343045202e-07
-9.990430807938800220e-07
-9.973880467234622937e-07
-1.009502644422322888e-06
-1.050858982314029459e-06
-9.268050367689750674e-07
-9.847827776545908431e-07
-1.016944837635262080e-06
-9.117049155123030292e-07
-9.824723882438308374e-07
-9.258379275833469668e-07
-9.688441740325483915e-07
-9.939833652778867754e-07
-9.527234005086096905e-07
-9.504826801752883919e-07
-9.507013301380599284e-07
-9.505734551607901541e-07
-9.551224838513044281e-07
-9.834680026492003122e-07
-1.034559875501270330e-06
-9.394651454352835068e-07
-9.796401833468482177e-07
-9.548450479946212218e-07
-9.862915305957885399e-07
-9.548037907958644649e-07
-9.621744815255946854e-07
-9.194421486503521512e-07
-9.832100366909439913e-07
-9.309345392941531414e-07
-9.653951242925365890e-07
-8.802109797994853578e-07
-9.823020313825772110e-07
-9.936189565091104740e-07
-9.498571535662504248e-07
-9.458126829024484481e-07
-9.435699657714372189e-07
-9.528231623698661084e-07
-9.799078237787758911e-07
-9.445821385011519452e-07
-9.775369857974554460e-07
-9.775688909730415736e-07
-9.564647230966001998e-07
-9.948208633852612538e-07
-9.495359695799786063e-07
-9.343592599213274997e-07
-9.079423089041639138e-07
-9.937431483527044540e-07
-9.663796074655504892e-07
-9.986873671832819245e-07
-9.322915176137702275e-07
-9.563923104814420044e-07
-9.361611576899234247e-07
-8.839561689071808147e-07
-8.181233709944736615e-07
-9.220210246801984287e-07
-8.899045649088415571e-07
-8.722055094791067834e-07
-8.624221172177289381e-07
-8.839408553425766429e-07
-8.184316271127284680e-07
-8.224808440297410553e-07
-8.604682455764005884e-07
-8.981907273925929565e-07
-8.844075311813651661e-07
-8.997299772472158233e-07
-9.098245197666919365e-07
-9.008255450560493743e-07
-8.367206739230785034e-07
-8.633799357915297585e-07
-9.591831098287085461e-07
-9.492103472158058919e-07
-8.843899525707971114e-07
-8.862806099345770364e-07
-8.657205458453750034e-07
-9.614496996076330508e-07
-9.137311501572881481e-07
-8.856800606318154607e-07
-8.850057084641201131e-07
-8.919789466990440744e-07
-9.365112062564042254e-07
-8.515458351196854951e-07
-9.302312179170160334e-07
-9.008615167696433336e-07
-9.277026211610799451e-07
-9.774155324337401267e-07
-9.509920009697881085e-07
-8.648518569333892545e-07
-9.084272584202434805e-07
-8.755764055575544528e-07
-9.266685571960193378e-07
-9.036918320585315012e-07
-9.131865221702898559e-07
-8.722317144573169458e-07
-8.611665541225142314e-07
-9.076796659809986604e-07
-9.342956188078599841e-07
-8.804709785013513332e-07
-8.870923554978332956e-07
-9.047666121396834754e-07
-8.729127674668457868e-07
-9.173615640590642551e-07
-9.586039205273166024e-07
-9.343615192100410510e-07
-8.868552629117760762e-07
-9.023815011769009813e-07
-9.127069895705512368e-07
-8.917130260565261091e-07
-8.929184319407892281e-07
-9.134043607608468684e-07
-9.308965087847161936e-07
-8.567083091331838145e-07
-9.156159494253750872e-07
-8.907849933484726301e-07
-8.812311453204860673e-07
-9.421856015951826547e-07
-8.768006556140608332e-07
-9.777122532379904814e-07
-9.327096445789667372e-07
-9.213852212886531013e-07
-8.937371386594072635e-07
-8.555687939893378638e-07
-8.771771309728427398e-07
-8.810378205582792963e-07
-8.459952126495635483e-07
-8.904153697087089048e-07
-9.063531020103601021e-07
-8.582154483389656676e-07
-9.244429761620947170e-07
-1.020309767526891932e-06
-9.931525448178533897e-07
-1.019357790400297733e-06
-9.637481515598358918e-07
-9.747223868863846772e-07
-1.000993899970961730e-06
-1.012543806701463058e-06
-1.003978456336114564e-06
-9.952656880167219851e-07
-1.013188102639380629e-06
-1.025394958655759657e-06
-1.065152805241926999e-06
-9.810069810505405782e-07
-1.006286741934807454e-06
-9.818005848224612273e-07
-1.046798966563739745e-06
-9.727055286003591224e-07
-9.576427311141731042e-07
-9.847367679865205733e-07
-9.783274901451634479e-07
-9.863314615390929258e-07
-1.026623422087038660e-06
-9.993465830007989683e-07
-9.608985286412335233e-07
-1.027329962903418603e-06
-9.733802443559774380e-07
-1.020604371046827258e-06
-9.006036348582764144e-07
-9.989432736680843576e-07
-1.036102880810621739e-06
-1.008776980498426282e-06
-9.978706885922560069e-07
-9.723050602974662478e-07
-1.037529962181432837e-06
-1.011264292772648442e-06
-9.791797374762783241e-07
-1.006988575434366977e-06
-1.007680896808979835e-06
-9.650716209028571290e-07
-9.662895855859771637e-07
-9.614602066398693224e-07
-9.680257262991743936e-07
-1.048023781407349091e-06
-1.004370556754690254e-06
-1.017044492243921768e-06
-1.040481817642442764e-06
-9.676892455681216397e-07
-9.920431745511557698e-07
-9.137802643502167028e-07
-9.997362072209765850e-07
-1.059270960157043373e-06
-9.596025431374517454e-07
-9.687151205688727680e-07
-1.057251953843997510e-06
-9.690149221206739056e-07
-9.921378808513117091e-07
-9.870634878915384361e-07
-9.494878779175169301e-07
-1.054055604581605953e-06
-1.055309073791307355e-06
-1.002337077380718068e-06
-1.035587146337557076e-06
-1.026381358166844062e-06
-1.057979684479180587e-06
-1.015892859579367275e-06
-1.060611593692911571e-06
-1.041351599037828883e-06
-1.088879393442924502e-06
-1.062274771047008043e-06
-1.085081528937465053e-06
-1.208349585708432649e-06
-1.020779198862744312e-06
-1.028972111029378242e-06
-1.003399090898984316e-06
-1.081450445491570342e-06
-1.156732945531210199e-06
-9.910154661890724777e-07
-1.055449503446179464e-06
-9.949890149450814193e-07
-1.090232120432137366e-06
-1.039494779564113961e-06
-1.059599039513328429e-06
-1.038167381693749220e-06
-1.075781663218109303e-06
-1.110219858963028828e-06
-1.092971617456975561e-06
-1.113649621654871372e-06
-1.033568026019742216e-06
-9.271906245417203118e-07
-1.006487969729009387e-06
-9.543093140877392990e-07
-9.568878447243614554e-07
-9.793124299766442042e-07
-1.019154460040009492e-06
-9.710108559510809811e-07
-1.005522410975544919e-06
-9.946578995057996260e-07
-9.520079334338684130e-07
-9.749893704186938536e-07
-9.421770604303061435e-07
-9.570897131021870809e-07
-9.723280095141556191e-07
-9.760617158267134678e-07
-9.776863654327175389e-07
-9.823018476948818264e-07
-9.698381174372228494e-07
-9.255164206596838993e-07
-9.733927773500315197e-07
-1.035021961808413730e-06
-9.203501016852186863e-07
-1.010975915573507714e-06
-9.558947373116482993e-07
-9.655319492347988763e-07
-9.892032908018131010e-07
-9.395803950648692806e-07
-9.835524004036053893e-07
-1.026135337327514581e-06
-8.989648079421173898e-07
-9.324460686958375585e-07
-1.030257740248961958e-06
-9.670230458125272279e-07
-1.083902925671105085e-06
-9.771241164111478396e-07
-9.950158461835472666e-07
-1.039046755352099537e-06
-9.678840766036843232e-07
-1.009874131634372971e-06
-9.794972709347861424e-07
-9.623348531308271938e-07
-1.059574785472408801e-06
-1.068436777506905715e-06
-1.025396129175436826e-06
-1.021582237697138749e-06
-1.010619421910398367e-06
-9.686270029111756183e-07
-9.966708854430720006e-07
-9.728334796343965794e-07
-1.011407042123704813e-06
-9.817738498920423412e-07
-9.753829156578915249e-07
-1.022516882443795282e-06
-1.051954780871620323e-06
-1.013489420687980983e-06
-1.053693042481239153e-06
-1.045941121064318174e-06
-9.842788525032853659e-07
-1.015953251332284066e-06
-9.176472250871490035e-07
-9.775536858716962061e-07
-1.044554693162904550e-06
-1.045316046216247031e-06
-9.898144781149601969e-07
-1.020767817788829154e-06
-1.033047038272392089e-06
-9.882970191063583421e-07
-1.001920720930862401e-06
-1.008163524400106357e-06
-1.023102831393835376e-06
-1.017449935540014815e-06
-9.911287733388794636e-07
-9.517262107398270866e-07
-1.008692814475382583e-06
-1.015200453011870624e-06
-1.043238127700832888e-06
-1.019638869239770057e-06
-1.008639525987206188e-06
-9.402138912527160974e-07
-9.630486901658553480e-07
-9.882593508262300905e-07
-9.911410084415339466e-07
-9.773525947366346299e-07
-9.490118693635089565e-07
-1.021575785374022462e-06
-9.978264527424328778e-07
-1.042461502405682064e-06
-1.049218691577623938e-06
-1.041460148656527790e-06
-1.036632497078448371e-06
-9.966032320480079101e-07
-1.029027648226714445e-06
-9.902661554469765478e-07
-1.014022931630721076e-06
-9.796749741113562198e-07
-9.566581649416272063e-07
-1.031846002490015569e-06
-9.918034397204009474e-07
-1.057586122364151002e-06
-9.181577213135923516e-07
-9.972142896309794209e-07
-1.026506633046234936e-06
-9.459139754713028938e-07
-1.006120098500203922e-06
-1.052339332722810507e-06
-1.042704852183038961e-06
-9.313833912132059072e-07
-1.016291860954598324e-06
-9.813720703236527156e-07
-9.755413704680421955e-07
-9.793718889220067788e-07
-9.890225791285614262e-07
-9.830614703413847197e-07
-1.021369561249605670e-06
-9.537213777367147526e-07
-9.473196989196825445e-07
-1.002827676724583933e-06
-9.435318999094793252e-07
-1.017359241972192069e-06
-9.964699902612606343e-07
-8.465124845343135039e-07
-9.026562702004720850e-07
-9.806889133095893807e-07
-9.618686852420005597e-07
-9.084793473195900902e-07
-8.853420631858984578e-07
-9.629360083468204892e-07
-9.827461800873413213e-07
-9.740874918439327672e-07
-9.943876231284195708e-07
-9.277003663295610179e-07
-9.425688565657898267e-07
-9.660788910489785482e-07
-9.681603720458180582e-07
-9.420719064535981042e-07
-9.183164130905523666e-07
-9.428734265470753520e-07
-9.702733898368865287e-07
-9.591079932308962471e-07
-9.544188183993033946e-07
-9.233725556269098296e-07
-9.387461117917791745e-07
-9.260883060115122885e-07
-9.210269864741073244e-07
-9.471578657684574629e-07
-9.020462754700794046e-07
-9.598913151759216031e-07
-9.981260208369712216e-07
-9.634707447458056641e-07
-1.045350618029748001e-06
-9.834841993519023273e-07
-9.512752978550687143e-07
-1.031087985562535650e-06
-9.901619884901688928e-07
-9.866840821020885161e-07
-1.013479481185577630e-06
-1.015106313811263124e-06
-1.052134658149183461e-06
-9.575610550225490974e-07
-1.044495562762665829e-06
-9.761370191684136457e-07
-9.903861961669713513e-07
-1.034759996202104994e-06
-1.035113820806577379e-06
-9.423158902895933684e-07
-9.568033617030586353e-07
-1.009929053630259108e-06
-9.402119433219186108e-07
-9.608450966265173192e-07
-1.044098754768617197e-06
-9.954319237947442284e-07
-1.003200207113275615e-06
-9.731690259530918834e-07
-9.286475252567305140e-07
-9.447601619313709052e-07
-1.032470824517740106e-06
-9.792236268198624869e-07
-1.030676442032713285e-06
-1.047447761350743694e-06
-1.071547055428341326e-06
-1.013378340780025123e-06
-1.160072739508440653e-06
-1.032441604987891344e-06
-1.094810007642926455e-06
-1.067963967156739244e-06
-1.044792745736017188e-06
-9.965688954379434014e-07
-1.063645832287211396e-06
-1.153970413529477773e-06
-1.035741463859163778e-06
-1.011024358209958917e-06
-1.004979941655291887e-06
-1.092979491954774046e-06
-1.075962786596421576e-06
-1.041691554175054795e-06
-1.001341742051790835e-06
-1.057781072100791637e-06
-1.030067962120094797e-06
-1.033444979592948187e-06
-1.033742183472648588e-06
-1.014040287574579799e-06
-1.096829090456552548e-06
-1.073057171856889773e-06
-1.125676632216877298e-06
-1.104986514614827551e-06
-9.804890010878555175e-07
-1.037315854791655755e-06
-1.021354745902943611e-06
-9.555004867496568376e-07
-9.521758234875246712e-07
-9.739591797737353289e-07
-9.624400896004884829e-07
-9.505933834528786396e-07
-1.014903195362254880e-06
-1.056580431484781550e-06
-9.284680204232947819e-07
-9.604432956525973591e-07
-9.824606655093654344e-07
-1.057132446258534542e-06
-1.052774906586442763e-06
-1.017422972531519205e-06
-9.663329342341904223e-07
-1.017458101313527922e-06
-1.004602250395715362e-06
-9.636338590842773195e-07
-1.021255871875362366e-06
-9.722361787062759058e-07
-9.381730039651107996e-07
-9.775022414652711095e-07
-9.900430644168772049e-07
-1.053966408361636588e-06
-9.973042729852433152e-07
-9.390034908798608588e-07
-9.179736692877574494e-07
-9.144623684986165964e-07
-8.521211113200266133e-07
-9.346222668854049178e-07
-9.055800221811852315e-07
-8.332773998831540278e-07
-8.193849127113885086e-07
-9.686678011566787762e-07
-9.186483489391811587e-07
-9.211251181432536158e-07
-9.424926557003681471e-07
-8.967294617423982927e-07
-8.886007666098628506e-07
-8.783549450441461578e-07
-9.151547189257533314e-07
-8.591470558321599732e-07
-8.733064238318281475e-07
-9.326568343103125235e-07
-8.895218877884506694e-07
-9.329681680939306011e-07
-9.502604970945071617e-07
-8.874691536065086145e-07
-8.652380145853701030e-07
-1.052477530854995797e-06
-1.066073907587533764e-06
-1.100581390032982549e-06
-1.056004152799770580e-06
-1.008637316505712990e-06
-1.042609997386887095e-06
-1.059915844937293085e-06
-1.039517328633358221e-06
-1.012591516263296575e-06
-9.846452123694407934e-07
-1.072604656094871354e-06
-1.051185282772591844e-06
-9.873970387449994804e-07
-1.041867011020177604e-06
-1.035814089388829064e-06
-1.049669237608223641e-06
-1.071015896747279842e-06
-1.079713276967297329e-06
-1.028424049026717818e-06
-1.023846079314771013e-06
-1.081013749613256629e-06
-1.053757560157398809e-06
-1.025247985227575990e-06
-1.012619932001486903e-06
-1.111415623715006861e-06
-9.948777163505965177e-07
-1.032052544798971924e-06
-1.038550310893583607e-06
-1.015842685310047114e-06
-1.004749647471053323e-06
-9.794497820848767800e-07
-9.673866646910956152e-07
-9.072239744940950800e-07
-9.241326464620577635e-07
-8.894607658045653565e-07
-9.148708078710315098e-07
-9.853079324523387705e-07
-9.257490533830769441e-07
-9.625094742999993287e-07
-8.890768356151122803e-07
-9.438349396109132731e-07
-9.274057168923149995e-07
-9.209975476058398364e-07
-9.399949597066739011e-07
-9.096332026061287251e-07
-9.729349074188035063e-07
-9.019485587895701892e-07
-9.258511352512637310e-07
-9.366458392435962002e-07
-9.367758899855810325e-07
-9.316368726641094377e-07
-9.493863288505022095e-07
-9.878918210933504178e-07
-8.824034377439748595e-07
-8.891426043192733490e-07
-9.475497865548538051e-07
-9.039571280631578077e-07
-8.872498042436135422e-07
-9.730511227652379285e-07
-9.225605020621307584e-07
-9.534088791733267328e-07
-9.375662127630131758e-07
-8.729456132443454069e-07
-9.374270535366619709e-07
-9.351577022849000012e-07
-9.083324479927830883e-07
-9.615590314876455178e-07
-9.599564557526169700e-07
-9.292943275835522364e-07
-9.306482151306867238e-07
-9.573414393528451271e-07
-9.692639828812386562e-07
-9.224663122016278716e-07
-8.975730388358044853e-07
-1.011754630230226682e-06
-9.668488143666448199e-07
-9.655743484041586270e-07
-9.213862580177094461e-07
-9.847829951826244522e-07
-9.468510365551249963e-07
-9.107357077768730552e-07
-9.678100986037895100e-07
-9.011067975608042371e-07
-9.678353031158566615e-07
-9.690760520509010867e-07
-9.699622910026767669e-07
-9.524521279656326693e-07
-9.699866236759984642e-07
-9.867390405658601141e-07
-9.854224646037109642e-07
-9.452436669672203279e-07
-9.810857710746955651e-07
-9.721920779696182446e-07
-9.424569192103337166e-07
-9.843161010345480455e-07
-9.796401161146615266e-07
-9.561461170337078269e-07
-1.042622348883941927e-06
-8.628704810250573467e-07
-1.056048037551142961e-06
-1.045377183579318132e-06
-9.229666376574918442e-07
-1.024544769094381893e-06
-9.702103132154016175e-07
-9.680822497523520041e-07
-9.263702919347719548e-07
-9.677224161839347547e-07
-9.654034054086041070e-07
-9.327928836169461939e-07
-9.852377831744280700e-07
-9.958988623982568579e-07
-9.750050278761652756e-07
-1.002668479271852742e-06
-9.724511638680410446e-07
-9.849191823523381825e-07
-8.638919376714844960e-07
-8.974376689950545280e-07
-8.382435111180024343e-07
-8.653418600125848075e-07
-8.803880848195918810e-07
-9.073620473735698598e-07
-8.609556038013405881e-07
-8.696117525202626368e-07
-8.990831885930231173e-07
-8.903680311849259825e-07
-8.131941464960965524e-07
-9.157405105674190765e-07
-8.587754499562932355e-07
-8.723360033322919197e-07
-8.585064010618179967e-07
-8.112369321447713691e-07
-9.553958756810584930e-07
-8.963202792465007503e-07
-8.516649482952397327e-07
-8.736734887945172893e-07
-9.072573391066440102e-07
-8.977670221079047135e-07
-8.351834913132355394e-07
-8.889076233082372915e-07
-9.200255592324603019e-07
-8.480627084145825141e-07
-8.678228926754205848e-07
-8.772314620573252150e-07
-8.666952443810286702e-07
-8.800115711354820575e-07
-9.033112209035608940e-07
-9.454478274442110150e-07
-8.694832976237468797e-07
-9.210699600883462136e-07
-8.041736730496960219e-07
-8.720435603140676560e-07
-9.432635104459975927e-07
-8.526642278124675914e-07
-8.886647756135800541e-07
-8.430613298651476304e-07
-8.586632802317589353e-07
-9.390802171290174730e-07
-8.693784079591759919e-07
-9.279991585341444437e-07
-8.817435031545372515e-07
-1.059047129114617228e-06
-1.015895932086500644e-06
-9.684005705919244831e-07
-1.041476670767468783e-06
-9.837921434673574051e-07
-9.527018136570631639e-07
-9.745027667127369581e-07
-1.000620551031043238e-06
-1.029987314585473644e-06
-1.047517051024667765e-06
-9.898758463756085943e-07
-1.028121170023333302e-06
-1.027455932408772519e-06
-1.005431138190129908e-06
-9.970434650480826284e-07
-9.686815241167906352e-07
-9.994245950498297613e-07
-1.065510592654257877e-06
-9.893574049181427059e-07
-1.034213539285492317e-06
-9.969693337074075884e-07
-9.816248954097009890e-07
-9.469700709510073577e-07
-1.024391983330874280e-06
-9.812378337059506544e-07
-9.916417119543331393e-07
-1.013517653771716996e-06
-9.165529892681538772e-07
-9.536298444310455510e-07
-9.127482727017233292e-07
-9.640034354865679877e-07
-8.876068885340297945e-07
-9.618475316640124115e-07
-9.589157193050930041e-07
-9.191570357035927063e-07
-8.710323487168078047e-07
-9.330587589750422966e-07
-9.189384482348919011e-07
-9.600448307925059527e-07
-9.615538476029570250e-07
-9.385018396038636518e-07
-9.542907141707009617e-07
-9.043877319198253063e-07
-9.060061001769698380e-07
-8.967950379064869637e-07
-9.069861262108024924e-07
-9.289788861985686434e-07
-9.595963038394542517e-07
-9.284483070694854795e-07
-9.315373330086432324e-07
-8.701632008825292050e-07
-8.690645237452528566e-07
-8.963817637349135517e-07
-9.282281519794691001e-07
-9.587187100535910636e-07
-9.021753288299286941e-07
-9.202691132527294120e-07
-9.584892043174207527e-07
-8.962167647942362471e-07
-9.611438310133548139e-07
-9.136177845745144492e-07
-9.029977194728438180e-07
-9.459613006647766950e-07
-9.129052077305288767e-07
-8.691878941189081792e-07
-8.998277746539958359e-07
-9.276053076167208795e-07
-8.714853327033189695e-07
-9.652306808242856655e-07
-9.312845659102177946e-07
-8.865678450350903996e-07
-9.343575474943509331e-07
-9.170683504543643969e-07
-9.242055302528840421e-07
-9.223760161637190598e-07
-9.950823283964733205e-07
-9.532896151365333083e-07
-9.106925347715104751e-07
-9.110046689371860890e-07
-9.439831419556404896e-07
-9.943154481989007836e-07
-9.080296368883782816e-07
-9.207725769126828509e-07
-9.167892443569416986e-07
-9.730959312426690184e-07
-9.761077634891966344e-07
-9.793346166460950114e-07
-1.007057386296057563e-06
-8.699424753249602177e-07
-1.017929714147792669e-06
-9.426456245800370401e-07
-9.404757640689392715e-07
-9.243607802577198564e-07
-9.728948457455510658e-07
-9.537846119395476383e-07
-9.557162549556819706e-07
-9.833415694069617341e-07
-9.538183090548611667e-07
-9.937856100798978822e-07
-9.394857846177201213e-07
-1.001552553959875750e-06
-9.570839096059422605e-07
-8.980109413970597217e-07
-9.824197706024776390e-07
-9.892043974318406426e-07
-1.028287996844959663e-06
-9.804031540746985358e-07
-9.119102991870413824e-07
-9.623639332369422428e-07
-9.792487746181504407e-07
-9.376647709253347229e-07
-8.929191755503996297e-07
-9.643853784002609037e-07
-9.297490961679429963e-07
-9.361053342514163170e-07
-9.440385835500467548e-07
-9.001463657584029332e-07
-8.492165627057977202e-07
-8.984348181638125053e-07
-8.932524757579132885e-07
-9.247892728367968361e-07
-8.694624131278103066e-07
-9.263419946032131392e-07
-9.369983299735317720e-07
-8.979380891292614715e-07
-9.561851925068110637e-07
-9.243516859385656169e-07
-8.961017287282777687e-07
-8.903013701179427384e-07
-9.199598324061562817e-07
-9.233841054131677052e-07
-9.160277842831733706e-07
-8.057137179105774285e-07
-9.140836316885208751e-07
-9.668688589146212148e-07
-9.210823606371208429e-07
-9.048880685226621347e-07
-8.781227513524011270e-07
-9.281185151447266848e-07
-8.806983341367351355e-07
-9.556366780129838167e-07
-8.770289224354934330e-07
-8.753549136552389008e-07
-9.536668215440898120e-07
