-1.177873211671025535e-06
-1.140789251795725219e-06
-1.136433505598843110e-06
-1.149004907013750353e-06
-1.139694834347291524e-06
-1.159811393070265438e-06
-1.155181429644637648e-06
-1.165876361905026583e-06
-1.108676062235330377e-06
-1.163179257515480292e-06
-1.218723300929359788e-06
-1.187515778448817897e-06
-1.136137200046030803e-06
-1.124859774011875193e-06
-1.181405916572070698e-06
-1.181506800693291738e-06
-1.178142433430124255e-06
-1.122623612164590310e-06
-1.152826907765315745e-06
-1.128841294716440767e-06
-1.133720245422560496e-06
-1.109014293392880732e-06
-1.132998652755330806e-06
-1.155275175511490400e-06
-1.162189642317256380e-06
-1.132339391347043164e-06
-1.151059552803169030e-06
-1.181837126873178794e-06
-1.152695039917751194e-06
-1.143933920697310747e-06
-1.213917932860057743e-06
-1.301227555135327315e-06
-1.206490697920454650e-06
-1.202064863067657409e-06
-1.235888252700743842e-06
-1.263110860478290741e-06
-1.236882507990041686e-06
-1.223776110089597863e-06
-1.241886343961941047e-06
-1.221240295766349254e-06
-1.183845172298380656e-06
-1.247370213322930845e-06
-1.241626553451861767e-06
-1.254772232803198889e-06
-1.160729580757933661e-06
-1.279155375567450644e-06
-1.194625799219093388e-06
-1.260364142490864045e-06
-1.229198737827490196e-06
-1.208453133805435670e-06
-1.257124340252581615e-06
-1.243293910445479357e-06
-1.246537110356255482e-06
-1.249288018853182825e-06
-1.199633675411115269e-06
-1.208386105169474394e-06
-1.244257072380315271e-06
-1.218146962226141204e-06
-1.202927166721162821e-06
-1.219494409088231269e-06
-1.178013645437731207e-06
-1.132125205847456659e-06
-1.146756057842567942e-06
-1.142604478678516396e-06
-1.226645900274410398e-06
-1.175314005897053925e-06
-1.177251761915087775e-06
-1.244194790631568767e-06
-1.170190180777117143e-06
-1.173507606340997388e-06
-1.200480324445205147e-06
-1.181648925782280205e-06
-1.238094414283273138e-06
-1.205717288166670443e-06
-1.231914410691382577e-06
-1.172759005711824325e-06
-1.249725227678057291e-06
-1.253176045437924030e-06
-1.180977425675947069e-06
-1.226680572329874527e-06
-1.229357183020812913e-06
-1.238721608372033097e-06
-1.278208954592718054e-06
-1.167012215295580783e-06
-1.221438974988159431e-06
-1.245657931565345957e-06
-1.150782633448352387e-06
-1.214997060314925093e-06
-1.163233747719244959e-06
-1.201852991745701895e-06
-1.230970165229428860e-06
-1.185220195810580660e-06
-1.181072422039418503e-06
-1.191189906809541090e-06
-1.185814105408236175e-06
-1.193256579851305392e-06
-1.215860538326403381e-06
-1.263627180844121888e-06
-1.173160466920979983e-06
-1.209480112641130339e-06
-1.185715816830134768e-06
-1.221704209915716529e-06
-1.185480369839559960e-06
-1.195912732694162006e-06
-1.155516501948446534e-06
-1.218283386623698233e-06
-1.164643389076942345e-06
-1.194457166142324200e-06
-1.117616179890221709e-06
-1.211766552928348100e-06
-1.219620144100313216e-06
-1.182612097180472714e-06
-1.178768404576970250e-06
-1.175695334172245673e-06
-1.183667302024649259e-06
-1.202301031461195616e-06
-1.178861354529526721e-06
-1.207820315914316377e-06
-1.201446843698125228e-06
-1.181674360821242282e-06
-1.220183477890991070e-06
-1.179461856649203331e-06
-1.166340176947635054e-06
-1.139542128713343820e-06
-1.221108753137890330e-06
-1.198948885294940953e-06
-1.223999664133644118e-06
-1.165588531913097403e-06
-1.189543273393108584e-06
-1.168492689120690724e-06
-1.091045480343713087e-06
-1.030393228564456311e-06
-1.123535969304399557e-06
-1.094459905390711517e-06
-1.080890059796006348e-06
-1.070135954119594395e-06
-1.087151111308265304e-06
-1.029547121628734971e-06
-1.033159327014069497e-06
-1.067584477178566691e-06
-1.062687267499710986e-06
-1.103325515879172557e-06
-1.091779477843201243e-06
-1.116196553129024392e-06
-1.125710231707865253e-06
-1.115302884815098767e-06
-1.054184354121134181e-06
-1.081302302565034517e-06
-1.170220988108938115e-06
-1.158562069476469328e-06
-1.100311125432829272e-06
-1.147677473393802937e-06
-1.105472069631598005e-06
-1.085700353932535786e-06
-1.173421269539115327e-06
-1.127479744218500413e-06
-1.107951849659865932e-06
-1.101342403127005095e-06
-1.105770619042365309e-06
-1.149834138264873498e-06
-1.079283074233137766e-06
-1.148006168168109137e-06
-1.116212470065471121e-06
-1.144625715682026291e-06
-1.190644213707141918e-06
-1.166734968134838316e-06
-1.083291525501347718e-06
-1.125332219152074742e-06
-1.094065108182579320e-06
-1.140998949864879996e-06
-1.123147725190586756e-06
-1.129587269536840203e-06
-1.092320327410465653e-06
-1.083951454484416656e-06
-1.123243975028154592e-06
-1.149944463700911322e-06
-1.100128291389853571e-06
-1.107576667093959620e-06
-1.123803283670568762e-06
-1.092148856833494265e-06
-1.133849399991795109e-06
-1.169739094062892130e-06
-1.152650268577366887e-06
-1.109343885766417821e-06
-1.118454317239505715e-06
-1.128414365883401137e-06
-1.109693217576018194e-06
-1.115494794113565854e-06
-1.126657947844668001e-06
-1.144776041540577747e-06
-1.075581291875969206e-06
-1.127588823590905450e-06
-1.106349379042997485e-06
-1.096322579334845727e-06
-1.150669185217001345e-06
-1.093037843646816920e-06
-1.187951467034793487e-06
-1.142949597425852082e-06
-1.130387376855594502e-06
-1.096389595991873304e-06
-1.107257320336821112e-06
-1.071325923041465154e-06
-1.095118215608922468e-06
-1.095586585640116012e-06
-1.068698160711776532e-06
-1.103399908441583876e-06
-1.120617588744566072e-06
-1.079075013254210959e-06
-1.167074863484205530e-06
-1.253172146058700753e-06
-1.223647370635574895e-06
-1.253978681076151692e-06
-1.199969314619861481e-06
-1.210569849810583533e-06
-1.238200884987044198e-06
-1.246964922670177872e-06
-1.236894469548101168e-06
-1.230573916276202996e-06
-1.244833255768524176e-06
-1.264519747129762779e-06
-1.292038888208358998e-06
-1.218499189691895668e-06
-1.240205841012422069e-06
-1.218203431658188958e-06
-1.277960941716131591e-06
-1.210736981682485264e-06
-1.195165821324077779e-06
-1.221662677034673841e-06
-1.212414905284858233e-06
-1.220752091076523270e-06
-1.256702636584289048e-06
-1.236545619044254435e-06
-1.199354119747371701e-06
-1.256995579780773103e-06
-1.208736307500819725e-06
-1.257940601235531973e-06
-1.153923683590299291e-06
-1.240422788283327533e-06
-1.272615118696227302e-06
-1.244024005612678850e-06
-1.237864258721459660e-06
-1.212585688695516550e-06
-1.276796042200094845e-06
-1.253231846355765093e-06
-1.222391306609059625e-06
-1.249325080725509101e-06
-1.247684246939282415e-06
-1.209454904226916231e-06
-1.208261955575633101e-06
-1.204765374447875932e-06
-1.213184630604698755e-06
-1.281192267881320753e-06
-1.246477583059052539e-06
-1.257476432538438604e-06
-1.271500745878476160e-06
-1.207971660622178969e-06
-1.232062445693454503e-06
-1.161855992164813628e-06
-1.237254096537122359e-06
-1.299394695025138801e-06
-1.201974907236956641e-06
-1.213510866027417116e-06
-1.289789915531652796e-06
-1.211651083542327758e-06
-1.229545816922298824e-06
-1.228340504375418053e-06
-1.194250836144879379e-06
-1.318847202372786501e-06
-1.309890088144306449e-06
-1.252133232627008411e-06
-1.286488718031179318e-06
-1.279878555142817004e-06
-1.307977743721609452e-06
-1.274863892480061169e-06
-1.313253561755339074e-06
-1.296186655841844398e-06
-1.342082245247575345e-06
-1.311055178947813847e-06
-1.338474972474039055e-06
-1.453115951480044125e-06
-1.270984087876199857e-06
-1.291500201823164226e-06
-1.257450438228885059e-06
-1.329811470230738822e-06
-1.406455128422661253e-06
-1.250008765030362771e-06
-1.316577270932605666e-06
-1.252935081004337012e-06
-1.341471933420532090e-06
-1.297668889120809125e-06
-1.311828370363983482e-06
-1.296161647175387780e-06
-1.323485820886002742e-06
-1.355373966294092996e-06
-1.338517270541659300e-06
-1.364082684184893175e-06
-1.289940012692090305e-06
-1.158452855106274240e-06
-1.232166877888866901e-06
-1.184311033651200555e-06
-1.191720638345585490e-06
-1.210355274773310219e-06
-1.246669236150060847e-06
-1.201747920353989306e-06
-1.230955402047632000e-06
-1.225407178717873492e-06
-1.185171777979103706e-06
-1.207581151476495642e-06
-1.176615280306393246e-06
-1.190463628357455380e-06
-1.200563097733256791e-06
-1.206913860761572324e-06
-1.210785531793503899e-06
-1.212594451336090954e-06
-1.202745904874525742e-06
-1.160229986792204779e-06
-1.205207675602728436e-06
-1.258387452917319002e-06
-1.150052257346458855e-06
-1.235989520313033094e-06
-1.188243081920633345e-06
-1.199445318522157451e-06
-1.217747363638334377e-06
-1.169758023773129206e-06
-1.216721344625399217e-06
-1.254709198589516872e-06
-1.149269350733827356e-06
-1.180425908640568371e-06
-1.264752934137359834e-06
-1.212851146475978398e-06
-1.318464040103370160e-06
-1.219140270524841595e-06
-1.238073559685343001e-06
-1.274998869725583135e-06
-1.210272370270613069e-06
-1.252964356030306194e-06
-1.216242205534266027e-06
-1.205159417760748218e-06
-1.295427431556459140e-06
-1.304883785471317442e-06
-1.263034325323982181e-06
-1.258522752914139609e-06
-1.249235289937547992e-06
-1.212142420382626743e-06
-1.237551432266625875e-06
-1.216575084332661774e-06
-1.253068160187851823e-06
-1.225765699906560688e-06
-1.212892242113357450e-06
-1.264440069013077657e-06
-1.288670070874196553e-06
-1.255682886441455220e-06
-1.291480776374471549e-06
-1.282505735622277997e-06
-1.220682758146100632e-06
-1.249255621264506262e-06
-1.164883302112874181e-06
-1.214670733736655683e-06
-1.279327669372533001e-06
-1.285937725388627814e-06
-1.226343019564625282e-06
-1.257487277699164012e-06
-1.268741132282321952e-06
-1.225311048264496409e-06
-1.240876549031362037e-06
-1.242816291072512690e-06
-1.259950643937867284e-06
-1.253368818589477657e-06
-1.232619875076846275e-06
-1.199223708158901811e-06
-1.240653622707398234e-06
-1.250646334055936238e-06
-1.279280204394335927e-06
-1.262263243097139366e-06
-1.242996574237130751e-06
-1.176190112093153489e-06
-1.204420159598708539e-06
-1.227646018838836599e-06
-1.230544154927637225e-06
-1.212378021141222655e-06
-1.197054994271549603e-06
-1.257795545813703352e-06
-1.234062114344696636e-06
-1.280032604936187113e-06
-1.279467122369405624e-06
-1.279934600995952944e-06
-1.273264484685444546e-06
-1.234165151186939409e-06
-1.264966577432338270e-06
-1.229861920398261133e-06
-1.245241278775987400e-06
-1.220772412024132505e-06
-1.198592177072594479e-06
-1.269366511620795992e-06
-1.224074270183075484e-06
-1.292956813998304441e-06
-1.164389407550644293e-06
-1.233244666861133434e-06
-1.258327222897447448e-06
-1.189228713276770615e-06
-1.242232332310899541e-06
-1.288042747648450676e-06
-1.277372680321712685e-06
-1.171891117330953159e-06
-1.250533465202766437e-06
-1.216167576105762028e-06
-1.214403439944472285e-06
-1.215956634285285047e-06
-1.226923823144408505e-06
-1.223906546941937983e-06
-1.258865470640658691e-06
-1.190928001755173639e-06
-1.187674751084936516e-06
-1.238356419406002651e-06
-1.171422456743523250e-06
-1.236976219585013468e-06
-1.224169022291690336e-06
-1.084600436267294009e-06
-1.134746000716779518e-06
-1.204358952241870287e-06
-1.185829337299868670e-06
-1.136627600825448440e-06
-1.114176570575641460e-06
-1.188929904965304596e-06
-1.210622661411010921e-06
-1.197272399883058417e-06
-1.219236823776737015e-06
-1.158855712598608029e-06
-1.170382350782257350e-06
-1.189737245725597563e-06
-1.189383527719619773e-06
-1.167909909563400492e-06
-1.145511327459775189e-06
-1.167329944731789052e-06
-1.195524194094086641e-06
-1.186955883452510177e-06
-1.180487321941144476e-06
-1.151666909924824717e-06
-1.168838093176986628e-06
-1.155276249506632539e-06
-1.148850828885900172e-06
-1.177580114908977979e-06
-1.132413685207239462e-06
-1.185540413026089544e-06
-1.232696313525801353e-06
-1.203264845519901877e-06
-1.280857825327200669e-06
-1.222723267307161859e-06
-1.192141691302636110e-06
-1.266670076616908452e-06
-1.228067762924633334e-06
-1.220241561210929492e-06
-1.250872150866336557e-06
-1.250424942699012434e-06
-1.284014910218680605e-06
-1.201747234375567311e-06
-1.279172642172430114e-06
-1.213998835754900380e-06
-1.229242683301446909e-06
-1.271713921621740639e-06
-1.266506717027672122e-06
-1.186438341300141511e-06
-1.197472326940618609e-06
-1.247829327047637468e-06
-1.180808035387219857e-06
-1.204515140304810247e-06
-1.274575883412354396e-06
-1.231988887027129243e-06
-1.240951823699582617e-06
-1.209056768288477482e-06
-1.169077089685581650e-06
-1.186410395560564179e-06
-1.280631965569222109e-06
-1.230040979494713377e-06
-1.281224979773024704e-06
-1.296193582937887381e-06
-1.326337505270205104e-06
-1.266874204043880666e-06
-1.401001716257942169e-06
-1.282603164234590486e-06
-1.346725771910089205e-06
-1.320985043183957759e-06
-1.295365928443388909e-06
-1.252273865236920218e-06
-1.314625476513865627e-06
-1.397913565172014568e-06
-1.289016263091336920e-06
-1.264795236751462670e-06
-1.256646037713921286e-06
-1.337926759722437696e-06
-1.319619798993965703e-06
-1.296273458929465820e-06
-1.255385614565059059e-06
-1.307755697083527944e-06
-1.283995375663587172e-06
-1.281780588723054689e-06
-1.285075419813908952e-06
-1.263367894156979822e-06
-1.344372874411985665e-06
-1.317700439333605519e-06
-1.372020210152085818e-06
-1.347764748039737556e-06
-1.218910902594972714e-06
-1.271770712415722183e-06
-1.255710550968497309e-06
-1.195219767852908848e-06
-1.192800691611484419e-06
-1.212351862443541925e-06
-1.198816306538178190e-06
-1.187705785672992236e-06
-1.253336130255995289e-06
-1.285643060794043995e-06
-1.170161740597930460e-06
-1.197554029735315208e-06
-1.224911894145392004e-06
-1.290876023774882206e-06
-1.287893983827299484e-06
-1.252811002088090779e-06
-1.204428793858779608e-06
-1.251317491058127016e-06
-1.240935834285583956e-06
-1.201127038914094939e-06
-1.258001916742497253e-06
-1.210285391283226989e-06
-1.181971016826938541e-06
-1.214753262665197072e-06
-1.227320511750860464e-06
-1.281547200558996474e-06
-1.233899332513531158e-06
-1.152301422557725071e-06
-1.132486988028124648e-06
-1.126987585024818631e-06
-1.068571150000590575e-06
-1.147121573316893455e-06
-1.121103140699416183e-06
-1.049885557128969570e-06
-1.042381935883499382e-06
-1.179817806051947387e-06
-1.134902971051788238e-06
-1.135530890089432918e-06
-1.156627927161453214e-06
-1.113502963625098523e-06
-1.102847797584313934e-06
-1.092929884532119156e-06
-1.125839617981642486e-06
-1.075257293387386371e-06
-1.091275159617313407e-06
-1.143777542601751495e-06
-1.107542762673316539e-06
-1.147023135973814245e-06
-1.160793495740454794e-06
-1.104963082805764786e-06
-1.082980828176008959e-06
-1.298513772417028754e-06
-1.320106600589806281e-06
-1.340704457002058187e-06
-1.303044628019960497e-06
-1.257136176493640999e-06
-1.288419150638006636e-06
-1.310675046458106451e-06
-1.285200523907053793e-06
-1.264896158447387758e-06
-1.235302824936172925e-06
-1.323037611107972809e-06
-1.301192302319450382e-06
-1.237041532980311745e-06
-1.286716118936204470e-06
-1.284885232723330113e-06
-1.297204879186905720e-06
-1.318898771435811871e-06
-1.320435248421410172e-06
-1.278077931014887642e-06
-1.272225575710831525e-06
-1.331388721592728595e-06
-1.303754573287625472e-06
-1.272955479045098042e-06
-1.261567224155565252e-06
-1.351225274219215163e-06
-1.254428695252884460e-06
-1.279702295091112758e-06
-1.293708043298900619e-06
-1.268027288885561368e-06
-1.253411373426510103e-06
-1.198129096131675188e-06
-1.188472597115646624e-06
-1.129113586023370766e-06
-1.148996999976678273e-06
-1.120674171280762760e-06
-1.134706900923703357e-06
-1.202391644223735379e-06
-1.146982501970689525e-06
-1.180372111801908229e-06
-1.119331043560570510e-06
-1.166222031638357201e-06
-1.151307331824373026e-06
-1.146814035692631079e-06
-1.161829275390831840e-06
-1.131189343137658582e-06
-1.194507890469373345e-06
-1.123729459768669444e-06
-1.151969452472902182e-06
-1.159735100748697022e-06
-1.158998135902027355e-06
-1.149988779413095699e-06
-1.172771633636073390e-06
-1.212848426280542360e-06
-1.108500486665104586e-06
-1.116609498527248545e-06
-1.170654532310944199e-06
-1.128690240171750807e-06
-1.113916412983387324e-06
-1.189365124775677101e-06
-1.152208901790372322e-06
-1.181640221579361158e-06
-1.159082243121267494e-06
-1.106318063006665181e-06
-1.162881605484508980e-06
-1.165488212627823482e-06
-1.142480459759523242e-06
-1.189193156126634109e-06
-1.183854651009385271e-06
-1.155407745749497759e-06
-1.155236381518359508e-06
-1.180636227774388637e-06
-1.194374951693370193e-06
-1.152105359282702127e-06
-1.126521202464973626e-06
-1.240610521172665946e-06
-1.192479312050195530e-06
-1.187933706208147515e-06
-1.148059781799506323e-06
-1.205553848083083584e-06
-1.172020179384386089e-06
-1.141623337727966859e-06
-1.190765858157272549e-06
-1.135933275735761726e-06
-1.190536709527819203e-06
-1.191961386811746917e-06
-1.197863795843970138e-06
-1.180792153615791049e-06
-1.201541410785083635e-06
-1.223700922540335435e-06
-1.223474068342489907e-06
-1.184735269318912349e-06
-1.214037966621374705e-06
-1.205700259316125550e-06
-1.180360150059677737e-06
-1.214453046815880039e-06
-1.212798803957460480e-06
-1.186455404342970842e-06
-1.272133913147673580e-06
-1.102712052531618985e-06
-1.283684952460118813e-06
-1.268641009462452901e-06
-1.160365684489136296e-06
-1.252043311514201436e-06
-1.205563753496558731e-06
-1.200694589978303530e-06
-1.162058314144285964e-06
-1.199081954149209997e-06
-1.196642392162454509e-06
-1.169824601285284287e-06
-1.217141510850824667e-06
-1.222450016298555711e-06
-1.208089395801371826e-06
-1.231414737660249865e-06
-1.198729217044345410e-06
-1.212129712121591159e-06
-1.073684726919901558e-06
-1.109179375056646750e-06
-1.051926569775530415e-06
-1.076955555543554859e-06
-1.091028230200222423e-06
-1.115563689489310664e-06
-1.070517648562360445e-06
-1.077567727087026064e-06
-1.105607803016289591e-06
-1.101831088141926819e-06
-1.029088446713994392e-06
-1.121124762889859131e-06
-1.074681151860978688e-06
-1.081430772530499657e-06
-1.069105652477990036e-06
-1.028196094939558989e-06
-1.159632362234168565e-06
-1.104504370484961243e-06
-1.062080759307834794e-06
-1.084734289490360866e-06
-1.117734051638725173e-06
-1.102984827198026967e-06
-1.046720627480579856e-06
-1.101462439760026965e-06
-1.127132522429571699e-06
-1.062761495831902813e-06
-1.080299971353892542e-06
-1.087034415006529500e-06
-1.078847287356694952e-06
-1.093561038187531731e-06
-1.112696445402299436e-06
-1.155917391445733833e-06
-1.083122887604415782e-06
-1.130019238485272473e-06
-1.021488640809830374e-06
-1.083650333237796065e-06
-1.147776911162882149e-06
-1.065655381641928632e-06
-1.101609471418123536e-06
-1.107028470090628809e-06
-1.061570386057464058e-06
-1.071256443928939643e-06
-1.150423023235473050e-06
-1.076774588477172775e-06
-1.080491329808768088e-06
-1.134113095931009739e-06
-1.092320878337326251e-06
-1.293671214940412585e-06
-1.250585325138206302e-06
-1.213146998714307222e-06
-1.273818637303998152e-06
-1.224473462483499923e-06
-1.188297258382261018e-06
-1.218511601840045251e-06
-1.236488349902060995e-06
-1.270644335006370697e-06
-1.278481347613982115e-06
-1.229711794237900917e-06
-1.262903416145687248e-06
-1.266910502353846824e-06
-1.246696938743763084e-06
-1.236081916651651408e-06
-1.207225551126460006e-06
-1.238847848502814462e-06
-1.298971253753353416e-06
-1.231050876770785003e-06
-1.269423873164539288e-06
-1.242440516666698752e-06
-1.223367637531490126e-06
-1.190501103815124743e-06
-1.264044632558420237e-06
-1.222008032606486631e-06
-1.230913696802514023e-06
-1.249459748892686070e-06
-1.163782751079120695e-06
-1.191842999493788005e-06
-1.132469837220442356e-06
-1.176411069716743925e-06
-1.112447298596501543e-06
-1.179901459512780851e-06
-1.175755002825739032e-06
-1.140638884922313374e-06
-1.092617418952750709e-06
-1.153310749692728068e-06
-1.138238865223098333e-06
-1.178513715542713398e-06
-1.177506629610174333e-06
-1.159455145353491517e-06
-1.170171802703215039e-06
-1.127377369706304100e-06
-1.128269305326054319e-06
-1.121067253954018562e-06
-1.123230834433821412e-06
-1.150707235051774612e-06
-1.175756536778549191e-06
-1.147073055935516105e-06
-1.154493889202228993e-06
-1.095776351025209852e-06
-1.094986978363415975e-06
-1.116819671770738931e-06
-1.144881957973936612e-06
-1.179714192357243061e-06
-1.122509748942176608e-06
-1.136139797219574722e-06
-1.173262680684903846e-06
-1.125307145399860567e-06
-1.175456048926678637e-06
-1.131291810999455906e-06
-1.126247292673908664e-06
-1.164828338444601600e-06
-1.131763884460095775e-06
-1.093070959234855096e-06
-1.119181297713686284e-06
-1.144029929702974045e-06
-1.095062902919864233e-06
-1.181865876255233000e-06
-1.147269874522479351e-06
-1.105057529743927868e-06
-1.153878701274133537e-06
-1.135245310124496676e-06
-1.146808302579680568e-06
-1.139055093926429234e-06
-1.207544987753428088e-06
-1.170957937410747113e-06
-1.130739564772784559e-06
-1.136613826643308626e-06
-1.169548206121820428e-06
-1.211427422039043674e-06
-1.129290826760950367e-06
-1.136972244822728379e-06
-1.136090953183240881e-06
-1.192048664981655184e-06
-1.207078135856326213e-06
-1.212285015911819090e-06
-1.241057748804237144e-06
-1.107044621600976996e-06
-1.241111782043757120e-06
-1.172307872755072860e-06
-1.173225194241354800e-06
-1.153422125256822660e-06
-1.200879219201077909e-06
-1.184824271730785218e-06
-1.182360533841391055e-06
-1.214466285560063021e-06
-1.181578627554093715e-06
-1.221880779320492862e-06
-1.170450676497134720e-06
-1.228565382870043629e-06
-1.187802900640594732e-06
-1.134194481187776480e-06
-1.212546032576823237e-06
-1.227287412743553006e-06
-1.251592072717327902e-06
-1.213129186942189128e-06
-1.147573022328164283e-06
-1.194262755316677074e-06
-1.207106650115607118e-06
-1.170274396608447610e-06
-1.129576242805310600e-06
-1.198906847839919172e-06
-1.163786452013626816e-06
-1.169331784263156264e-06
-1.175881086714277514e-06
-1.115892589951441712e-06
-1.069979146177650419e-06
-1.110810589046802592e-06
-1.107435300846880818e-06
-1.142328213082249879e-06
-1.086237452243589721e-06
-1.142013402197370905e-06
-1.153552403386387299e-06
-1.104200451456055876e-06
-1.116049729749960921e-06
-1.167626015015304275e-06
-1.141721817418199710e-06
-1.108666670593071166e-06
-1.107961581748563561e-06
-1.134610450455273973e-06
-1.133835277361690494e-06
-1.133423358921368399e-06
-1.027166996251347300e-06
-1.130524090853508674e-06
-1.174466967977908501e-06
-1.136764434759423919e-06
-1.127186140708261525e-06
-1.093995696819664552e-06
-1.142553498538877233e-06
-1.096977434503178575e-06
-1.171546324403630295e-06
-1.098835992813954912e-06
-1.090913567195103228e-06
-1.164870034314928536e-06
