1.920923627924038257e-01 5.428571598946607679e-02 -6.096398823508852871e-02 -1.854140905467813738e-01
1.926570694497353742e-01 5.584584799011427236e-02 -6.508197967112128168e-02 -1.834209377687310294e-01
2.058920330591007541e-01 5.719845255387490113e-02 -6.015738488353683522e-02 -2.029331007294405964e-01
1.701301716168286404e-01 5.386440393227776013e-02 -4.736295499159304256e-02 -1.766316205575106935e-01
2.055087878926959988e-01 6.158130025907571081e-02 -7.432716251089921400e-02 -1.927629256408707192e-01
1.846639694768317241e-01 5.360042290596744863e-02 -5.143440613330962918e-02 -1.868299862494886554e-01
2.136203672043608393e-01 7.329631640059375286e-02 -8.047513415747431509e-02 -2.064415494474776125e-01
1.905005388551392898e-01 7.908462199021037975e-02 -7.730313997187998609e-02 -1.922820208734705716e-01
1.887504308065581782e-01 4.847801323642375593e-02 -4.772479507346627514e-02 -1.895036489695183235e-01
1.964248488859423603e-01 7.515676064836096515e-02 -6.596342120161757805e-02 -2.056181883326866355e-01
1.959201648443560373e-01 6.253838207105122393e-02 -4.940883313836863522e-02 -2.090497137770412905e-01
1.972853146548780856e-01 7.044537798488370584e-02 -7.724106786741469222e-02 -1.904896247723453229e-01
2.269795690016014333e-01 7.663437701579667305e-02 -7.949549331052985224e-02 -2.241184527068709187e-01
2.084602480178299189e-01 6.871007302066978184e-02 -6.728942527230596937e-02 -2.098808957661946195e-01
2.129808573733003030e-01 6.143304796334270179e-02 -7.296834227328297118e-02 -2.014455630633626981e-01
1.980337880952465213e-01 7.060461647748361713e-02 -7.290694786916951387e-02 -1.957314567035624009e-01
2.125751174141763400e-01 6.269753144937428857e-02 -7.641089068481843327e-02 -1.988617581787295308e-01
1.918539542074793047e-01 5.843275578071160936e-02 -5.582886239796547301e-02 -1.944578475902263293e-01
2.140125003718962304e-01 6.325315094055650178e-02 -6.728945694871590888e-02 -2.099761943637332706e-01
1.763917701500901103e-01 6.507249826959959904e-02 -5.327803812788634019e-02 -1.881862302918069219e-01
2.159865255695674335e-01 7.231960920773605750e-02 -8.904371940973998534e-02 -1.992624153675652821e-01
1.796268448334519263e-01 5.291275841927234325e-02 -5.631433800036322879e-02 -1.762252652523610408e-01
2.044415254188738373e-01 6.387689298422216666e-02 -7.654844050069975481e-02 -1.917699779023962492e-01
1.902449730529873761e-01 6.579166411595949171e-02 -5.366414244847828030e-02 -2.023724947204694757e-01
1.971451719062544683e-01 6.721529223173394740e-02 -6.140063912197035734e-02 -2.029598250160162820e-01
1.851930818813096735e-01 6.868529980581605798e-02 -6.026971138191328237e-02 -1.936086703052133373e-01
1.940724688660573349e-01 6.985317271980839848e-02 -6.699935592092476355e-02 -1.969262856649409699e-01
1.856427145903039033e-01 8.339947368985800580e-02 -6.627609157099012549e-02 -2.027660967091726718e-01
2.053664499755205597e-01 6.226422329747816065e-02 -8.284992813770575282e-02 -1.847807451352911912e-01
1.900395681614153176e-01 7.505123366571631038e-02 -6.597604061366357797e-02 -1.991147612134689382e-01
1.895661485113793177e-01 6.074701923015357607e-02 -6.700955919414219863e-02 -1.833036085473889187e-01
1.715938235380134458e-01 6.314447680102741600e-02 -4.655817537007678197e-02 -1.881801249689658562e-01
1.815778478563148113e-01 5.187208246201802098e-02 -5.858868090284730101e-02 -1.748612494154881958e-01
1.660168128102723628e-01 7.183724915595934846e-02 -7.306787892288113540e-02 -1.647861830433505759e-01
1.715139744999119031e-01 6.646392174298920708e-02 -5.891720448156423373e-02 -1.790606917613359883e-01
1.790384670959808133e-01 5.740832628426417727e-02 -6.243684001690574803e-02 -1.740099533633392426e-01
1.771833610769775191e-01 8.116804480724670867e-02 -8.007446157936826125e-02 -1.782769443048568547e-01
1.960129734678179858e-01 7.713910498665743631e-02 -6.750100867899888613e-02 -2.056510697754756478e-01
1.897088050990394237e-01 6.128667456340242126e-02 -6.746703710110324437e-02 -1.835284425613377124e-01
1.817466402574172690e-01 4.969179580684990327e-02 -4.979607156414456171e-02 -1.816423645001208342e-01
1.690005047931562032e-01 6.530960157462661897e-02 -4.697758048721656365e-02 -1.873325258805689231e-01
1.663259232874478855e-01 5.821209419997064316e-02 -5.982489571624505231e-02 -1.647131217711734763e-01
1.807490662763964195e-01 5.751201916549852911e-02 -5.815561779255151720e-02 -1.801054676493407669e-01
1.792946866837876740e-01 5.315132653180221212e-02 -6.352849122872594734e-02 -1.689175219868648270e-01
1.686167630636656867e-01 6.785100548363320883e-02 -6.956575363649442068e-02 -1.669020149108026985e-01
1.798205785802888812e-01 6.790836324199922558e-02 -6.713484177653672447e-02 -1.805941000457522705e-01
1.807308684995749815e-01 6.825525902777407339e-02 -5.315973991183575720e-02 -1.958263876155159622e-01
1.591030139084281814e-01 6.197612985891165494e-02 -6.213809342064013919e-02 -1.589410503466988089e-01
1.901577904999580682e-01 5.424536947852054425e-02 -5.731583036646359375e-02 -1.870873296120150187e-01
1.897852196367768585e-01 6.474754753400890905e-02 -6.971258623465015347e-02 -1.848201809361356140e-01
1.693948938955269767e-01 6.120740518807288311e-02 -5.781077972312242963e-02 -1.727915193604783184e-01
1.819323156719221402e-01 4.437255955842189792e-02 -5.141388105879585169e-02 -1.748909941715499627e-01
2.034272927208373716e-01 6.622658206756959487e-02 -6.999987702228605002e-02 -1.996539977661191401e-01
1.862573319418530104e-01 5.642241895570077048e-02 -4.990734982080713422e-02 -1.927724010767493112e-01
1.656306641063300944e-01 6.061602720790304488e-02 -4.469890100366935570e-02 -1.815477903105673363e-01
1.793192164613461870e-01 4.722833513224422575e-02 -6.004549660920144305e-02 -1.665020549843889697e-01
1.795657965679060553e-01 7.169675178241963209e-02 -6.845210392087608398e-02 -1.828104444294478270e-01
1.661873657731387510e-01 5.313562124794923847e-02 -4.953332507301055898e-02 -1.697896619480792069e-01
1.587324354410295513e-01 6.596115118453305115e-02 -5.332823567149080901e-02 -1.713653509540691289e-01
2.065711545238055891e-01 6.077383347923959178e-02 -6.758251226210276741e-02 -1.997624757409433016e-01
1.739149022797370492e-01 6.434131421202859968e-02 -5.502465144434953714e-02 -1.832315650474169999e-01
1.822003457808278881e-01 5.986230661929070607e-02 -4.527028508639130422e-02 -1.967923673137264018e-01
1.686517457223244421e-01 6.199006637947857001e-02 -5.654714825534234990e-02 -1.740946638464615503e-01
1.840930308314376873e-01 7.472177221950992987e-02 -5.061100168627863383e-02 -2.082038013646698715e-01
1.825152172558119901e-01 5.348651567696016684e-02 -5.427604456864276727e-02 -1.817256883641302778e-01
1.920608408936494982e-01 5.292698027322462195e-02 -5.752090750630411975e-02 -1.874669136605691122e-01
1.739443434366281238e-01 4.820192920053845143e-02 -4.966783103462191207e-02 -1.724784416025446632e-01
1.866030283381956423e-01 6.634798809257080876e-02 -6.801654548944480183e-02 -1.849344709413225374e-01
1.894507714842434964e-01 5.418587892323678545e-02 -5.366220812035926713e-02 -1.899744422871219030e-01
1.850490740687336100e-01 5.986337516823070359e-02 -4.500235989417511462e-02 -1.999100893427891990e-01
1.817049232872918196e-01 6.273016588140212235e-02 -6.686832369016926236e-02 -1.775667654785246796e-01
1.966607745719448630e-01 6.901737963123188990e-02 -6.467251852311051152e-02 -2.010056356800689059e-01
1.966776301005364047e-01 6.059976340236250536e-02 -7.067460692906823994e-02 -1.866027865738297820e-01
1.959346066006366627e-01 6.845619594398577590e-02 -7.010351276875148585e-02 -1.942872897758700645e-01
1.899682533196838108e-01 4.815434843100607765e-02 -5.118139856661230169e-02 -1.869412031840775867e-01
2.099176230540260590e-01 5.573909010071442793e-02 -6.141581902578696628e-02 -2.042408941289508562e-01
1.889719587134237599e-01 5.661619677329188249e-02 -5.808423933206086076e-02 -1.875039161546538935e-01
1.891627403479825276e-01 6.588854927823017960e-02 -5.917598158716863566e-02 -1.958753080390431833e-01
1.749119271107959506e-01 6.190491084197180527e-02 -6.340810106673533397e-02 -1.734087368860341982e-01
1.951570774579707290e-01 6.283285266330018715e-02 -6.704489485423970052e-02 -1.909450352670294393e-01
1.877043142695429268e-01 5.567267417788990258e-02 -6.635435331557104632e-02 -1.770226351318644475e-01
2.128365265999878631e-01 4.902569597800710000e-02 -6.569459237955221909e-02 -1.961676301984409676e-01
2.067767468446017887e-01 5.989035756862293169e-02 -4.381233269702811128e-02 -2.228547717161948327e-01
1.704756511928255946e-01 6.654250194232957938e-02 -6.359650747792144898e-02 -1.734216456572319487e-01
1.743296882210048082e-01 5.929539498243485696e-02 -7.779327485083964433e-02 -1.558318083526000208e-01
2.054499200093280464e-01 6.195276796647153361e-02 -8.366352407973032257e-02 -1.837391638960728102e-01
1.611305676141823184e-01 6.484845371661940305e-02 -4.429153276772446191e-02 -1.816874885630781478e-01
1.862967206887891081e-01 6.182408411878537180e-02 -6.232077726554585695e-02 -1.858000275420312875e-01
1.892070234979996712e-01 4.259233940003426255e-02 -5.474154082481952344e-02 -1.770578220732135222e-01
1.832109833487924888e-01 6.904019880689471478e-02 -5.629105821295432577e-02 -1.959601239427346542e-01
1.687621089409567787e-01 6.271022832714567841e-02 -5.513104410903846286e-02 -1.763412931590639943e-01
1.922339282315155273e-01 6.777098144485282916e-02 -7.255490872155068161e-02 -1.874500009548194512e-01
2.038827021831988162e-01 5.179529746452882222e-02 -6.001614793114651292e-02 -1.956618517165811255e-01
1.698114124708665074e-01 4.740614706118950750e-02 -5.539685904964208873e-02 -1.618207004824148143e-01
1.783143013113459574e-01 5.877787938259171341e-02 -5.287203236320348054e-02 -1.842201483307368548e-01
1.687936342867830675e-01 5.476062997325392701e-02 -5.116953617457653536e-02 -1.723847280854595709e-01
1.819071705084862600e-01 6.307543153581107731e-02 -6.566227911869404466e-02 -1.793203229256032927e-01
1.976828136036141714e-01 5.875826418065077661e-02 -4.870187509672785353e-02 -2.077392026875362063e-01
1.862132774839322380e-01 6.109865902261368831e-02 -5.704732595090700187e-02 -1.902646105556389244e-01
1.951460189615996654e-01 6.438031584182013489e-02 -5.682619672107858122e-02 -2.027001380823403309e-01
1.909826463324231227e-01 5.348133880918837235e-02 -4.730831743214114482e-02 -1.971556677094703502e-01
1.808977000301084104e-01 5.350406021953713065e-02 -6.894631363112146971e-02 -1.654554466185267358e-01
1.952565388357418996e-01 6.370515551976296820e-02 -7.155242275801310115e-02 -1.874092715974944312e-01
1.755113725513393064e-01 6.704404947242803559e-02 -5.396264657692384503e-02 -1.885927754468434969e-01
1.909008004676442383e-01 5.920317723733159454e-02 -5.622262919358078648e-02 -1.938813485113941582e-01
1.786252217069774773e-01 7.456471227019445536e-02 -7.044246250384222918e-02 -1.827474714733305916e-01
1.814904835982744657e-01 6.543314553421097912e-02 -7.543437694602683763e-02 -1.714892521864559427e-01
1.930353603812955399e-01 5.859506672473990818e-02 -5.497059052475616880e-02 -1.966598365812801674e-01
1.768135174492320161e-01 5.615590968872918864e-02 -6.544465059451276545e-02 -1.675247765434484393e-01
1.974748907727672531e-01 6.891332217355294887e-02 -8.208492700044800472e-02 -1.843032859458695327e-01
2.142061128537271486e-01 6.495966035733413690e-02 -7.348473569553437557e-02 -2.056810375155260218e-01
1.925973376931242598e-01 6.002192288439989198e-02 -5.945387524179590599e-02 -1.931653853357300221e-01
1.750969895902843021e-01 5.769682109519358448e-02 -5.466615882012693106e-02 -1.781276518653518437e-01
1.817182504958934075e-01 5.513181249670573436e-02 -5.969903634056272779e-02 -1.771510266520364141e-01
1.918679041312563172e-01 6.770861753119117310e-02 -6.773950625005653592e-02 -1.918370154123918425e-01
2.072542573083930861e-01 7.403669288856562503e-02 -7.115839827933356787e-02 -2.101325519176224788e-01
1.744209938068985721e-01 4.982859832384356480e-02 -5.474234659883414622e-02 -1.695072455319097671e-01
1.761153423273018603e-01 5.658827056553761281e-02 -5.362137378177322944e-02 -1.790822391110662437e-01
2.069584638429482482e-01 5.944917557784723527e-02 -5.808300200104277167e-02 -2.083246374197509354e-01
2.029549393258749390e-01 8.135906159690708961e-02 -7.908886561532924020e-02 -2.052251353074545648e-01
1.875939481734638647e-01 6.677772987263352888e-02 -6.791657417175223088e-02 -1.864551038743424982e-01
2.000932824135537302e-01 5.778854080358097889e-02 -7.219533066252825648e-02 -1.856864925546073408e-01
1.836633826746290055e-01 6.002213964817659786e-02 -5.275208600137837323e-02 -1.909334363214316710e-01
2.099301795564603168e-01 5.716119491024507226e-02 -6.417260598234530988e-02 -2.029187684843609674e-01
1.912061388432455544e-01 7.361086022081320124e-02 -6.560260469142775719e-02 -1.992143943726336630e-01
1.923204207448003800e-01 6.690081637887779209e-02 -6.478628514612427836e-02 -1.944349519775538937e-01
2.062156762323299475e-01 6.184013613914185470e-02 -6.962602616492485907e-02 -1.984297862065478313e-01
1.871645013625355958e-01 7.409054776029755374e-02 -7.235687178470939784e-02 -1.888981773381246398e-01
1.903233861512321212e-01 5.188346455303349813e-02 -5.007680725723773207e-02 -1.921300434470278873e-01
1.889609505923717236e-01 6.398146334054111151e-02 -6.817880448851454389e-02 -1.847636094443991794e-01
2.006494674039540627e-01 8.151153969685864809e-02 -8.235105118980801109e-02 -1.998099559110055878e-01
1.808507605683100650e-01 6.646359765697873456e-02 -5.762261715077343638e-02 -1.896917410745162513e-01
2.117177389398889886e-01 6.762839175180435092e-02 -6.570527712026219547e-02 -2.136408535714311441e-01
2.124503090321505638e-01 6.903034057988577388e-02 -7.306739661546757247e-02 -2.084132529965678771e-01
2.145147719666251618e-01 6.016574379406502970e-02 -7.304086309105528585e-02 -2.016396526696357938e-01
2.136316238600741713e-01 6.426204708622851314e-02 -6.153409501416629013e-02 -2.163595759321346179e-01
2.189306411491092064e-01 6.632566461711064676e-02 -8.054758318634558378e-02 -2.047087225798716048e-01
2.212124426452799497e-01 5.455090248100979977e-02 -6.814566772871000211e-02 -2.076176773975788592e-01
1.989655059465365028e-01 7.845294580873662937e-02 -6.968805418320478395e-02 -2.077303975720692364e-01
2.163811712947145693e-01 7.280981152113685795e-02 -6.718458710073971218e-02 -2.220063957151126033e-01
1.607390136555482130e-01 4.477907953992588119e-02 -4.128386817503493234e-02 -1.642342250204373855e-01
2.137450305838113351e-01 7.690186188670100620e-02 -6.761259762505922311e-02 -2.230342948454548946e-01
2.142628616436610400e-01 4.891457219451122995e-02 -7.757151659288119561e-02 -1.856059172452892980e-01
2.047795058846189065e-01 5.977294604094751662e-02 -6.040426696921219474e-02 -2.041481849563560047e-01
1.969916147531804995e-01 8.119008106924940904e-02 -6.357160549770579649e-02 -2.146100903247241121e-01
2.166844400972038898e-01 5.812618375319278385e-02 -6.523064134473699482e-02 -2.095799825056605670e-01
2.057557597758243872e-01 6.422173508850281820e-02 -7.088171486428329615e-02 -1.990957800000430211e-01
2.126226375288089443e-01 6.972671420213583104e-02 -6.290419262326896188e-02 -2.194451591076767016e-01
2.187906141346944722e-01 7.237499365159383302e-02 -7.694597621592613734e-02 -2.142196315703621678e-01
2.195382206141465176e-01 7.128875886599672640e-02 -6.137086003363467768e-02 -2.294561194465085663e-01
2.015346893062250899e-01 6.496435868655936474e-02 -5.752870000033194486e-02 -2.089703479924498453e-01
1.874699455472699228e-01 6.689161167439827693e-02 -7.218509825195162932e-02 -1.821764589697192349e-01
1.873091140462648241e-01 7.355558407457785108e-02 -7.294398783921796081e-02 -1.879207102816264907e-01
1.741216211386245050e-01 6.315555210165868516e-02 -4.852797585921742041e-02 -1.887491973810657697e-01
2.043756636411213634e-01 8.231741797909553071e-02 -6.134959698711206499e-02 -2.253434846331048291e-01
2.250619846872439211e-01 5.931565596656351858e-02 -7.344062884659496859e-02 -2.109370118072133593e-01
1.815764720796400056e-01 5.887720136779073243e-02 -5.379069290679261428e-02 -1.866629805406354592e-01
2.109876229653222524e-01 7.150479644341256602e-02 -8.100279814446054161e-02 -2.014896212642760531e-01
1.709981997054148550e-01 5.088179596170050445e-02 -4.711969133456594960e-02 -1.747603043325485217e-01
2.048068451320803618e-01 5.310594125770240481e-02 -4.782843966572247751e-02 -2.100843467240620654e-01
1.815568176848874060e-01 7.106519499924512928e-02 -7.456990935148333222e-02 -1.780521033326474267e-01
1.903319940278960232e-01 7.256105692010539343e-02 -5.897608285465061329e-02 -2.039169680933516915e-01
2.149447729168114662e-01 7.939717535588375341e-02 -8.816845310921817003e-02 -2.061734951634770496e-01
2.039710155865250840e-01 5.987876755188903388e-02 -5.684186196868967755e-02 -2.070079211697226640e-01
2.101157626158114411e-01 8.005244513633780201e-02 -9.245905778690222121e-02 -1.977091499652479101e-01
1.974798581577577039e-01 6.685032248295641466e-02 -6.480341265960909425e-02 -1.995267679811041361e-01
2.081505052893941610e-01 6.380178821767579223e-02 -6.610228984367250149e-02 -2.058500036633983399e-01
2.070499882814322845e-01 6.735531217386103719e-02 -7.670048298270071285e-02 -1.977048174725908325e-01
2.136017945876602653e-01 5.120244489651248898e-02 -6.509448252128358092e-02 -1.997097569628891733e-01
2.009404542411408201e-01 8.547785954977360490e-02 -7.497639376832765379e-02 -2.114419200225876594e-01
1.909128930936194735e-01 7.782374288556503927e-02 -6.717938428820513508e-02 -2.015572516909784895e-01
1.937156458073907572e-01 7.843869786910051545e-02 -6.701194906219498648e-02 -2.051423946142971744e-01
2.007577667873592375e-01 7.183744403446645777e-02 -8.282215945847681837e-02 -1.897730513633497651e-01
1.836524511219774780e-01 7.877627571066536660e-02 -6.816310483832399569e-02 -1.942656219943197371e-01
1.906794731465026871e-01 6.988610350617019407e-02 -6.388304825930912756e-02 -1.966825283933655300e-01
2.175800548669428736e-01 7.019773524242189922e-02 -6.580294866522518049e-02 -2.219748414441413686e-01
2.131253812165150308e-01 6.344617765247217989e-02 -7.356423605990070058e-02 -2.030073228090856219e-01
1.956015710216387760e-01 5.574066455203485759e-02 -5.259733273126432351e-02 -1.987449028424101982e-01
1.843603285529837876e-01 7.315672564831299240e-02 -5.598278447756666054e-02 -2.015342697237310077e-01
2.026711521762996071e-01 8.054981260238225360e-02 -6.835049283315708379e-02 -2.148704719455238887e-01
1.966581644044440580e-01 7.261819841987637858e-02 -6.986770180224866067e-02 -1.994086610220726641e-01
2.089634098214441238e-01 7.730456222883930195e-02 -8.280309201425950505e-02 -2.034648800360221443e-01
2.045353733293566734e-01 5.622246244741546661e-02 -8.201510902469966169e-02 -1.787427267520742546e-01
1.864432694738908936e-01 6.807512721973285608e-02 -5.361141016979686924e-02 -2.009069865238295449e-01
2.012416173392264085e-01 5.990838903775852486e-02 -5.927854124178200124e-02 -2.018714651352055967e-01
2.115243151704797597e-01 7.471429898131631830e-02 -6.596010563479293154e-02 -2.202785085170040347e-01
1.934084633365049655e-01 6.571460402671469581e-02 -6.303056380465932307e-02 -1.960925035585594500e-01
1.871226616703287604e-01 6.266096606757187715e-02 -5.912297005294675500e-02 -1.906606576849565471e-01
2.082324852385069036e-01 6.105867523876717939e-02 -4.977337092157352316e-02 -2.195177895556996717e-01
2.057908159288732719e-01 7.295475271540485807e-02 -6.937967935760269711e-02 -2.093658892866745447e-01
2.043576001475697623e-01 6.980846874004242864e-02 -7.515855395985049370e-02 -1.990075149277625854e-01
2.145321230431225246e-01 7.426115967554913766e-02 -8.645147039327305549e-02 -2.023418123253968304e-01
2.091147919759164253e-01 8.000071208218706431e-02 -8.003507255091779626e-02 -2.090804315071856934e-01
1.961869107946867530e-01 8.352097022767956958e-02 -7.354648602431090865e-02 -2.061613949980554139e-01
2.100303326535994941e-01 6.832263799111704117e-02 -5.588836005686026454e-02 -2.224646105878580471e-01
2.120685536134558902e-01 7.473606440622937441e-02 -8.733027442422081066e-02 -1.994743435954644539e-01
2.168768546183112989e-01 8.075446625044868654e-02 -7.702252449260438283e-02 -2.206087963761582671e-01
2.229377465541348968e-01 7.264291821787605130e-02 -7.802239626555884655e-02 -2.175582685064538779e-01
2.293492134125845183e-01 5.125359058893952380e-02 -6.148356134952237539e-02 -2.191192426519998904e-01
1.961118995529949061e-01 5.429173432847367309e-02 -5.746442308683175071e-02 -1.929392107946359403e-01
1.905303276877114982e-01 7.526589011296636045e-02 -6.568224297886882113e-02 -2.001139748218072612e-01
2.057703402627018008e-01 7.145060542734338327e-02 -6.726371605078096394e-02 -2.099572296392659965e-01
2.075229895056480700e-01 5.114808288195238362e-02 -5.418893071365893377e-02 -2.044821416739388553e-01
1.937628750379678522e-01 7.456494993614004585e-02 -7.189282764913151880e-02 -1.964349973249763792e-01
1.753678190012024629e-01 6.675283630321704464e-02 -6.812876305126547294e-02 -1.739918922531540346e-01
2.147602256199929727e-01 6.463986308520563995e-02 -6.018421410130336824e-02 -2.192158746038934680e-01
2.117338603856477874e-01 5.987896399470127307e-02 -5.919389429302590599e-02 -2.124189300873231545e-01
1.850661454003414974e-01 7.242332776955695550e-02 -7.101512125840336864e-02 -1.864743519114959724e-01
1.819661600458708506e-01 6.084705188563876987e-02 -6.644777538726298616e-02 -1.763654365442457461e-01
2.011410087278457937e-01 5.597350624046271150e-02 -5.214813230951165224e-02 -2.049663826587959647e-01
2.027597868525496949e-01 7.055312010982284221e-02 -6.738700585711399071e-02 -2.059259011052585464e-01
1.811829602517471827e-01 6.662788270772690424e-02 -6.613787583991381780e-02 -1.816729671195611573e-01
1.989323053947202879e-01 5.386336588734952358e-02 -5.171863407249155387e-02 -2.010770372095782577e-01
1.981041323191350401e-01 5.502805225227014319e-02 -7.116190771324504283e-02 -1.819702768581592522e-01
1.744450549035390097e-01 5.125819523322316940e-02 -5.858954109936931332e-02 -1.671137090373910894e-01
1.918216894847457610e-01 6.957076963313557627e-02 -6.575340365598947301e-02 -1.956390554618909761e-01
1.974056231449656806e-01 7.535583769297726775e-02 -6.818495361212928429e-02 -2.045765072258118877e-01
1.969617098086624551e-01 4.631827960989642889e-02 -6.059462501922041611e-02 -1.826853643993402443e-01
2.009133684982682411e-01 7.998016567706489610e-02 -7.815358499860813879e-02 -2.027399491767267747e-01
1.840092687749583789e-01 4.187072117840706653e-02 -5.201645404372623460e-02 -1.738635359096400990e-01
2.066321406303011088e-01 7.570625806884923037e-02 -6.619869506556419481e-02 -2.161397036335852562e-01
1.840444556484248650e-01 6.323249645893636028e-02 -6.862082198143237832e-02 -1.786561301259270707e-01
1.913832493628015996e-01 6.117032238647013287e-02 -6.742435123396806063e-02 -1.851292205153054482e-01
1.938568861861540427e-01 5.588961347165977145e-02 -6.104322298857400853e-02 -1.887032766692398056e-01
1.860960621704483842e-01 7.771326491748098420e-02 -5.919122423757450235e-02 -2.046181028503539778e-01
1.863347046927659179e-01 6.373171106082065052e-02 -5.395140895109129531e-02 -1.961150068024988258e-01
1.881136624675363578e-01 6.274776467847953398e-02 -5.793323102997849361e-02 -1.929281961160338454e-01
1.884074088048475204e-01 7.412355570081796685e-02 -7.238514303383603021e-02 -1.901458214718303452e-01
1.998149560510258382e-01 7.587041001247918359e-02 -5.687306545431525251e-02 -2.188123006091915457e-01
1.876374862630214579e-01 6.186142076394851586e-02 -5.996751292748303541e-02 -1.895313940994860502e-01
1.914184286896825071e-01 5.391409292653648322e-02 -5.305217215001167830e-02 -1.922803494662073120e-01
1.739911860949527878e-01 7.405820582493927162e-02 -7.498169392354192553e-02 -1.730676979963492457e-01
1.731006250598445817e-01 6.828848598940684411e-02 -5.333840573275594465e-02 -1.880507053164954812e-01
1.912733509333168769e-01 6.889687747750361524e-02 -6.405024933325531578e-02 -1.961199790775642882e-01
1.794912436595303973e-01 6.751742177651109955e-02 -5.993049752349666193e-02 -1.870781679125457231e-01
1.789938828386707925e-01 7.929251756598709733e-02 -8.016683239987187903e-02 -1.781195680047842345e-01
1.548013138295694091e-01 6.291686460587353480e-02 -5.829029097214366573e-02 -1.594278874632983900e-01
1.835226982241415783e-01 6.704918821741490120e-02 -6.589405462526354285e-02 -1.846778318162902721e-01
1.979901493583167138e-01 6.003770665739693868e-02 -6.699023486996669163e-02 -1.910376211457460727e-01
1.985565065988881273e-01 6.418964468195476059e-02 -7.146756487493632903e-02 -1.912785864059056706e-01
2.012001062964037246e-01 4.109927189007045456e-02 -6.333912063316393670e-02 -1.789602575533075779e-01
1.897179227023073622e-01 6.236350274217183909e-02 -5.699797629809300048e-02 -1.950834491463879772e-01
1.825359784377447170e-01 7.024083452916052295e-02 -6.065762382387251961e-02 -1.921191891430327203e-01
1.770324600872932308e-01 6.430898185165911940e-02 -4.757963068574255772e-02 -1.937618112532080161e-01
1.756190641091679439e-01 6.932602510879171120e-02 -6.637349259508251720e-02 -1.785715966228771379e-01
1.791485296454986553e-01 5.861832712320236283e-02 -6.522564342673842219e-02 -1.725412133419625960e-01
1.849079630161201138e-01 6.091045132006556173e-02 -7.361358641333204389e-02 -1.722048279228527434e-01
1.787916262014732638e-01 6.825991069829928648e-02 -5.961003242974793892e-02 -1.874415044700237232e-01
1.802101698104285887e-01 6.086213622241753995e-02 -5.727280148410418548e-02 -1.837995045487401669e-01
1.796965806084056538e-01 6.137835433452920597e-02 -6.238964977882766050e-02 -1.786852851641089757e-01
1.683460307156483537e-01 5.510405129617090836e-02 -5.268595406695286698e-02 -1.707641279448690597e-01
1.949174026416864436e-01 6.546525950711057362e-02 -6.958112793218784731e-02 -1.908015342166073935e-01
1.821218090467802142e-01 5.542039942907805994e-02 -5.991662672383668564e-02 -1.776255817520207003e-01
1.761143685742974085e-01 7.182645240606344572e-02 -6.866890838835626454e-02 -1.792719125920072543e-01
1.917839073809863848e-01 8.318411970274652845e-02 -7.259691938974377479e-02 -2.023711076939864739e-01
1.862399394543876596e-01 7.926150441833801352e-02 -7.243003316466634089e-02 -1.930714107080611086e-01
2.074527949680105010e-01 6.586390049390633550e-02 -7.086843496979877699e-02 -2.024482604921189477e-01
1.716320593649776072e-01 6.079212180786885966e-02 -6.235029568938976752e-02 -1.700738854834593639e-01
1.877995507311771561e-01 5.874266126924521103e-02 -7.153814619877429948e-02 -1.750040658016498440e-01
1.905584917805134282e-01 5.302277991044412886e-02 -5.827306932572806630e-02 -1.853082023652312671e-01
1.713113457466626244e-01 6.589971040471098718e-02 -6.607497148775287599e-02 -1.711360846636216237e-01
1.687074105540746771e-01 6.584186577516071281e-02 -5.513476607288314568e-02 -1.794145102563531324e-01
1.822816901275112755e-01 7.014195339291084963e-02 -4.628920857949481160e-02 -2.061344349409282017e-01
1.667899592102957129e-01 6.553296192657054320e-02 -5.803373988702809072e-02 -1.742891812498399418e-01
1.887304084942718063e-01 6.450534548461384077e-02 -5.848909112336642124e-02 -1.947466628555165613e-01
1.785538306642973083e-01 6.197263478291237249e-02 -5.671506126201286691e-02 -1.838114041851959257e-01
1.969737556890214236e-01 5.914254352668990578e-02 -6.700968160306519650e-02 -1.891066176126443565e-01
1.472059155907157191e-01 5.409294033902867227e-02 -6.012072888808095428e-02 -1.411781270416616607e-01
1.756336982356900833e-01 6.553481433226782116e-02 -5.465649866766231213e-02 -1.865120139002947042e-01
1.854540793157042344e-01 5.717988888161151806e-02 -4.876357274174836220e-02 -1.938703954555656139e-01
1.811407195017613603e-01 5.756618837742522032e-02 -5.430519422454072043e-02 -1.844017136546458602e-01
1.600076274085679984e-01 7.144765519773255136e-02 -5.395280038134231404e-02 -1.775024822249591239e-01
1.731209524396168931e-01 6.230745549981442366e-02 -6.060678247269724039e-02 -1.748216254667323000e-01
1.639899822158641385e-01 5.030249582101209427e-02 -5.290064685573003800e-02 -1.613918311811461948e-01
1.806943049279920999e-01 6.003473726744790184e-02 -5.455196154190655733e-02 -1.861770806535307798e-01
1.627984908002755304e-01 6.829648866131954321e-02 -6.275917722708967972e-02 -1.683358022345053939e-01
1.665312298277115133e-01 6.095600139957113583e-02 -5.867844529039079049e-02 -1.688087859368945232e-01
1.926669534309173315e-01 5.569070245311014133e-02 -6.107317975275261546e-02 -1.872844761312784101e-01
1.776083255978768705e-01 6.554914105030551497e-02 -6.656376631515303899e-02 -1.765937003330284583e-01
1.863427894204283675e-01 5.910482420687390714e-02 -5.855247502485916300e-02 -1.868951386024448880e-01
1.834949792490521148e-01 6.554302350077456651e-02 -6.133551925680880146e-02 -1.877024834930187680e-01
1.590242432056747646e-01 4.147466180643100131e-02 -4.784498582460905425e-02 -1.526539191874975998e-01
1.589214057951950920e-01 5.669969069151914454e-02 -4.758190231231562706e-02 -1.680391941743986095e-01
1.845831381229050550e-01 5.872025633008437495e-02 -7.315628844675625686e-02 -1.701471060062313967e-01
1.673229219646339416e-01 6.301159865755678879e-02 -4.642212954045987772e-02 -1.839123910817317409e-01
1.761780940798711725e-01 6.619403614601271357e-02 -6.240735404859343305e-02 -1.799647761772931176e-01
1.677085723252629279e-01 5.237417934518973084e-02 -5.200921730482921390e-02 -1.680735343656216685e-01
1.648210545635695468e-01 6.897921257828709685e-02 -6.907780542300478999e-02 -1.647224617188545182e-01
1.748494112226310904e-01 6.025836909736081992e-02 -7.133885670929274170e-02 -1.637689236106973922e-01
1.648904585457486860e-01 6.222375112216926851e-02 -6.257641943208636093e-02 -1.645377902358289290e-01
1.784221670190460074e-01 6.569609349342009352e-02 -6.948196834622333284e-02 -1.746362921662436563e-01
1.687687416195631229e-01 4.728471977021708739e-02 -5.171724595635218691e-02 -1.643362154334271352e-01
1.826865931352639194e-01 5.258394233154550790e-02 -4.384488535571584578e-02 -1.914256501110944697e-01
1.927834434257551521e-01 7.050301678399417682e-02 -7.440521299711466696e-02 -1.888812472126319975e-01
1.819333218685708076e-01 5.801349367512553812e-02 -5.335810264373552769e-02 -1.865887128999599298e-01
1.739716318520612148e-01 5.591065291329044840e-02 -4.614559403246509817e-02 -1.837366907328883414e-01
1.509996194131115743e-01 7.426685912957964320e-02 -6.415783453106893575e-02 -1.611086440116231699e-01
1.826197159720832630e-01 6.230113136155157605e-02 -5.243995064218687219e-02 -1.924808966914479669e-01
1.955939447275429899e-01 6.852162507828296611e-02 -6.994746020606346093e-02 -1.941681095997607187e-01
1.999117934465193258e-01 6.110075220050070754e-02 -6.506867701125784720e-02 -1.959438686357639625e-01
1.690352207853855759e-01 6.885956853599051186e-02 -5.513147861122469351e-02 -1.827633107101505061e-01
1.912947921351531022e-01 5.897511712603620282e-02 -6.350672178324234807e-02 -1.867631874779496215e-01
1.996371529223788244e-01 6.374010596639756443e-02 -7.207867771837239701e-02 -1.912985811704057681e-01
1.897185715745717260e-01 5.430230415485404194e-02 -5.617758155468788317e-02 -1.878432941747369966e-01
2.006020896398554854e-01 5.867161456967462385e-02 -6.937010970360102391e-02 -1.899035945059299735e-01
1.844013596998195226e-01 6.500524959837150618e-02 -6.155558987933940074e-02 -1.878510194188516280e-01
1.784127119492096014e-01 6.516816754750287544e-02 -5.348873856413582928e-02 -1.900921409325766476e-01
1.859679797212727692e-01 7.273210831139920174e-02 -6.410505903356167323e-02 -1.945950289991102977e-01
1.712756825852137510e-01 6.012567586214512261e-02 -4.969735572320832517e-02 -1.817040027241532130e-01
1.891579259672813151e-01 5.758818136564780588e-02 -6.107401315330118763e-02 -1.856720941796297097e-01
1.985361444804691899e-01 6.011665323736181676e-02 -5.109294473778458467e-02 -2.075598529800446457e-01
1.888054017900406834e-01 5.096724556359077951e-02 -5.259725599353703984e-02 -1.871753913600961994e-01
1.857834854188675777e-01 6.536674625990812615e-02 -6.150236574428369352e-02 -1.896478659344946749e-01
1.803340926610568218e-01 6.570852010055538983e-02 -5.429992609642653179e-02 -1.917426866651839035e-01
1.804159826053783888e-01 5.881560676507291419e-02 -4.632576435599222719e-02 -1.929058250144572995e-01
1.848735040602598190e-01 5.763932040218389119e-02 -4.395150314920659440e-02 -1.985613213132397803e-01
1.846235829622226987e-01 6.080515092070637451e-02 -6.311813638481833522e-02 -1.823105974981089616e-01
1.988265643820712469e-01 7.122342359963784730e-02 -5.455565711530852013e-02 -2.154943308663996859e-01
2.021051899052155321e-01 8.011850155902511261e-02 -7.021481169300258784e-02 -2.120088797712362805e-01
2.100948373931839086e-01 6.369823921282602441e-02 -6.310550166071937639e-02 -2.106875749452896684e-01
1.967675565084547884e-01 5.087072005365200766e-02 -5.194370889335520047e-02 -1.956945676687515956e-01
1.790395836989056022e-01 4.697816109954278119e-02 -5.884348666341132628e-02 -1.671742581350397217e-01
1.995708440823360519e-01 5.972196365377513416e-02 -7.050666390347348766e-02 -1.887861438326368102e-01
1.862180662728789571e-01 6.534155603246727395e-02 -5.836676466767709570e-02 -1.931928576376717999e-01
1.808835383839282329e-01 5.957510225409290427e-02 -6.365547752291167427e-02 -1.768031631151103511e-01
1.727741993050653235e-01 6.481249308377723395e-02 -5.520553304409059336e-02 -1.823811593447519641e-01
1.564757885806518090e-01 6.570434668203617434e-02 -4.559578121211060875e-02 -1.765843540505773746e-01
1.704651805269152831e-01 5.359159491865650438e-02 -5.383525810587030946e-02 -1.702215173397014780e-01
1.920781450452349048e-01 7.412445771406428463e-02 -8.172977909331891055e-02 -1.844728236659802789e-01
1.705014666822846081e-01 5.112767036255139175e-02 -4.673675103532737296e-02 -1.748923860095077387e-01
1.860237851263546460e-01 6.425049022232354190e-02 -6.919055366478144009e-02 -1.810837216838976360e-01
1.923355716712995545e-01 6.125471917711067249e-02 -6.071398992434851039e-02 -1.928763009240626047e-01
1.682199324050053235e-01 7.023890161769230644e-02 -6.628601785782173295e-02 -1.721728161648741207e-01
1.898393411988665846e-01 5.783942954615817200e-02 -6.805445399208043256e-02 -1.796243167529452123e-01
1.870736122914662403e-01 6.379186897910038567e-02 -6.400792883294670332e-02 -1.868575524376172581e-01
1.780380778442038903e-01 5.641190985277955150e-02 -4.507913442279498639e-02 -1.893708532741884554e-01
1.796668488990924573e-01 6.353345881223493308e-02 -5.784066355179007246e-02 -1.853596441595346533e-01
1.724396150478693102e-01 7.067882132128477934e-02 -7.381388856241510865e-02 -1.693045478067416454e-01
2.019076130159564997e-01 5.222346357293794483e-02 -5.720193381956306666e-02 -1.969291427693313778e-01
1.916315613638035487e-01 5.491196304676115858e-02 -6.195907021324398301e-02 -1.845844541973207242e-01
1.867870660450350329e-01 7.122946373106575635e-02 -7.396428600679882948e-02 -1.840522437693037361e-01
1.879072211962826700e-01 6.982101615454450183e-02 -6.761386895122090124e-02 -1.901143683996080469e-01
1.851955494321089191e-01 7.797764995309997005e-02 -8.203876738086268716e-02 -1.811344320043470901e-01
1.775370181936244407e-01 5.834803423775891673e-02 -6.600543874818942669e-02 -1.698796136831948189e-01
1.760041734231876376e-01 6.730663201420394870e-02 -5.801404907252472043e-02 -1.852967563648642013e-01
1.707410337707875314e-01 5.997279812200950744e-02 -5.592859846182207662e-02 -1.747852334309758504e-01
1.815404221571048637e-01 6.325508395602508216e-02 -6.910237907236105315e-02 -1.756931270407715573e-01
1.668603876547383180e-01 6.195492193917750967e-02 -5.982952008501385421e-02 -1.689857895089010853e-01
2.050157843311888328e-01 5.233077519742579398e-02 -6.764098487459868636e-02 -1.897055746540159404e-01
1.848006071876380219e-01 5.755661936419187441e-02 -6.600839925212653725e-02 -1.763488272997042472e-01
1.847504448224537299e-01 6.759854536746523479e-02 -6.017125250610444454e-02 -1.921777376838154083e-01
1.744638356409105029e-01 6.065879935762552577e-02 -5.037731052178884283e-02 -1.847453244767454095e-01
1.827044028516375818e-01 7.743960164829388759e-02 -8.055986055827446535e-02 -1.795841439416561158e-01
1.855551364562026961e-01 6.001658720989588858e-02 -6.141600909524402852e-02 -1.841557145708518917e-01
1.852526077632790091e-01 5.968144911543671327e-02 -5.949493354877066764e-02 -1.854391233299459429e-01
1.968032649360065278e-01 6.592938984392127111e-02 -7.509900222392751346e-02 -1.876336525560011737e-01
1.746763682631131687e-01 6.456120361808270758e-02 -7.495566822650534533e-02 -1.642819036546914191e-01
1.932965581608652172e-01 6.423903308520984012e-02 -6.256112886601172818e-02 -1.949744623800597765e-01
1.895058058504597298e-01 5.156757419679713905e-02 -4.936304868006935465e-02 -1.917103313671848497e-01
1.839882656357714197e-01 4.651614710572271605e-02 -4.580765632508310148e-02 -1.846967564164110343e-01
1.771746160473171017e-01 5.546097529939508775e-02 -4.432312750076405905e-02 -1.883124638459463540e-01
1.928692301050762836e-01 6.633496001498961903e-02 -7.203369724245956007e-02 -1.871704928776054544e-01
1.697581480362826412e-01 7.912926457245905709e-02 -6.282128159708566528e-02 -1.860661310116578093e-01
1.799194182808436793e-01 6.029194758213485272e-02 -5.016554335746370441e-02 -1.900458225055148276e-01
1.693759592514378909e-01 5.570562467884521141e-02 -4.702448948935877837e-02 -1.780570944409252121e-01
1.769984203222110253e-01 6.514322963885366136e-02 -5.053968991628199348e-02 -1.916019600447818050e-01
1.661507464280731483e-01 7.576470872928808831e-02 -5.975469008511158364e-02 -1.821607650722487648e-01
1.882038675681974027e-01 5.392343954609835066e-02 -5.950925479993696143e-02 -1.826180523143579038e-01
1.698753179674303837e-01 6.238380305876400911e-02 -6.213045170255693250e-02 -1.701286693236383485e-01
1.718301944550706395e-01 3.786884026253289903e-02 -6.222068978754258239e-02 -1.474783449300600680e-01
1.886508018706498646e-01 6.617087169766744381e-02 -6.461013433952444984e-02 -1.902115392287937468e-01
1.796540428410784429e-01 7.068006066438670132e-02 -6.619465711606586922e-02 -1.841394463893974986e-01
1.795837448611772302e-01 7.536121511174709298e-02 -7.475086260620145140e-02 -1.801940973667264245e-01
1.816200719833860333e-01 3.965403846805504173e-02 -4.381481341234039206e-02 -1.774592970391024593e-01
1.744277889145084970e-01 5.987241115246089151e-02 -6.115025868596557501e-02 -1.731499413810029253e-01
1.949948246151400610e-01 5.656385757532511604e-02 -5.285005764793027083e-02 -1.987086245425357944e-01
1.709935379138096678e-01 6.518808639607520661e-02 -5.755202445916651754e-02 -1.786295998507156924e-01
1.994148775350490510e-01 4.321810969402850588e-02 -6.154118702507993532e-02 -1.810918002039949570e-01
1.739158106499312240e-01 6.723758503501908734e-02 -5.853394634712039135e-02 -1.826194493378290318e-01
1.941957269368632666e-01 7.850441616535430711e-02 -7.960364170477784995e-02 -1.930965013974397237e-01
1.582785762833678334e-01 5.131883868404418791e-02 -5.063504678155528183e-02 -1.589623681858549631e-01
2.016426076413653234e-01 6.188159091917011523e-02 -6.436773236397197451e-02 -1.991564661965634642e-01
2.063560913565805066e-01 5.578755362248077887e-02 -5.632846045197315021e-02 -2.058151845270845826e-01
1.840289239684906875e-01 6.340658812249966303e-02 -5.590722801333214420e-02 -1.915282840776573181e-01
2.084710633840867189e-01 5.545716248400012205e-02 -6.765617625410236258e-02 -1.962720496139862547e-01
1.842429233410038947e-01 6.174862050767870869e-02 -5.430549461687572688e-02 -1.916860492318104292e-01
1.758773410129572667e-01 6.838103712157650449e-02 -6.111045873430676068e-02 -1.831479194002305633e-01
1.967879490784918417e-01 6.175006296099105896e-02 -7.266479645106294072e-02 -1.858732155884208481e-01
1.851955159232110404e-01 5.951261838918497915e-02 -6.617573455926262227e-02 -1.785323997531342854e-01
1.859733597851072062e-01 6.504953198178409224e-02 -6.719942045159310595e-02 -1.838234713152964162e-01
1.918739275503016373e-01 8.702323407038381475e-02 -8.093409372097504217e-02 -1.979630678997095217e-01
1.732725102253880323e-01 6.157303391832602557e-02 -6.425995723214139588e-02 -1.705855869115717738e-01
1.864902966005708151e-01 5.974669874702431827e-02 -6.640767077663767282e-02 -1.798293245709583488e-01
1.835951495339198658e-01 6.618597420482874583e-02 -5.865225311690913657e-02 -1.911288706218412514e-01
1.989861735258218189e-01 7.210217755338010903e-02 -7.610677268383092553e-02 -1.949815783953701143e-01
1.964103709876470205e-01 5.492652037147216504e-02 -6.067048516967599170e-02 -1.906664061894431939e-01
1.585763613815158735e-01 5.528624429036721466e-02 -4.615524739119347686e-02 -1.677073582806887231e-01
1.882335890349970953e-01 7.802961036205324774e-02 -8.203543134246427115e-02 -1.842277680545869600e-01
2.072042919862964183e-01 7.673934708466934040e-02 -8.512555343000549612e-02 -1.988180856409584862e-01
1.772766528884899273e-01 6.166727746482170147e-02 -6.154039233152985844e-02 -1.774035380217835467e-01
1.862624108021693203e-01 5.882831507314012498e-02 -5.911901312941747477e-02 -1.859717127458946351e-01
1.931142141616728480e-01 7.145955148406457624e-02 -8.256553765768259723e-02 -1.820082279880557152e-01
1.844522446971348373e-01 7.548393144472242966e-02 -6.759177700975183001e-02 -1.923443991321018842e-01
1.849903139459936341e-01 5.576664057755653658e-02 -5.491291904792028333e-02 -1.858440354756325519e-01
2.019010618195533624e-01 5.686510934923738603e-02 -7.494283972609494526e-02 -1.838233314426958032e-01
1.909182077954270085e-01 6.276430747285655087e-02 -5.984799682040264912e-02 -1.938345184478826866e-01
1.755404724619067380e-01 7.222846827284978843e-02 -6.351047293754508161e-02 -1.842584677972114449e-01
1.925947116438981865e-01 6.557003421394735909e-02 -6.033289052661139351e-02 -1.978318553312314876e-01
1.866814265056042643e-01 7.561643337674794907e-02 -6.426214874658420229e-02 -1.980357111357680111e-01
1.710595481817680508e-01 5.712695768859976653e-02 -4.923687048991265414e-02 -1.789496353804569395e-01
1.922738076907402061e-01 6.258474776215816604e-02 -5.322588789165205725e-02 -2.016326675612454267e-01
1.972174448809962399e-01 6.282249855360966251e-02 -7.682645720545178136e-02 -1.832134862291550093e-01
1.893748084035395962e-01 5.942677148755226568e-02 -6.899473117503784891e-02 -1.798068487160522366e-01
1.898209047676031602e-01 6.323726544164642860e-02 -7.412501982396779709e-02 -1.789331503852853444e-01
1.936471664401651083e-01 7.639162211487526832e-02 -7.450739260620320437e-02 -1.955313959488362840e-01
1.917396443039693921e-01 6.634597378673756651e-02 -5.736121327124443781e-02 -2.007244048194625208e-01
1.725909927909832220e-01 6.699538406410976421e-02 -6.218483038545752351e-02 -1.774015464696381272e-01
1.717303570582506822e-01 5.886630714462359748e-02 -5.772431356854657025e-02 -1.728723506343250449e-01
1.696900817709909859e-01 6.403704120003084199e-02 -5.340327278139511691e-02 -1.803238501896249346e-01
2.043950616598122494e-01 7.543639305930405214e-02 -7.889595000366611544e-02 -2.009355047154466334e-01
1.935979756392463003e-01 6.489547576356091696e-02 -7.471918073013483763e-02 -1.837742706726706032e-01
1.718044250505972315e-01 6.788133352529790443e-02 -6.188858040780864656e-02 -1.777971781680847130e-01
1.686523862250846051e-01 6.278032333302618895e-02 -5.767455847177060946e-02 -1.737581510863392964e-01
1.963946318847211714e-01 6.277501245566430299e-02 -6.269075586127303978e-02 -1.964788884791133228e-01
1.934771200857605677e-01 6.064577306742435781e-02 -6.764869584320987173e-02 -1.864741973099741656e-01
1.983193741613655803e-01 6.755579486300433700e-02 -7.617555792344443688e-02 -1.896996111009228159e-01
2.133591379335815219e-01 4.987177800446218612e-02 -5.671548071723453432e-02 -2.065154352208100619e-01
1.760874109267920318e-01 6.616961454630398975e-02 -6.325298009711399772e-02 -1.790040453759820238e-01
1.886317682296230203e-01 6.796128207689644540e-02 -6.738442715685710738e-02 -1.892086231496623583e-01
1.906553928039880219e-01 6.780079366999292034e-02 -5.786218749147131746e-02 -2.005939989825087366e-01
2.017705741568684985e-01 6.761867027011536635e-02 -7.271461645546395403e-02 -1.966746279715234635e-01
2.008256778869625947e-01 6.241018219539018475e-02 -5.686258915503383804e-02 -2.063732709273207178e-01
2.035962942932361130e-01 5.709907046582429757e-02 -6.687480711916204967e-02 -1.938205576398992491e-01
1.974901727577078603e-01 6.779681661031133899e-02 -6.147713799131437895e-02 -2.038098513767057085e-01
1.976425425086052456e-01 7.557785639123970611e-02 -7.714193698790960951e-02 -1.960784619119335659e-01
1.867974639462994801e-01 5.940493067127583515e-02 -4.787323485486894015e-02 -1.983291597627037106e-01
1.968932461625536590e-01 5.416734235219866633e-02 -5.607840307469125207e-02 -1.949821854400646259e-01
1.904629066054752684e-01 6.898123181669024717e-02 -7.253376134660616259e-02 -1.869103770755584648e-01
1.782283636379426994e-01 7.162254168092285767e-02 -5.936583411751250594e-02 -1.904850712013548275e-01
1.869100599947994823e-01 6.372682013274033608e-02 -7.705601684549368002e-02 -1.735808632820470265e-01
1.911700198804933137e-01 6.552187466274528305e-02 -6.714651501813495571e-02 -1.895453795251018647e-01
1.817746362961871753e-01 6.053680919619974787e-02 -5.587792361207011282e-02 -1.864335218803159222e-01
1.933001788704231672e-01 6.931456458367879492e-02 -7.415577586421218115e-02 -1.884589675898906691e-01
2.154466373323078443e-01 4.741464527591165989e-02 -6.861543227943123213e-02 -1.942458503287891602e-01
1.945113439040806469e-01 6.567632183283134140e-02 -6.215485452512403697e-02 -1.980328112117888395e-01
1.919388894416647062e-01 7.685880231174380128e-02 -7.025073289414951461e-02 -1.985469588592554402e-01
2.018750996302438594e-01 3.910568989701790343e-02 -6.505449358908155233e-02 -1.759262959381810987e-01
1.832635908980613237e-01 6.001097107491837335e-02 -5.887890120968997110e-02 -1.843956607632915023e-01
1.804066480349346691e-01 5.900054238394769612e-02 -5.821835092288374369e-02 -1.811888394959950688e-01
1.893824107529509249e-01 6.431330645240951327e-02 -5.863768022852688944e-02 -1.950580369768344369e-01
1.665600620241090013e-01 7.955766222073723526e-02 -7.360944390174495311e-02 -1.725082803430995071e-01
1.966597263837410736e-01 6.324886823831032956e-02 -6.184142505288914293e-02 -1.980671695691631484e-01
1.643920696492662259e-01 6.557872039833245736e-02 -5.160901469454426405e-02 -1.783617753530553074e-01
1.777607452538303434e-01 6.220716755469446468e-02 -6.935356515620050288e-02 -1.706143476523243052e-01
1.881924277344175778e-01 7.152607864354454392e-02 -7.053466205460878768e-02 -1.891838443233551104e-01
1.695902572876075709e-01 5.188300265925427368e-02 -5.369208921474033502e-02 -1.677811707321197332e-01
1.873656328990014330e-01 7.340917953728975931e-02 -6.713369983616157555e-02 -1.936411126001313932e-01
1.748806955683317454e-01 7.051557572085975778e-02 -6.088729855517183154e-02 -1.845089727340196717e-01
1.777582936988579831e-01 5.952783020443686013e-02 -6.867581105083964133e-02 -1.686103128524596428e-01
1.776441580738543635e-01 5.338438583848681418e-02 -4.934182489538319061e-02 -1.816867190169570989e-01
2.024113549991719552e-01 6.939257456615433028e-02 -7.080699758856656700e-02 -2.009969319767579421e-01
1.757216249756439197e-01 5.874065651967530499e-02 -6.550428589789447642e-02 -1.689579955974256364e-01
1.910280181154027090e-01 6.295182142694866201e-02 -7.597430829736051550e-02 -1.780055312449908556e-01
1.796096820453216836e-01 7.598336863486920834e-02 -7.065734075129626035e-02 -1.849357099288946316e-01
1.758300245503736647e-01 6.458950661124607251e-02 -5.800979481032264573e-02 -1.824097363512979797e-01
1.670758793064948122e-01 6.928660121440977093e-02 -7.136458265820699864e-02 -1.649978978626993609e-01
1.969086394775221294e-01 7.806963961653945461e-02 -7.112135241746209147e-02 -2.038569266766012689e-01
1.965347641448094151e-01 5.028502981723637077e-02 -5.395848321430207761e-02 -1.928613107477463728e-01
1.840724506981201714e-01 6.642909661415608014e-02 -6.142472551187783125e-02 -1.890768218003948675e-01
1.840201830499452740e-01 5.959801775611861530e-02 -5.997808891891853733e-02 -1.836401118871462401e-01
1.749317732701740624e-01 7.386860352570678856e-02 -7.326019892882129625e-02 -1.755401778670622193e-01
1.791844466217531462e-01 5.901301781810541769e-02 -6.455093220951280131e-02 -1.736465322303466507e-01
1.893002825717831072e-01 5.691818924240976685e-02 -6.255369395598187054e-02 -1.836647778582092272e-01
1.827714843103258602e-01 5.265275175485495396e-02 -6.691528994952200549e-02 -1.685089461156588087e-01
1.722649216413216777e-01 6.096619513450196592e-02 -5.736833688935405462e-02 -1.758627798864687009e-01
1.847817749043336732e-01 5.861600178759029944e-02 -5.975870766626290020e-02 -1.836390690256646252e-01
1.575517913046908802e-01 5.691790773674920700e-02 -5.314571296781345211e-02 -1.613239860736257469e-01
1.674486620974908746e-01 4.479682462023415468e-02 -5.334307260602511036e-02 -1.589024141116990307e-01
1.894136648203019746e-01 7.734286850893390408e-02 -7.280883775684454662e-02 -1.939476955723922202e-01
1.751097349361412370e-01 6.547811343960585617e-02 -6.288743785582973089e-02 -1.777004105199155859e-01
1.701761268826400553e-01 5.222380372201840260e-02 -5.038005513266163859e-02 -1.720198754719950429e-01
1.581468958854888029e-01 5.999248251276334543e-02 -5.375694602723601889e-02 -1.643824323710170177e-01
1.814440549526317170e-01 6.278992391740167989e-02 -6.131963195956480206e-02 -1.829143469104677067e-01
1.586154148852720880e-01 5.079782072891614320e-02 -4.334488961921323380e-02 -1.660683459949723328e-01
1.756049524414766694e-01 5.300092094745867399e-02 -4.836233856074834137e-02 -1.802435348281878902e-01
1.711510743648156918e-01 6.773128623510160651e-02 -5.532208225322943207e-02 -1.835602783466878662e-01
1.629989188031455427e-01 6.415679290389864065e-02 -5.652625414391287961e-02 -1.706294575631304156e-01
1.582993518422872725e-01 7.131986547800739373e-02 -6.477523781701499672e-02 -1.648439795032814459e-01
1.708268748625645372e-01 6.392280455686805141e-02 -7.495568057877832757e-02 -1.597939988406542611e-01
1.833677640072854942e-01 7.410089095446537044e-02 -6.327851808669393563e-02 -1.941901368750542645e-01
1.830937147837765622e-01 7.563982052148432444e-02 -7.514345035193592537e-02 -1.835900849533249612e-01
1.550366301537469127e-01 5.700747354637503150e-02 -5.023658746044468160e-02 -1.618075162396790390e-01
1.646263315087947987e-01 6.804426091496829088e-02 -5.371366837598934296e-02 -1.789569240477728584e-01
1.708951057866565648e-01 6.610818917978811271e-02 -4.807022644616765206e-02 -1.889330685202779136e-01
1.628225587102107852e-01 5.809187034543672468e-02 -6.068567870663521546e-02 -1.602287503490131826e-01
1.771456290006963030e-01 6.090191431712188574e-02 -6.225954288226098754e-02 -1.757880004355572012e-01
1.641767500155761894e-01 5.096786872323466611e-02 -4.737666057611722437e-02 -1.677679581626927430e-01
1.806421340171562306e-01 5.765768958612937922e-02 -5.098627585112236460e-02 -1.873135477521596925e-01
1.808979694285524076e-01 6.752628052191855801e-02 -6.269511542962646899e-02 -1.857291345208462729e-01
1.768618578247691531e-01 6.218593857852638962e-02 -4.134186539537498817e-02 -1.977059310079223309e-01
1.762798931152955717e-01 5.522739480920257904e-02 -3.609958810518598682e-02 -1.954076998193130521e-01
1.765698341530859139e-01 6.627481398361290132e-02 -6.643272131650679313e-02 -1.764119268201911339e-01
1.841705766385830501e-01 5.568426224904055033e-02 -6.162698029149371592e-02 -1.782278585961289963e-01
1.851655183857623399e-01 6.430405253957172107e-02 -5.369099820411094015e-02 -1.957785727212204563e-01
1.968427329336472908e-01 5.577417508420090542e-02 -6.969229763429485303e-02 -1.829246103835515669e-01
1.961397092916516982e-01 5.909545031283958139e-02 -6.039661809943552839e-02 -1.948385415050539748e-01
1.697301816977754285e-01 4.914164615567262473e-02 -5.642872929028808215e-02 -1.624430985631599711e-01
1.755470469453852544e-01 7.026762396525132459e-02 -6.580445567950299335e-02 -1.800102152311344739e-01
2.005226926156344902e-01 5.628564279353565070e-02 -5.789688545256677088e-02 -1.989114499566033700e-01
2.033595383569650750e-01 5.604774157259573286e-02 -6.906563384417196971e-02 -1.903416460853915027e-01
1.878917478420287779e-01 5.988917504863966457e-02 -6.136328921338396469e-02 -1.864176336772835896e-01
1.958894857230717435e-01 6.607917623121739581e-02 -5.733834970821494181e-02 -2.046303122460715329e-01
1.687554465534368831e-01 5.971163871536866452e-02 -6.795458158117462233e-02 -1.605125036876291489e-01
2.031038418078336960e-01 5.559096460798595984e-02 -6.186415666865485719e-02 -1.968306497471647987e-01
1.751915015398193276e-01 6.187436589014083665e-02 -6.141982749724483881e-02 -1.756460399327171018e-01
1.994755737464704026e-01 6.732829264799011781e-02 -6.747873729692255296e-02 -1.993251290975388557e-01
1.856325445019697540e-01 7.618949111002493169e-02 -7.370687618600069158e-02 -1.881151594259931059e-01
2.002078925003543119e-01 6.055747535370237244e-02 -5.546836240600860890e-02 -2.052970054480498519e-01
1.913140605893355328e-01 5.858491351586803120e-02 -7.314852798397719624e-02 -1.767504461212263678e-01
1.911600687793253428e-01 7.557214087342867259e-02 -5.964628823062767538e-02 -2.070859214221272282e-01
1.932718276408023073e-01 6.789513616506237526e-02 -7.342581417598914584e-02 -1.877411496298773130e-01
1.903314570385576943e-01 6.093588046232234490e-02 -5.360552929596362759e-02 -1.976618082049181879e-01
1.811111429696898867e-01 6.193972274876990980e-02 -5.394527916571778547e-02 -1.891055865527393465e-01
1.785304500056179577e-01 5.996043521401972498e-02 -4.927186394580473916e-02 -1.892190212738338317e-01
1.691015595105200831e-01 5.625390057261991927e-02 -5.145681388521783362e-02 -1.738986461979212805e-01
1.918738577052527816e-01 5.984350016459494270e-02 -7.679442108151857127e-02 -1.749229367883309294e-01
1.838530248655594335e-01 5.771588304409647208e-02 -6.425586225692381248e-02 -1.773130456527329812e-01
1.874622594296280198e-01 8.378928570371346751e-02 -7.956586317683989051e-02 -1.916856819565015968e-01
1.756097224831210113e-01 5.849451922707160634e-02 -5.782778898905593934e-02 -1.762764527211340138e-01
2.182312083649140533e-01 8.125384950284075813e-02 -7.618530649089017004e-02 -2.232997513768655296e-01
2.143621483670390404e-01 6.452119034086489791e-02 -7.250575214608012686e-02 -2.063775865618238115e-01
2.179727678741167907e-01 6.559116637560702401e-02 -6.433268040485362604e-02 -2.192312538448684123e-01
1.965921634892984216e-01 8.263148129585928814e-02 -6.785220085778309596e-02 -2.113714439273728374e-01
1.914621408323595730e-01 6.797994403796092655e-02 -6.560542070335806386e-02 -1.938366641669624357e-01
2.220261963203586930e-01 6.759356877034683464e-02 -6.435026296696211290e-02 -2.252695021237443029e-01
1.925506842682613851e-01 7.078758857310507580e-02 -6.416816276474612835e-02 -1.991701100766194443e-01
1.945664526237491643e-01 4.833968724681270146e-02 -5.312816939294595642e-02 -1.897779704776159093e-01
2.085438592889667930e-01 6.811954097700745336e-02 -5.490838137583864409e-02 -2.217550188901347141e-01
1.885127956737502330e-01 6.710766273665580428e-02 -5.956822765839842049e-02 -1.960522307520040641e-01
1.938867554008973926e-01 7.937425901934602734e-02 -7.381449350047208924e-02 -1.994465209197704425e-01
1.983725997108338746e-01 6.860464743115279873e-02 -6.960307903801865592e-02 -1.973741681039697937e-01
2.029770717083057008e-01 6.835613250779459804e-02 -6.854390106276486705e-02 -2.027893031533336554e-01
2.284265036838242224e-01 8.285759546273574472e-02 -8.070627036272526311e-02 -2.305778287838347040e-01
2.049163742893709284e-01 6.789899915839114897e-02 -7.024846825534858397e-02 -2.025669051924108288e-01
2.293801091320748498e-01 9.157347071551757978e-02 -9.149567613728226689e-02 -2.294579037103110508e-01
2.172356540971396299e-01 6.888990370734671131e-02 -8.095836069362416509e-02 -2.051671971108621761e-01
1.992808479824814683e-01 7.187644162293604921e-02 -6.410250457320465500e-02 -2.070547850322110861e-01
2.164468734609776845e-01 6.229189996685846609e-02 -6.719597530440779565e-02 -2.115427981234274668e-01
1.993835976293727441e-01 5.389974726803892224e-02 -7.131818356692942729e-02 -1.819651613304813509e-01
2.085701788963731929e-01 7.976333804810220585e-02 -7.074382194843042981e-02 -2.175896949960449689e-01
2.053011411012644061e-01 7.079366730418445997e-02 -5.805370833015821574e-02 -2.180411000752933148e-01
2.045963393156329246e-01 5.977350917852142231e-02 -6.937323821812579894e-02 -1.949966102760276598e-01
2.064423490031632724e-01 6.511187321575562237e-02 -6.274680131391097149e-02 -2.088074209050105878e-01
1.752476496717081389e-01 5.756510797486580344e-02 -5.409362922282490160e-02 -1.787191284237490407e-01
1.584934023054334062e-01 6.141773286374263563e-02 -4.742841849401724375e-02 -1.724827166751623508e-01
1.808531085957012507e-01 7.577337196634470473e-02 -6.406617574515749425e-02 -1.925603048168875731e-01
1.665030151520934254e-01 6.919434106826916064e-02 -7.262171631965408380e-02 -1.630756399007111668e-01
1.870985015282391473e-01 6.203491749966350000e-02 -6.510362999208396673e-02 -1.840297890358177924e-01
1.898654640952219808e-01 6.309362634851556351e-02 -6.069944137004235074e-02 -1.922596490736951935e-01
1.690111696671099395e-01 6.048307771166872016e-02 -6.110762680623782472e-02 -1.683866205725417231e-01
1.812133799250377209e-01 7.918271568158008478e-02 -7.878875325322365342e-02 -1.816073423533914877e-01
1.766679925305467691e-01 5.398139873449014914e-02 -6.411412801339100298e-02 -1.665352632516432507e-01
1.704200722952267100e-01 5.141035920468883802e-02 -6.099209198146127164e-02 -1.608383395184569409e-01
1.685188022933576946e-01 6.090864058087142041e-02 -4.117274772590562293e-02 -1.882546951483252684e-01
1.786590413137165712e-01 4.707245651254066132e-02 -6.505448341150987801e-02 -1.606770144147455781e-01
2.057607062231978645e-01 5.596133372118217153e-02 -6.109134319024445148e-02 -2.006306967541338082e-01
1.827379292593223070e-01 6.578277037338864375e-02 -6.255748213483602882e-02 -1.859632174978731456e-01
1.728263209848606152e-01 5.317361709133372472e-02 -5.390225330848075203e-02 -1.720976847677126997e-01
1.830705809792894101e-01 6.450692199061869303e-02 -6.299501040591515277e-02 -1.845824925639956149e-01
1.883725021244684328e-01 5.608431397233815119e-02 -4.950895097191665428e-02 -1.949478651248890415e-01
1.890806831879521255e-01 7.331361884531784057e-02 -7.260566173719951166e-02 -1.897886402960704544e-01
1.883915855480253754e-01 5.598301579624020974e-02 -6.398126015114335985e-02 -1.803933411931204489e-01
1.861815166030806878e-01 6.827770070330796415e-02 -7.295333535869286123e-02 -1.815058819476931262e-01
1.686905225779558037e-01 5.598789607075893571e-02 -4.873864161149832341e-02 -1.759397770372146397e-01
1.701350373202563659e-01 5.927021103797791568e-02 -5.986862706234497011e-02 -1.695366212958866470e-01
1.778716800279775967e-01 5.450870318674816417e-02 -5.790813268370520461e-02 -1.744722505310187799e-01
1.780753360978488686e-01 6.340351027992330302e-02 -5.034744778329880432e-02 -1.911313985944760319e-01
2.001591303147352008e-01 6.588605741989272957e-02 -6.769790512037321406e-02 -1.983472826142547163e-01
1.516578188412056605e-01 5.078094906402697006e-02 -5.090892602153651580e-02 -1.515298418836952266e-01
1.652986155596964934e-01 6.229669787384839452e-02 -5.221418672112232429e-02 -1.753811267124252282e-01
1.580334827364104910e-01 4.801070043251964847e-02 -5.311697890804190081e-02 -1.529272042608909032e-01
1.673406911319750279e-01 6.448038424425028836e-02 -6.304146770991891913e-02 -1.687796076663081735e-01
1.763212929647135496e-01 6.139703459223877502e-02 -7.989415059300153388e-02 -1.578241769639507908e-01
2.002981018791034629e-01 6.560366257476246687e-02 -6.715339870336300976e-02 -1.987483657505055845e-01
1.826842737458047594e-01 7.313166964879780352e-02 -5.923941260577869627e-02 -1.965765307888247548e-01
1.892218059050314594e-01 8.503575524861162194e-02 -6.916478264032299705e-02 -2.050927785133174197e-01
1.947767530206663267e-01 5.930781984802280249e-02 -6.414709403049290160e-02 -1.899374788381944512e-01
1.721599630220147503e-01 6.716371725617076294e-02 -5.949800240530933593e-02 -1.798256778728752892e-01
2.091935896020071795e-01 6.949963553142168848e-02 -7.132779492393925835e-02 -2.073654302094869450e-01
2.212438035875781139e-01 6.727168930949467551e-02 -7.061523086828369600e-02 -2.179002620287908698e-01
1.961661937005567680e-01 7.868493990505776026e-02 -7.025454964616262288e-02 -2.045965839594501290e-01
2.161534622950220808e-01 5.898315099927753380e-02 -6.885138806267043776e-02 -2.062852252316291768e-01
1.815586611512580717e-01 5.578633018342493699e-02 -5.996288483015099757e-02 -1.773821065045311229e-01
1.969858492841867204e-01 6.152638101850804730e-02 -5.469584862529952574e-02 -2.038163816773961301e-01
1.947951784391852570e-01 8.279307868455099140e-02 -7.826503185643396421e-02 -1.993232252673040605e-01
1.871233823039970545e-01 7.474731794647215821e-02 -6.604569597074405607e-02 -1.958250042797251567e-01
1.992350240550209151e-01 8.076354700822019339e-02 -6.681418534458583025e-02 -2.131843857186552782e-01
2.111293382471783886e-01 6.625302518775999516e-02 -6.671131240663807915e-02 -2.106710510282976401e-01
2.018247003209383550e-01 7.333159772831088219e-02 -7.489486228532005185e-02 -2.002614357639291853e-01
2.129619064991787880e-01 6.849814779087814998e-02 -7.191618558057655264e-02 -2.095438687094786090e-01
2.022671774305448977e-01 7.286394989522015919e-02 -7.081635871492952816e-02 -2.043147686108381933e-01
1.881884583840189862e-01 6.365152092836456887e-02 -5.891681137363313780e-02 -1.929231679387504172e-01
2.026356872834575995e-01 6.063492702911066345e-02 -6.382746824153073817e-02 -1.994431460710375248e-01
2.164056313934903386e-01 5.846023166620994971e-02 -7.017575864218184023e-02 -2.046901044175184481e-01
1.889942418538019808e-01 5.672438009868407960e-02 -5.091582564683339029e-02 -1.948027963056517819e-01
1.816061751106401445e-01 6.430257805974903818e-02 -6.174950544980806200e-02 -1.841592477205793443e-01
1.961897493547599680e-01 8.094062234430765557e-02 -7.186437023759495446e-02 -2.052660014614717809e-01
1.890671146101743361e-01 7.302689795102335069e-02 -5.555322237667503771e-02 -2.065407901845208727e-01
1.844302275642482059e-01 6.759142138046847492e-02 -6.866048844886574187e-02 -1.833611604958509389e-01
1.891810199757690825e-01 6.938764945838471476e-02 -6.561030271304169048e-02 -1.929583667211112186e-01
2.101515737542465345e-01 5.810781774749429474e-02 -6.530351545666501778e-02 -2.029558760450740351e-01
2.077651623271767889e-01 6.780232090473337081e-02 -7.991292867395394239e-02 -1.956545545579562173e-01
1.836251923702629796e-01 6.186157084179733090e-02 -5.257254719935477993e-02 -1.929142160127064187e-01
1.833536941194608971e-01 6.018230400843993522e-02 -4.182417706603835938e-02 -2.017118210618642493e-01
2.106762743672696558e-01 7.381553412726660213e-02 -7.173618233843548353e-02 -2.127556261561025508e-01
1.831422876156540980e-01 6.247015772528374811e-02 -6.590913974675327580e-02 -1.797033055941863466e-01
2.006545136262607443e-01 7.439268465364357041e-02 -7.208946656189585411e-02 -2.029577317180084606e-01
1.903960825033106374e-01 5.346191983372783341e-02 -6.261906642400472123e-02 -1.812389359130337496e-01
1.753398550778202392e-01 5.496856619304058000e-02 -5.301320002281251220e-02 -1.772952212480483070e-01
2.061157917891067726e-01 6.687268812009872221e-02 -7.906097679774060083e-02 -1.939275031114648939e-01
2.007250766083039650e-01 6.859778289986095956e-02 -6.717790324668548863e-02 -2.021449562614776596e-01
1.862907681064420728e-01 7.969335524271148330e-02 -7.896582327968193482e-02 -1.870183000694698450e-01
1.894792878709745665e-01 6.479182814943751367e-02 -4.378039711577930149e-02 -2.104907189046354432e-01
1.935309591016505237e-01 6.380523565464280011e-02 -5.928931150538740980e-02 -1.980468832509076904e-01
1.885552338566878205e-01 7.214635220261023107e-02 -6.089636331452386031e-02 -1.998052227447741913e-01
1.847907485152786577e-01 6.195126970015429890e-02 -7.496885410016851381e-02 -1.717731641152653310e-01
1.790595401877617121e-01 5.254775115576038047e-02 -5.032496033884026332e-02 -1.812823310046818293e-01
1.792410839510756304e-01 6.314491287651069484e-02 -5.530954744090621489e-02 -1.870764493866818867e-01
1.817331375879298605e-01 5.811625909757811570e-02 -5.010230213633359853e-02 -1.897470945491752659e-01
2.251155704997795937e-01 6.128690966194660916e-02 -7.268911156759294556e-02 -2.137133685941332573e-01
1.913363188918033586e-01 6.489605465646519633e-02 -5.613781880058876794e-02 -2.000945547476780106e-01
2.010279383941062648e-01 7.515369222471868227e-02 -6.375740397244822333e-02 -2.124242266463758355e-01
2.057053969767190793e-01 5.858646063377737079e-02 -7.502533047919435205e-02 -1.892665271313020980e-01
1.857640128248974065e-01 6.846486530043982555e-02 -7.879557821614202595e-02 -1.754332999091960943e-01
2.096896010510622688e-01 7.045054184623023019e-02 -6.876075399553105427e-02 -2.113793889017578920e-01
1.675100267747051674e-01 6.488557260737959353e-02 -6.876416809469976243e-02 -1.636314312873867749e-01
2.157853014892650023e-01 5.690129546913436087e-02 -6.736624664893131609e-02 -2.053203503094662707e-01
1.901501015820787899e-01 7.447937315764630029e-02 -6.304142696445769189e-02 -2.015880477752691746e-01
1.829462319334433928e-01 6.774650872576781779e-02 -5.819088686410189837e-02 -1.925018537951093123e-01
1.801153515234048541e-01 6.682239140604373517e-02 -6.607204352887485754e-02 -1.808656994005719554e-01
1.753449056280862450e-01 5.260932963256603756e-02 -4.658592333185485046e-02 -1.813683119287983203e-01
1.752298873829269965e-01 6.523607814509091440e-02 -6.355413463805703600e-02 -1.769118308899590986e-01
1.682782716109834098e-01 6.331247353023794489e-02 -5.683961832076622755e-02 -1.747511268204551271e-01
1.570985782778935302e-01 5.924256455212795203e-02 -5.365810177116348001e-02 -1.626830410588571141e-01
1.761379587279447989e-01 6.662148719708138600e-02 -4.737984960367747078e-02 -1.953795963213504905e-01
1.865744986914501524e-01 7.233079189300539724e-02 -6.752555637047752413e-02 -1.913797342139780255e-01
1.754612051381760907e-01 6.374449969317019793e-02 -5.896242010822927426e-02 -1.802432847231187907e-01
1.921045950955075909e-01 6.856711136507520621e-02 -7.314039020254359258e-02 -1.875313162580418691e-01
1.800717750525082650e-01 6.156304054694405892e-02 -6.251949281860014196e-02 -1.791153227808557347e-01
1.892459937654660251e-01 8.702355390498173193e-02 -7.595307921566618603e-02 -2.003164684547842356e-01
1.939676609078011538e-01 6.918396022518802368e-02 -6.820678468932594996e-02 -1.949448364436614511e-01
1.737397766974151381e-01 5.676532725651828315e-02 -5.789629577380317471e-02 -1.726088081801293583e-01
1.932913468320975880e-01 6.288163212593378404e-02 -6.507936042063366955e-02 -1.910936185374012553e-01
2.085699467935375750e-01 6.421283770339059060e-02 -6.633062704067516080e-02 -2.064521574562530049e-01
1.743272328302696295e-01 6.133520987251372958e-02 -6.049567746033623905e-02 -1.751667652424453436e-01
1.801584873210062554e-01 6.532116788791686446e-02 -6.266685117182468900e-02 -1.828128040370948781e-01
1.653422661887304912e-01 6.488087598181380145e-02 -4.736096587622995457e-02 -1.828621762943134499e-01
1.874631431199276221e-01 5.117513115789762423e-02 -6.736547037201123800e-02 -1.712728039058122320e-01
1.840502039074189966e-01 4.667004641577232604e-02 -5.235168396514389144e-02 -1.783685663580492076e-01
2.010779299563330014e-01 5.450189916741088325e-02 -6.362883425097187740e-02 -1.919509948727684545e-01
1.922283283135834964e-01 7.480653527124925262e-02 -6.683784347316823471e-02 -2.001970201116680670e-01
1.730985701763900764e-01 3.643724573185203042e-02 -4.382203456313593648e-02 -1.657137813451061703e-01
1.917915126243991963e-01 6.105389579315900761e-02 -6.634800171701993321e-02 -1.864974067005364944e-01
2.172822331432806564e-01 6.448702758081292785e-02 -8.337555344204439223e-02 -1.983937072820491920e-01
1.978318823104148194e-01 6.242877652525624654e-02 -6.343972556087873471e-02 -1.968209332747941076e-01
2.024213002140475837e-01 6.066272029651820219e-02 -7.942670901164472497e-02 -1.836573114989237254e-01
2.140441725576200938e-01 6.752033269329249521e-02 -6.386944071709343973e-02 -2.176950645338191492e-01
1.980704839478102386e-01 7.172685334632600274e-02 -6.376202520294960152e-02 -2.060353120911848634e-01
2.143193692237623793e-01 7.294393931605824832e-02 -7.545030555856868659e-02 -2.118130029812519410e-01
1.894756097025798169e-01 7.826006111647743069e-02 -6.130754663290449713e-02 -2.064281241861527505e-01
1.956661349308994602e-01 7.896477369973631255e-02 -5.522991126432330589e-02 -2.194009973663124669e-01
2.161406901382774137e-01 7.094980784229054649e-02 -7.421944021973292394e-02 -2.128710577608341481e-01
1.984975644267503725e-01 6.973661597979408100e-02 -5.987534980129627371e-02 -2.083588306052481798e-01
2.163117506854188576e-01 6.003766186413272976e-02 -7.433561023961043901e-02 -2.020138023099411484e-01
2.064273123825861589e-01 7.498532228452514659e-02 -7.326955259794498687e-02 -2.081430820691672068e-01
2.016847417057654468e-01 6.702499614172907627e-02 -5.979161962560475274e-02 -2.089181182218862176e-01
2.007317294227597415e-01 7.396237472222111364e-02 -7.126290629512865848e-02 -2.034311978498521967e-01
2.181231814206032738e-01 7.191232919294954229e-02 -8.306887769602422367e-02 -2.069666329175294806e-01
1.948355027690018559e-01 6.986624606330948950e-02 -4.754879025041347518e-02 -2.171529585818987584e-01
2.362736145476311833e-01 8.333097178608639410e-02 -9.179305627742184726e-02 -2.278115300562948420e-01
1.850685119513819643e-01 7.715437413216630347e-02 -6.875703482206141359e-02 -1.934658512614859660e-01
2.356532163780729050e-01 7.624879529777306431e-02 -8.191992157865968238e-02 -2.299820900971898396e-01
2.205895911551065680e-01 5.070003185789850875e-02 -5.254157193381558955e-02 -2.187480510791894872e-01
1.877193788715443290e-01 5.985754831642520202e-02 -6.558586284339362749e-02 -1.819910643445776799e-01
2.116473189261842691e-01 8.046866043637024291e-02 -6.720643063776154946e-02 -2.249095487247938507e-01
2.242434732741473979e-01 7.443641960811042679e-02 -7.310225796624081340e-02 -2.255776349160170113e-01
1.986290603327489634e-01 5.430594548021172585e-02 -5.227509855997514165e-02 -2.006599072529855476e-01
2.019428872131685537e-01 6.891648344229572842e-02 -6.670708174973860594e-02 -2.041522889057247880e-01
2.035987591658550144e-01 7.773676073484647731e-02 -7.049813861250076030e-02 -2.108373812882016196e-01
2.181487291538921625e-01 7.365116664743975861e-02 -6.269486605681162672e-02 -2.291050297445185180e-01
2.030852843940254004e-01 6.991259023957585583e-02 -7.185009187271163000e-02 -2.011477827608896263e-01
2.013616088990159980e-01 5.790283070697199719e-02 -6.637869307343091663e-02 -1.928857465325570786e-01
2.214540919396119634e-01 8.090197510076535536e-02 -7.248151489564236272e-02 -2.298745521447322915e-01
2.014256868029793424e-01 7.720894995318872134e-02 -6.940676129086487123e-02 -2.092278754653023043e-01
2.054642026962731904e-01 6.239307233936397523e-02 -5.816473699797874986e-02 -2.096925380376584158e-01
1.978049968114534707e-01 7.782295021899265919e-02 -6.339828066875252688e-02 -2.122296663616909385e-01
2.254006071682876922e-01 6.635630506165401954e-02 -6.148257945790902568e-02 -2.302743327720317978e-01
2.089575594437018680e-01 4.974824862250493140e-02 -5.788501431519499363e-02 -2.008207937510091412e-01
2.231984821800478969e-01 6.616049291398784504e-02 -6.195999869864721177e-02 -2.273989763953885301e-01
2.202379015779314386e-01 5.935338512763621566e-02 -6.218155066332453629e-02 -2.174097360422440062e-01
1.967448596253724702e-01 6.556862238494964856e-02 -6.457702104201690219e-02 -1.977364609683025520e-01
2.135616174249603816e-01 7.375214981332334219e-02 -7.200325084408998322e-02 -2.153105163941946287e-01
1.841741189099295184e-01 6.604916537618432670e-02 -6.465726656731440869e-02 -1.855660177188003246e-01
2.104535135274252511e-01 7.690156377886303574e-02 -6.194725466247330559e-02 -2.254078226438149812e-01
2.034943235810420248e-01 7.453119662121743261e-02 -7.137875660400450073e-02 -2.066467635982531803e-01
2.026373580267453178e-01 7.647965004183365778e-02 -7.435949140436104443e-02 -2.047575166642170430e-01
2.173223903709420313e-01 5.714887009777935845e-02 -6.807586860524583727e-02 -2.063953918634773288e-01
1.817603739644999550e-01 6.190698990476661834e-02 -6.980214350990188166e-02 -1.738652203593638035e-01
1.958255374320012621e-01 5.234181414887384420e-02 -6.875105353505883699e-02 -1.794162980458171575e-01
2.257194710647763003e-01 6.500351191235242965e-02 -5.977525606898836941e-02 -2.309477269081412487e-01
1.934115921088208623e-01 6.174515172874439628e-02 -6.209635096386456610e-02 -1.930603928737024688e-01
1.821860366252714414e-01 4.871868483819508100e-02 -5.335648570906492694e-02 -1.775482357543998191e-01
1.779387373910461534e-01 6.221465289346550520e-02 -7.228506201229478734e-02 -1.678683282722150949e-01
2.336041183300245905e-01 6.524435339703060777e-02 -7.691393424682502200e-02 -2.219345374802292881e-01
2.143656461360663457e-01 7.406947404764174792e-02 -6.536947922559921409e-02 -2.230656409581062150e-01
1.914039699273981654e-01 5.596026891036842699e-02 -5.156734027895382155e-02 -1.957968985588127708e-01
2.011522025963952132e-01 7.114504228070650527e-02 -7.918314392675895874e-02 -1.931141009503392070e-01
1.755903503158764423e-01 4.951547902061914641e-02 -4.810646287359876538e-02 -1.769993664628977115e-01
1.955471405764086512e-01 5.722674457634457923e-02 -4.181421552664321695e-02 -2.109596696261073490e-01
1.724178624498948764e-01 5.552503403331954246e-02 -4.387403165465375565e-02 -1.840688648285606632e-01
2.113569699765740495e-01 7.707239799039733441e-02 -6.176307273360404082e-02 -2.266662952333664549e-01
1.810177741306757682e-01 5.218148874506489676e-02 -4.979435374179619345e-02 -1.834049091339453597e-01
1.857206504050372686e-01 6.772446349673888477e-02 -5.549788940579691854e-02 -1.979472244959774585e-01
1.854156788979555159e-01 5.845621485106189397e-02 -6.379682245205930968e-02 -1.800750712969581002e-01
2.032257499492162722e-01 6.234807023203359222e-02 -5.809876998864105246e-02 -2.074750501926088120e-01
1.855434295480922202e-01 6.308258779189035437e-02 -6.837356271011252318e-02 -1.802524546298673869e-01
1.940780949957430224e-01 5.543612523673768777e-02 -6.204694332070825880e-02 -1.874672769117724513e-01
1.849960100482288539e-01 5.967510781022067334e-02 -6.679355507815820658e-02 -1.778775627802904324e-01
1.650071279283658043e-01 6.723335099965765949e-02 -5.573819066343599360e-02 -1.765022882645892466e-01
1.922901155593246258e-01 5.947924676332849714e-02 -5.061322713816007735e-02 -2.011561351844939338e-01
1.903295285141997084e-01 7.125030909480134511e-02 -7.702254159665145039e-02 -1.845572960123487150e-01
1.900053813566993099e-01 6.668529919633048308e-02 -6.042506647413770082e-02 -1.962656140788912040e-01
1.888302712314429144e-01 7.372940300726771312e-02 -7.784075358562958513e-02 -1.847189206530828187e-01
1.732933196991490732e-01 6.341284626404330993e-02 -5.319701686667954732e-02 -1.835091490965137240e-01
1.902579569113234115e-01 7.171747331783695500e-02 -7.894094250536731749e-02 -1.830344877237903845e-01
1.685545015337668318e-01 6.845883590773738092e-02 -6.759448448031069034e-02 -1.694188529611944105e-01
1.618683062100627623e-01 6.564930025242432521e-02 -6.731724058670796040e-02 -1.602003658757773508e-01
1.812925482514300413e-01 5.503080766755008568e-02 -6.148663885204808111e-02 -1.748367170669320458e-01
1.654811701699525628e-01 6.356865901343589087e-02 -5.859872297645019046e-02 -1.704511062069355987e-01
1.757713030030876311e-01 6.499489430000426893e-02 -6.065589796213188833e-02 -1.801102993409600117e-01
1.741249322249780462e-01 6.921356801796640923e-02 -6.973121462022291439e-02 -1.736072856227224293e-01
1.665507282586853322e-01 6.846401689345071873e-02 -5.952832288744325240e-02 -1.754864222646919103e-01
1.771972788471352089e-01 5.711117749036276336e-02 -5.613098906354263562e-02 -1.781774672739571130e-01
1.710845525732294092e-01 6.727332636421046175e-02 -5.558246463975446972e-02 -1.827754142976818486e-01
1.826238125147989777e-01 5.829277630742879523e-02 -6.305053402407789775e-02 -1.778660547981516515e-01
2.206177871528405277e-01 8.719751998123914660e-02 -7.897360575549328132e-02 -2.288417013785899456e-01
1.951452244465823327e-01 5.613941875246553082e-02 -7.338480357220689143e-02 -1.778998396268391957e-01
2.127813752608158637e-01 7.063106724024770244e-02 -6.280712261945531338e-02 -2.206053198816047001e-01
2.005352779134357277e-01 7.325697828600929995e-02 -7.297173217575814164e-02 -2.008205240236851097e-01
1.871534597358861518e-01 6.677662010731744147e-02 -6.640300129066378787e-02 -1.875270785525398054e-01
2.135673138108700186e-01 6.541432187007600874e-02 -6.264413277475888719e-02 -2.163375029061880284e-01
1.941876661607135901e-01 5.988218601353345605e-02 -6.180057221372869947e-02 -1.922692799605183467e-01
2.046129336638120577e-01 6.252876227202008863e-02 -7.450197836179306421e-02 -1.926397175740355294e-01
2.064814031892003854e-01 6.083939480684552592e-02 -6.356602094830599015e-02 -2.037547770477399212e-01
2.058508555136491225e-01 7.280441602547327307e-02 -5.808444090400399773e-02 -2.205708306351192860e-01
2.048984235885153993e-01 6.565624184320206780e-02 -6.837676267283221421e-02 -2.021779027588861410e-01
2.128025959618984331e-01 6.254095723859975919e-02 -5.689210048453841040e-02 -2.184514527159588937e-01
1.896960366848459145e-01 6.037866961764670748e-02 -6.493544197804812512e-02 -1.851392643244427205e-01
1.972502290791560142e-01 7.088967625321540567e-02 -6.833317492002866089e-02 -1.998067304123436472e-01
1.971388236786797421e-01 6.110068239552646219e-02 -7.329522866952942195e-02 -1.849442774046767823e-01
2.253498985607862437e-01 7.573839549452276998e-02 -7.772627057155201413e-02 -2.233620234837605523e-01
1.978779909494301492e-01 6.486264787539752774e-02 -7.582782827055112307e-02 -1.869128105542774421e-01
2.146981383270896160e-01 7.020221808809878894e-02 -7.198746605378225638e-02 -2.129128903614061485e-01
2.111727538597349962e-01 7.632593804807807913e-02 -6.493184900156556694e-02 -2.225668429062483966e-01
1.972714064340239659e-01 6.994368669925687954e-02 -7.758891030123749033e-02 -1.896261828320442433e-01
2.103830774788582048e-01 5.990522834370359817e-02 -6.985210881348447032e-02 -2.004361970090746681e-01
1.891739063225044148e-01 4.747915560014170921e-02 -5.716039947549145239e-02 -1.794926624471528953e-01
2.199734796397203596e-01 6.056086895817536231e-02 -7.746209934991288293e-02 -2.030722492479846153e-01
1.931037387511693737e-01 9.299155160771288564e-02 -7.609357701528285389e-02 -2.100017133436011818e-01
1.971637974236157831e-01 7.778773250733816980e-02 -6.728677626839818515e-02 -2.076647536625548796e-01
2.039741593114161589e-01 6.877507849188280176e-02 -7.778252923718298462e-02 -1.949667085661159760e-01
2.174416861371177845e-01 7.730904303379571019e-02 -7.034147195645790163e-02 -2.244092572144555930e-01
2.190579976833086917e-01 7.038685512864173432e-02 -6.891857974439030698e-02 -2.205262730675618954e-01
1.724722724269058816e-01 7.576364345357600172e-02 -7.314680302108200749e-02 -1.750891128593998758e-01
2.056765864831673341e-01 7.868931372146104053e-02 -6.458254859117840141e-02 -2.197833516134517495e-01
2.092479625203917948e-01 7.211408724710466345e-02 -7.646449944765087992e-02 -2.048975503198482429e-01
1.969336471213125606e-01 5.612145151086878059e-02 -5.793442144469018729e-02 -1.951206771874929302e-01
1.869866707076388579e-01 8.552754131570949880e-02 -6.556320003152293907e-02 -2.069510119918245294e-01
2.093338768783308268e-01 6.668942844086078736e-02 -6.933167885922930651e-02 -2.066916264599605313e-01
2.040205502411698291e-01 4.298069952020888707e-02 -6.276275505051298609e-02 -1.842384947108630655e-01
2.049702827929893445e-01 6.911530748211802688e-02 -8.023158471663283109e-02 -1.938540055584727639e-01
2.181110170009974425e-01 8.124380718085699726e-02 -7.515497890884415000e-02 -2.241998452730094016e-01
1.747035602151711942e-01 6.155816171323635899e-02 -5.887826980278898503e-02 -1.773834521256212327e-01
2.145412022894124249e-01 6.053836935081946535e-02 -6.486911376624160397e-02 -2.102104578739893981e-01
2.195344381098767172e-01 7.308573440235388574e-02 -7.996498509178895375e-02 -2.126551874204398729e-01
2.030975731401731821e-01 6.717192548210437764e-02 -7.229274851856093420e-02 -1.979767501037166255e-01
2.128656420467418542e-01 5.063859383476287945e-02 -5.840434042368869427e-02 -2.050998954578160394e-01
2.117386855854483940e-01 5.628246729395058878e-02 -6.547669411008705254e-02 -2.025444587693128184e-01
1.801365660308160699e-01 6.813361731712497260e-02 -6.896324896103944724e-02 -1.793069343868989307e-01
1.953953194899238355e-01 7.885937143640564528e-02 -6.746913968463186251e-02 -2.067855512416958419e-01
2.053189447705436876e-01 8.240774546007312296e-02 -6.630037299518587446e-02 -2.214263172354318243e-01
1.930763083529365431e-01 8.073657024965985585e-02 -6.745685033952852905e-02 -2.063560282630678699e-01
2.148894948760426971e-01 5.846222751158602904e-02 -7.541103720351127748e-02 -1.979406851841147841e-01
1.916285071622789715e-01 6.412061761590770459e-02 -6.691592561632653258e-02 -1.888331991618592554e-01
1.811961768981813492e-01 5.901129465256893525e-02 -6.423092834931676265e-02 -1.759765432014326336e-01
1.994135314274325665e-01 8.309638021358800586e-02 -6.158734310290636671e-02 -2.209225685381177584e-01
2.073978835948073751e-01 6.038946613460716151e-02 -7.712928314433664667e-02 -1.906580665850787781e-01
2.117529794676888955e-01 6.012533170178624431e-02 -6.851190276427487902e-02 -2.033664084051993726e-01
2.116444297864807922e-01 6.510078021001497461e-02 -7.537390750606487444e-02 -2.013713024904300042e-01
1.948489370923551789e-01 6.133368093961966139e-02 -6.498752345236979977e-02 -1.911950945796059287e-01
1.838307275262538454e-01 7.762464533530888389e-02 -7.663523627343682421e-02 -1.848201365881250169e-01
1.928404038926387898e-01 5.079610193273698115e-02 -6.220545632104723666e-02 -1.814310495043294225e-01
1.741782153397979371e-01 6.303220769059691975e-02 -6.393792154555821838e-02 -1.732725014848375267e-01
1.890270185120570545e-01 5.001931403328629955e-02 -6.693492398831413226e-02 -1.721114085570309982e-01
2.142065126737326963e-01 5.932681014113061480e-02 -6.860725474427198378e-02 -2.049260680705913273e-01
2.085517249662940387e-01 5.578088473486797483e-02 -7.309150476678372144e-02 -1.912411049343756275e-01
1.840526030579914263e-01 5.492677707227500150e-02 -5.717274952333095683e-02 -1.818066306069354710e-01
2.027362191541959291e-01 5.547981028184345575e-02 -6.515265466559760910e-02 -1.930633747704391112e-01
2.069829818447308512e-01 4.822244467149072733e-02 -5.692353637480707107e-02 -1.982818901414127311e-01
1.930114498588384464e-01 7.358421154791727758e-02 -7.481638127409695471e-02 -1.917792801326578811e-01
1.992229393986608699e-01 7.772657754853540268e-02 -7.960296707412872763e-02 -1.973465498730684331e-01
1.747706626553782172e-01 6.901351106796305146e-02 -5.829006545511106196e-02 -1.854941082682310949e-01
2.164090013964949932e-01 5.183860036865439724e-02 -6.731221021354816259e-02 -2.009353915516012279e-01
1.886915810152238748e-01 7.396253936352614744e-02 -6.311287679898214265e-02 -1.995412435797678796e-01
2.058493844674806894e-01 5.989283817018087319e-02 -6.298011534350411722e-02 -2.027621072941601099e-01
2.005598384454012617e-01 7.605162072746107782e-02 -6.758572425143682949e-02 -2.090257349214246219e-01
2.010034644400002790e-01 7.180220125867542436e-02 -6.356078639866336033e-02 -2.092448793000123430e-01
1.847742259656657282e-01 6.328114667442807928e-02 -5.695818592590118357e-02 -1.910971867141908476e-01
2.007143673432718600e-01 6.222072500775155390e-02 -8.069667294767590704e-02 -1.822384194033475069e-01
1.774701704397552149e-01 5.693425040115318581e-02 -5.335944947913517922e-02 -1.810449713617732215e-01
2.016588986152196838e-01 9.119012413567428865e-02 -8.084401820325659571e-02 -2.120050045476373768e-01
1.815471053059152240e-01 5.907880551968336391e-02 -6.064103944991483530e-02 -1.799848713756837526e-01
1.875756249489226590e-01 7.180272845119795022e-02 -7.482344320901113122e-02 -1.845549101911103662e-01
1.724533449362812831e-01 7.043630220811625264e-02 -4.717454441027069123e-02 -1.957151027341268446e-01
1.912781522230444509e-01 7.365167350393075907e-02 -5.555552049749046262e-02 -2.093743052294856355e-01
1.878825107097465974e-01 6.429376425226873693e-02 -5.412706475568196396e-02 -1.980492102063324822e-01
1.914239673992463864e-01 7.043782361556605309e-02 -7.309434357712962793e-02 -1.887674474376828115e-01
1.864418669386109784e-01 6.134195314372536956e-02 -6.898117719034768669e-02 -1.788026428919877731e-01
1.942062428079687209e-01 5.934961996910192994e-02 -5.556009043591725316e-02 -1.979957723411551740e-01
1.866835363430636718e-01 5.955767145762091985e-02 -5.691691595071990406e-02 -1.893242918499655758e-01
2.006485011997520829e-01 5.953086292369302868e-02 -6.876425235163807770e-02 -1.914151117718105866e-01
2.032126375650600281e-01 6.962107714003273884e-02 -7.084327470647888703e-02 -2.019904399986147681e-01
1.868401047333767551e-01 6.926992091183770128e-02 -6.100769220950130745e-02 -1.951023334357095962e-01
2.321108112325998007e-01 7.009633254775060607e-02 -7.767796642803936891e-02 -2.245291773523119261e-01
2.155899289847020839e-01 7.537245866120123594e-02 -7.155908319315251731e-02 -2.194033044527481380e-01
1.837015486022623989e-01 7.086138434578259648e-02 -4.410221585230544861e-02 -2.104607170957368822e-01
2.148260533535939487e-01 7.276369409967298196e-02 -7.188984754829963464e-02 -2.156998999049672960e-01
1.963662395739556032e-01 6.510601152076223030e-02 -5.778203317466168443e-02 -2.036902179200561491e-01
1.893562477931949317e-01 7.312306933959611399e-02 -6.881470084066254600e-02 -1.936646162921276115e-01
1.932779914054387760e-01 5.834585166120653810e-02 -5.218263040423742893e-02 -1.994412126624078851e-01
2.076201539540418750e-01 5.465863272893578539e-02 -5.465593117915279464e-02 -2.076228555038248658e-01
2.213174091023244472e-01 6.924202223994058158e-02 -7.167085384037541473e-02 -2.188885775018905022e-01
1.789254806453381974e-01 8.283234728094601707e-02 -6.737993887632498513e-02 -1.943778890499583412e-01
2.011637625007418606e-01 8.412644278015690702e-02 -6.740441144604414347e-02 -2.178857938348572887e-01
1.950865346722538973e-01 6.385014617755313537e-02 -6.380857125157568532e-02 -1.951281095982331237e-01
1.984120083676472746e-01 7.258826629112302697e-02 -6.492654296468725050e-02 -2.060737316940857156e-01
2.113257198080935595e-01 6.962934896713601773e-02 -5.476838091690616750e-02 -2.261866878583251861e-01
1.917068838447830714e-01 7.800148281348739943e-02 -6.959081861492233401e-02 -2.001175480433481368e-01
1.989715108180964975e-01 7.072539772699570904e-02 -7.123666759611246846e-02 -1.984602409489824026e-01
1.864568627028146963e-01 8.149752723330827564e-02 -6.361304331419503910e-02 -2.043413466219252683e-01
2.113756833186206663e-01 8.666706949321500986e-02 -7.069215105419957013e-02 -2.273506017576343297e-01
1.962066390263856874e-01 7.360293538976936389e-02 -6.719151903834141848e-02 -2.026180553778118565e-01
1.851783430306923606e-01 5.475835952716145982e-02 -5.412346730962180885e-02 -1.858132352482337879e-01
1.982712375119257686e-01 6.990687308778475995e-02 -7.200420718757438721e-02 -1.961739034121361414e-01
2.023861824819652711e-01 6.017039942987878476e-02 -5.781111924988557860e-02 -2.047454626619575890e-01
2.105574580662477047e-01 7.199465961959816696e-02 -8.911557295100358544e-02 -1.934365447348431744e-01
1.914010968409165514e-01 7.435769948181558675e-02 -6.931411999454706319e-02 -1.964446763281824104e-01
1.773493026073653667e-01 7.018580230714377421e-02 -6.452324167464063009e-02 -1.830118632398676226e-01
2.059136113906507859e-01 8.711608403686010860e-02 -7.151924458871850021e-02 -2.215104508387923943e-01
2.337874871312459746e-01 6.460234252520713483e-02 -6.481614115731737513e-02 -2.335736884991383988e-01
