3.172509577275062220e-02 8.965580483381252463e-03 -1.006853337286084393e-02 -3.062214288327080869e-02
3.231740769435553773e-02 9.367904550237060590e-03 -1.091722653414561872e-02 -3.076808571044742369e-02
3.286232844476688619e-02 9.129417522524052586e-03 -9.601691289597313883e-03 -3.239005467769395796e-02
3.053089802715436285e-02 9.666296155003362145e-03 -8.499571447972309457e-03 -3.169762273418508247e-02
3.295931496705262198e-02 9.876353669018289594e-03 -1.192052361810991279e-02 -3.091514501796055470e-02
3.268066270467495649e-02 9.485864225601492450e-03 -9.102536260972349247e-03 -3.306399066930398867e-02
3.294876669748059150e-02 1.130521054931787894e-02 -1.241247009825818814e-02 -3.184150714853961617e-02
3.157119349713322087e-02 1.310650310233074656e-02 -1.281126239671181999e-02 -3.186643420275214744e-02
3.174456326996222266e-02 8.153164746748986502e-03 -8.026486457709314237e-03 -3.187124155900245004e-02
3.267351566047715927e-02 1.250165450024542935e-02 -1.097242476129478561e-02 -3.420274539942791403e-02
3.306111224492114253e-02 1.055321932231589876e-02 -8.337635789434361122e-03 -3.527669577780323529e-02
3.359195461589492560e-02 1.199480024302590486e-02 -1.315190870047511229e-02 -3.243484615844538510e-02
3.328851392842158141e-02 1.123909318317650730e-02 -1.165870059562779115e-02 -3.286890651597063062e-02
3.150972161758325285e-02 1.038584235503714481e-02 -1.017110493870365673e-02 -3.172445903391685196e-02
3.502170253289160762e-02 1.010179956074663821e-02 -1.199861625561049472e-02 -3.312488583802830622e-02
3.229770247118479709e-02 1.151503951934262915e-02 -1.189053107052662206e-02 -3.192221092000102622e-02
3.377204226582208868e-02 9.960825649906412949e-03 -1.213948208599091583e-02 -3.159338582973714171e-02
3.097659344206871168e-02 9.434508279987374735e-03 -9.014085636018465131e-03 -3.139701608603795435e-02
3.231516245917664953e-02 9.551011483660554191e-03 -1.016048001546121515e-02 -3.170569392737554448e-02
2.903355641904892259e-02 1.071073808166511654e-02 -8.769405310497413453e-03 -3.097488919021729181e-02
3.315484301146476298e-02 1.110136515974780025e-02 -1.366858664169745552e-02 -3.058762152951532975e-02
3.063575871703538844e-02 9.024388873993816063e-03 -9.604535852579920707e-03 -3.005561173844928380e-02
3.304605917605574206e-02 1.032510191466373684e-02 -1.237333897523040793e-02 -3.099782211548895994e-02
3.190264157963040859e-02 1.103276394396135451e-02 -8.999070381403462271e-03 -3.393633514218852287e-02
3.266628148650374541e-02 1.113734429815771421e-02 -1.017387614221298975e-02 -3.362974964244813680e-02
2.985688100793559840e-02 1.107346344941184668e-02 -9.716699904943948418e-03 -3.121364455240360769e-02
3.068775748156027383e-02 1.104555033626386518e-02 -1.059428984407417840e-02 -3.113901797374996061e-02
3.204321389892794691e-02 1.439532480657712554e-02 -1.143971086223871669e-02 -3.499882784326668883e-02
3.291235222466726285e-02 9.978562946412194989e-03 -1.327766057689350188e-02 -2.961325459418562289e-02
3.053103601824447288e-02 1.205744645933637393e-02 -1.059946037451531264e-02 -3.198902210306564520e-02
3.161084113880363589e-02 1.012978524710050898e-02 -1.117408644476491908e-02 -3.056653994113900374e-02
3.110947646098338737e-02 1.144791563110958421e-02 -8.440865940730568617e-03 -3.411652615136273603e-02
3.188418669363368707e-02 9.108485318733983149e-03 -1.028788732818508578e-02 -3.070478468418280649e-02
3.159972024773560761e-02 1.367353666335868745e-02 -1.390777532693121543e-02 -3.136548158416307963e-02
3.130122411384239633e-02 1.212963617704088115e-02 -1.075236363110143589e-02 -3.267849665978150853e-02
3.253190198030053715e-02 1.043128928562375712e-02 -1.134498743390599529e-02 -3.161820383201829898e-02
3.154789755744280555e-02 1.445215367262653317e-02 -1.425743870935936020e-02 -3.174261252071008954e-02
3.084318009680386830e-02 1.213805017860392077e-02 -1.062146923527029774e-02 -3.235976104013726928e-02
3.132313035791267630e-02 1.011914283867976216e-02 -1.113959258178198741e-02 -3.030268061481022901e-02
3.105078827628893201e-02 8.489672372934631284e-03 -8.507487527357859847e-03 -3.103297312186514834e-02
2.798102438390448476e-02 1.081316032990153886e-02 -7.777969815643270834e-03 -3.101621489816319688e-02
3.094714634054018809e-02 1.083113300914861910e-02 -1.113121614445233831e-02 -3.064706320523635785e-02
3.004769714297284011e-02 9.560789273030945168e-03 -9.667781010392229035e-03 -2.994070540561111216e-02
3.281471328526563980e-02 9.727814990684535701e-03 -1.162705523333640301e-02 -3.091547304261377249e-02
2.884827956393309911e-02 1.160848268773118086e-02 -1.190185526348619405e-02 -2.855490698817775286e-02
3.220037509061945968e-02 1.216031438362907835e-02 -1.202180030740285233e-02 -3.233888916684590775e-02
3.114733233870925488e-02 1.176317722839792523e-02 -9.161600892086618764e-03 -3.374890867502089442e-02
3.013147029484053441e-02 1.173725041379647394e-02 -1.176792362437373285e-02 -3.010079708426327549e-02
3.359781215475665661e-02 9.584281186760579274e-03 -1.012678206390271729e-02 -3.305531127761451859e-02
3.191758903369579237e-02 1.088907564606644840e-02 -1.172408305647876237e-02 -3.108258162328336738e-02
3.045469136585698955e-02 1.100418431418215270e-02 -1.039352139606453118e-02 -3.106535428397494414e-02
3.220395786134777616e-02 7.854415709171780335e-03 -9.100804620612690243e-03 -3.095756894990719932e-02
3.366143255074227625e-02 1.095861619902160911e-02 -1.158298922150757804e-02 -3.303705952825597425e-02
3.270112522206725103e-02 9.906061513746511338e-03 -8.762213433301080379e-03 -3.384497330251312608e-02
2.899093475169856049e-02 1.060984268325682045e-02 -7.823810460834135228e-03 -3.177696697412180082e-02
3.220235449620356682e-02 8.481319627681171980e-03 -1.078304046753908452e-02 -2.990063365634576531e-02
3.251671859002724929e-02 1.298322479050928457e-02 -1.239566689555315904e-02 -3.310427648498293074e-02
2.947446970933986776e-02 9.423967048719950057e-03 -8.785075102883066478e-03 -3.011336165517697339e-02
3.048123082494602620e-02 1.266645389235443453e-02 -1.024056776092074905e-02 -3.290711695637915657e-02
3.316210657669094175e-02 9.756388047297948063e-03 -1.084942609495898047e-02 -3.206906852903013139e-02
3.020216447987111863e-02 1.117355056530522361e-02 -9.555613415443642289e-03 -3.182010162973269995e-02
3.132135453529993896e-02 1.029069687485151263e-02 -7.782239067815055478e-03 -3.382981234233628509e-02
3.124116854699998669e-02 1.148308369834238896e-02 -1.047483369905899409e-02 -3.224941854628338156e-02
3.005919198402584591e-02 1.220076657105773066e-02 -8.263896842377937979e-03 -3.399606171270574961e-02
3.327524394646652617e-02 9.751388863662890927e-03 -9.895331746171742715e-03 -3.313130106395789642e-02
3.251146167693508282e-02 8.959314573560916983e-03 -9.736960284628004558e-03 -3.173381596586777320e-02
3.198491012990256621e-02 8.863377463773858267e-03 -9.132927697463988359e-03 -3.171535989621243612e-02
3.426013718703724287e-02 1.218142703459079712e-02 -1.248777257373034910e-02 -3.395379164789791293e-02
3.128558144308835054e-02 8.948164817894399548e-03 -8.861686703160676082e-03 -3.137205955782229605e-02
2.980258113501932371e-02 9.641134949989638159e-03 -7.247734087636237277e-03 -3.219598199737261357e-02
3.065895662557727164e-02 1.058442115975233300e-02 -1.128264990597172002e-02 -2.996072787935777360e-02
3.231973312158142875e-02 1.134249214306959352e-02 -1.062844659041450868e-02 -3.303377867423706871e-02
3.277271574444751145e-02 1.009783786367157710e-02 -1.177662554736358391e-02 -3.109392806075528259e-02
3.293639339256015930e-02 1.150741177828251693e-02 -1.178432393751760454e-02 -3.265948123332496067e-02
3.418414636808964069e-02 8.665212561887347675e-03 -9.209920022691053809e-03 -3.363943890728582353e-02
3.282551665963562293e-02 8.716106842649562481e-03 -9.603795818883043012e-03 -3.193782768340158729e-02
3.446077822820181602e-02 1.032448525385398774e-02 -1.059219634385766273e-02 -3.419306713819791899e-02
3.276957249896295110e-02 1.141419070400706559e-02 -1.025134027584251317e-02 -3.393242292712739250e-02
2.986269350858128391e-02 1.056901841793123076e-02 -1.082565791478373729e-02 -2.960605401172922146e-02
3.133619741723436825e-02 1.008901496677316878e-02 -1.076533881494834421e-02 -3.065987356905885974e-02
3.215567067480162855e-02 9.537299040868418842e-03 -1.136718003183978531e-02 -3.032578968383048412e-02
3.552856688948380359e-02 8.183805414809119938e-03 -1.096632592591106903e-02 -3.274604637838163246e-02
3.578918384513474216e-02 1.036589969753776153e-02 -7.583094586339322873e-03 -3.857198895633295876e-02
3.117581392732637902e-02 1.216899096320989138e-02 -1.163024085660713247e-02 -3.171456403392891588e-02
3.205193930844951744e-02 1.090194344200368093e-02 -1.430292998036930552e-02 -2.865095277008400387e-02
3.454135836377236757e-02 1.041583642310683899e-02 -1.406596686473693403e-02 -3.089122792214282764e-02
2.840640626430324112e-02 1.143241502318170788e-02 -7.808346315028691365e-03 -3.203047497245636865e-02
3.159440574322203155e-02 1.048486087747613205e-02 -1.056909598773803083e-02 -3.151017063296079890e-02
3.267823589748242163e-02 7.356188415250208834e-03 -9.454495670368268101e-03 -3.057992864236402930e-02
3.096302720825905297e-02 1.166793341233152148e-02 -9.513302833549230897e-03 -3.311765778704167662e-02
3.176186718598139613e-02 1.180237646844184418e-02 -1.037593635090439115e-02 -3.318830730351873814e-02
3.181331670769194098e-02 1.121560442597635543e-02 -1.200730958936913062e-02 -3.102161154429960987e-02
3.229866300941464097e-02 8.205300598655096422e-03 -9.507630203024697302e-03 -3.099633340504492907e-02
3.152930439331180779e-02 8.802016419613645226e-03 -1.028567165183447152e-02 -3.004564916109120354e-02
3.041898767462924980e-02 1.002703414886529920e-02 -9.019544080094199501e-03 -3.142647774340068256e-02
3.131300704322415029e-02 1.015867689139593466e-02 -9.492490954432275529e-03 -3.197919298018780943e-02
3.106219531723874994e-02 1.077066598643550144e-02 -1.121239219574787782e-02 -3.062046910792648458e-02
3.445379674323323371e-02 1.024087655452277090e-02 -8.488165840059180844e-03 -3.620650745769660173e-02
3.078062925737734545e-02 1.009946872161271436e-02 -9.429792622446808714e-03 -3.145030535654325110e-02
3.188494967352561993e-02 1.051911354126100484e-02 -9.284844406413417239e-03 -3.311921880837298549e-02
3.050834803148561036e-02 8.543327516472354333e-03 -7.557223866777706967e-03 -3.149445168118036875e-02
3.259150367408425453e-02 9.639579579691970324e-03 -1.242173910253840940e-02 -2.980934415123837056e-02
3.109860261989272345e-02 1.014635068387748085e-02 -1.139618870184899713e-02 -2.984876460192165126e-02
2.985952870736197085e-02 1.140611967634286295e-02 -9.180597081351882238e-03 -3.208505130235284053e-02
3.165916955391723242e-02 9.818310985055145323e-03 -9.324014074567843480e-03 -3.215346646440431222e-02
3.214421800744382551e-02 1.341817434274372722e-02 -1.267636143466432941e-02 -3.288603091552333435e-02
3.122789123577707215e-02 1.125865726646035903e-02 -1.297950433546335436e-02 -2.950704416677374375e-02
3.165446430560070468e-02 9.608578679361379216e-03 -9.014227197476132325e-03 -3.224881578748617361e-02
2.971239114494106381e-02 9.436644764734047897e-03 -1.099755881145503267e-02 -2.815147709822007904e-02
3.370724125027035889e-02 1.176290295323911828e-02 -1.401118099920228843e-02 -3.145896320430685567e-02
3.513830991496758038e-02 1.065596423555725814e-02 -1.205441517279381980e-02 -3.373985897773068565e-02
3.316607349102285163e-02 1.033602815750445103e-02 -1.023820795870689082e-02 -3.326389368982052286e-02
3.014110086158372503e-02 9.931899503767827042e-03 -9.410202942770728995e-03 -3.066279742258082308e-02
3.073925311212000189e-02 9.326034860237975010e-03 -1.009862126459160070e-02 -2.996666670776648722e-02
3.305244187360556474e-02 1.166393699574119758e-02 -1.166925809198959829e-02 -3.304712077735749709e-02
3.156548602621822575e-02 1.127602503877156437e-02 -1.083765156723470735e-02 -3.200385949775452765e-02
3.076209274113073100e-02 8.788116208623630854e-03 -9.654738837257204054e-03 -2.989547011249737984e-02
3.025782393385378910e-02 9.722253069305075712e-03 -9.212519849434719355e-03 -3.076755715372403444e-02
3.205617838133800745e-02 9.208192511484414311e-03 -8.996583365065813354e-03 -3.226778752775638637e-02
3.121384517835146255e-02 1.251277333272593495e-02 -1.216362417612570912e-02 -3.156299433495202145e-02
3.024283019540696671e-02 1.076552610058278958e-02 -1.094912410623605226e-02 -3.005923218975337097e-02
3.294908790867645543e-02 9.515960196584627440e-03 -1.188830663329898396e-02 -3.057674147196232095e-02
3.064181499604723413e-02 1.001390300005833289e-02 -8.800990357307081347e-03 -3.185472763879937386e-02
3.364048178175438331e-02 9.159855624685242503e-03 -1.028340654496606721e-02 -3.251693086147378065e-02
3.190222256882013774e-02 1.228177118398865453e-02 -1.094561559906837012e-02 -3.323837815374086624e-02
3.412597636373093657e-02 1.187110380488087813e-02 -1.149589433627706825e-02 -3.450118583233474645e-02
3.334889968844523267e-02 1.000069701054440152e-02 -1.125981983863899583e-02 -3.208977686035074939e-02
3.194415933605210256e-02 1.264534805329309286e-02 -1.234945422087241340e-02 -3.224005316847300406e-02
3.382543272803006928e-02 9.221045691890195073e-03 -8.899955540767168216e-03 -3.414652287915320716e-02
3.189632400389541544e-02 1.079997469612448135e-02 -1.150847956335210309e-02 -3.118781913666812677e-02
3.206811506743689755e-02 1.302730312789912581e-02 -1.316147518180310616e-02 -3.193394301353302822e-02
2.884231248930535507e-02 1.059970025429879392e-02 -9.189729283369252322e-03 -3.025228346023489667e-02
3.190384482939356836e-02 1.019095389604363078e-02 -9.901158855245117962e-03 -3.219363987019208118e-02
3.237696954399416072e-02 1.052007523429066005e-02 -1.113531387953847762e-02 -3.176173089874623212e-02
3.467293453406949943e-02 9.724844944896338106e-03 -1.180590521133029203e-02 -3.259187426763576756e-02
3.327802499439513895e-02 1.001028766474765241e-02 -9.585346564748964404e-03 -3.370296609439338287e-02
3.213439271716578283e-02 9.735206286550113219e-03 -1.182268346241099888e-02 -3.004691554130445308e-02
3.421326082538422853e-02 8.436976837852050437e-03 -1.053957669036242883e-02 -3.211066097287373911e-02
3.081439746371228416e-02 1.215024806862285978e-02 -1.079280245014435646e-02 -3.217184308219089850e-02
3.365009947490738007e-02 1.132287705892154328e-02 -1.044808115971085360e-02 -3.452489537411829179e-02
2.431813374171709619e-02 6.774606987550724213e-03 -6.245818017816762158e-03 -2.484692271145083620e-02
3.358236072813491901e-02 1.208236776074089747e-02 -1.062289325281251529e-02 -3.504183523606352324e-02
3.402123241045407198e-02 7.766787095633054250e-03 -1.231701366346371618e-02 -2.947100584262318801e-02
3.293051029441951272e-02 9.612063504236934008e-03 -9.713585969766236339e-03 -3.282898782889032141e-02
3.192324072287355818e-02 1.315716156512913848e-02 -1.030202056054796422e-02 -3.477838172745473244e-02
3.379317722972374760e-02 9.065110666820253016e-03 -1.017309144478661942e-02 -3.268519645175760324e-02
3.064545507874605335e-02 9.565245220246154645e-03 -1.055718882982692453e-02 -2.965351146916528347e-02
3.357774396961477059e-02 1.101136635559130106e-02 -9.933941649243549499e-03 -3.465516867596263317e-02
3.489900548371549505e-02 1.154444083591199544e-02 -1.227355230264248753e-02 -3.416989401698511397e-02
3.335274163219792420e-02 1.083034903483426348e-02 -9.323599474941324239e-03 -3.485949119209086344e-02
3.149129847473242094e-02 1.015116562146523016e-02 -8.989288488301161451e-03 -3.265317560789615658e-02
2.786542013111192873e-02 9.942728991108040759e-03 -1.072954965727579424e-02 -2.707859946494461933e-02
3.119645552795580201e-02 1.225073066571980007e-02 -1.214886891246436118e-02 -3.129831728121146295e-02
2.845601173362788394e-02 1.032126349327855408e-02 -7.930736237286128976e-03 -3.084653898962019802e-02
3.316030442405693002e-02 1.335614324600986613e-02 -9.954078074374650420e-03 -3.656236959569225675e-02
3.523475354162330930e-02 9.286208517381933092e-03 -1.149755460011392394e-02 -3.302340745889142948e-02
3.174071273488743294e-02 1.029210620652154518e-02 -9.402952440975886894e-03 -3.262986650043264714e-02
3.331303083378900354e-02 1.128995841180091553e-02 -1.278960668063988670e-02 -3.181338256495036543e-02
2.560040022462106712e-02 7.617590963010512084e-03 -7.054360564635153708e-03 -2.616363062299620346e-02
3.280062830304752985e-02 8.505127056442018940e-03 -7.659914251295529830e-03 -3.364584110819424101e-02
3.274088651883766410e-02 1.281547845230290861e-02 -1.344749798398869878e-02 -3.210886698715154086e-02
3.139590906706635209e-02 1.196919286486308742e-02 -9.728305237872936218e-03 -3.363679669405672534e-02
3.229565986043536618e-02 1.192950232925804599e-02 -1.324739528854745885e-02 -3.097776690114617537e-02
3.277492363206491177e-02 9.621573085038859219e-03 -9.133590278849634814e-03 -3.326290643825380311e-02
3.400367923932612335e-02 1.295513307926832169e-02 -1.496293331169418206e-02 -3.199587900690048503e-02
3.207567892163232237e-02 1.085816801659800213e-02 -1.052569855420470990e-02 -3.240814838402539255e-02
3.178371264235746452e-02 9.742266539107369283e-03 -1.009354352742075633e-02 -3.143243565404441053e-02
3.264128168537250296e-02 1.061851650377687584e-02 -1.209177595817789719e-02 -3.116802223097103752e-02
3.272950432407495391e-02 7.845583155697166688e-03 -9.974214642093914840e-03 -3.060087283767809474e-02
3.100225685331614578e-02 1.318801914249490004e-02 -1.156779219156933713e-02 -3.262248380424181970e-02
3.147477819262500809e-02 1.283038041983819433e-02 -1.107550247301258839e-02 -3.322965613945039198e-02
3.023890570644538478e-02 1.224423757159209813e-02 -1.046052837111377531e-02 -3.202261490692392965e-02
3.163520277079467924e-02 1.132007067488993712e-02 -1.305103085331282831e-02 -2.990424259237189908e-02
3.013350600311071048e-02 1.292553060156764744e-02 -1.118413239947491089e-02 -3.187490420520355805e-02
2.897288171535983281e-02 1.061887667833016913e-02 -9.706739641615835801e-03 -2.988501875207427716e-02
3.485485969449264587e-02 1.124520450296784269e-02 -1.054118928599823146e-02 -3.555887491146270118e-02
3.374609905508907381e-02 1.004601602824584106e-02 -1.164810114505965277e-02 -3.214401393827515108e-02
3.203566992930206858e-02 9.129218757815582563e-03 -8.614403155044469962e-03 -3.255048553207318118e-02
2.994483307667472616e-02 1.188252350800755863e-02 -9.093036172727386734e-03 -3.273432041195500908e-02
3.212073053749087137e-02 1.276609323854760447e-02 -1.083266039011188120e-02 -3.405416338592637260e-02
3.107272460546406379e-02 1.147394662041700819e-02 -1.103935788016996433e-02 -3.150731334571121867e-02
3.176310669848936286e-02 1.175054073080428196e-02 -1.258633484618731924e-02 -3.092731258310610354e-02
3.394143471729726969e-02 9.329784905869775713e-03 -1.360992195864008103e-02 -2.966129766452718641e-02
3.180560404180998724e-02 1.161302602961411523e-02 -9.145641399634474311e-03 -3.427298867179018327e-02
3.077613089612984965e-02 9.161864465114133438e-03 -9.065541058107529082e-03 -3.087245430313689809e-02
3.272113608332838375e-02 1.155771024417573400e-02 -1.020350587499729844e-02 -3.407534045250704136e-02
3.017088768557507628e-02 1.025119533648566339e-02 -9.832496616242525356e-03 -3.058958640581799227e-02
3.187006116524426780e-02 1.067219118956908019e-02 -1.006961238707670958e-02 -3.247263996773708250e-02
3.104839079326859874e-02 9.104120367968038252e-03 -7.421431241630083164e-03 -3.273107991960644281e-02
3.436066370351542609e-02 1.218117393777951030e-02 -1.158424791458267933e-02 -3.495758972671214604e-02
3.333400734427849343e-02 1.138688264098353109e-02 -1.225956748304868338e-02 -3.246132250221356319e-02
3.321819917817880885e-02 1.149861362631043882e-02 -1.338616390885638552e-02 -3.133064889563264011e-02
3.356828870228567574e-02 1.284216661187964625e-02 -1.284768234858779667e-02 -3.356277296557763634e-02
3.085548023974538090e-02 1.313583885910452054e-02 -1.156709250904464081e-02 -3.242422658980526062e-02
3.167063447581885960e-02 1.030242283055904373e-02 -8.427448552076777233e-03 -3.354560875430145916e-02
3.361740985774464008e-02 1.184726761931198524e-02 -1.384371977025677936e-02 -3.162095770679995699e-02
3.584559661126207608e-02 1.334716895846632667e-02 -1.273035035390002179e-02 -3.646241521582893608e-02
3.434352097549808747e-02 1.119062888227051467e-02 -1.201933653731523943e-02 -3.351481332045369577e-02
3.437686902917547194e-02 7.682337099544911396e-03 -9.215694723825218482e-03 -3.284351140489505383e-02
2.880464586903830337e-02 7.974295208562853787e-03 -8.440295366357819518e-03 -2.833864571124311560e-02
2.962825727314855051e-02 1.170415850968642424e-02 -1.021386157717130150e-02 -3.111855420566345121e-02
3.146369414716621016e-02 1.092528686556915041e-02 -1.028508280795814578e-02 -3.210389820477754785e-02
3.418510410121311516e-02 8.425584760812343532e-03 -8.926501309530543438e-03 -3.368418755249447116e-02
2.996270644882237377e-02 1.153042194419295896e-02 -1.111721577316926446e-02 -3.037591261984617930e-02
3.037768880862556919e-02 1.156310718729036680e-02 -1.180144894699153291e-02 -3.013934704892462513e-02
3.317115534019809964e-02 9.984059820101531812e-03 -9.295854989995078199e-03 -3.385936017030422018e-02
3.377556230048983643e-02 9.551829240765696838e-03 -9.442547643826126880e-03 -3.388484389742940639e-02
3.108573932533520434e-02 1.216501636886424542e-02 -1.192847856003231843e-02 -3.132227713416713133e-02
3.174801821774186905e-02 1.061611296998399290e-02 -1.159328296531314528e-02 -3.077084822241238360e-02
3.415324700059074736e-02 9.504163254477004941e-03 -8.854624199464256051e-03 -3.480278605560327421e-02
3.172029402626397321e-02 1.103752252403666922e-02 -1.054220697564489662e-02 -3.221560957465563479e-02
3.133976914185510054e-02 1.152482804988630427e-02 -1.144007006771252666e-02 -3.142452712402887816e-02
3.302313412156898664e-02 8.941419305465325706e-03 -8.585389819775191000e-03 -3.337916360725912135e-02
3.306886076447823619e-02 9.185648864402651270e-03 -1.187881943882418412e-02 -3.037569019005659232e-02
3.084907265810699073e-02 9.064560700488222267e-03 -1.036104469329346411e-02 -2.955258866530152684e-02
3.312727633677825523e-02 1.201475243383520741e-02 -1.135549988557948975e-02 -3.378652888503375085e-02
3.287446614808797740e-02 1.254920146565119410e-02 -1.135501569620844808e-02 -3.406865191753050137e-02
3.339264313731371558e-02 7.852743476131074374e-03 -1.027313730811851844e-02 -3.097224930532671561e-02
3.312417813525536658e-02 1.318616712753573061e-02 -1.288502248880973866e-02 -3.342532277398146956e-02
3.456223461726914969e-02 7.864526056740261950e-03 -9.770186581287698679e-03 -3.265657409272171297e-02
3.363759356171458492e-02 1.232420247513421607e-02 -1.077646871459070343e-02 -3.518532732225809756e-02
3.197272959652353030e-02 1.098493026520031002e-02 -1.192100559711861685e-02 -3.103665426460500143e-02
3.222689556145841294e-02 1.030042910010631196e-02 -1.135354077616845814e-02 -3.117378388539671086e-02
3.278338160624638675e-02 9.451562760105280958e-03 -1.032309614107762563e-02 -3.191184822527404208e-02
3.155186754324756926e-02 1.317598348096082894e-02 -1.003564312476457054e-02 -3.469220789944371663e-02
3.240155356420593158e-02 1.108224285476233639e-02 -9.381556000936597250e-03 -3.410224041803233685e-02
3.148305796678574353e-02 1.050158445030380250e-02 -9.695815002457641718e-03 -3.228882741463123818e-02
3.233810679337056904e-02 1.272251168551563616e-02 -1.242413183499690987e-02 -3.263648664388929532e-02
3.257140093715071849e-02 1.236747034667118328e-02 -9.270754572366812774e-03 -3.566811671145531104e-02
3.142010062621869437e-02 1.035876201496077620e-02 -1.004162509320993824e-02 -3.173723754796942131e-02
3.127153533199500401e-02 8.807806402892692788e-03 -8.666996627151757338e-03 -3.141234510773593946e-02
3.084146818569988291e-02 1.312746840862022424e-02 -1.329116479722580735e-02 -3.067777179709418878e-02
2.966321580255182333e-02 1.170218822741397879e-02 -9.140282649284570127e-03 -3.222512138068123200e-02
3.098091292103855032e-02 1.115935989643501713e-02 -1.037434220439925614e-02 -3.176593061307397825e-02
2.956331512790399962e-02 1.112053588747108357e-02 -9.870922658600345123e-03 -3.081292835677496011e-02
3.282795315867015340e-02 1.454245816230148591e-02 -1.470280982324934094e-02 -3.266760149772185429e-02
2.959115175850612900e-02 1.202691658529153607e-02 -1.114252071596244509e-02 -3.047554762783510895e-02
3.259772899446566896e-02 1.190943293641422152e-02 -1.170425541802710967e-02 -3.280290651285233672e-02
3.370152240057411319e-02 1.021950901270107792e-02 -1.140295569454830016e-02 -3.251807571872655789e-02
3.199248346180483260e-02 1.034257794460047286e-02 -1.151523526718645218e-02 -3.081982613921863123e-02
3.439127231244687444e-02 7.025126762768341138e-03 -1.082659937821806029e-02 -3.058979969699660018e-02
3.190296857185326296e-02 1.048704750544904307e-02 -9.584780502528533752e-03 -3.280523557477388330e-02
3.266492931761311169e-02 1.256964196725585126e-02 -1.085472032274958920e-02 -3.437985096211937375e-02
3.220278395769859969e-02 1.169801429685479732e-02 -8.654890560773620400e-03 -3.524590769377944355e-02
3.104896710406990223e-02 1.225665040397183603e-02 -1.173465078304880560e-02 -3.157096672499304368e-02
3.248843653511412910e-02 1.063038476679212252e-02 -1.182861607139529259e-02 -3.129020523051107006e-02
3.188927631958149433e-02 1.050463258159761715e-02 -1.269541862729561821e-02 -2.969849027388338225e-02
3.189616499028402608e-02 1.217746837540123472e-02 -1.063434272538521519e-02 -3.343929064030004561e-02
3.045306361198374390e-02 1.028487186873094927e-02 -9.678323197112925769e-03 -3.105961228360132331e-02
3.085916512265529654e-02 1.054046084212179046e-02 -1.071412988466968752e-02 -3.068549608010773255e-02
3.026225401036874985e-02 9.905625872116852193e-03 -9.470943377606788616e-03 -3.069693650487947956e-02
3.210282026491606544e-02 1.078210273208002334e-02 -1.145998465792930077e-02 -3.142493833906645495e-02
3.258564516040651782e-02 9.915942960900814285e-03 -1.072041809737334095e-02 -3.178117002393365809e-02
3.136248305058941810e-02 1.279086944696850026e-02 -1.222857335756644126e-02 -3.192477913999192118e-02
3.012508516352219168e-02 1.306641795194907196e-02 -1.140339879967533498e-02 -3.178810431579548457e-02
3.105316350884290699e-02 1.321585726386231840e-02 -1.207679550048479378e-02 -3.219222527222065366e-02
3.560910392915239697e-02 1.130548507783912804e-02 -1.216450935994894955e-02 -3.475007964704257546e-02
3.018321780820998335e-02 1.069090390419535908e-02 -1.096492439793661511e-02 -2.990919731446928242e-02
3.098446213791228310e-02 9.691768467446904012e-03 -1.180285561750482604e-02 -2.887337498785469414e-02
3.558816000429598780e-02 9.902383030502281969e-03 -1.088291209553704508e-02 -3.460763093926155776e-02
2.878145958976308094e-02 1.107159507575827817e-02 -1.110104011780876920e-02 -2.875201454771270093e-02
3.044611227726590208e-02 1.188228087522391618e-02 -9.950003219910463770e-03 -3.237838993257957654e-02
3.012731004281277158e-02 1.159298213330428595e-02 -7.650627649630203919e-03 -3.406966452648685362e-02
2.874556090051116897e-02 1.129433544423363855e-02 -1.000187548522413206e-02 -3.003802085952100853e-02
3.100647023571956318e-02 1.059756660715427401e-02 -9.609157726620409790e-03 -3.199487911625320535e-02
3.133905182438723180e-02 1.087718816185478943e-02 -9.954399956029202912e-03 -3.226184003021281832e-02
3.420260184346424204e-02 1.026953494985760607e-02 -1.163558795693253600e-02 -3.283654883638897903e-02
3.247384900388405882e-02 1.193298495985528618e-02 -1.326272428713548557e-02 -3.114410967660352636e-02
3.295792061150870644e-02 1.229770385609252337e-02 -1.025637199516526987e-02 -3.499925247243584892e-02
3.009046096580858531e-02 9.277602416565944310e-03 -7.912030770922395817e-03 -3.145603261145180074e-02
3.143903129910219363e-02 9.991266475842142114e-03 -9.425283865633349301e-03 -3.200501390931109746e-02
2.869211355897860471e-02 1.281179072308602507e-02 -9.674663017242401963e-03 -3.182924126482244986e-02
3.024008731431049313e-02 1.088362135313514223e-02 -1.058655447527667715e-02 -3.053715419216873617e-02
3.132323824863192385e-02 9.608129958989408692e-03 -1.010439505254412396e-02 -3.082697315507709757e-02
3.322211051998169573e-02 1.103787237418485390e-02 -1.002981967887273118e-02 -3.423016321529337436e-02
3.013215307912320284e-02 1.264090496781178352e-02 -1.161601146319279909e-02 -3.115704658374229830e-02
3.173835926097212656e-02 1.161730129257687594e-02 -1.118323319553016226e-02 -3.217242735801939535e-02
3.346196867981698908e-02 9.672237548050244271e-03 -1.060705425435715110e-02 -3.252715197351085941e-02
3.391420222804097939e-02 1.251656879243179255e-02 -1.271031087238150281e-02 -3.372046014809104708e-02
3.587021551945301923e-02 1.137743397066226514e-02 -1.127110903980510503e-02 -3.597654045031051240e-02
3.076570449763949000e-02 1.098927775113556216e-02 -1.028382612094824733e-02 -3.147115612782691585e-02
3.334651485409523275e-02 8.697009953431811269e-03 -1.003283209108429830e-02 -3.201069271644285674e-02
2.755925000127379398e-02 9.832539190952171992e-03 -8.251383976877302295e-03 -2.914040521534866368e-02
3.253456215791672435e-02 1.035001273099966923e-02 -1.289450292111005147e-02 -2.999007196780578699e-02
3.332137144736280199e-02 1.254838763098087284e-02 -9.244692858771719202e-03 -3.662506621957228869e-02
3.278971656277906987e-02 1.231982724475444435e-02 -1.161506180080862372e-02 -3.349448200672533460e-02
3.511796444753501056e-02 1.096708738683926931e-02 -1.089066479388289821e-02 -3.519438704049082656e-02
2.999175230082773425e-02 1.255183970902340462e-02 -1.256978020931465156e-02 -2.997381180053693139e-02
3.238789318184553956e-02 1.116184268503239707e-02 -1.321431541953344002e-02 -3.033542044734416354e-02
3.181677583084918659e-02 1.200651122126239478e-02 -1.207456105663928803e-02 -3.174872599547173824e-02
3.267593832868254111e-02 1.203147308034435703e-02 -1.272481189175511673e-02 -3.198259951727200345e-02
3.246538515562602534e-02 9.095977279823364015e-03 -9.948645069274952846e-03 -3.161271736617421446e-02
3.156320071454343790e-02 9.085053794525954629e-03 -7.575185967609310289e-03 -3.307306854146019326e-02
3.359987881780646113e-02 1.228784369724311709e-02 -1.296795044061416213e-02 -3.291977207443497200e-02
3.109355859689610924e-02 9.914874012476371234e-03 -9.119238158970754959e-03 -3.188919445040139244e-02
3.275795550011340040e-02 1.052768581071483744e-02 -8.688975896525619191e-03 -3.459666541430306275e-02
2.803674475594686299e-02 1.378944517433056127e-02 -1.191245936799800731e-02 -2.991373056227952798e-02
2.914745850678679417e-02 9.943721747789346921e-03 -8.369804307847839020e-03 -3.072137594672819105e-02
3.200345827174677638e-02 1.121164038058442003e-02 -1.144493827269377206e-02 -3.177016037963686923e-02
3.256589204530957460e-02 9.953392272382455275e-03 -1.059977240235521201e-02 -3.191951191533726195e-02
3.024233535840425979e-02 1.231976480774066296e-02 -9.863652422368418549e-03 -3.269844774377628216e-02
3.289391101479277602e-02 1.014100924117289360e-02 -1.092023693830246334e-02 -3.211468331766365036e-02
3.389689570368425997e-02 1.082259335227453434e-02 -1.223842048092671497e-02 -3.248106857503241240e-02
3.181764330238512350e-02 9.107022732445901880e-03 -9.421524928544644517e-03 -3.150314110628615882e-02
3.233668529521160906e-02 9.457755597200856457e-03 -1.118233319706141149e-02 -3.061210769535116505e-02
3.225863079884261353e-02 1.137182692250249261e-02 -1.076835361059724772e-02 -3.286210411074796944e-02
3.067491038577463414e-02 1.120451383584075700e-02 -9.196442586277608910e-03 -3.268298163533767120e-02
3.298885159229003605e-02 1.290194543531231197e-02 -1.137159355036676534e-02 -3.451920347723558269e-02
2.978810855197111529e-02 1.045700202333810225e-02 -8.643318214728634707e-03 -3.160179236058113794e-02
3.241067850318035681e-02 9.867268433402465178e-03 -1.046453747623043995e-02 -3.181340946035260409e-02
3.209907536159128938e-02 9.719585256389162709e-03 -8.260643359804475949e-03 -3.355801725817586512e-02
3.205996697532809137e-02 8.654456885768713192e-03 -8.931239647586353136e-03 -3.178318421351078449e-02
3.315094217839775759e-02 1.166394968189221615e-02 -1.097439509236575184e-02 -3.384049676792466599e-02
3.075493392337369514e-02 1.120620712409348130e-02 -9.260537563900772540e-03 -3.270060348356607083e-02
3.170421100255516045e-02 1.033557216048763827e-02 -8.140752203808609977e-03 -3.389903095923396670e-02
3.133956666549875258e-02 9.770958437124166451e-03 -7.450613704733322074e-03 -3.365991139789004105e-02
3.220529665263627273e-02 1.060670523229068074e-02 -1.101017688975602926e-02 -3.180182499517048011e-02
3.233795347110857143e-02 1.158406456187721645e-02 -8.873151869135731395e-03 -3.504886616384994547e-02
3.139753788818078206e-02 1.244660609370562554e-02 -1.090804353651897429e-02 -3.293610044536710024e-02
3.409908251524251810e-02 1.033843354717434160e-02 -1.024223029463389167e-02 -3.419528576778274598e-02
3.335477672693065720e-02 8.623278854686722283e-03 -8.805165054901142874e-03 -3.317289052671623661e-02
3.154828937184128712e-02 8.277949433896036879e-03 -1.036872018216561386e-02 -2.945751862357215423e-02
3.322024375545917785e-02 9.941222623253365143e-03 -1.173642659090667895e-02 -3.142503978780564200e-02
3.003850286064801978e-02 1.054012941431947681e-02 -9.415038307119094618e-03 -3.116359396784884606e-02
3.264148875231476232e-02 1.075067442575949883e-02 -1.148700192483609328e-02 -3.190516125323816787e-02
2.995204658422001565e-02 1.123586056189473936e-02 -9.570402896347363075e-03 -3.161750424976739193e-02
2.737501216116444702e-02 1.149479613285375734e-02 -7.976857483839916441e-03 -3.089295081017817690e-02
3.062543304153653168e-02 9.628158646224571626e-03 -9.671934686596328490e-03 -3.058165700116488583e-02
3.129599803866511820e-02 1.207737029473165968e-02 -1.331653325578852076e-02 -3.005683507760814610e-02
3.076529328875654556e-02 9.225479431246297324e-03 -8.433181725320815225e-03 -3.155759099468191664e-02
3.248212412878648259e-02 1.121895459400157335e-02 -1.208155264205768020e-02 -3.161952608073048676e-02
3.261034700319176416e-02 1.038569012788981283e-02 -1.029400990246842618e-02 -3.270202722861315081e-02
3.007822014496586149e-02 1.255892280655013238e-02 -1.185213552969766049e-02 -3.078500742181811134e-02
3.217731606122131716e-02 9.803645511800684886e-03 -1.153506781917812418e-02 -3.044589375384409990e-02
3.191272198286276840e-02 1.088219848091376285e-02 -1.091905594019404457e-02 -3.187586452358193156e-02
3.273506386483604480e-02 1.037220517166037581e-02 -8.288498517676878841e-03 -3.481877051881954177e-02
2.832147937706341878e-02 1.001498915648491028e-02 -9.117615018993996401e-03 -2.921885351455388857e-02
2.914889994366776094e-02 1.194742803304560397e-02 -1.247737448011354555e-02 -2.861895349660037446e-02
3.492984989024061626e-02 9.034615961742042956e-03 -9.895887192678198829e-03 -3.406857865930446039e-02
3.362390683271221370e-02 9.634919823986676235e-03 -1.087141381860645684e-02 -3.238741283809243310e-02
3.160974348751643959e-02 1.205407379089895592e-02 -1.251688437222153727e-02 -3.114693290619408028e-02
3.157930506595896247e-02 1.173397783822482943e-02 -1.136304917238917245e-02 -3.195023373179495252e-02
3.112456191112733528e-02 1.310517558921797665e-02 -1.378770009478169634e-02 -3.044203740556372662e-02
3.081243278284273579e-02 1.012659163285700714e-02 -1.145557228246640857e-02 -2.948345213323344538e-02
3.044335399844189105e-02 1.164199453341674406e-02 -1.003466110176443049e-02 -3.205068743009387155e-02
3.015469037287710208e-02 1.059183676134956009e-02 -9.877587902327511493e-03 -3.086893923189948374e-02
3.208042063934524180e-02 1.117794966418150793e-02 -1.221123847504546056e-02 -3.104713182848173325e-02
2.976490592107183808e-02 1.105164891911125657e-02 -1.067251527857004945e-02 -3.014403956161293419e-02
3.240244803400571527e-02 8.270803291782868882e-03 -1.069055977576616190e-02 -2.998269155002242226e-02
3.379315027602047827e-02 1.052496264570690343e-02 -1.207047849762632463e-02 -3.224763442410127912e-02
3.202292641495896319e-02 1.171690409807069067e-02 -1.042952612726122386e-02 -3.331030438576887409e-02
3.148146696678377765e-02 1.094569531391220707e-02 -9.090432015557592393e-03 -3.333673026513805926e-02
3.253917942637385430e-02 1.379179184196743790e-02 -1.434750184645516846e-02 -3.198346942188612374e-02
3.322963654507993247e-02 1.074790715983042766e-02 -1.099851881904645445e-02 -3.297902488586335057e-02
3.057780624733563712e-02 9.851023473548048415e-03 -9.820237203230441914e-03 -3.060859251765324363e-02
3.234006997781957438e-02 1.083397209817960061e-02 -1.234078605340194201e-02 -3.083325602259745501e-02
3.139982793178397458e-02 1.160552343075460513e-02 -1.347403262517432587e-02 -2.953131873736436486e-02
3.218309923292683727e-02 1.069554055219157362e-02 -1.041617625050095253e-02 -3.246246353461679224e-02
3.281673512065053089e-02 8.929960829623162510e-03 -8.548202974635543683e-03 -3.319849297563759460e-02
3.526859910739088555e-02 8.916652040950490132e-03 -8.780841872691569350e-03 -3.540440927564969531e-02
2.943042321763678082e-02 9.212606249916710510e-03 -7.362501636963503238e-03 -3.128052783058954400e-02
3.392513253746964885e-02 1.166812512887749342e-02 -1.267051631192306349e-02 -3.292274135442385674e-02
2.951034073900382637e-02 1.375563757599995718e-02 -1.092069775169002277e-02 -3.234528056331387180e-02
3.020722269380105018e-02 1.012259990977537605e-02 -8.422446861122256934e-03 -3.190737574245416930e-02
2.977544832827527799e-02 9.792770807319772786e-03 -8.266670566130174258e-03 -3.130154856946498754e-02
2.941894231538988436e-02 1.082746903331055499e-02 -8.400211818716529777e-03 -3.184619952998368753e-02
2.895411121015700751e-02 1.320306919778180266e-02 -1.041309761916575649e-02 -3.174408278877305367e-02
3.221527052282802117e-02 9.230193911235362592e-03 -1.018633021076031930e-02 -3.125913422330273139e-02
3.077341544582412602e-02 1.130101012664996851e-02 -1.125511478039475932e-02 -3.081931079207933522e-02
3.289416846678228090e-02 7.249389521951199455e-03 -1.191116531341629425e-02 -2.823239267531685304e-02
2.987207669937630428e-02 1.047788472148991623e-02 -1.023074839549653614e-02 -3.011921302537001743e-02
3.033798577911395178e-02 1.193566613582919267e-02 -1.117822084314012976e-02 -3.109543107180279264e-02
3.199728893553333009e-02 1.342746570034769604e-02 -1.331871629495151588e-02 -3.210603834093006537e-02
3.488014792471072489e-02 7.615560948045718703e-03 -8.414638076213454276e-03 -3.408107079654332239e-02
2.865504867615964457e-02 9.835857386082613729e-03 -1.004578255626997763e-02 -2.844512350597216965e-02
2.990683689323181405e-02 8.675338260366816101e-03 -8.105743611370841428e-03 -3.047643154222789974e-02
2.976620952003594667e-02 1.134781034154541679e-02 -1.001854011124836408e-02 -3.109547975033244427e-02
3.475873206316881792e-02 7.533072324893863581e-03 -1.072685076005996940e-02 -3.156495362800215698e-02
3.027352275145123173e-02 1.170404549594117327e-02 -1.018900323006644015e-02 -3.178856501732574280e-02
3.111985880364254164e-02 1.258033008791437091e-02 -1.275648094416537148e-02 -3.094370794739154107e-02
3.046920654521168004e-02 9.879064698719020043e-03 -9.747432249147536254e-03 -3.060083899478294178e-02
3.494917224216953500e-02 1.072546325873791062e-02 -1.115636715642653876e-02 -3.451826834448090686e-02
3.466312683917416315e-02 9.371039326005359271e-03 -9.461899362729342400e-03 -3.457226680244973593e-02
3.362094154077444053e-02 1.158398987830588922e-02 -1.021390335936989135e-02 -3.499102805971032737e-02
3.456905900892159877e-02 9.196009706367247460e-03 -1.121887283194333840e-02 -3.254619588334584090e-02
3.469198565041753390e-02 1.162694456720392289e-02 -1.022544261578273161e-02 -3.609348760183961335e-02
3.158901868226027254e-02 1.228179734071987994e-02 -1.097594159384807089e-02 -3.289487442913263671e-02
3.466987714392399944e-02 1.087905588991744388e-02 -1.280200122743158087e-02 -3.274693180640986245e-02
3.284965805080153345e-02 1.055624459397375148e-02 -1.173813653476218910e-02 -3.166776611001309583e-02
3.322958125319064315e-02 1.162300186956022330e-02 -1.200714233825628252e-02 -3.284544078449436189e-02
3.082069864265468695e-02 1.397853739919585614e-02 -1.300043911300352573e-02 -3.179879692884701736e-02
3.127418179375762719e-02 1.111339735224081693e-02 -1.159836365227784327e-02 -3.078921549372037880e-02
3.307022114494673204e-02 1.059484904180552078e-02 -1.177603552751016469e-02 -3.188903465924231018e-02
3.409256175422648028e-02 1.229035417640411687e-02 -1.089138556486379805e-02 -3.549153036576724318e-02
3.154320698252366384e-02 1.142960774690116033e-02 -1.206441453192941271e-02 -3.090840019749530043e-02
3.541152279782044943e-02 9.902897278584399388e-03 -1.093849707598149035e-02 -3.437592300042358051e-02
2.884073467406955693e-02 1.005506677548306804e-02 -8.394386352596816536e-03 -3.050141509695569741e-02
3.225473465901829151e-02 1.337075062255044244e-02 -1.405716739586437836e-02 -3.156831788570457764e-02
3.444959374313172340e-02 1.275861279627776845e-02 -1.415289569878641629e-02 -3.305531084062285352e-02
3.159307272001576905e-02 1.098993437459006017e-02 -1.096732174524583936e-02 -3.161568534936054498e-02
3.209009848288113531e-02 1.013519805820650710e-02 -1.018528078404778991e-02 -3.204001575704040761e-02
3.541051359977487323e-02 1.310322717903011913e-02 -1.513968356390593684e-02 -3.337405721489927757e-02
3.237347358770392702e-02 1.324829125790372153e-02 -1.186312810323397748e-02 -3.375863674237311596e-02
3.043412125903777188e-02 9.174581443448071028e-03 -9.034129416527370005e-03 -3.057457328595880597e-02
3.428513877246563979e-02 9.656354195365812743e-03 -1.272616219476951915e-02 -3.121533077306193338e-02
3.126874555533443178e-02 1.027959136526379602e-02 -9.801955539928686179e-03 -3.174638138066987469e-02
3.000855603841401376e-02 1.234742055399773442e-02 -1.085708360837456254e-02 -3.149889298403707460e-02
3.236454591489956734e-02 1.101870536758364771e-02 -1.013863043777396555e-02 -3.324462084470869438e-02
3.220387568336757766e-02 1.304437332447383469e-02 -1.108567835653939682e-02 -3.416257065130201553e-02
3.061796156718221695e-02 1.022515851088878769e-02 -8.812911201814821460e-03 -3.203020887625662727e-02
3.510490357829043617e-02 1.142657734846541651e-02 -9.717858530740142164e-03 -3.681362239601548847e-02
3.188845295050191098e-02 1.015788583291188374e-02 -1.242221177456226400e-02 -2.962412700885175276e-02
3.252073465973515098e-02 1.020517081191285591e-02 -1.184824615469404208e-02 -3.087765931695363175e-02
3.204088007136518534e-02 1.067415435901297727e-02 -1.251195632733426155e-02 -3.020307810304456719e-02
3.243353234375567773e-02 1.279466254116523594e-02 -1.247907713996354584e-02 -3.274911774495714578e-02
3.090966381080217928e-02 1.069539767006810749e-02 -9.246996490632319876e-03 -3.235806499023785587e-02
3.120160603065258442e-02 1.211166090209681023e-02 -1.124199210743148658e-02 -3.207127482531824114e-02
3.002492639257936524e-02 1.029204486205537172e-02 -1.009238142659829585e-02 -3.022458982803588601e-02
2.903441973598264170e-02 1.095690634035606514e-02 -9.137440568287136244e-03 -3.085388550805145957e-02
3.363483063883609958e-02 1.241365757054024854e-02 -1.298295514047220767e-02 -3.306553306890369637e-02
3.124135058500332462e-02 1.047233217710874520e-02 -1.205760604110961420e-02 -2.965607672100212255e-02
2.755001752571750728e-02 1.088523725591050706e-02 -9.924258204494829094e-03 -2.851099657713296320e-02
2.633991707207461452e-02 9.804951755280733039e-03 -9.007539835739430956e-03 -2.713732899161591661e-02
3.280896339476280232e-02 1.048696222497880193e-02 -1.047288662884549026e-02 -3.282303899089622501e-02
3.455087140269963442e-02 1.083003667534998549e-02 -1.208060875416716584e-02 -3.330029932388234304e-02
3.203923962462340569e-02 1.091389234561912502e-02 -1.230644743696485133e-02 -3.064668453327712427e-02
3.657478409391967666e-02 8.549197988702683659e-03 -9.722369906938088668e-03 -3.540161217568416063e-02
3.068799589082193968e-02 1.153184573846943728e-02 -1.102354326800503159e-02 -3.119629836128645639e-02
3.146151276777597872e-02 1.133512538128722547e-02 -1.123891291080947319e-02 -3.155772523825384202e-02
3.065650652250084818e-02 1.090205444915892663e-02 -9.303972482237354846e-03 -3.225458848942230894e-02
3.119852816774559834e-02 1.045545416076154588e-02 -1.124340860490824490e-02 -3.041057372359945443e-02
3.267741196432338846e-02 1.015509199732500534e-02 -9.252413688965455130e-03 -3.358009027268304969e-02
3.248785650141949866e-02 9.111297502234494416e-03 -1.067121159935391361e-02 -3.092794240430030150e-02
3.109323602241298445e-02 1.067406236470769265e-02 -9.679079899796105835e-03 -3.208821848732468229e-02
3.296276270570008826e-02 1.260485174097292216e-02 -1.286570862383951130e-02 -3.270190582283327707e-02
3.212872299152880196e-02 1.021750789088371469e-02 -8.234083423116822509e-03 -3.411214745929536107e-02
3.265426516690306258e-02 8.983521756225298915e-03 -9.300466520957284544e-03 -3.233732040217163206e-02
3.112443885859406123e-02 1.127254734443572382e-02 -1.185308289394437775e-02 -3.054390330908518525e-02
3.123249869410726909e-02 1.255103785872302424e-02 -1.040318891282843161e-02 -3.338034764000208376e-02
3.146403067335912240e-02 1.072763351222483230e-02 -1.297144133205541117e-02 -2.922022285352887661e-02
3.099239896867644894e-02 1.062237730577653139e-02 -1.088576328076540367e-02 -3.072901299368735462e-02
3.220511245745916185e-02 1.072533983675616476e-02 -9.899922511102166034e-03 -3.303052978311293852e-02
3.186140461801434398e-02 1.142502506219877922e-02 -1.222299530905379683e-02 -3.106343437115943740e-02
3.550375527651272733e-02 7.813526278445115381e-03 -1.130723387473242525e-02 -3.201004768022552849e-02
3.214892745929565088e-02 1.085501371805985826e-02 -1.027298392610287436e-02 -3.273095725125274580e-02
3.309416099323780891e-02 1.325201778988804868e-02 -1.211265247524795363e-02 -3.423352630787712680e-02
3.558027649759587518e-02 6.892337201138909464e-03 -1.146578688283073078e-02 -3.100682681590416490e-02
3.215625600267824069e-02 1.052979557695010726e-02 -1.033115749384361237e-02 -3.235489408578495762e-02
3.134232498956590618e-02 1.025025515467836712e-02 -1.011436382670483081e-02 -3.147821631753877636e-02
3.334608695759744279e-02 1.132416205373099061e-02 -1.032480881470554390e-02 -3.434544019662300052e-02
2.886274327882998314e-02 1.378633240547566530e-02 -1.275558171877944069e-02 -2.989349396552576366e-02
3.156151185319489016e-02 1.015067976200345612e-02 -9.924802122508125102e-03 -3.178738949269044323e-02
2.891646792925994802e-02 1.153525817447320634e-02 -9.077995194411991875e-03 -3.137373090932127351e-02
3.053209413217872203e-02 1.068467108845672087e-02 -1.191213266307833418e-02 -2.930463255755710872e-02
3.189075960106202423e-02 1.212068416720235575e-02 -1.195268044631481175e-02 -3.205876332195001233e-02
3.096112920323457196e-02 9.471984856186166368e-03 -9.802259504506638521e-03 -3.063085455491376674e-02
3.304534821806037748e-02 1.294704830698312215e-02 -1.184025295315793702e-02 -3.415214357188600669e-02
2.939053088796361735e-02 1.185088039346626765e-02 -1.023274766294157700e-02 -3.100866361848830799e-02
3.102263173930475126e-02 1.038888209514787775e-02 -1.198540080069387948e-02 -2.942611303375941567e-02
3.197341040086576491e-02 9.608426733078934134e-03 -8.880823520533986937e-03 -3.270101361341060109e-02
3.353483761976616684e-02 1.149673011231522324e-02 -1.173106699713299950e-02 -3.330050073494816854e-02
3.175379883552009730e-02 1.061473788926492468e-02 -1.183696040572379538e-02 -3.053157631906133762e-02
3.306911557427993920e-02 1.089767395859997379e-02 -1.315201406865673661e-02 -3.081477546422317637e-02
3.199631687709736383e-02 1.353595147291164480e-02 -1.258715364687890137e-02 -3.294511470313032930e-02
2.971392363432201478e-02 1.091513051842452064e-02 -9.803209761497733155e-03 -3.082584439124880227e-02
3.051520993932665959e-02 1.265470031231452630e-02 -1.303422870546555590e-02 -3.013568154617585204e-02
3.219581640558022428e-02 1.276488319970758845e-02 -1.162879399819616300e-02 -3.333190560709198280e-02
3.326790202508544958e-02 8.511865331141788005e-03 -9.133679432270724874e-03 -3.264608792395695680e-02
3.253702605144170867e-02 1.174214413352525632e-02 -1.085756117551939237e-02 -3.342160900944679547e-02
3.015286944302597583e-02 9.765511688332839668e-03 -9.827788749256383127e-03 -3.009059238210243237e-02
2.887445988506764927e-02 1.219284518413243923e-02 -1.209242115138953189e-02 -2.897488391781111172e-02
3.144144285729910671e-02 1.035499711356924202e-02 -1.132673334497102946e-02 -3.046970662589754131e-02
3.337177413869807374e-02 1.003411579727098157e-02 -1.102759973667066795e-02 -3.237829019929805430e-02
3.078739325193247112e-02 8.869222571507684449e-03 -1.127171097842105674e-02 -2.838490484501909883e-02
3.130249267615137221e-02 1.107825004944484881e-02 -1.042447834540005669e-02 -3.195626438019605331e-02
3.341694973691211601e-02 1.060043928319642781e-02 -1.080709248225486530e-02 -3.321029653785434466e-02
3.252065174681950666e-02 1.174856496607357137e-02 -1.096993698992765331e-02 -3.329927972296531369e-02
3.106001214687914569e-02 8.309352248129675544e-03 -9.894593736021417563e-03 -2.947477065898718163e-02
3.498733473835402563e-02 1.428630206122560864e-02 -1.344880360625488880e-02 -3.582483319332496752e-02
3.212398171600905350e-02 1.201199761794935483e-02 -1.153673669019061876e-02 -3.259924264376756753e-02
3.412992654508650858e-02 1.047382272465702258e-02 -1.010404698069644613e-02 -3.449970228904675196e-02
3.147550376229735214e-02 1.194012439173852691e-02 -1.069908421190290948e-02 -3.271654394213308059e-02
3.370612396565508817e-02 1.166422873379069358e-02 -1.139109857799980308e-02 -3.397925412144586765e-02
3.027392288763142147e-02 9.695459351912738555e-03 -8.272965441940782760e-03 -3.169641679760282216e-02
3.394475072686464756e-02 1.024517261525015321e-02 -9.348526360951847636e-03 -3.484139698116317518e-02
3.271606795525072719e-02 1.294704909909505375e-02 -1.057499059903477256e-02 -3.508812645531089736e-02
3.114421600959560443e-02 1.225844337713088983e-02 -1.080047574669773525e-02 -3.260218364002864799e-02
2.999060734751668456e-02 1.351190675600255631e-02 -1.227199417182434082e-02 -3.123051993169534413e-02
3.019835840498141799e-02 1.130011752432347194e-02 -1.325048244562421207e-02 -2.824799348368078888e-02
3.295740201432351135e-02 1.331844158119754873e-02 -1.137329437779999175e-02 -3.490254921772073526e-02
3.164336399276201917e-02 1.307253160456722796e-02 -1.298674590750636959e-02 -3.172914968982287753e-02
3.063401788371988843e-02 1.126422808850713331e-02 -9.926354289010119736e-03 -3.197189168321723507e-02
3.092779448464355596e-02 1.278324614385994984e-02 -1.009100598503065438e-02 -3.362003464347251835e-02
3.172282242892188187e-02 1.227149447489761513e-02 -8.923153478564427310e-03 -3.507116342525506969e-02
3.106508162822740893e-02 1.108340704453159020e-02 -1.157828238064517734e-02 -3.057020629211393281e-02
3.077623878154489567e-02 1.058074008289278112e-02 -1.081660647786442109e-02 -3.054037238657336673e-02
3.026608339503167322e-02 9.395957497624340959e-03 -8.733916098587868326e-03 -3.092812479406803483e-02
3.178523294881374639e-02 1.014526929033876534e-02 -8.971387898719651588e-03 -3.295911434043230503e-02
3.390112037305481607e-02 1.265473886495094291e-02 -1.174935606903981800e-02 -3.480650316896638508e-02
3.098864436161385960e-02 1.089583677681593699e-02 -7.243666778917967619e-03 -3.464081435951238408e-02
3.395132602571870883e-02 1.063673941242937460e-02 -6.952743523345072951e-03 -3.763532191480334355e-02
3.118077636815974607e-02 1.170358551661077051e-02 -1.173147064918433902e-02 -3.115289123558606654e-02
3.198024314828518122e-02 9.669276595424047827e-03 -1.070119804253066853e-02 -3.094832170117833847e-02
3.240853336060567358e-02 1.125479543987872866e-02 -9.397249129489915198e-03 -3.426607967099404295e-02
3.340295526814252014e-02 9.464521487227539609e-03 -1.182633804011001821e-02 -3.104113871525959745e-02
3.351129441322697744e-02 1.009670627670344878e-02 -1.031901626653208837e-02 -3.328898442339800479e-02
2.885371490725185950e-02 8.353959408195388292e-03 -9.592745681611503095e-03 -2.761492863383563368e-02
3.023011828079802399e-02 1.210045182042307488e-02 -1.133187093266119216e-02 -3.099869916856023977e-02
3.290887728796620948e-02 9.237345098478622063e-03 -9.501774955546382628e-03 -3.264444743089844891e-02
3.287961278456652536e-02 9.061920848392190919e-03 -1.116668200500592345e-02 -3.077485162795323692e-02
3.410424314125104495e-02 1.087048798494860691e-02 -1.113805454106286952e-02 -3.383667658513644927e-02
3.189077903860049190e-02 1.075768002791943623e-02 -9.334674774570173028e-03 -3.331378429194931101e-02
2.868311574351034565e-02 1.014909965566812566e-02 -1.155014056495917707e-02 -2.728207483421896118e-02
3.337859820375865816e-02 9.135959491918255182e-03 -1.016691171509764846e-02 -3.234764598057926488e-02
3.292689137788928910e-02 1.162916298355587408e-02 -1.154373340416181559e-02 -3.301232095728356963e-02
3.521929728199002518e-02 1.188744621570658744e-02 -1.191400863994596104e-02 -3.519273485775098465e-02
3.321493586075630056e-02 1.363246443274546138e-02 -1.318825409403756588e-02 -3.365914619946386299e-02
3.472333431358665123e-02 1.050286996997207289e-02 -9.620232587222332654e-03 -3.560597169633672454e-02
3.217566659395099116e-02 9.852954032313787636e-03 -1.230229833082086000e-02 -2.972632229544402982e-02
3.241532441611250093e-02 1.281489109558897610e-02 -1.011431830695108669e-02 -3.511589720475050136e-02
3.361343787093917790e-02 1.180818212918621768e-02 -1.277006624842769167e-02 -3.265155375169803698e-02
3.189245699715170801e-02 1.021058198926372285e-02 -8.982288395631532474e-03 -3.312075059078412043e-02
3.214849352806936622e-02 1.099473363851766194e-02 -9.575664035311182154e-03 -3.356756313127529090e-02
3.053221692167351620e-02 1.025441326459874958e-02 -8.426457436707113224e-03 -3.236017274956548562e-02
3.025616955097820693e-02 1.006512038419837829e-02 -9.206810924575981048e-03 -3.111447901060049315e-02
3.261806105777553810e-02 1.017324071983938261e-02 -1.305485356729196855e-02 -2.973644821032328522e-02
3.163722621274467350e-02 9.931685645474752633e-03 -1.105707807202938042e-02 -3.051183378619015674e-02
2.988706716241140704e-02 1.335850755739675932e-02 -1.268516822445608927e-02 -3.056040649535218812e-02
2.971574842549817852e-02 9.898133161671651692e-03 -9.785312597181183847e-03 -2.982856898998820228e-02
3.547567025021569620e-02 1.320862764368424536e-02 -1.238468517510604716e-02 -3.629961271879400542e-02
3.443971677058099701e-02 1.036606293586572747e-02 -1.164887358692334729e-02 -3.315690611952337719e-02
3.339547823113675484e-02 1.004918362149020972e-02 -9.856371733792501644e-03 -3.358829011883412985e-02
2.957961916410689618e-02 1.243288493455430022e-02 -1.020916716717945594e-02 -3.180333693148162943e-02
3.028478886044805307e-02 1.075282164392654671e-02 -1.037722813222752283e-02 -3.066038237214718798e-02
3.613363230853416930e-02 1.100050895275983542e-02 -1.047267745672086914e-02 -3.666146380457346865e-02
2.811866416092922982e-02 1.033729086662749097e-02 -9.370639348608933439e-03 -2.908531567894767633e-02
3.160152533887061743e-02 7.851342463221611112e-03 -8.629088769612769383e-03 -3.082377903247945916e-02
3.412275717451485058e-02 1.114598417581325052e-02 -8.984322870601690880e-03 -3.628441847972629919e-02
3.145869292129344075e-02 1.119881198065608707e-02 -9.940643949784666589e-03 -3.271686095216430612e-02
3.155333644310465147e-02 1.291745119248077778e-02 -1.201264904857435312e-02 -3.245813858701107613e-02
3.283287849672844594e-02 1.135483457242258964e-02 -1.152008614286781363e-02 -3.266762692628344400e-02
3.302743444160438635e-02 1.112257490997414777e-02 -1.115312768909970664e-02 -3.299688166247849441e-02
3.520868736155957635e-02 1.277131649406149094e-02 -1.243972041550767127e-02 -3.554028344011361806e-02
3.105455549999702747e-02 1.028992068140399674e-02 -1.064597674925116255e-02 -3.069849943214930654e-02
3.444795633950104019e-02 1.375236472334395721e-02 -1.374068165176178802e-02 -3.445963941108332040e-02
3.291479876442937602e-02 1.043796114800876751e-02 -1.226653222098228468e-02 -3.108622769145585885e-02
3.181779988038258011e-02 1.147601617930504858e-02 -1.023480521580699687e-02 -3.305901084388029876e-02
3.345816902482079414e-02 9.629027597592543231e-03 -1.038709528843295704e-02 -3.270010133398038032e-02
3.273653007111865243e-02 8.849728454322525195e-03 -1.170963854958750883e-02 -2.987661997585355778e-02
3.424090354315389995e-02 1.309472321899862735e-02 -1.161399197348245149e-02 -3.572163478867029784e-02
3.190705735068721793e-02 1.100246004782756692e-02 -9.022468122555471481e-03 -3.388704927595975747e-02
3.309191202872474591e-02 9.667913482715340123e-03 -1.122059712280765176e-02 -3.153922838863210121e-02
3.246696952929628566e-02 1.024007532320281300e-02 -9.868122970681403316e-03 -3.283892188181813943e-02
3.128237098460329157e-02 1.027559038202152664e-02 -9.655918241539551694e-03 -3.190204312508526652e-02
3.309015032489570629e-02 1.282275466053173218e-02 -9.902074627779589022e-03 -3.601083035764851559e-02
3.121516718931149903e-02 1.307845075372715549e-02 -1.105779382280647205e-02 -3.323582412023184940e-02
3.041057869012475656e-02 1.263784894252983904e-02 -1.326383439202838410e-02 -2.978459324062676661e-02
3.258472858243877113e-02 1.080388636386508949e-02 -1.133832764931785864e-02 -3.205028729698577994e-02
3.336584375058926355e-02 1.108770406684822518e-02 -1.066696403241162994e-02 -3.378658378502585879e-02
3.310479116334708038e-02 1.184702561673911525e-02 -1.196935816663913243e-02 -3.298245861344706320e-02
3.217471135127425441e-02 1.405901165862455393e-02 -1.398906302999203266e-02 -3.224465997990622057e-02
3.325024591955805242e-02 1.015970554311462770e-02 -1.206676145932139566e-02 -3.134319000335084038e-02
2.977022378447324868e-02 8.980737290806839468e-03 -1.065454440264390623e-02 -2.809641667263662601e-02
3.346739842927903830e-02 1.209629853977500780e-02 -8.176801246025600101e-03 -3.738689572302877906e-02
3.386656585338676528e-02 8.923043785751261225e-03 -1.233171257560539136e-02 -3.045789706353230208e-02
3.584523878583878442e-02 9.748933150695249239e-03 -1.064262377689606520e-02 -3.495154815963741335e-02
3.154815200205596248e-02 1.135683679500898435e-02 -1.080001816401787718e-02 -3.210497063304651455e-02
3.198505922277683489e-02 9.840869620227232772e-03 -9.975718712798897769e-03 -3.185021013020494784e-02
3.333726870706499312e-02 1.174675133690761264e-02 -1.147143128006966606e-02 -3.361258876390338379e-02
3.565083502523114234e-02 1.061435508039254572e-02 -9.369920893261829420e-03 -3.689526921236174761e-02
3.214150626398426525e-02 1.246245835175985306e-02 -1.234211391761896870e-02 -3.226185069812503858e-02
3.452227715710720624e-02 1.025874474057042463e-02 -1.172440260202434192e-02 -3.305661929565295587e-02
3.318946900274566403e-02 1.217145865183955067e-02 -1.300495616703001289e-02 -3.235597148755464669e-02
3.329513703506936650e-02 1.105055958979361819e-02 -9.619744645749439549e-03 -3.472595197911321208e-02
3.212918777655171532e-02 1.119289577261173285e-02 -1.130590377565587890e-02 -3.201617977350723621e-02
3.126946603680269554e-02 9.582515005986724788e-03 -1.018012753870078946e-02 -3.067185350408840883e-02
3.175358256771732002e-02 1.130582506748933902e-02 -8.977727490472653393e-03 -3.408168014473456076e-02
3.464022736624139398e-02 1.140246765511809812e-02 -1.171603224844408597e-02 -3.432666277291540613e-02
3.178192188142014984e-02 1.064182624113252373e-02 -1.066864552217772211e-02 -3.175510260037484045e-02
2.942329711573132833e-02 1.108886632029437713e-02 -9.294170579408289612e-03 -3.121799285661774892e-02
3.245344359231694398e-02 9.859382526633542199e-03 -1.090799777956963368e-02 -3.140482833938129659e-02
3.153376606195723575e-02 1.215071683156665472e-02 -1.187956665841183312e-02 -3.180491623511239041e-02
3.053327936170480150e-02 1.063202734998225374e-02 -1.383514366532245798e-02 -2.733016304636459726e-02
3.211195421092361002e-02 1.051763241341752142e-02 -1.076608736697803881e-02 -3.186349925736353672e-02
2.967527777347878093e-02 1.187952617030441083e-02 -9.622864563921251779e-03 -3.193193937986205100e-02
2.907256476805408774e-02 1.306513004799469968e-02 -1.062666965554903697e-02 -3.151102516049952840e-02
3.188335014793475253e-02 9.708201607224298257e-03 -1.050035093114887186e-02 -3.109120082400973484e-02
3.039001321975098868e-02 1.185587066513038579e-02 -1.050270369432482198e-02 -3.174318019055655249e-02
3.117922441958409507e-02 1.035856183469152647e-02 -1.063103955297406422e-02 -3.090674670130111323e-02
3.475315229665354444e-02 1.056709035876157721e-02 -1.109229652100685026e-02 -3.422794613440860445e-02
3.045670971439751185e-02 1.221660230223631238e-02 -1.090770221068337875e-02 -3.176560980595022343e-02
3.331409062812396016e-02 9.090624860037310739e-03 -1.061154125147112381e-02 -3.179317423669003606e-02
3.139391879241792971e-02 9.646201995543446372e-03 -1.036838410781504294e-02 -3.067173668014633314e-02
3.184642652676661356e-02 9.946883898939384849e-03 -8.842601287830542667e-03 -3.295070913787534472e-02
3.181413697238455462e-02 1.352184569834236072e-02 -1.278232071029417050e-02 -3.255366196043318894e-02
3.119325428906427611e-02 1.246029260171210851e-02 -1.100974214845429344e-02 -3.264380474232220219e-02
3.199032628249143251e-02 1.296786161358243206e-02 -1.072807153064558872e-02 -3.423011636542838687e-02
3.223884475673122196e-02 1.011664703458392545e-02 -1.018662617924503966e-02 -3.216886561206966366e-02
3.334167293311485203e-02 1.211446440020513826e-02 -1.237271750542390247e-02 -3.308341982789597679e-02
3.229958316759695691e-02 1.038900175983514806e-02 -1.090740994688232934e-02 -3.178117498054955359e-02
3.424539823846139974e-02 1.233643052267296980e-02 -1.198975749203423646e-02 -3.459207126910057717e-02
3.054340698501989415e-02 1.033078396850095615e-02 -9.562330036055666227e-03 -3.131186091746518407e-02
3.224827643570837843e-02 9.649691595333242944e-03 -1.015776573040161335e-02 -3.174020230064011905e-02
3.209199917451543982e-02 8.669394110926154084e-03 -1.040675500870369419e-02 -3.035463827673778869e-02
3.151535039740549493e-02 9.458958629377400840e-03 -8.490364946009520963e-03 -3.248394408077315276e-02
3.293080754205135463e-02 1.166004306435763915e-02 -1.119709216135211793e-02 -3.339375844505654278e-02
3.092391404202854410e-02 1.275806129584067250e-02 -1.132743996677099130e-02 -3.235453537109800326e-02
3.124099164210880630e-02 1.206678757033441407e-02 -9.179479781771249236e-03 -3.412829943067163807e-02
3.077737775974376255e-02 1.127953230128730944e-02 -1.145793625084101652e-02 -3.059897381018994444e-02
3.030742171442302180e-02 1.111612969513098292e-02 -1.051098632087821283e-02 -3.091256508867556985e-02
3.393889559246887622e-02 9.384251206915328325e-03 -1.054633640524971216e-02 -3.277681039413415931e-02
3.143998351288335158e-02 1.026016020926134864e-02 -1.209279328561763123e-02 -2.960735043652718002e-02
3.125970267076505493e-02 1.053109481493019750e-02 -8.949764315469455056e-03 -3.284103317022613044e-02
3.155694881342707703e-02 1.035795813217199601e-02 -7.198346459148852183e-03 -3.471656048645044290e-02
3.153530781456770349e-02 1.104915870185774196e-02 -1.073790866237178676e-02 -3.184655785405399175e-02
3.063989130712418962e-02 1.045132103328594297e-02 -1.102666622918146988e-02 -3.006454611122888476e-02
3.217332901494107666e-02 1.192826553667525324e-02 -1.155896313664550590e-02 -3.254263141497082401e-02
3.325764338459458180e-02 9.338519160209113323e-03 -1.093805372896572425e-02 -3.165810881583808190e-02
3.172107722157813114e-02 9.944471165411750135e-03 -9.590722034874765711e-03 -3.207482635211511557e-02
3.564982397606919484e-02 1.156631202099922540e-02 -1.367440059662872187e-02 -3.354173540043980939e-02
3.225581650925080091e-02 1.102342335869255230e-02 -1.079525367341005460e-02 -3.248398619453318759e-02
2.976027700929106956e-02 1.273115330367735609e-02 -1.261492879629599884e-02 -2.987650151667209375e-02
3.004578406969082849e-02 1.027405844687434566e-02 -6.942269907208808988e-03 -3.337757260935669823e-02
3.080811465170851804e-02 1.015712950812708293e-02 -9.438241379868483882e-03 -3.152700277996733913e-02
3.146211203085136354e-02 1.203825833517302435e-02 -1.016109797476738574e-02 -3.333927239125711317e-02
3.120242848846865868e-02 1.046064306855210013e-02 -1.265869816382902968e-02 -2.900437339319184016e-02
2.872393507880377506e-02 8.429476536980118340e-03 -8.072906319877892756e-03 -2.908050529590588962e-02
3.390861074384488028e-02 1.194567798846857265e-02 -1.046339306396870672e-02 -3.539089566834519029e-02
3.062546527008302988e-02 9.793687041576903951e-03 -8.443183969599865613e-03 -3.197596834206040128e-02
3.558869552817101045e-02 9.688895188276980264e-03 -1.149147815075213241e-02 -3.378611256569574728e-02
3.081656628575757395e-02 1.045213779374520868e-02 -9.041539129768905170e-03 -3.222716494973343337e-02
3.189569311883722058e-02 1.192410927105957974e-02 -1.011594013948535764e-02 -3.370386225041122064e-02
3.324344382503796602e-02 9.467985486093954961e-03 -1.212462286306603687e-02 -3.058680644806577309e-02
3.155549397794921163e-02 1.163003862715639158e-02 -1.338490354551191697e-02 -2.980062905959379727e-02
3.377975702678970293e-02 1.134916645385675160e-02 -1.107695160515986821e-02 -3.405197187548614224e-02
3.051223368771371902e-02 1.181901640443450141e-02 -1.252550910918692750e-02 -2.980574098296162600e-02
3.421912390410652982e-02 9.023378638509216287e-03 -1.068290530042925734e-02 -3.255959724218626672e-02
3.066717406521424216e-02 1.201194152351092725e-02 -1.016724365621224369e-02 -3.251187193251303675e-02
3.168935151043039689e-02 1.173482998762342966e-02 -1.007963623547636356e-02 -3.334454526257735196e-02
3.109503334183338907e-02 1.153618762186403579e-02 -1.140664790156131758e-02 -3.122457306213566319e-02
3.273200023271960468e-02 9.820693584499329276e-03 -8.696291733584771144e-03 -3.385640208363427384e-02
3.291071340565521197e-02 1.225228129520106179e-02 -1.193638791906970198e-02 -3.322660678178623872e-02
3.178624341167957112e-02 1.195915358151511398e-02 -1.073648978013941324e-02 -3.300890721305538289e-02
2.902124256368021626e-02 1.094403816258937567e-02 -9.912405344961072728e-03 -3.005287538130840819e-02
3.067201417848108846e-02 1.160121994519403010e-02 -8.250552176904180079e-03 -3.402268194677116053e-02
3.235413391106778391e-02 1.254297957766459248e-02 -1.170969724454584693e-02 -3.318741624418664049e-02
3.144076158295394663e-02 1.142232902993778332e-02 -1.056543178030111552e-02 -3.229765883259094750e-02
3.211070612234934174e-02 1.146114366294925802e-02 -1.222557729189244213e-02 -3.134627249340671273e-02
3.110593249038018371e-02 1.063451383537139527e-02 -1.079973317518034825e-02 -3.094071315057178584e-02
3.031084310277476490e-02 1.393824638596452559e-02 -1.216512868500574385e-02 -3.208396080373399073e-02
3.437124923052059522e-02 1.225946185320370141e-02 -1.208630544286259934e-02 -3.454440564086147525e-02
2.856265259638646192e-02 9.332165338118869613e-03 -9.518095477265453574e-03 -2.837672245723965592e-02
3.361740971775195597e-02 1.093643158653501146e-02 -1.131866252310875787e-02 -3.323517878117876467e-02
3.322751302700366338e-02 1.022981946388634711e-02 -1.056720686736845050e-02 -3.289012562352144897e-02
3.014109902442441147e-02 1.060482980448185231e-02 -1.045967503342959404e-02 -3.028625379547644769e-02
2.991343140996849392e-02 1.084589632323362807e-02 -1.040517481070402095e-02 -3.035415292249743491e-02
2.965348292324576640e-02 1.163612905713917733e-02 -8.494002321439819703e-03 -3.279560965894490199e-02
3.134543235019116025e-02 8.556917295981847360e-03 -1.126407974997956085e-02 -2.863826989619333574e-02
3.086293864249567420e-02 7.825988498751934586e-03 -8.778728715021166806e-03 -2.991019842622677505e-02
3.337410098962334537e-02 9.046004637776272617e-03 -1.056085638341863753e-02 -3.185924924398053637e-02
3.172760722727652194e-02 1.234694381385770257e-02 -1.103169789925817490e-02 -3.304285314187660472e-02
3.020861863461710151e-02 6.358913648377928496e-03 -7.647683794047566153e-03 -2.891984848894757487e-02
3.297179576519293498e-02 1.049606708459371873e-02 -1.140620214162679780e-02 -3.206166070815974489e-02
3.430542687648308053e-02 1.018148137172603107e-02 -1.316368075988183506e-02 -3.132322748832716552e-02
3.396525508129144555e-02 1.071823860911447213e-02 -1.089180588991922605e-02 -3.379168780048702470e-02
3.335232235441187854e-02 9.995206038522441716e-03 -1.308688956994763508e-02 -3.026063882298712926e-02
3.264073972491354780e-02 1.029653636091421021e-02 -9.739792333104735356e-03 -3.319748375272313368e-02
3.148336055959810587e-02 1.140100402997346052e-02 -1.013499229902214971e-02 -3.274937229054930565e-02
3.225387411775448854e-02 1.097765752519030968e-02 -1.135485171707184548e-02 -3.187667992587295274e-02
3.169605643911799220e-02 1.309158111680130965e-02 -1.025571291877969138e-02 -3.453192463713961047e-02
3.077151532985422655e-02 1.241842767159484495e-02 -8.685754751259322504e-03 -3.450418825018986002e-02
3.463083227471908110e-02 1.136783126646823128e-02 -1.189170342765522026e-02 -3.410696011353187007e-02
3.178435134332224798e-02 1.116655063349192289e-02 -9.587518921880811007e-03 -3.336338305493324885e-02
3.362539030720435029e-02 9.332779226817633500e-03 -1.155537736674427940e-02 -3.140279216727770439e-02
3.132751793462662526e-02 1.137981210717153857e-02 -1.111942599349469152e-02 -3.158790404830336129e-02
2.981347380959298299e-02 9.907779587881471173e-03 -8.838526259669743368e-03 -3.088272713780404466e-02
3.029233267074737945e-02 1.116162784352492388e-02 -1.075425230871129845e-02 -3.069970820556089386e-02
3.553806454838648321e-02 1.171643004672606736e-02 -1.353412836864331670e-02 -3.372036622646945592e-02
3.136848661700009089e-02 1.124845509914762509e-02 -7.655348072743262122e-03 -3.496159364340456488e-02
3.632569767470883448e-02 1.281165353074520397e-02 -1.411264993492944431e-02 -3.502470127052448312e-02
3.197550226514911387e-02 1.333046793761072379e-02 -1.187960447466784863e-02 -3.342636572809187800e-02
3.621630170247103209e-02 1.171827576723472042e-02 -1.258984129703377697e-02 -3.534473617267253065e-02
3.401868551512432504e-02 7.818811532987801627e-03 -8.102808490315194234e-03 -3.373468855779704345e-02
3.021847718862957777e-02 9.635680499480825389e-03 -1.055780661615057792e-02 -2.929635107195993626e-02
3.329631217432238444e-02 1.265931291609412312e-02 -1.057290168375479844e-02 -3.538272340666170912e-02
3.489675930774005508e-02 1.158379229891126627e-02 -1.137617012371860969e-02 -3.510438148293282268e-02
3.022203411311230603e-02 8.262819821522215946e-03 -7.953820097115982257e-03 -3.053103383751865074e-02
3.195512946332401683e-02 1.090523752010597036e-02 -1.055562522082442722e-02 -3.230474176260533792e-02
3.423746925988990775e-02 1.307232896176246939e-02 -1.185507153144649273e-02 -3.545472669020610645e-02
3.224300928980095016e-02 1.088585415843890125e-02 -9.266481434629714187e-03 -3.386238201361002620e-02
3.051283026512763286e-02 1.050411410034368664e-02 -1.079521672083483264e-02 -3.022172764463659789e-02
3.178587840474200732e-02 9.140234557150295203e-03 -1.047818935413802333e-02 -3.044792360775439022e-02
3.329956655325383430e-02 1.216505272294643447e-02 -1.089888657287163554e-02 -3.456573270332841119e-02
3.128197736980053989e-02 1.199076772936180646e-02 -1.077906582061538554e-02 -3.249367927854673876e-02
3.128611989437080076e-02 9.500619164658496985e-03 -8.856768777543932991e-03 -3.192997028148536476e-02
2.934016532938654720e-02 1.154337990775000655e-02 -9.403786893174892469e-03 -3.147975834396121719e-02
3.434597408810136088e-02 1.011120583418900765e-02 -9.368559860863046040e-03 -3.508862006142698942e-02
3.291886480917094460e-02 7.837265496673628817e-03 -9.119119527390084912e-03 -3.163701077845426646e-02
3.462017911735859599e-02 1.026211331189674780e-02 -9.610577240969364610e-03 -3.527171518828597918e-02
3.656404496405407656e-02 9.853889031029350321e-03 -1.032342298078015030e-02 -3.609451101430349862e-02
3.116404280908380287e-02 1.038595548990750572e-02 -1.022888756569573232e-02 -3.132111073329524320e-02
3.342000289173263639e-02 1.154138599319609604e-02 -1.126770287862777220e-02 -3.369368600630107125e-02
2.784585001212103172e-02 9.986175926219420518e-03 -9.775730475505395312e-03 -2.805629546283494591e-02
3.207999425796881354e-02 1.172231189256556227e-02 -9.442786392872881684e-03 -3.435951975766127209e-02
3.019862240284054700e-02 1.106045330595994969e-02 -1.059263020381073783e-02 -3.066644550498931476e-02
3.068042251143499044e-02 1.157944418373468842e-02 -1.125844037958734223e-02 -3.100142631558200357e-02
3.469195404508784719e-02 9.122879477704959328e-03 -1.086719551170745035e-02 -3.294763801108580026e-02
2.610176905461791819e-02 8.890177314866187785e-03 -1.002396391288573607e-02 -2.496798245659836990e-02
3.235434814877868881e-02 8.647928660986847760e-03 -1.135906762130556302e-02 -2.964320918845997355e-02
3.425446958077227322e-02 9.864726383334687654e-03 -9.071302892210031388e-03 -3.504789307189704051e-02
3.258786465183849401e-02 1.040342321525100644e-02 -1.046259667540982985e-02 -3.252869119167989265e-02
2.665550521147608265e-02 7.127994997069064809e-03 -7.806548236237054184e-03 -2.597695197230787123e-02
2.653220230849995254e-02 9.276741991795178777e-03 -1.077832695293245990e-02 -2.503061734736256039e-02
3.487253210282692528e-02 9.739707607174130644e-03 -1.148174809738522484e-02 -3.313049161261549802e-02
3.269842014879076331e-02 1.129824123531641966e-02 -9.971181181099963986e-03 -3.402548020300666387e-02
3.343530567599950487e-02 9.775391270301359015e-03 -9.008014754234738852e-03 -3.420268219206601401e-02
3.351781908887696559e-02 1.185483740896375870e-02 -1.319421939590115223e-02 -3.217843710193890594e-02
3.263469358447279589e-02 9.202797776867388535e-03 -8.940922280116669896e-03 -3.289656908122362555e-02
3.265469779471685818e-02 9.556376249775899723e-03 -6.982615892622390241e-03 -3.522845815186992358e-02
3.065199772258697664e-02 9.871095677401076074e-03 -7.799810873713619586e-03 -3.272328252627432210e-02
3.325071189058803611e-02 1.212504182180262902e-02 -9.716576355017436661e-03 -3.565917735737311745e-02
3.338374732254401067e-02 9.623439706654801640e-03 -9.183198342752163512e-03 -3.382398868644698187e-02
3.077599756212401338e-02 1.122270420077775555e-02 -9.196623559797223457e-03 -3.280207820310421241e-02
3.490937951463690680e-02 1.100592032644653884e-02 -1.201143020937589512e-02 -3.390386963170755052e-02
3.341721092672234050e-02 1.025213888662546147e-02 -9.553409702159787464e-03 -3.411594011118790348e-02
3.273434320620172144e-02 1.112929239340076926e-02 -1.206274818480412847e-02 -3.180088741479791814e-02
3.253363180625701290e-02 9.292849289648685840e-03 -1.040103165039774069e-02 -3.142544944550795805e-02
3.439092573703050881e-02 1.109365656327154781e-02 -1.241698235441046627e-02 -3.306759994589147933e-02
3.037480326015873366e-02 1.237643388364628727e-02 -1.026038448602095698e-02 -3.249085265778439702e-02
3.371183902343788397e-02 1.042775800663586772e-02 -8.873388841518226045e-03 -3.526620818855574768e-02
3.171926644755229674e-02 1.187418240506943334e-02 -1.283615074572941328e-02 -3.075729810689209476e-02
3.386403464662790519e-02 1.188510170754519812e-02 -1.076936100437897448e-02 -3.497977534979390679e-02
3.307157329865528794e-02 1.291290501210129449e-02 -1.363296345994480241e-02 -3.235151485081222411e-02
3.127564810613470137e-02 1.144462965223214113e-02 -9.600896230199884585e-03 -3.311938152816729097e-02
3.272446815233043260e-02 1.233544294102251193e-02 -1.357788342137977722e-02 -3.148202767197283425e-02
3.318750910833867529e-02 1.347919052627100100e-02 -1.330900420309666377e-02 -3.335769543151323457e-02
2.890470428822866644e-02 1.172294722144617829e-02 -1.202079009916379171e-02 -2.860686141051071996e-02
3.181927568024200959e-02 9.658645415760114261e-03 -1.079173044427306216e-02 -3.068619065172917271e-02
3.014226844502010394e-02 1.157898256765443890e-02 -1.067371252377236068e-02 -3.104753848890173806e-02
3.110178719341849529e-02 1.150049716102952146e-02 -1.073273508367178497e-02 -3.186954927077623179e-02
3.022337844894007475e-02 1.201360329780731817e-02 -1.210345274649271552e-02 -3.013352900025489944e-02
2.824352570420463060e-02 1.161006764221350629e-02 -1.009476052838587101e-02 -2.975883281803226588e-02
3.209613883746920138e-02 1.034467512045367243e-02 -1.016713140173064467e-02 -3.227368255619245119e-02
2.777511006375665836e-02 1.092164088467995064e-02 -9.023661398788407340e-03 -2.967308954964753553e-02
2.820483071382562379e-02 9.002866958856658997e-03 -9.737665718819177307e-03 -2.747003195386343855e-02
3.254810014610054480e-02 1.286439162257924096e-02 -1.165110421150084008e-02 -3.376138755717950080e-02
3.209418271965192027e-02 9.232861159304883714e-03 -1.206909009109202735e-02 -2.925795378786444356e-02
3.471619326054309340e-02 1.152376131372068180e-02 -1.024725121887659629e-02 -3.599270335538662380e-02
3.153565555122028741e-02 1.152020162232036959e-02 -1.147534456188781249e-02 -3.158051261165251145e-02
3.055313915133806013e-02 1.090140342088319336e-02 -1.084040947660402932e-02 -3.061413309561722418e-02
3.192981036694653163e-02 9.779899626604970919e-03 -9.365736939835334063e-03 -3.234397305371627951e-02
3.133046180542553572e-02 9.661460888920059276e-03 -9.970975528863945669e-03 -3.102094716548164932e-02
3.137950969422975689e-02 9.589432431025501913e-03 -1.142564895767705924e-02 -2.954329316757764445e-02
3.336700929866220910e-02 9.831532626620509419e-03 -1.027215032105133208e-02 -3.292639160423127542e-02
3.200543623188956133e-02 1.131954049298933285e-02 -9.030896980143032771e-03 -3.429407974473619447e-02
3.344821345035131621e-02 1.071791550690281980e-02 -1.116202122432086163e-02 -3.300410773293349642e-02
3.277681495439210835e-02 9.632840112754781359e-03 -8.762777735485283159e-03 -3.364687733166160655e-02
3.084172428869180749e-02 9.816664142326070319e-03 -1.055752683635957645e-02 -3.010086159465796829e-02
3.194069812184774371e-02 1.147915396463661253e-02 -1.106518011166501836e-02 -3.235467197481933788e-02
3.266664863656965068e-02 1.012461414765541967e-02 -1.214529658342222707e-02 -3.064596620080273226e-02
3.302141326145102695e-02 1.109824709643358887e-02 -1.138953830557087876e-02 -3.273012205231429217e-02
3.275744735577390543e-02 1.073760029066317401e-02 -1.255281641357497424e-02 -3.094223123286221622e-02
3.364704327904877168e-02 1.100194481750405018e-02 -1.128172514551817329e-02 -3.336726295103453754e-02
3.313989197293110145e-02 1.197802886695331637e-02 -1.018992470469859413e-02 -3.492799613518582369e-02
3.351686324909586290e-02 1.188359237972291815e-02 -1.318253335960606343e-02 -3.221792226921271762e-02
3.383963455352057004e-02 9.635618317256788856e-03 -1.123555118295394006e-02 -3.223970168782297474e-02
3.088283096915733772e-02 7.751020029463040473e-03 -9.331492854631084910e-03 -2.930235814398884919e-02
3.376817994042102811e-02 9.296713056852867751e-03 -1.189122485899118953e-02 -3.117366813828292837e-02
2.945131197905692666e-02 1.418265236875804192e-02 -1.160544943755481562e-02 -3.202851491026048603e-02
3.366125806693642808e-02 1.328049557062183084e-02 -1.148769485097911325e-02 -3.545405878657892362e-02
3.195292657826920291e-02 1.077374232542238630e-02 -1.218477602348277955e-02 -3.054189288020880966e-02
3.244259169301466628e-02 1.153461308123571172e-02 -1.049504211593510483e-02 -3.348216265831505112e-02
3.389316115689111619e-02 1.089041737545093369e-02 -1.066324240467875217e-02 -3.412033612766363078e-02
3.160504723309465192e-02 1.388346947719609759e-02 -1.340394100397157562e-02 -3.208457570631928490e-02
3.173888789318191073e-02 1.214290527328087954e-02 -9.966026297111518772e-03 -3.391576686935160456e-02
3.174920871527175947e-02 1.094187575229810250e-02 -1.160196411487479651e-02 -3.108912035269539853e-02
3.261040087260536069e-02 9.293196252007307478e-03 -9.593407400158571186e-03 -3.231018972445443005e-02
3.057040118169118692e-02 1.398287503708184332e-02 -1.071891017757575781e-02 -3.383436604119716140e-02
3.231369412043338940e-02 1.029447227481972149e-02 -1.070234162249517063e-02 -3.190582477275760720e-02
3.233390876236330591e-02 6.811735460894530192e-03 -9.946866592992598122e-03 -2.919877763026490491e-02
3.133537567624822273e-02 1.056618596325442638e-02 -1.226561633198086643e-02 -2.963594530752144962e-02
3.338152108953007513e-02 1.243422684507988762e-02 -1.150234200878219593e-02 -3.431340592582776683e-02
2.755208418437660178e-02 9.708191702960444758e-03 -9.285552304938216039e-03 -2.797472358239938561e-02
3.454819625278360284e-02 9.748670385161029017e-03 -1.044606280390392161e-02 -3.385080383404048820e-02
3.333666535381563101e-02 1.109818892601110996e-02 -1.214281445307274776e-02 -3.229203982675377116e-02
2.991567387178251103e-02 9.894226627097157944e-03 -1.064850876619505282e-02 -2.916139173268483820e-02
3.447686976103492285e-02 8.201700320147109480e-03 -9.459482605579494496e-03 -3.321908747560242681e-02
3.270414410530109173e-02 8.693120559872591357e-03 -1.011321683514865288e-02 -3.128404783002503020e-02
3.034004420202807140e-02 1.147560990305551698e-02 -1.161534311382106388e-02 -3.020031099126219143e-02
2.967870009409190324e-02 1.197799231107166129e-02 -1.024792388852413527e-02 -3.140876851663920721e-02
3.203161164142787065e-02 1.285635332761270178e-02 -1.034345759879573556e-02 -3.454450737024494789e-02
3.131365108239747563e-02 1.309408084272023487e-02 -1.094033904350533160e-02 -3.346739288161226789e-02
3.360374962461598614e-02 9.142140973107615309e-03 -1.179254302115217978e-02 -3.095334757657097757e-02
3.374918084177647160e-02 1.129277867709466143e-02 -1.178508202283179429e-02 -3.325687749603922772e-02
3.317226265369632721e-02 1.080341869933421073e-02 -1.175899658684065319e-02 -3.221668476618988475e-02
3.383057338939843284e-02 1.409732914855954533e-02 -1.044831369158694123e-02 -3.747958884637181409e-02
3.323539292270050183e-02 9.677377611513993116e-03 -1.235992376931105419e-02 -3.055284676490377382e-02
3.169044311567703609e-02 8.998212959725693239e-03 -1.025332707363080242e-02 -3.043532900177170486e-02
3.320868014552424974e-02 1.021482582555810481e-02 -1.182676051627007396e-02 -3.159674545481228058e-02
3.289402459079160401e-02 1.035423461466122852e-02 -1.097106931367897165e-02 -3.227718989177408293e-02
3.168436798734353133e-02 1.337908988767777529e-02 -1.320855908889229102e-02 -3.185489878612879355e-02
3.402407536459550741e-02 8.962283657885983246e-03 -1.097530958882808605e-02 -3.201104943365340461e-02
3.269187768777115366e-02 1.183064839762626441e-02 -1.200064374698006642e-02 -3.252188233841757370e-02
3.058564277047315372e-02 8.093408459217910078e-03 -1.083045000704363492e-02 -2.784860122264765092e-02
3.403466518242659333e-02 9.426268577418461803e-03 -1.090081209558424469e-02 -3.256012166426081045e-02
3.294653219142262834e-02 8.812138642729339111e-03 -1.154683144005430595e-02 -3.021183939409732844e-02
3.071704203438274661e-02 9.166879968606878037e-03 -9.541716450356618751e-03 -3.034220555263289487e-02
3.082575564694023385e-02 8.435626757870906545e-03 -9.906369078253707272e-03 -2.935501332655698903e-02
3.320085197450706183e-02 7.735062240952883528e-03 -9.130750210484261942e-03 -3.180516400497546137e-02
3.186740823003653134e-02 1.214921762619702861e-02 -1.235265662270002007e-02 -3.166396923353353987e-02
3.048532763435396475e-02 1.189381197575101190e-02 -1.218093929969299438e-02 -3.019820031041220432e-02
3.009401106809006521e-02 1.188353545367260011e-02 -1.003704997345467032e-02 -3.194049654830821705e-02
3.364184176232787316e-02 8.058564937359680158e-03 -1.046401355795645305e-02 -3.123639314173110026e-02
3.168527780759089474e-02 1.241986311460885339e-02 -1.059797699427122986e-02 -3.350716392792862930e-02
3.339175686086814920e-02 9.715487345564266519e-03 -1.021628849685463081e-02 -3.289095570957834003e-02
3.346673288546098135e-02 1.269047330772177240e-02 -1.127779817697160958e-02 -3.487940801621103315e-02
3.323676692137467192e-02 1.187279549795317024e-02 -1.051004294257951166e-02 -3.459951947674833050e-02
3.089311803270744505e-02 1.058021985069190762e-02 -9.523059569275238445e-03 -3.195027831412389219e-02
3.390439043236570527e-02 1.051023791455740763e-02 -1.363116922034646183e-02 -3.078345912657665107e-02
3.549764520509479659e-02 1.138800856363775260e-02 -1.067297564010916133e-02 -3.621267812862338786e-02
3.269845486060818374e-02 1.478623645303689393e-02 -1.310864285247004268e-02 -3.437604846117503499e-02
3.235175605186002556e-02 1.052786328257582227e-02 -1.080625390148226561e-02 -3.207336543295347120e-02
3.151095395439518221e-02 1.206218809422465732e-02 -1.256963997486604256e-02 -3.100350207375390799e-02
2.935100500787601874e-02 1.198803223915745342e-02 -8.028955830005624072e-03 -3.331008141702795911e-02
3.130306158135742756e-02 1.205324729703138864e-02 -9.091774774619532096e-03 -3.426453410376950615e-02
3.163580960654122087e-02 1.082583619459320801e-02 -9.113959083807632311e-03 -3.334768671732657452e-02
3.210807993969044816e-02 1.181473408034339201e-02 -1.226031963812967973e-02 -3.166249438190416043e-02
3.347307707277225042e-02 1.101310536678101748e-02 -1.238462314595545344e-02 -3.210155929359770344e-02
3.284588070566152318e-02 1.003773364463378392e-02 -9.396814829780608669e-03 -3.348679952051492048e-02
3.137324046926237564e-02 1.000900874834265153e-02 -9.565214618654227507e-03 -3.181703459895102171e-02
3.305783048961119519e-02 9.808003367403950179e-03 -1.132924982939331748e-02 -3.153658402762260504e-02
3.196907408649352078e-02 1.095267203723304661e-02 -1.114494612519434380e-02 -3.177679999853233461e-02
2.940804082818337939e-02 1.090286619806435375e-02 -9.602417563887022389e-03 -3.070848946236026666e-02
3.387736758295400996e-02 1.023079972590101860e-02 -1.133736514815752994e-02 -3.277080216069749863e-02
3.217605902445597188e-02 1.124908148595960000e-02 -1.067994824898432782e-02 -3.274519226143091100e-02
3.132239544447634749e-02 1.208236032363152468e-02 -7.519735437257812904e-03 -3.588502033084972620e-02
3.270808202282271537e-02 1.107854861057466778e-02 -1.094550215633183221e-02 -3.284112847706566196e-02
3.150853892543503676e-02 1.044678200658388789e-02 -9.271590908013105370e-03 -3.268373002400581928e-02
3.146562503980998571e-02 1.215097525650499222e-02 -1.143504689765406646e-02 -3.218155339866091147e-02
2.763382888992360620e-02 8.341970389481589976e-03 -7.460786761757765007e-03 -2.851501251764754219e-02
3.400499301627490922e-02 8.952244706638801119e-03 -8.951802234269168324e-03 -3.400543548864443100e-02
3.503477601493143467e-02 1.096108412725738113e-02 -1.134557069541475283e-02 -3.465028944677428502e-02
3.000585150627377296e-02 1.389100704641821338e-02 -1.129963397685296300e-02 -3.259722457583880129e-02
2.952298855926493992e-02 1.234647819694201232e-02 -9.892336687420066887e-03 -3.197713006878732944e-02
3.082080681000110012e-02 1.008738518747476220e-02 -1.008081695987350646e-02 -3.082737503760268893e-02
3.149831271659886411e-02 1.152353594928068325e-02 -1.030722167843789450e-02 -3.271462698744198594e-02
3.110775889881245426e-02 1.024964212552026410e-02 -8.062064524794299025e-03 -3.329533649953886343e-02
3.160940494156561087e-02 1.286119938337937363e-02 -1.147441511591806851e-02 -3.299618920902702701e-02
2.977095526847595153e-02 1.058223181508877175e-02 -1.065873016573715137e-02 -2.969445691782790497e-02
3.018417998582045847e-02 1.319305706827345048e-02 -1.029786472328364511e-02 -3.307937233080993078e-02
3.183313186935965433e-02 1.305204178926211434e-02 -1.064622255174418886e-02 -3.423895110687746879e-02
3.129196719343529942e-02 1.173854590744749515e-02 -1.071602275977068253e-02 -3.231449034111177898e-02
3.306980902169320835e-02 9.778943165099418522e-03 -9.665561848257731015e-03 -3.318319033853533995e-02
3.005400202870500692e-02 1.059650069251394378e-02 -1.091441510148694061e-02 -2.973608761973201009e-02
3.212323444630693636e-02 9.550394319958854794e-03 -9.175923546228093031e-03 -3.249770522003758710e-02
3.237492074110526197e-02 1.106976414121607633e-02 -1.370224373709516552e-02 -2.974244114522617277e-02
3.244733825669920968e-02 1.260551515586039173e-02 -1.175050056948112598e-02 -3.330235284307792032e-02
2.986215582436835270e-02 1.181791715186131242e-02 -1.086445263022695062e-02 -3.081562034600271449e-02
3.098972316882209199e-02 1.311085415685497857e-02 -1.076355067583600889e-02 -3.333702664984106168e-02
3.626399964838911139e-02 1.002080716708353414e-02 -1.005397059090396006e-02 -3.623083622456901853e-02
