5966.97 2.11557e-09 6384.04 9.88681e-10 -0.0126671 0.00154796 -2.12288e-06
5980.42 -6.48564e-09 6295.28 -3.08063e-09 -0.0128222 0.00156014 -2.14402e-06
6200.15 6.04361e-10 6620.47 2.82996e-10 -0.0132032 0.00163586 -2.12949e-06
5563.5 2.03278e-08 5880.93 9.61528e-09 -0.0120091 0.00158477 -2.15856e-06
6175.75 8.77765e-09 6588.4 4.11394e-09 -0.013251 0.00161173 -2.14565e-06
5549.75 5.05544e-09 5979.02 2.34624e-09 -0.0128128 0.00163274 -2.30871e-06
6439.73 4.43887e-09 6856.7 2.08447e-09 -0.013407 0.00171185 -2.08193e-06
5969.26 1.35428e-09 6386.18 6.32932e-10 -0.012778 0.00177707 -2.14063e-06
5863.01 2.21774e-09 6274.85 1.03609e-09 -0.0126737 0.00158847 -2.16164e-06
5972.09 -5.8506e-09 6375.15 -2.74035e-09 -0.0132658 0.00183032 -2.2213e-06
5862.5 -7.96844e-09 6278.17 -3.72043e-09 -0.0132543 0.00180137 -2.26087e-06
5808.48 2.09787e-08 6225.62 9.78652e-09 -0.0133569 0.00172684 -2.29954e-06
6801.1 -5.02967e-09 7214.05 -2.37088e-09 -0.0137206 0.00176273 -2.01741e-06
6665.13 -6.07996e-09 6981.96 -2.90203e-09 -0.0129349 0.00167384 -1.94068e-06
6034.13 -7.00098e-09 6447.23 -3.2762e-09 -0.0139745 0.00169273 -2.31591e-06
6050.07 6.72528e-09 6484.24 3.13748e-09 -0.0129341 0.00168799 -2.13784e-06
6235.55 1.08791e-08 6655.45 5.09635e-09 -0.0135649 0.00164213 -2.17541e-06
6108.83 1.25405e-09 6532.03 5.86399e-10 -0.0124675 0.00160059 -2.0409e-06
6574.14 -1.25729e-08 6988.49 -5.91372e-09 -0.0131836 0.00164116 -2.00538e-06
5984.17 6.95767e-09 6400.3 3.25265e-09 -0.0117734 0.00163512 -1.96743e-06
6567.75 -4.38464e-09 6887.18 -2.09064e-09 -0.0134301 0.00167865 -2.04485e-06
5772.5 -1.06656e-08 6179.93 -4.98124e-09 -0.0122261 0.00152107 -2.11799e-06
6117.29 -2.68922e-09 6541.39 -1.25744e-09 -0.0132086 0.00162337 -2.15923e-06
5892.28 -2.21389e-08 6311.97 -1.03334e-08 -0.0128365 0.00175687 -2.17853e-06
6074.74 -1.62311e-08 6391.18 -7.71375e-09 -0.0131913 0.00174867 -2.17149e-06
6135.75 -1.98315e-09 6541.07 -9.30132e-10 -0.0122219 0.00167106 -1.99192e-06
6275.25 -8.93432e-09 6671.78 -4.20166e-09 -0.0125809 0.00167125 -2.00484e-06
5735.47 4.02053e-09 6152.49 1.874e-09 -0.0129333 0.00193359 -2.25497e-06
6183.63 1.30773e-08 6588.11 6.13721e-09 -0.0132448 0.00159768 -2.14191e-06
6165.69 -3.36795e-09 6574.99 -1.57914e-09 -0.0124848 0.00173941 -2.02489e-06
5931.01 1.73164e-08 6325.81 8.11781e-09 -0.012791 0.00160355 -2.15664e-06
5446.2 3.32473e-09 5832.79 1.55218e-09 -0.0126015 0.0017965 -2.31381e-06
5619.8 -2.39004e-09 6009.08 -1.1176e-09 -0.0127303 0.00155587 -2.26527e-06
5173.35 9.27074e-09 5568.45 4.30647e-09 -0.0125022 0.00176254 -2.41666e-06
5409.54 -1.39203e-08 5798.48 -6.49329e-09 -0.0125988 0.00174122 -2.329e-06
5524.24 2.15564e-09 5818.71 1.02327e-09 -0.0129332 0.00162607 -2.34118e-06
5665.78 1.4957e-08 5950.55 7.12059e-09 -0.0128039 0.00186249 -2.25986e-06
6313.12 -1.53822e-09 6709.61 -7.23659e-10 -0.0127753 0.00177966 -2.02362e-06
6001.46 1.38113e-08 6383.53 6.49233e-09 -0.0128007 0.00160836 -2.13294e-06
5762.97 -8.14894e-10 6166.18 -3.80804e-10 -0.0124532 0.00155987 -2.1609e-06
5942.03 -5.78593e-09 6353.81 -2.70548e-09 -0.0114306 0.00166176 -1.92368e-06
5278.43 6.79525e-09 5674.23 3.16063e-09 -0.0122856 0.00159632 -2.32751e-06
5933.36 1.07328e-08 6328.89 5.031e-09 -0.0122254 0.00155916 -2.06045e-06
5397.57 9.54973e-09 5774.16 4.46345e-09 -0.0130665 0.00158853 -2.42082e-06
5778.48 6.97654e-09 6153.88 3.27548e-09 -0.0118141 0.00161102 -2.0445e-06
5530.23 1.16222e-08 5910.01 5.43768e-09 -0.0130107 0.00174304 -2.35265e-06
5741.47 -1.14212e-08 6139.23 -5.34063e-09 -0.0126276 0.0017874 -2.19937e-06
5188.93 -3.05697e-09 5572.9 -1.42317e-09 -0.0120534 0.00162837 -2.32291e-06
5600.88 1.66895e-08 5990.77 7.80163e-09 -0.0134538 0.00166977 -2.4021e-06
5900.82 9.25723e-09 6280.62 4.34872e-09 -0.0129983 0.00166254 -2.20279e-06
5479.01 1.53255e-08 5868.47 7.15422e-09 -0.0122462 0.00163409 -2.23511e-06
5567.96 1.46713e-08 5956.35 6.8573e-09 -0.0128335 0.0015393 -2.30488e-06
6012.63 9.54192e-09 6397.45 4.48398e-09 -0.0136935 0.00173751 -2.27746e-06
5630.75 -4.86324e-09 6025.67 -2.27225e-09 -0.0131335 0.00171896 -2.33247e-06
5633.59 2.00381e-08 6020.12 9.37574e-09 -0.011797 0.00167944 -2.09405e-06
5473.01 4.67906e-09 5873.68 2.17994e-09 -0.0126964 0.00149961 -2.31983e-06
5463.64 -1.61854e-08 5855.35 -7.55132e-09 -0.0130936 0.00180039 -2.39649e-06
5527.39 1.57073e-08 5933.98 7.31554e-09 -0.0117598 0.00153125 -2.12755e-06
5127.84 1.40079e-09 5513.32 6.51422e-10 -0.0121837 0.00176093 -2.37598e-06
6206.91 1.1595e-08 6580.88 5.46803e-09 -0.0135975 0.00167462 -2.1907e-06
5674.39 -1.26287e-08 6079.37 -5.89369e-09 -0.0121998 0.00167731 -2.14997e-06
5755.6 -2.23553e-09 6152.43 -1.04567e-09 -0.0126336 0.00174553 -2.19502e-06
5328.89 9.10289e-09 5713.77 4.24486e-09 -0.0124634 0.00168432 -2.33884e-06
6064.91 -1.36108e-08 6474.62 -6.37477e-09 -0.0123538 0.00185059 -2.03693e-06
5416.03 4.67943e-09 5807.21 2.18211e-09 -0.0132065 0.001661 -2.43842e-06
5827.11 -3.35585e-09 6239.16 -1.56711e-09 -0.0129284 0.00158765 -2.21866e-06
5365.58 -6.95709e-09 5745.15 -3.24873e-09 -0.0127082 0.0015823 -2.36846e-06
5391.19 -1.54016e-09 5785.4 -7.17608e-10 -0.013613 0.0017776 -2.52505e-06
6003.34 5.33173e-09 6384.57 2.50669e-09 -0.0127333 0.00160676 -2.12104e-06
6145.82 -2.45458e-09 6540.83 -1.15317e-09 -0.0122438 0.00168959 -1.99222e-06
5851.87 4.40308e-09 6247.9 2.06199e-09 -0.0124321 0.00159821 -2.12448e-06
6042.53 2.76675e-10 6438.22 1.29836e-10 -0.0131523 0.00174473 -2.17663e-06
5957.58 -1.33989e-08 6338.61 -6.29672e-09 -0.0133274 0.00163983 -2.23706e-06
5907.8 -4.91581e-09 6298.49 -2.30544e-09 -0.0133727 0.00173795 -2.26357e-06
5479.91 3.85859e-10 5884.77 1.79656e-10 -0.0134957 0.00165692 -2.46276e-06
6358.63 7.59548e-09 6749.14 3.578e-09 -0.0134072 0.00163562 -2.10851e-06
5397.68 5.90198e-09 5817.31 2.73812e-09 -0.0134812 0.00169615 -2.49759e-06
5698.35 -3.84071e-09 6113.43 -1.78997e-09 -0.0131178 0.0017548 -2.30204e-06
5773.54 -8.32721e-09 6170.57 -3.89571e-09 -0.0120596 0.00157292 -2.08878e-06
6167.15 -5.62427e-09 6564.4 -2.64195e-09 -0.0128105 0.00161833 -2.07722e-06
5762.34 -1.21476e-09 6158.91 -5.68273e-10 -0.0128841 0.00156727 -2.23592e-06
5942.49 6.2613e-09 6340.83 2.93398e-09 -0.0142021 0.00164466 -2.38993e-06
5742.9 -6.08021e-09 6145.59 -2.8409e-09 -0.0143562 0.00196305 -2.49981e-06
5396.8 -8.94618e-09 5786.84 -4.1716e-09 -0.0124894 0.00170305 -2.31423e-06
5339.72 7.68683e-09 5744.1 3.57284e-09 -0.0125919 0.00158039 -2.35817e-06
5870.58 -1.48719e-09 6294.62 -6.93504e-10 -0.0136735 0.0016456 -2.32916e-06
5579.11 -4.48252e-09 5981.41 -2.09052e-09 -0.0115419 0.00172077 -2.06877e-06
5823.52 -2.79825e-09 6225.92 -1.3087e-09 -0.0127395 0.00164008 -2.18759e-06
5720.19 7.1774e-10 6107.12 3.36133e-10 -0.0130323 0.00152263 -2.27829e-06
5845.04 -1.64215e-08 6255.05 -7.67253e-09 -0.012546 0.00175437 -2.14643e-06
5229.66 -1.46422e-08 5627.76 -6.80322e-09 -0.0126127 0.00172463 -2.41177e-06
5989.26 -7.17989e-09 6383.93 -3.36801e-09 -0.0129353 0.00167181 -2.15976e-06
6243.86 4.06649e-09 6653.62 1.90803e-09 -0.0130265 0.00156524 -2.08629e-06
5285.42 6.70092e-09 5681.55 3.11686e-09 -0.0124067 0.00150068 -2.34734e-06
5794.84 -4.08401e-09 6181.78 -1.91419e-09 -0.0123957 0.00163802 -2.13909e-06
5304.46 8.68506e-09 5696.66 4.04356e-09 -0.0124612 0.00162594 -2.34919e-06
5768.35 -5.10368e-09 6179.16 -2.38218e-09 -0.0124695 0.00161204 -2.16171e-06
5684.01 -2.28172e-08 6088.62 -1.06504e-08 -0.013783 0.00183064 -2.42487e-06
5982.59 5.06439e-09 6380.85 2.37415e-09 -0.0124981 0.00163463 -2.08907e-06
6066.69 5.28027e-10 6467.01 2.4767e-10 -0.0129912 0.00172533 -2.1414e-06
6179.15 1.81831e-08 6589.42 8.52549e-09 -0.0124148 0.00161035 -2.00914e-06
5476.11 2.40095e-08 5861.3 1.12158e-08 -0.0129491 0.00155648 -2.36465e-06
6223.81 -4.39273e-10 6616.09 -2.06614e-10 -0.0127317 0.00159771 -2.04565e-06
5798.98 1.25367e-08 6202.39 5.86067e-09 -0.0121107 0.00170555 -2.08842e-06
5985.18 -1.39539e-08 6368.41 -6.55708e-09 -0.0128871 0.00166161 -2.15318e-06
5595.91 -1.21842e-08 5892.08 -5.78586e-09 -0.0128773 0.00180488 -2.3012e-06
5724.82 2.4416e-08 6135.29 1.13913e-08 -0.0124347 0.00160357 -2.17207e-06
6033.57 -2.5856e-09 6436.11 -1.21194e-09 -0.0128436 0.00165583 -2.12869e-06
5856.01 1.15408e-08 6260.39 5.39766e-09 -0.0119168 0.00147659 -2.03496e-06
5788.67 4.12684e-09 6205.97 1.92467e-09 -0.0134153 0.00170507 -2.31751e-06
6048.2 -6.56414e-09 6465.31 -3.07033e-09 -0.0140859 0.00173748 -2.32894e-06
5757.3 2.655e-08 6148.71 1.24299e-08 -0.0133089 0.00169939 -2.31165e-06
5739.47 3.89683e-09 6122.34 1.82657e-09 -0.0122418 0.0015967 -2.13292e-06
5817.32 9.2806e-09 6228.06 4.33427e-09 -0.0122848 0.00152941 -2.11177e-06
5753.32 1.57678e-09 6151.92 7.37309e-10 -0.0133037 0.00174194 -2.31235e-06
6525.23 -4.50844e-09 6930.09 -2.12252e-09 -0.0130326 0.00172688 -1.99727e-06
5553.28 -8.61595e-09 5973.79 -4.00473e-09 -0.0120946 0.00148746 -2.17792e-06
5735.69 -4.00041e-09 6132.77 -1.8707e-09 -0.0122082 0.00158453 -2.12846e-06
6417.15 9.2469e-09 6809.29 4.35719e-09 -0.0131838 0.00167021 -2.05446e-06
6443.5 3.87031e-09 6867.41 1.8157e-09 -0.0127756 0.00175367 -1.98271e-06
6120.76 1.24683e-08 6532.48 5.84122e-09 -0.0122818 0.00160675 -2.00658e-06
6006.7 1.34803e-09 6413.43 6.31272e-10 -0.0132169 0.00158739 -2.20037e-06
5924.07 9.13719e-09 6322.96 4.28038e-09 -0.0124271 0.00164928 -2.09773e-06
6180.52 -1.43036e-08 6600.57 -6.69666e-09 -0.0134785 0.00164046 -2.1808e-06
5941.67 -1.08437e-08 6343.12 -5.07873e-09 -0.0129845 0.00178863 -2.18533e-06
5589.43 -5.90961e-09 5985.69 -2.75919e-09 -0.0136433 0.00179225 -2.44091e-06
6099.83 2.0238e-08 6535.4 9.44459e-09 -0.0132943 0.00163811 -2.17946e-06
5796.73 -6.21146e-09 6204.64 -2.90155e-09 -0.0128893 0.00175951 -2.22354e-06
5561.26 2.98766e-09 5961.6 1.39352e-09 -0.0133969 0.00169424 -2.40897e-06
5848.11 1.70796e-10 6260.16 7.97769e-11 -0.0127814 0.00163461 -2.18556e-06
6195.97 4.80204e-09 6627.88 2.24456e-09 -0.0129709 0.00177922 -2.09344e-06
6157.54 1.33269e-08 6605.3 6.21174e-09 -0.0115892 0.00158517 -1.88212e-06
6565.43 1.5658e-08 7006.17 7.33648e-09 -0.0129491 0.00166855 -1.97232e-06
6493.63 -6.32919e-09 6934.87 -2.96325e-09 -0.0130696 0.00165714 -2.01268e-06
6117.41 -1.47273e-08 6558.84 -6.86805e-09 -0.0137188 0.00164778 -2.24258e-06
6361.66 -1.2045e-08 6798.68 -5.63537e-09 -0.0133795 0.00171365 -2.10314e-06
6732.43 6.15044e-09 7185.33 2.88139e-09 -0.012928 0.00157457 -1.92026e-06
6378.32 -7.25566e-09 6842.73 -3.38161e-09 -0.013457 0.00158653 -2.10981e-06
6372.98 4.61622e-09 6828.5 2.15414e-09 -0.0124187 0.00172529 -1.94865e-06
6355.69 3.83192e-09 6822.14 1.78496e-09 -0.0133948 0.00176617 -2.10754e-06
6462.76 -7.47338e-10 6886.52 -3.50675e-10 -0.00987879 0.00126684 -1.52857e-06
6304.72 2.62916e-11 6756.13 1.22675e-11 -0.0134552 0.00182386 -2.13415e-06
6223.67 6.71347e-09 6648.99 3.14201e-09 -0.0134827 0.00152029 -2.16635e-06
6148.82 -5.9414e-10 6577.41 -2.77713e-10 -0.0132016 0.00166127 -2.14702e-06
6119.93 -2.58253e-09 6544.22 -1.20755e-09 -0.0129779 0.00188471 -2.1206e-06
6360.12 -5.21242e-09 6782.57 -2.44388e-09 -0.0136056 0.00165382 -2.13921e-06
6637.46 5.55243e-09 7071.7 2.60574e-09 -0.0124402 0.00155067 -1.87424e-06
6285.65 7.94679e-09 6716.54 3.71849e-09 -0.0135207 0.00178357 -2.15104e-06
6212.49 1.02195e-08 6654.08 4.77063e-09 -0.0139554 0.00177517 -2.24634e-06
6548.61 -7.63651e-09 6970.74 -3.58703e-09 -0.0136645 0.00182115 -2.08663e-06
6338.38 1.35092e-08 6759.67 6.33365e-09 -0.0127747 0.00168789 -2.01546e-06
6622.32 1.16851e-08 7052.02 5.48654e-09 -0.0113717 0.00147333 -1.71718e-06
5929.49 -6.12136e-09 6350.54 -2.85775e-09 -0.0125537 0.00170413 -2.11717e-06
6012.78 3.89488e-09 6442.15 1.81764e-09 -0.0114894 0.00161479 -1.91083e-06
6120.64 -4.07289e-09 6548.18 -1.90348e-09 -0.0134457 0.00196161 -2.19678e-06
6317.48 2.21128e-09 6768.17 1.03202e-09 -0.0139697 0.00165865 -2.21127e-06
5626.83 1.90952e-08 6051.73 8.87727e-09 -0.0125284 0.00164388 -2.22655e-06
6267.06 1.4899e-08 6706.2 6.96169e-09 -0.0133078 0.00168501 -2.12346e-06
6541.98 1.93914e-09 6973.89 9.09521e-10 -0.010412 0.00134324 -1.59157e-06
6165.01 2.48668e-09 6597.8 1.16178e-09 -0.0131436 0.00168733 -2.13196e-06
5446.83 5.31009e-09 5886.45 2.45676e-09 -0.0127279 0.00171121 -2.33675e-06
5996.52 -1.27839e-08 6416.23 -5.97382e-09 -0.0127283 0.00178715 -2.12262e-06
6604.06 3.73384e-09 7035.14 1.75252e-09 -0.0131241 0.00171414 -1.98728e-06
6152.94 8.31093e-09 6580.66 3.88538e-09 -0.0131576 0.00168366 -2.13842e-06
6119.2 -2.48368e-09 6552.36 -1.15975e-09 -0.0136256 0.00179608 -2.22669e-06
6097.86 -4.00646e-09 6508.56 -1.87682e-09 -0.0129776 0.00169328 -2.12822e-06
6488.56 1.35067e-08 6912.56 6.3391e-09 -0.0128889 0.00162362 -1.9864e-06
6284.11 8.5517e-09 6704.55 4.00771e-09 -0.0131896 0.00165016 -2.09888e-06
6452.67 6.36382e-09 6882.18 2.98333e-09 -0.0131279 0.00153968 -2.03449e-06
6412.87 7.35251e-09 6854.51 3.43939e-09 -0.0126006 0.00180451 -1.96489e-06
5997.03 -6.02064e-09 6424.61 -2.80997e-09 -0.0126911 0.00179476 -2.11624e-06
6337.25 -2.21238e-09 6764.77 -1.03628e-09 -0.0123455 0.00174584 -1.94809e-06
6266.22 3.94379e-09 6702.24 1.84361e-09 -0.0126801 0.00163074 -2.02357e-06
6023.04 -5.36607e-09 6444.65 -2.50751e-09 -0.0122102 0.00175927 -2.02725e-06
6496.65 -5.0987e-09 6923.18 -2.39229e-09 -0.0118878 0.00160446 -1.82983e-06
6202.48 -8.03774e-09 6630.63 -3.75936e-09 -0.0140005 0.00182344 -2.25724e-06
6274.4 6.94805e-09 6685.42 3.26044e-09 -0.0136283 0.00166734 -2.17205e-06
6041.73 5.92608e-09 6450.73 2.77518e-09 -0.0129289 0.00165146 -2.13993e-06
6054.41 1.03373e-08 6502.78 4.81225e-09 -0.0120348 0.00173606 -1.98777e-06
6266.61 8.09533e-09 6688.95 3.7921e-09 -0.0130369 0.00183492 -2.08038e-06
6253.55 5.14186e-09 6683.83 2.40542e-09 -0.012569 0.00168098 -2.0099e-06
6524.62 1.01021e-08 6945.73 4.74481e-09 -0.0129749 0.00170333 -1.9886e-06
5935.43 1.76589e-08 6368.75 8.22873e-09 -0.0133457 0.00156264 -2.24848e-06
5788.99 9.55602e-09 6211.63 4.45291e-09 -0.012738 0.00178193 -2.20039e-06
6472.75 -1.09705e-08 6888.06 -5.15453e-09 -0.0125627 0.00159337 -1.94085e-06
6408.7 1.10326e-08 6845.98 5.16397e-09 -0.0132394 0.00178455 -2.06584e-06
6343.41 1.07799e-08 6754.84 5.06165e-09 -0.0123112 0.00161167 -1.94078e-06
5782.96 1.61882e-08 6211.23 7.536e-09 -0.0126543 0.00165774 -2.18821e-06
6639.59 2.85949e-09 7069.79 1.34274e-09 -0.0126759 0.00168817 -1.90913e-06
5922.24 -3.61326e-09 6364.6 -1.68106e-09 -0.0135964 0.00180217 -2.29582e-06
6050.85 1.17095e-08 6498.57 5.4514e-09 -0.0131774 0.00168605 -2.17777e-06
6415.04 7.26228e-09 6833.68 3.40869e-09 -0.0134228 0.00170491 -2.0924e-06
6170.76 1.3794e-09 6612.94 6.43584e-10 -0.0133942 0.00179849 -2.17059e-06
6294.72 -1.09466e-08 6727.4 -5.12129e-09 -0.0125798 0.00180066 -1.99846e-06
6566.15 -4.59584e-09 7003.67 -2.15437e-09 -0.0129247 0.00174631 -1.96839e-06
6247.06 9.56566e-09 6684.96 4.46953e-09 -0.0134463 0.00171774 -2.15242e-06
6007.34 1.19271e-09 6446.17 5.55756e-10 -0.0142779 0.00191786 -2.37674e-06
6440.6 1.2311e-08 6880.78 5.76173e-09 -0.0138108 0.00174702 -2.14433e-06
6612.5 1.62031e-09 7049.76 7.59907e-10 -0.0138281 0.00164292 -2.09121e-06
6708.79 -5.19232e-09 7140.45 -2.43922e-09 -0.0117263 0.00145007 -1.74789e-06
6347.03 1.08647e-08 6781.37 5.08439e-09 -0.0120502 0.00168178 -1.89856e-06
6474.75 1.02729e-08 6910.33 4.81268e-09 -0.0127754 0.00168844 -1.97311e-06
6007.63 -6.38045e-09 6429.6 -2.98086e-09 -0.0135693 0.00166565 -2.25868e-06
6382.37 4.83588e-09 6818.89 2.26316e-09 -0.0121367 0.00164409 -1.9016e-06
5670.92 8.04833e-09 6098.39 3.74208e-09 -0.0120344 0.00160762 -2.12213e-06
6415.01 9.33683e-09 6852.55 4.37033e-09 -0.0133375 0.00172085 -2.07911e-06
6206.83 -4.16466e-09 6638.84 -1.94683e-09 -0.0135129 0.00170389 -2.17711e-06
5878.14 -1.21466e-08 6297.97 -5.66846e-09 -0.0124681 0.00169366 -2.1211e-06
5666.14 7.99705e-09 6055.75 3.74127e-09 -0.012748 0.00161774 -2.24986e-06
5839.28 -4.83317e-09 6238.22 -2.26204e-09 -0.0137317 0.0017559 -2.35162e-06
6338.47 -6.22611e-09 6748.09 -2.92409e-09 -0.0129576 0.00170765 -2.04428e-06
5726.25 -6.89405e-09 6106.4 -3.23243e-09 -0.0127703 0.00169499 -2.23013e-06
5980.22 -4.63038e-09 6367.71 -2.17431e-09 -0.0134159 0.00169807 -2.24337e-06
5941.25 8.07043e-09 6323.96 3.79101e-09 -0.0133416 0.00158302 -2.24558e-06
5563.95 5.40111e-09 5955.38 2.52306e-09 -0.0123214 0.00150836 -2.2145e-06
5747.96 -2.05448e-09 6137.23 -9.62087e-10 -0.0134302 0.00179368 -2.33652e-06
5960.31 5.79559e-10 6363.76 2.71408e-10 -0.0133573 0.00182886 -2.24105e-06
5849.94 4.9816e-09 6224.34 2.34098e-09 -0.0134861 0.00157075 -2.30535e-06
6040.23 1.42713e-08 6429.08 6.70405e-09 -0.0135806 0.00185759 -2.24836e-06
5253.15 -1.52964e-08 5635.05 -7.12987e-09 -0.0135934 0.00160106 -2.58767e-06
6121.56 -4.18115e-09 6511.95 -1.96525e-09 -0.0138361 0.001887 -2.26023e-06
5683.6 4.27706e-09 6082.6 1.99825e-09 -0.0128245 0.00164127 -2.2564e-06
5871.53 -4.97642e-09 6270.73 -2.32981e-09 -0.0129851 0.00162718 -2.21154e-06
5843.17 5.79518e-09 6247.13 2.71022e-09 -0.0131414 0.00162032 -2.24903e-06
5854.54 6.54035e-09 6245.79 3.06532e-09 -0.0129612 0.00190354 -2.21388e-06
5708.07 -3.48218e-09 6089.94 -1.63192e-09 -0.0131755 0.00178177 -2.30823e-06
5901.14 7.97384e-09 6310.78 3.72812e-09 -0.012704 0.00167177 -2.15281e-06
5764.87 -3.86987e-09 6170.97 -1.8076e-09 -0.0130395 0.00177598 -2.26189e-06
6109.03 -1.84606e-08 6504.04 -8.66973e-09 -0.0134154 0.00192037 -2.19599e-06
5918.49 -3.02258e-09 6303.19 -1.41905e-09 -0.0128133 0.00166221 -2.16497e-06
6059.68 1.00989e-08 6446.79 4.74627e-09 -0.0127816 0.00161294 -2.10928e-06
5578.34 1.28037e-09 5963.39 5.98849e-10 -0.0124827 0.00174704 -2.23771e-06
5752.23 -6.63603e-09 6158.94 -3.09891e-09 -0.0120595 0.00172764 -2.09649e-06
6139.52 -1.18718e-08 6512.89 -5.59559e-09 -0.0128937 0.00172521 -2.10012e-06
5994.61 1.10604e-08 6396.12 5.18305e-09 -0.0120619 0.00165138 -2.01212e-06
5388.34 1.15072e-08 5788.74 5.35561e-09 -0.0131124 0.00187099 -2.43349e-06
5132.17 1.16732e-08 5525.73 5.42091e-09 -0.0117294 0.00163274 -2.28546e-06
5559.48 -9.79589e-09 5962.93 -4.56656e-09 -0.0130359 0.00173026 -2.34481e-06
5816.19 4.16927e-09 6214.9 1.95089e-09 -0.0135499 0.001676 -2.32969e-06
6157.49 3.3511e-09 6546.83 1.5759e-09 -0.0130806 0.00164035 -2.12434e-06
5784.89 3.51226e-09 6175 1.64518e-09 -0.0136886 0.00154042 -2.36627e-06
5902.24 -3.30548e-09 6284.56 -1.5522e-09 -0.0130265 0.00171351 -2.20705e-06
5543.21 -6.46016e-09 5925.12 -3.02188e-09 -0.0132523 0.00183861 -2.39073e-06
5452.95 -1.32512e-08 5827.38 -6.19988e-09 -0.0131077 0.00186099 -2.40377e-06
5591.43 1.73834e-09 5979.56 8.12753e-10 -0.0125556 0.00171836 -2.24551e-06
5444.47 9.33114e-09 5830.15 4.35693e-09 -0.0129615 0.00163036 -2.38068e-06
5724.53 1.24333e-08 6117.95 5.81688e-09 -0.0127972 0.00159386 -2.2355e-06
5547.5 1.16611e-08 5937.64 5.44744e-09 -0.0128569 0.0017748 -2.3176e-06
5848.9 -1.54005e-10 6238.58 -7.21928e-11 -0.0123711 0.00162469 -2.11511e-06
5750.01 1.79451e-08 6142.68 8.39901e-09 -0.0124333 0.00160874 -2.16231e-06
5478.7 4.15262e-09 5864.4 1.93975e-09 -0.0121719 0.00158194 -2.22167e-06
6007.19 2.48107e-08 6408.23 1.1629e-08 -0.0130316 0.00166395 -2.16934e-06
5531.63 8.80896e-09 5907.21 4.12444e-09 -0.0131058 0.00163303 -2.36925e-06
5556.47 1.47575e-09 5940.39 6.90186e-10 -0.0127237 0.00176326 -2.28988e-06
6325.88 -4.32383e-09 6715.63 -2.03644e-09 -0.0125602 0.00181471 -1.98552e-06
5954.4 -9.8971e-09 6343.77 -4.64482e-09 -0.0127682 0.00181446 -2.14433e-06
5803.93 -9.32122e-09 6190.78 -4.36938e-09 -0.0143345 0.00180238 -2.4698e-06
5614.71 -1.56429e-08 5997.07 -7.32278e-09 -0.0121874 0.00158954 -2.17062e-06
6006.98 6.72096e-09 6380.01 3.164e-09 -0.0126819 0.00155563 -2.11119e-06
5292.02 -1.11989e-08 5685.55 -5.21189e-09 -0.0140093 0.00171747 -2.64724e-06
5886.12 -3.02193e-09 6260.98 -1.4205e-09 -0.0118287 0.00159077 -2.0096e-06
5475.99 -9.47728e-09 5856.89 -4.43046e-09 -0.012349 0.00173342 -2.25513e-06
6005.42 -1.78678e-09 6385.55 -8.40208e-10 -0.0125275 0.00185909 -2.08603e-06
5720.27 -6.46269e-10 6109.03 -3.02571e-10 -0.0117078 0.00162572 -2.04673e-06
6032.33 1.42185e-08 6421.35 6.67857e-09 -0.0127009 0.00168769 -2.10547e-06
5620.84 -1.06988e-08 6020.12 -4.99459e-09 -0.0126214 0.00167923 -2.24546e-06
5718.47 -7.58893e-09 6103.48 -3.55511e-09 -0.0137282 0.00168977 -2.40067e-06
4452.69 2.09703e-08 4804.75 9.71687e-09 -0.0126551 0.00164956 -2.84213e-06
5267.82 4.62545e-09 5654.05 2.15474e-09 -0.0132401 0.00183597 -2.5134e-06
6117.37 1.16368e-08 6485.44 5.48817e-09 -0.0124655 0.00165144 -2.03772e-06
5718.54 -1.34301e-08 6079.56 -6.31628e-09 -0.0128577 0.00166741 -2.24843e-06
5507.08 -1.68921e-08 5882.61 -7.90688e-09 -0.0117947 0.00177959 -2.14174e-06
5669.99 2.54861e-10 6032.2 1.19779e-10 -0.0124069 0.00164311 -2.18816e-06
5151.33 -1.49318e-08 5525.35 -6.96051e-09 -0.0124789 0.00156673 -2.42246e-06
5400.89 1.32717e-08 5762.68 6.21927e-09 -0.0134553 0.00177626 -2.4913e-06
5335.59 7.63076e-09 5705.93 3.56775e-09 -0.0122481 0.00172866 -2.29555e-06
5185.64 2.95257e-09 5548.8 1.37966e-09 -0.0127868 0.00170545 -2.46582e-06
5708.21 -5.68015e-09 6086.67 -2.66349e-09 -0.0135315 0.00166744 -2.37054e-06
5188.68 1.95313e-08 5558.93 9.11523e-09 -0.0135704 0.00179554 -2.61538e-06
5143.04 8.31235e-09 5521.33 3.87142e-09 -0.0142532 0.00182557 -2.77135e-06
5924.83 -4.98675e-09 6290.3 -2.34851e-09 -0.0127077 0.00169394 -2.14482e-06
4678 1.72455e-08 5047.25 7.99194e-09 -0.01293 0.00155794 -2.764e-06
5679.21 1.4694e-08 6052.27 6.89412e-09 -0.0113301 0.00155053 -1.99501e-06
5615.95 8.52564e-09 5987.17 3.99851e-09 -0.013113 0.00161167 -2.33495e-06
4962.98 -1.9291e-08 5334.69 -8.97341e-09 -0.0133327 0.0019127 -2.68643e-06
5319.59 4.52041e-09 5698.15 2.11005e-09 -0.0131365 0.00177379 -2.46945e-06
4710.74 -2.24307e-08 5080.24 -1.03996e-08 -0.013702 0.00174914 -2.90868e-06
5437.24 -1.49097e-08 5800.59 -6.98786e-09 -0.0122399 0.00170233 -2.25112e-06
5347.46 1.319e-08 5703.57 6.18324e-09 -0.0130908 0.00165749 -2.44804e-06
5143.31 9.70244e-09 5484.29 4.5496e-09 -0.0129115 0.00172394 -2.51034e-06
5399.11 8.1918e-10 5780.14 3.82589e-10 -0.0131226 0.00172317 -2.43051e-06
5113.64 -2.86613e-08 5492.5 -1.33422e-08 -0.012827 0.00157553 -2.5084e-06
5726.24 -1.27555e-08 6104.74 -5.98235e-09 -0.0128542 0.00169823 -2.2448e-06
5727.63 1.44666e-09 6076.82 6.81767e-10 -0.0138461 0.00181465 -2.41742e-06
5791.06 1.06132e-08 6166.5 4.9835e-09 -0.0127046 0.00165916 -2.19384e-06
5242.47 2.82263e-09 5622.04 1.31603e-09 -0.0131402 0.0017675 -2.50649e-06
5309.97 -3.61e-09 5677.66 -1.68811e-09 -0.0114643 0.001759 -2.15901e-06
6196.12 -6.69386e-09 6592.63 -3.14563e-09 -0.0119864 0.00162246 -1.93449e-06
6052.23 -2.57322e-09 6456.48 -1.20605e-09 -0.0129963 0.00169136 -2.14736e-06
6091.66 4.94325e-09 6485.58 2.32151e-09 -0.0131937 0.00165074 -2.16586e-06
5499.02 1.83978e-08 5909.84 8.55942e-09 -0.0121056 0.0017417 -2.20142e-06
5741.67 5.93967e-09 6150.08 2.77262e-09 -0.0131445 0.00164306 -2.28931e-06
5814.61 4.45027e-09 6235.97 2.07478e-09 -0.0134558 0.0016778 -2.31413e-06
5881.85 9.38561e-09 6290.4 4.38802e-09 -0.012752 0.00159155 -2.16803e-06
6139.91 9.00236e-09 6541.83 4.22464e-09 -0.0131001 0.00159185 -2.13359e-06
5631.65 -7.83403e-09 6049.72 -3.64633e-09 -0.0128281 0.00169951 -2.27786e-06
5749.77 1.49999e-08 6144.86 7.01771e-09 -0.0124634 0.00172538 -2.16763e-06
5586.16 -6.99213e-09 5984.66 -3.26327e-09 -0.0132973 0.0018456 -2.38039e-06
5677.2 1.10884e-08 6063.55 5.19096e-09 -0.0120818 0.00165347 -2.12812e-06
5749.59 -4.49967e-09 6167.95 -2.09723e-09 -0.0128823 0.00161223 -2.24056e-06
6130.09 -1.15131e-08 6534.29 -5.40047e-09 -0.0130594 0.00172727 -2.13037e-06
5818.94 1.85939e-08 6213.52 8.70653e-09 -0.0129102 0.00160322 -2.21865e-06
5537 -1.57054e-08 5943.2 -7.31596e-09 -0.0132268 0.00175407 -2.38881e-06
5786.85 1.07901e-08 6193.15 5.04109e-09 -0.012401 0.0017127 -2.14295e-06
5603.75 9.36156e-09 6018.78 4.35801e-09 -0.0126747 0.00173026 -2.26182e-06
5836.91 -1.21466e-09 6233.54 -5.68685e-10 -0.0126885 0.00173396 -2.17385e-06
5644.4 1.15878e-08 6060.59 5.39603e-09 -0.0127933 0.00163371 -2.26654e-06
6098.66 3.54926e-09 6507.11 1.66323e-09 -0.0132278 0.001855 -2.16896e-06
6407.57 4.56451e-09 6807.32 2.14823e-09 -0.0129509 0.00180786 -2.02119e-06
6117.35 3.02729e-10 6525.14 1.41905e-10 -0.0138047 0.00175494 -2.25665e-06
5843.18 -3.81846e-09 6238.04 -1.78838e-09 -0.0133723 0.00166055 -2.28854e-06
5571.55 4.3225e-09 5978.99 2.01397e-09 -0.0124663 0.00147606 -2.2375e-06
5923.73 1.64189e-08 6348.87 7.65973e-09 -0.0132162 0.0016131 -2.23105e-06
6138.19 1.4656e-08 6533.15 6.88497e-09 -0.0123253 0.00165388 -2.00796e-06
5488.7 -1.58195e-09 5863.97 -7.40356e-10 -0.013101 0.0016631 -2.38689e-06
5677.77 8.26275e-09 6083.28 3.85598e-09 -0.0120693 0.00166743 -2.12571e-06
5623.66 -2.38563e-08 6017.71 -1.11471e-08 -0.0111786 0.00168308 -1.98778e-06
5481.25 -1.53488e-08 5870.37 -7.16571e-09 -0.0122442 0.00156052 -2.23383e-06
6084.73 -1.33503e-08 6475.44 -6.2724e-09 -0.0128348 0.00170649 -2.10935e-06
5471.25 -8.40733e-09 5845.38 -3.93462e-09 -0.0123851 0.00160485 -2.26367e-06
5668.73 1.71009e-08 6051.94 8.00903e-09 -0.0131205 0.00168389 -2.31454e-06
5855.66 -2.66302e-09 6237.06 -1.25009e-09 -0.0132725 0.00170102 -2.26661e-06
5502.55 1.07068e-08 5905.33 4.98825e-09 -0.0120784 0.0016934 -2.19506e-06
5846.5 4.82897e-09 6223.02 2.2684e-09 -0.0130584 0.0016005 -2.23354e-06
5804.16 9.20622e-09 6195.22 4.31255e-09 -0.0129285 0.00167675 -2.22745e-06
5370.56 3.49248e-10 5761.74 1.62768e-10 -0.0130903 0.00177162 -2.43743e-06
6285.67 1.0708e-08 6660.2 5.05292e-09 -0.0118032 0.00157951 -1.8778e-06
5832.7 -2.44883e-09 6229.01 -1.14651e-09 -0.0118496 0.00162504 -2.03157e-06
5739.92 -6.96752e-09 6122.05 -3.26631e-09 -0.0140806 0.00171727 -2.4531e-06
5641.82 3.25372e-09 6026.15 1.5231e-09 -0.0134969 0.00165062 -2.3923e-06
5845.28 8.85697e-09 6242.4 4.14676e-09 -0.0128082 0.00170749 -2.19121e-06
5898.06 9.33522e-09 6286.37 4.37929e-09 -0.012885 0.00172421 -2.18462e-06
5900.11 -6.37275e-09 6286.09 -2.99073e-09 -0.0127674 0.00177136 -2.16392e-06
5700.2 -4.59222e-09 6072.95 -2.15518e-09 -0.0124589 0.00156453 -2.1857e-06
5718.31 -3.38525e-09 6104.34 -1.58559e-09 -0.0124314 0.00172222 -2.17396e-06
5608.28 -3.71538e-09 5970.99 -1.74484e-09 -0.0123457 0.00163992 -2.20133e-06
5597.45 1.57485e-08 5980.37 7.37004e-09 -0.0129321 0.00166004 -2.31036e-06
5548.17 -5.62222e-09 5909.34 -2.6393e-09 -0.0121753 0.0016298 -2.19447e-06
6253.54 1.46128e-08 6664.09 6.85629e-09 -0.0130442 0.00153096 -2.08589e-06
5400.67 1.45676e-08 5791.83 6.79188e-09 -0.0133865 0.00165576 -2.47867e-06
5723.08 -1.24388e-08 6102.95 -5.8323e-09 -0.0130698 0.00177421 -2.28369e-06
5479.18 -5.36075e-09 5860.21 -2.5061e-09 -0.0126978 0.00173186 -2.31747e-06
5565.09 7.68516e-09 5949.76 3.59414e-09 -0.0131692 0.00183457 -2.3664e-06
5528.74 1.82322e-08 5911.22 8.52628e-09 -0.0133607 0.00170483 -2.41659e-06
5996.69 1.80012e-08 6381.38 8.458e-09 -0.0125158 0.00160538 -2.08712e-06
6015.08 1.72894e-08 6424.79 8.09341e-09 -0.0130518 0.00164577 -2.16984e-06
5484.04 1.91247e-08 5878.11 8.92127e-09 -0.0125058 0.00162734 -2.28041e-06
5961.59 3.2205e-09 6348.12 1.5122e-09 -0.0131048 0.00170103 -2.1982e-06
5710.94 -1.50384e-08 6100.93 -7.03853e-09 -0.0132156 0.00167471 -2.31408e-06
5135.03 -1.55673e-08 5538.04 -7.21723e-09 -0.0137498 0.00172201 -2.67765e-06
5957.39 -1.11798e-08 6333.6 -5.25785e-09 -0.0121502 0.00164118 -2.03951e-06
5623.32 -9.06876e-09 6027.35 -4.23043e-09 -0.0135006 0.00172814 -2.40083e-06
5694.59 -8.09261e-09 6077.21 -3.79155e-09 -0.0121767 0.00184981 -2.13829e-06
5887.37 1.66916e-08 6277.79 7.82676e-09 -0.0123204 0.00166656 -2.09268e-06
5601.2 4.78673e-09 5992.04 2.23726e-09 -0.0120094 0.00161254 -2.14407e-06
5948.79 1.42146e-08 6337.65 6.6712e-09 -0.0120708 0.00169855 -2.02912e-06
5689.59 1.60188e-08 6054.81 7.52629e-09 -0.0120304 0.00181288 -2.11446e-06
5764.06 1.02046e-08 6163.91 4.77131e-09 -0.0129096 0.00158665 -2.23968e-06
5435.9 1.85513e-08 5828.5 8.65084e-09 -0.0123085 0.00163195 -2.26429e-06
5120.58 1.3251e-08 5508.16 6.15927e-09 -0.0127716 0.00143059 -2.49418e-06
6253.13 5.20133e-09 6644.61 2.44744e-09 -0.0123054 0.00161697 -1.96788e-06
5857.67 -1.58126e-08 6248.01 -7.41236e-09 -0.0124139 0.00170418 -2.11926e-06
5554.56 -3.74649e-09 5943.44 -1.75068e-09 -0.0129109 0.00180006 -2.32438e-06
5129.7 -1.36552e-08 5517.22 -6.34806e-09 -0.013598 0.00165074 -2.65083e-06
6016.42 1.30575e-08 6390.79 6.14631e-09 -0.0118026 0.00152753 -1.96174e-06
6447.78 1.25587e-08 6853.72 5.90743e-09 -0.0122669 0.00157399 -1.90249e-06
5667.74 -1.88286e-08 6059.46 -8.80571e-09 -0.0121101 0.00166673 -2.13667e-06
5680.4 5.23705e-10 6065.28 2.45236e-10 -0.0138444 0.00158166 -2.43722e-06
5686 5.83739e-09 6064.85 2.73637e-09 -0.0123663 0.00171493 -2.17486e-06
6195.14 -7.41165e-09 6590.15 -3.4837e-09 -0.0127997 0.00175132 -2.06609e-06
5094.17 -1.46643e-08 5482.04 -6.81337e-09 -0.0120278 0.00154849 -2.36108e-06
5717.41 -1.79354e-09 6122.55 -8.37427e-10 -0.0139299 0.00175349 -2.4364e-06
5891.23 6.98394e-09 6307.81 3.26135e-09 -0.0138265 0.00172694 -2.34697e-06
5427.67 -2.268e-09 5808.19 -1.05971e-09 -0.0134827 0.00180738 -2.48407e-06
5974.3 6.10602e-09 6377.87 2.85983e-09 -0.0138892 0.00165567 -2.32482e-06
5274.5 1.87717e-08 5646.97 8.76676e-09 -0.0138825 0.0018512 -2.632e-06
5487.4 1.77145e-08 5891.23 8.25009e-09 -0.0126523 0.00174729 -2.30571e-06
5619.44 -7.64117e-09 6019.65 -3.56658e-09 -0.0137835 0.0017004 -2.45283e-06
5569.8 -1.60159e-09 5961.6 -7.48166e-10 -0.0131213 0.00164354 -2.3558e-06
5529.29 2.32597e-08 5931.06 1.0842e-08 -0.0131954 0.00171252 -2.38646e-06
6179.79 6.40928e-09 6579.74 3.00984e-09 -0.012741 0.00185708 -2.06172e-06
5485.29 3.1459e-08 5852.09 1.47436e-08 -0.012637 0.00164441 -2.3038e-06
5586.94 1.8506e-09 5969.07 8.66065e-10 -0.0132868 0.00166324 -2.3782e-06
5323.98 8.95763e-09 5723.37 4.16627e-09 -0.0135514 0.00183431 -2.54536e-06
6273.39 -4.67143e-09 6657.24 -2.20104e-09 -0.0130124 0.0017002 -2.07422e-06
5480.48 -5.33401e-10 5885.34 -2.48354e-10 -0.0139415 0.00170808 -2.54386e-06
5402.34 -7.82394e-09 5791.15 -3.64933e-09 -0.0115795 0.0015782 -2.14343e-06
5783.96 -8.29798e-09 6179.63 -3.88334e-09 -0.0130515 0.0017978 -2.2565e-06
5959.97 -6.4554e-09 6381.02 -3.01472e-09 -0.0138033 0.00180481 -2.31599e-06
5557.16 -1.53384e-08 5932.55 -7.18394e-09 -0.0127537 0.0016644 -2.29501e-06
5737.27 6.24661e-09 6131.21 2.92262e-09 -0.0129374 0.0016501 -2.25498e-06
5386.3 -9.45419e-09 5799.71 -4.39015e-09 -0.0139085 0.0018113 -2.5822e-06
5643.96 -8.91431e-09 6039.17 -4.16548e-09 -0.0130889 0.00183913 -2.31911e-06
6008.09 4.97086e-09 6401.29 2.33276e-09 -0.012363 0.00157274 -2.05773e-06
5837.7 1.133e-08 6227.99 5.30999e-09 -0.0137315 0.0016292 -2.35221e-06
6049.05 -8.39324e-09 6441.81 -3.94075e-09 -0.0127326 0.00165734 -2.10489e-06
5772.01 -7.62099e-09 6175.74 -3.56139e-09 -0.0121889 0.00172264 -2.11172e-06
5909.14 -2.89568e-08 6296.03 -1.35887e-08 -0.0131778 0.00174322 -2.23006e-06
5753.45 -1.48444e-08 6145.55 -6.94865e-09 -0.0131049 0.00185567 -2.27775e-06
5508.43 -8.77761e-09 5896.62 -4.09988e-09 -0.0123337 0.00165205 -2.23906e-06
5428.02 -6.71851e-09 5826.84 -3.12932e-09 -0.0139376 0.00186426 -2.56772e-06
6120.29 7.09069e-09 6522.08 3.32694e-09 -0.0128697 0.00158545 -2.1028e-06
5767.84 2.23939e-08 6153.35 1.04954e-08 -0.0130737 0.00161635 -2.26665e-06
5868.68 -2.26537e-09 6253.29 -1.06302e-09 -0.0129784 0.00162754 -2.21148e-06
5899.4 -8.94248e-09 6326.7 -4.16926e-09 -0.0130119 0.00177438 -2.20563e-06
6126.24 1.27653e-09 6543.42 5.97572e-10 -0.0125933 0.00169819 -2.05564e-06
5440.92 1.19635e-08 5850.7 5.56278e-09 -0.0124501 0.00170445 -2.28824e-06
5615.76 4.17412e-10 6033.59 1.94253e-10 -0.0119068 0.00155408 -2.12025e-06
5760.92 6.34898e-09 6159.77 2.96894e-09 -0.0117503 0.00163459 -2.03966e-06
6027.43 -9.04066e-10 6442.62 -4.22902e-10 -0.0135349 0.00178185 -2.24554e-06
6126.15 1.65747e-08 6532.34 7.77202e-09 -0.0126621 0.00159449 -2.0669e-06
6150.94 6.1266e-09 6550.03 2.87666e-09 -0.0113353 0.00156703 -1.84285e-06
6330.29 1.67418e-08 6706.14 7.90177e-09 -0.0109797 0.00148683 -1.73448e-06
5915.26 8.66739e-09 6332.77 4.04798e-09 -0.013125 0.00168025 -2.21883e-06
5538.51 9.00303e-09 5941.66 4.19608e-09 -0.0136709 0.00170201 -2.46834e-06
6134.79 2.79719e-09 6535.27 1.31289e-09 -0.0130302 0.00165344 -2.12399e-06
5776.75 -7.13602e-09 6194.72 -3.32727e-09 -0.0144267 0.00173718 -2.49737e-06
5643.5 2.12805e-08 6061.54 9.90645e-09 -0.0122527 0.00164975 -2.17112e-06
5917.54 1.09503e-09 6335.64 5.11385e-10 -0.012645 0.00166848 -2.13687e-06
6146.25 3.71257e-08 6561.27 1.73887e-08 -0.0124938 0.00170117 -2.03274e-06
6396.8 1.2428e-09 6816.22 5.83162e-10 -0.0126999 0.0016171 -1.98536e-06
6112.49 4.12448e-09 6501.24 1.93893e-09 -0.0133524 0.00174061 -2.18445e-06
6199.38 1.15311e-08 6613.72 5.40435e-09 -0.0130553 0.00157932 -2.1059e-06
6298.93 -9.59532e-09 6703.3 -4.50824e-09 -0.0127569 0.00169678 -2.02525e-06
5955.88 -5.5643e-09 6353.92 -2.60786e-09 -0.0133753 0.00178964 -2.24572e-06
5733.58 -5.069e-09 6151.68 -2.36224e-09 -0.01284 0.00173493 -2.23944e-06
5979.72 1.63884e-08 6369.01 7.69337e-09 -0.0132235 0.0016434 -2.2114e-06
6052.81 1.35801e-08 6460.08 6.362e-09 -0.0125763 0.00164401 -2.07777e-06
5656.58 -9.1252e-09 6043.44 -4.27054e-09 -0.0127054 0.00180471 -2.24612e-06
5866.91 -5.05614e-09 6268.65 -2.36605e-09 -0.012638 0.00159146 -2.15412e-06
6093.06 2.37565e-09 6507.81 1.11213e-09 -0.0125078 0.00161706 -2.0528e-06
5534.43 6.53257e-09 5974.01 3.02595e-09 -0.012638 0.00166264 -2.28353e-06
6017.6 5.04166e-09 6413.91 2.36507e-09 -0.0129 0.00167625 -2.14372e-06
5999.41 5.29392e-10 6421.45 2.47299e-10 -0.0140065 0.00159567 -2.33465e-06
6019.02 1.43514e-10 6394.64 6.75421e-11 -0.0132152 0.00173308 -2.19557e-06
5748.6 -1.88385e-08 6157.04 -8.79438e-09 -0.0133306 0.00185056 -2.31894e-06
5590.19 2.90724e-08 5995.82 1.35528e-08 -0.0139127 0.00154629 -2.48877e-06
5630.3 -4.42203e-09 6025.94 -2.06585e-09 -0.0129087 0.00166745 -2.29271e-06
5693.57 8.74195e-09 6077.68 4.09473e-09 -0.0126644 0.00163328 -2.22434e-06
5622.5 -1.16203e-09 6019.65 -5.42685e-10 -0.0133886 0.00177412 -2.38126e-06
5700.42 1.82147e-09 6087.24 8.52864e-10 -0.0118339 0.00177131 -2.07597e-06
6156.96 -9.10912e-09 6573.76 -4.26578e-09 -0.0127845 0.0016469 -2.07643e-06
5602 8.33252e-09 5990.77 3.8959e-09 -0.0117829 0.00169075 -2.10334e-06
5734.33 1.25523e-08 6133.52 5.86766e-09 -0.0122772 0.0015733 -2.141e-06
5851.42 1.0887e-08 6237.6 5.10647e-09 -0.012997 0.00174576 -2.22117e-06
5397.75 1.42031e-08 5777.98 6.63424e-09 -0.0123962 0.00156148 -2.29654e-06
5604.07 7.18887e-09 6013.86 3.34951e-09 -0.0132559 0.00182612 -2.36541e-06
5881.65 4.03987e-09 6272.72 1.89401e-09 -0.0120535 0.001698 -2.04934e-06
5654.52 6.2392e-09 6040.79 2.92012e-09 -0.0124765 0.00157024 -2.20646e-06
5468.37 -8.79396e-10 5869.15 -4.09673e-10 -0.0127618 0.00164936 -2.33375e-06
5982.74 6.20256e-09 6390.78 2.90327e-09 -0.0135373 0.00175182 -2.26272e-06
5453.3 -3.59105e-10 5847.46 -1.67449e-10 -0.0126487 0.00159926 -2.31945e-06
5717.06 2.52337e-08 6110.61 1.18043e-08 -0.0132366 0.00164903 -2.31528e-06
5554.73 -1.62572e-08 5949.65 -7.58906e-09 -0.0129279 0.00182691 -2.32737e-06
5848.79 3.53494e-09 6237.59 1.6573e-09 -0.0120744 0.00163739 -2.06442e-06
5395.98 -2.18625e-09 5785.68 -1.0195e-09 -0.0122283 0.00168819 -2.26619e-06
6063.53 1.23201e-09 6471.64 5.77158e-10 -0.0131552 0.0018211 -2.16957e-06
5862.82 -1.2609e-08 6241.71 -5.92181e-09 -0.0134574 0.00164887 -2.29537e-06
5585.44 4.54487e-09 5992.12 2.11821e-09 -0.0130109 0.00174395 -2.32943e-06
6032.05 6.57514e-09 6423.98 3.087e-09 -0.0122964 0.00157542 -2.03851e-06
5993.13 -2.20197e-09 6380.13 -1.0342e-09 -0.0118622 0.0016584 -1.9793e-06
5642.43 6.22592e-09 6016.67 2.91933e-09 -0.0126954 0.0016044 -2.24999e-06
5613.4 8.17311e-10 5999.83 3.82335e-10 -0.0133849 0.00165846 -2.38446e-06
5885.87 -1.86203e-09 6244.43 -8.77554e-10 -0.0125611 0.00150409 -2.13412e-06
5442.95 2.51292e-10 5813.97 1.17628e-10 -0.0126581 0.00168112 -2.3256e-06
5460.37 -2.61023e-09 5855.02 -1.21715e-09 -0.0133291 0.00169571 -2.44106e-06
4757.26 2.64947e-08 5136.21 1.227e-08 -0.0127696 0.00170827 -2.68424e-06
5300.02 6.8527e-09 5677 3.19883e-09 -0.0123549 0.00148121 -2.33111e-06
5385.49 2.79392e-09 5760.82 1.30594e-09 -0.0141261 0.00196393 -2.62299e-06
5398.81 -9.33437e-09 5770.44 -4.36661e-09 -0.0129856 0.00174404 -2.40528e-06
4911.36 -1.83504e-09 5290.66 -8.51743e-10 -0.013412 0.00171958 -2.7308e-06
4932.38 7.9133e-09 5318.15 3.66964e-09 -0.0124406 0.00170382 -2.52224e-06
5317.5 1.39546e-08 5710.11 6.49756e-09 -0.0133899 0.00175336 -2.51809e-06
5154.99 8.08741e-09 5526.86 3.77163e-09 -0.0121261 0.00161594 -2.3523e-06
5112.93 2.20239e-09 5487.17 1.02609e-09 -0.0134762 0.00174858 -2.63571e-06
5183.54 1.03441e-08 5548.66 4.83172e-09 -0.0132719 0.0018824 -2.5604e-06
5169.63 -1.00456e-08 5537.92 -4.68874e-09 -0.0125449 0.00174496 -2.42665e-06
5220.19 2.69187e-09 5580.58 1.25901e-09 -0.0121977 0.00177882 -2.33665e-06
5591.14 4.32964e-09 5958.78 2.03125e-09 -0.0122693 0.00160383 -2.19442e-06
5533.72 -1.83917e-08 5902.97 -8.62064e-09 -0.0134575 0.00190197 -2.43191e-06
5759.35 1.71541e-08 6117.27 8.07524e-09 -0.0130478 0.0018066 -2.2655e-06
4985.8 1.88773e-08 5347.92 8.79954e-09 -0.012266 0.00167137 -2.46019e-06
5268.41 2.29595e-09 5636.76 1.07296e-09 -0.012556 0.00182164 -2.38326e-06
5328.99 -7.57188e-10 5707.8 -3.53468e-10 -0.0128387 0.00186187 -2.40922e-06
5150.46 -1.68604e-09 5535.07 -7.84443e-10 -0.0122999 0.00160219 -2.38812e-06
5691.8 7.43823e-09 6067.68 3.48872e-09 -0.0125296 0.00162197 -2.20135e-06
5357.91 1.88356e-08 5714.67 8.82983e-09 -0.0122881 0.00159334 -2.29346e-06
5639.99 6.66334e-10 6004.62 3.12935e-10 -0.0129716 0.00171159 -2.29994e-06
5296.86 -3.2273e-09 5666.24 -1.50846e-09 -0.0136851 0.00185034 -2.58362e-06
5647.14 -1.03395e-08 6030.28 -4.84129e-09 -0.0126576 0.00183263 -2.24142e-06
5144.69 8.10285e-09 5513.24 3.78059e-09 -0.0136254 0.00193697 -2.64845e-06
5603.27 2.68457e-09 5976.42 1.25848e-09 -0.0127213 0.00169649 -2.27033e-06
5677.02 -2.38864e-09 6079.09 -1.11533e-09 -0.0127559 0.00157966 -2.24693e-06
5654.41 -4.44174e-09 6048.61 -2.07613e-09 -0.0130735 0.00178018 -2.31208e-06
5833.12 -1.84583e-08 6225.46 -8.64753e-09 -0.0134117 0.00160527 -2.29924e-06
5789.58 -1.05216e-09 6197.66 -4.91441e-10 -0.0133874 0.00168732 -2.31233e-06
5782.61 2.77365e-10 6172.93 1.29913e-10 -0.0116463 0.00142108 -2.01402e-06
5729.87 1.57386e-08 6129.86 7.35583e-09 -0.0122192 0.00168785 -2.13255e-06
6044.85 -1.25512e-08 6438.77 -5.89167e-09 -0.0133548 0.00166563 -2.20928e-06
6133.44 -3.12537e-09 6527.92 -1.46825e-09 -0.0133205 0.00159151 -2.17178e-06
5438.64 -2.18892e-09 5843.41 -1.01864e-09 -0.0135206 0.00171968 -2.48602e-06
6092.78 6.6559e-09 6486.61 3.12589e-09 -0.0130591 0.00174973 -2.14337e-06
5789.54 1.40018e-08 6181.49 6.55697e-09 -0.0115578 0.00148259 -1.99632e-06
6029.17 -1.67703e-08 6431.79 -7.86027e-09 -0.0134425 0.00164032 -2.22957e-06
5249.37 4.95444e-09 5641.05 2.30522e-09 -0.013071 0.00171465 -2.49001e-06
5621.87 -8.75238e-09 6018.71 -4.08765e-09 -0.0140915 0.00182355 -2.50655e-06
5541.86 -3.92179e-09 5931.27 -1.83215e-09 -0.0134102 0.00185934 -2.4198e-06
5736.8 9.10785e-10 6119.68 4.26901e-10 -0.0140544 0.00182233 -2.44987e-06
5880.56 -1.80699e-10 6273.39 -8.46919e-11 -0.0129434 0.00157445 -2.20106e-06
5863.29 4.79281e-09 6251.85 2.24746e-09 -0.0133182 0.00190427 -2.27146e-06
5707.45 -2.86835e-09 6093.75 -1.34326e-09 -0.0135417 0.00174539 -2.37263e-06
5926.16 -3.78507e-09 6307.09 -1.77823e-09 -0.0130362 0.00172334 -2.19977e-06
5583.17 -4.40001e-10 5960.96 -2.06057e-10 -0.013044 0.00175116 -2.33631e-06
5793.9 8.07572e-10 6169.55 3.792e-10 -0.0124768 0.00169396 -2.15343e-06
5510.46 -3.03078e-09 5895.32 -1.41646e-09 -0.0121788 0.00160548 -2.21012e-06
5816.05 1.37702e-08 6210.68 6.44763e-09 -0.0130901 0.00159569 -2.25069e-06
5735.93 2.73445e-09 6130.94 1.27914e-09 -0.0127217 0.00158492 -2.21789e-06
6230.31 6.11349e-09 6612.98 2.87986e-09 -0.0124419 0.0017957 -1.997e-06
5835.37 2.4047e-09 6218.53 1.12827e-09 -0.0120949 0.00156527 -2.07269e-06
6096.51 -6.58889e-09 6551.76 -3.06553e-09 -0.0141021 0.00190116 -2.31315e-06
6152.43 -3.0669e-09 6597.63 -1.42997e-09 -0.0136606 0.001685 -2.22037e-06
6467.78 -2.91613e-09 6907.12 -1.36533e-09 -0.0134665 0.00171438 -2.08209e-06
6587.48 -1.35831e-09 7015.01 -6.37766e-10 -0.0122149 0.00176635 -1.85426e-06
6220.66 5.30699e-09 6663.87 2.47701e-09 -0.0121811 0.00160995 -1.95818e-06
6104.28 3.47322e-09 6541.25 1.6206e-09 -0.0143272 0.00184092 -2.34708e-06
6857.88 1.39091e-08 7194.53 6.62914e-09 -0.0115074 0.00155747 -1.67798e-06
6066.8 1.64214e-08 6492.97 7.67177e-09 -0.0125524 0.00152667 -2.06903e-06
6063.29 1.30879e-08 6487.79 6.11575e-09 -0.0136927 0.0018586 -2.2583e-06
5909.76 1.26282e-08 6337.28 5.88813e-09 -0.0126289 0.00170326 -2.13695e-06
6079.32 1.71424e-08 6504.78 8.01061e-09 -0.0127607 0.0017799 -2.09904e-06
5966.48 -3.03309e-10 6397.42 -1.41439e-10 -0.0131218 0.00170392 -2.19926e-06
6079.55 -2.80348e-09 6510.29 -1.309e-09 -0.013222 0.00170993 -2.17483e-06
6447.29 -3.01506e-09 6901.93 -1.40823e-09 -0.0140972 0.00187062 -2.18653e-06
6536.37 -6.59451e-09 6959.21 -3.09692e-09 -0.0126461 0.0016183 -1.93473e-06
6630.52 6.62968e-10 7075.23 3.10649e-10 -0.0139889 0.00190858 -2.10977e-06
6533.26 5.38875e-09 6977.15 2.52296e-09 -0.0132272 0.00163625 -2.02459e-06
6189.23 -5.34612e-09 6628.54 -2.49591e-09 -0.0127996 0.00173009 -2.06804e-06
6408.87 5.53512e-09 6840.61 2.59288e-09 -0.0134879 0.00166748 -2.10457e-06
5999.97 1.84004e-08 6429.33 8.58581e-09 -0.012946 0.00152423 -2.15768e-06
6038.84 -1.07121e-08 6477.89 -4.99304e-09 -0.0137247 0.00188876 -2.27273e-06
6381.55 6.38669e-09 6802.88 2.99557e-09 -0.0130166 0.00177793 -2.03972e-06
6112.8 1.20181e-08 6537.63 5.61858e-09 -0.0131957 0.00160893 -2.1587e-06
6288.56 -2.27765e-09 6726.03 -1.06475e-09 -0.0130135 0.00167641 -2.06939e-06
5529.21 2.56393e-08 5911.98 1.19897e-08 -0.0126304 0.00164968 -2.28431e-06
4823.36 -1.98149e-08 5093.57 -9.38186e-09 -0.013108 0.0018731 -2.7176e-06
5755.67 -3.63142e-09 6126.17 -1.7059e-09 -0.0129315 0.00185554 -2.24673e-06
5404.33 2.16054e-09 5778.76 1.01028e-09 -0.012298 0.00169622 -2.27559e-06
5683.71 3.39719e-09 6071.39 1.59014e-09 -0.013145 0.00167739 -2.31275e-06
5646.57 -4.23604e-09 6027.37 -1.98421e-09 -0.0135404 0.00176264 -2.39798e-06
5040.19 1.18792e-09 5413.02 5.53049e-10 -0.0131203 0.00172133 -2.60313e-06
5581.19 4.33519e-09 5968.06 2.02708e-09 -0.0130445 0.0018518 -2.33722e-06
5235.65 -2.36923e-08 5622.33 -1.10314e-08 -0.0131252 0.00160714 -2.50689e-06
5652.56 -1.14357e-09 6016.75 -5.37176e-10 -0.012101 0.00147806 -2.1408e-06
4978.45 2.86485e-09 5354.21 1.3319e-09 -0.0133104 0.00193151 -2.67359e-06
5207.01 -1.06862e-09 5576.46 -4.9891e-10 -0.0133893 0.00156102 -2.5714e-06
5709.06 -2.06546e-08 6095.71 -9.67224e-09 -0.0143466 0.00175771 -2.51296e-06
5731.07 3.97472e-09 6118.39 1.86155e-09 -0.0128176 0.00170598 -2.23651e-06
5340.84 1.44014e-08 5707.64 6.73794e-09 -0.0128754 0.00163135 -2.41074e-06
5450.46 -6.25558e-09 5821.03 -2.92867e-09 -0.0134867 0.00177427 -2.47442e-06
5247.03 -7.87851e-09 5620.27 -3.67765e-09 -0.0142409 0.00186063 -2.71408e-06
5838.89 2.13654e-08 6219.67 1.00287e-08 -0.0131662 0.00177943 -2.25491e-06
5406.15 -1.68626e-10 5784.8 -7.87943e-11 -0.0137315 0.0016842 -2.53998e-06
5573.69 -1.54201e-08 5943.46 -7.23035e-09 -0.013441 0.00175985 -2.41152e-06
5004.76 -8.60443e-09 5373.92 -4.00668e-09 -0.0132595 0.00176933 -2.64939e-06
5220.44 -8.65197e-09 5601.22 -4.0319e-09 -0.0128224 0.00166977 -2.4562e-06
5610.66 -2.41076e-09 5996.91 -1.12774e-09 -0.0125905 0.00157685 -2.24402e-06
5593.11 -9.83443e-09 5934.51 -4.63434e-09 -0.0131605 0.00182582 -2.35299e-06
5758.26 -5.75783e-09 6126.16 -2.70602e-09 -0.0140916 0.00180325 -2.4472e-06
4680.01 -4.76257e-09 5050.47 -2.20661e-09 -0.0124134 0.0016033 -2.65243e-06
5552.82 -4.85773e-09 5920.26 -2.27812e-09 -0.0120582 0.0016747 -2.17154e-06
4769.06 2.19032e-09 5150.84 1.01399e-09 -0.01259 0.00156055 -2.63994e-06
5239.67 1.02244e-08 5614.7 4.77075e-09 -0.0126563 0.00171072 -2.41549e-06
5709.25 -1.3852e-08 6078.42 -6.50535e-09 -0.0123998 0.00157118 -2.17188e-06
6172.65 -1.75166e-09 6587.6 -8.20661e-10 -0.012995 0.00166247 -2.10525e-06
6080.03 1.97354e-08 6493.36 9.23957e-09 -0.0121644 0.00173518 -2.00071e-06
6457.98 7.20114e-09 6865.55 3.38682e-09 -0.012112 0.00180193 -1.87551e-06
6043.39 2.1082e-08 6448.24 9.8792e-09 -0.012854 0.00160167 -2.12695e-06
5579.29 4.58142e-10 5989.07 2.13397e-10 -0.0121583 0.00168422 -2.17919e-06
6652.89 1.61057e-08 7072.74 7.57481e-09 -0.0127738 0.00163845 -1.92004e-06
6329.01 1.54222e-08 6747.09 7.23327e-09 -0.0140693 0.00176457 -2.22298e-06
6375.52 7.82835e-09 6799.78 3.66995e-09 -0.0124587 0.00173907 -1.95415e-06
6430.43 1.17738e-08 6850.72 5.52575e-09 -0.0134537 0.00162332 -2.0922e-06
5687.88 2.38766e-09 6105.51 1.11217e-09 -0.0123983 0.00154947 -2.17978e-06
6123.58 2.76434e-09 6534.23 1.29531e-09 -0.0129369 0.00169862 -2.11264e-06
6067.62 1.3652e-08 6485.86 6.38581e-09 -0.0128709 0.00181735 -2.12124e-06
5939.21 1.41816e-08 6347.4 6.63478e-09 -0.0126552 0.00176796 -2.1308e-06
6172.71 5.95989e-09 6598.99 2.78745e-09 -0.013006 0.00185366 -2.10702e-06
6500.04 6.85023e-09 6916.67 3.2188e-09 -0.0131148 0.00166999 -2.01764e-06
6013.45 5.30885e-09 6415.04 2.48825e-09 -0.0135319 0.00177978 -2.25028e-06
6559.65 6.32384e-09 6964.21 2.97824e-09 -0.0132305 0.00167676 -2.01695e-06
5847.96 -8.50453e-09 6276.27 -3.96208e-09 -0.0136396 0.00180716 -2.33238e-06
6086.27 5.13305e-09 6497.28 2.40417e-09 -0.0123849 0.00163359 -2.03489e-06
6227.52 -4.35162e-09 6634.57 -2.04232e-09 -0.013089 0.00163642 -2.1018e-06
6697.41 9.17508e-09 7102.75 4.32573e-09 -0.0131465 0.00157501 -1.96292e-06
5916.96 -1.04232e-08 6331.22 -4.87058e-09 -0.0126579 0.00164827 -2.13925e-06
5428.09 1.19969e-08 5846.33 5.56931e-09 -0.0129689 0.00171469 -2.38922e-06
6309.31 -9.08383e-09 6710.04 -4.27067e-09 -0.0127254 0.00179658 -2.01692e-06
5999.03 -6.45957e-09 6408.24 -3.02354e-09 -0.0127208 0.00182294 -2.12047e-06
5905.1 1.61952e-08 6324.05 7.56116e-09 -0.0123642 0.0016322 -2.09381e-06
6173.33 8.96378e-09 6584.47 4.20203e-09 -0.0123651 0.00165655 -2.00298e-06
6137.78 -1.24618e-08 6555.83 -5.83356e-09 -0.0135956 0.00165692 -2.21506e-06
6554.21 4.30094e-09 6960.96 2.02481e-09 -0.0129064 0.00160788 -1.96918e-06
5811.39 9.21347e-12 6208.63 4.31199e-12 -0.0126546 0.00170421 -2.17755e-06
5760.42 -9.03996e-09 6147.02 -4.2357e-09 -0.0128519 0.00181428 -2.23107e-06
6635.33 3.0796e-09 7050.78 1.44907e-09 -0.0129566 0.00170383 -1.95268e-06
5897.23 -1.00346e-08 6305.92 -4.69211e-09 -0.0123008 0.00157916 -2.08585e-06
6179.55 -7.06815e-10 6598.74 -3.30957e-10 -0.01304 0.00174352 -2.11018e-06
5638.73 5.09848e-09 6055.17 2.37392e-09 -0.0131062 0.00158571 -2.32432e-06
5448.55 1.69744e-08 5844.37 7.91239e-09 -0.0126208 0.00162383 -2.31636e-06
5720.38 1.5246e-08 6144.76 7.09653e-09 -0.014031 0.00174447 -2.45282e-06
6172.2 -5.92513e-09 6578.79 -2.77947e-09 -0.0131342 0.00171354 -2.12796e-06
6194.18 4.82046e-09 6602.05 2.26133e-09 -0.0121786 0.00171276 -1.96614e-06
6229.88 9.82289e-09 6651.57 4.60008e-09 -0.0122616 0.00175739 -1.9682e-06
6209.42 7.09126e-09 6623.1 3.32417e-09 -0.0125318 0.00164256 -2.01819e-06
5924.21 8.2048e-09 6340.11 3.83329e-09 -0.0127309 0.00177289 -2.14895e-06
5830.66 1.59502e-08 6245.88 7.44492e-09 -0.0124525 0.00155927 -2.13569e-06
6149.6 6.46703e-09 6545.78 3.03781e-09 -0.0117082 0.0014947 -1.9039e-06
5202.86 -8.29212e-09 5617.87 -3.83978e-09 -0.0132903 0.00179377 -2.55442e-06
5858.84 -3.39912e-09 6258.37 -1.59106e-09 -0.0123976 0.00164727 -2.11605e-06
6298.29 1.83589e-09 6705.79 8.62162e-10 -0.0144016 0.00173127 -2.28658e-06
6149.19 -3.52042e-09 6553.08 -1.65172e-09 -0.012581 0.00168893 -2.04596e-06
6231.5 2.69941e-09 6666.36 1.26166e-09 -0.0129346 0.00178702 -2.07568e-06
6131.84 7.55764e-10 6535.69 3.54532e-10 -0.0133891 0.00159801 -2.18353e-06
5809.52 -2.21417e-09 6220.37 -1.03396e-09 -0.0126268 0.00164225 -2.17347e-06
6152.89 4.67052e-09 6579.07 2.18399e-09 -0.0136117 0.00177018 -2.21225e-06
5403.31 -4.06681e-09 5799.95 -1.89435e-09 -0.0121131 0.00161985 -2.24179e-06
6242.67 1.07407e-08 6668.31 5.02755e-09 -0.0137212 0.00164487 -2.19796e-06
6129.38 7.66345e-09 6548.97 3.58623e-09 -0.0125313 0.0017565 -2.04446e-06
5708.15 5.83772e-09 6110.27 2.72677e-09 -0.0127653 0.00175364 -2.23633e-06
5713.23 7.04861e-09 6120.11 3.29e-09 -0.0124711 0.00166112 -2.18285e-06
5271.28 5.46031e-09 5673.6 2.53656e-09 -0.0128554 0.00167991 -2.43877e-06
5232.74 4.63882e-09 5648.34 2.14875e-09 -0.0129156 0.00172724 -2.46822e-06
5210.74 8.6649e-10 5607.92 4.02561e-10 -0.0126219 0.00172362 -2.42229e-06
5329.22 -3.3578e-09 5704.9 -1.56834e-09 -0.0116925 0.00159458 -2.19404e-06
5640.05 3.29196e-09 6072.34 1.5288e-09 -0.0122596 0.00177679 -2.17367e-06
5694.35 -1.57932e-08 6110.64 -7.35863e-09 -0.0129554 0.00177074 -2.27513e-06
5506.78 -9.74385e-09 5904.03 -4.54412e-09 -0.0125863 0.00168997 -2.2856e-06
5922.99 -2.75437e-09 6323.48 -1.28996e-09 -0.0130121 0.00168914 -2.19687e-06
5707.75 -1.80559e-08 6110.05 -8.43354e-09 -0.0125236 0.00162111 -2.19414e-06
6205.97 -8.22902e-09 6600.37 -3.86865e-09 -0.0125735 0.00186354 -2.02603e-06
5581.7 4.97876e-09 5992.68 2.31865e-09 -0.0136712 0.00180085 -2.44929e-06
5998.75 8.53886e-09 6391.24 4.00724e-09 -0.0116312 0.0014884 -1.93893e-06
5685.77 5.9981e-09 6088.64 2.80061e-09 -0.0134487 0.00171386 -2.36533e-06
6233.36 1.24088e-08 6632.85 5.83069e-09 -0.0135636 0.00171107 -2.17597e-06
5706.06 6.64247e-09 6098.81 3.10735e-09 -0.0121616 0.00159589 -2.13135e-06
5950.93 1.21175e-08 6342.31 5.68489e-09 -0.0122514 0.00163075 -2.05874e-06
5500.37 1.09684e-08 5888.59 5.12264e-09 -0.0120129 0.00174768 -2.18401e-06
5914.38 -2.89638e-09 6294.78 -1.36067e-09 -0.0126736 0.00149558 -2.14285e-06
5886.77 2.69665e-09 6276.35 1.26463e-09 -0.0124693 0.00151009 -2.11819e-06
5962.55 -4.67928e-09 6366.95 -2.19104e-09 -0.0133971 0.00161528 -2.24688e-06
6027.1 -1.01056e-08 6411.35 -4.74999e-09 -0.0130627 0.00180458 -2.16732e-06
5623.75 2.7828e-08 6018.57 1.30012e-08 -0.0120003 0.00142695 -2.13387e-06
5752.13 1.81379e-08 6152.81 8.47835e-09 -0.0132126 0.00165886 -2.29699e-06
6310.61 -8.75572e-09 6697.83 -4.12477e-09 -0.0139981 0.00168331 -2.21818e-06
5773.17 2.94812e-09 6174.52 1.37824e-09 -0.0136163 0.00173186 -2.35854e-06
6012.34 6.98869e-09 6410.03 3.27755e-09 -0.0133947 0.00161264 -2.22787e-06
6529.57 1.26584e-08 6927.73 5.96546e-09 -0.0134325 0.00173852 -2.05718e-06
6267.19 -1.07553e-09 6645.64 -5.07139e-10 -0.0130773 0.00177088 -2.08663e-06
6576.29 -9.22158e-10 7025.01 -4.31628e-10 -0.0130257 0.00167781 -1.9807e-06
5896.12 7.96317e-09 6340.49 3.70254e-09 -0.0126724 0.00184147 -2.14928e-06
6284.77 -1.2071e-08 6733.75 -5.63309e-09 -0.0124514 0.0018469 -1.9812e-06
6181.09 -1.46428e-08 6629.22 -6.82645e-09 -0.0137626 0.00175331 -2.22656e-06
6179.81 -1.63183e-08 6609.05 -7.62925e-09 -0.0128237 0.00173837 -2.0751e-06
6330.87 -4.66354e-09 6800.38 -2.17078e-09 -0.0132641 0.00158496 -2.09515e-06
6527.63 1.65104e-08 6961.42 7.7408e-09 -0.0127565 0.0016923 -1.95423e-06
6694.72 -1.39069e-08 7123.44 -6.53495e-09 -0.0122374 0.00162313 -1.82791e-06
6551.7 7.285e-09 6986.14 3.41599e-09 -0.0123545 0.00165073 -1.8857e-06
6059.65 7.05917e-09 6525.29 3.27772e-09 -0.0138779 0.00173861 -2.29022e-06
6125.67 1.29492e-08 6580.36 6.02721e-09 -0.0125241 0.00181088 -2.04453e-06
6468.81 7.00951e-09 6924.04 3.27433e-09 -0.0144833 0.00186379 -2.23893e-06
5702.18 1.50733e-08 6142.88 6.99596e-09 -0.0126562 0.00179252 -2.21953e-06
6452.59 4.962e-09 6924.65 2.31187e-09 -0.0143225 0.00180878 -2.21965e-06
6429.06 1.14108e-08 6859.83 5.34714e-09 -0.0136214 0.0016803 -2.11872e-06
6118.27 4.63946e-09 6546.24 2.16807e-09 -0.0120856 0.00151542 -1.97533e-06
6291.43 2.06739e-09 6745 9.64184e-10 -0.0134072 0.0018684 -2.13103e-06
6379.09 3.75718e-09 6826.83 1.75538e-09 -0.0139909 0.00181205 -2.19325e-06
6473.35 -9.38356e-11 6916.63 -4.39109e-11 -0.0121542 0.00153852 -1.87758e-06
6233.07 8.17481e-10 6683.29 3.81206e-10 -0.0127681 0.00166965 -2.04844e-06
5892.13 1.13101e-08 6326.98 5.26638e-09 -0.0136339 0.00186591 -2.31392e-06
6724.31 2.33011e-09 7155.47 1.09485e-09 -0.0132305 0.00178179 -1.96756e-06
6596.21 -1.27559e-08 7017.87 -5.99476e-09 -0.0124773 0.00161402 -1.89159e-06
6244.23 2.60973e-09 6681.72 1.21943e-09 -0.0126841 0.00154669 -2.03134e-06
6585.23 -2.03612e-09 7049.86 -9.50963e-10 -0.0134494 0.00182216 -2.04237e-06
6389.75 8.13479e-10 6811.36 3.81563e-10 -0.0127614 0.00175208 -1.99716e-06
6505.49 -2.95461e-09 6929.1 -1.38699e-09 -0.0127386 0.00164508 -1.95813e-06
6679.16 -7.23333e-09 7106.04 -3.3994e-09 -0.0120896 0.00171264 -1.81005e-06
6498.49 -5.52875e-09 6960.57 -2.58086e-09 -0.013678 0.00176197 -2.10479e-06
6258.16 9.35975e-09 6700.62 4.37085e-09 -0.0130755 0.00156575 -2.08935e-06
6403.8 4.43649e-09 6840.11 2.07675e-09 -0.0139211 0.00178982 -2.17388e-06
5952.57 8.72081e-09 6406.53 4.05143e-09 -0.0143199 0.00177122 -2.40567e-06
6213.18 -2.76453e-09 6665.51 -1.28846e-09 -0.012467 0.00161501 -2.00654e-06
6339.13 3.5517e-09 6772.11 1.66231e-09 -0.0135031 0.00176739 -2.13012e-06
6500.5 -4.64216e-09 6946.46 -2.17207e-09 -0.0112816 0.00149057 -1.73551e-06
6491.44 -2.10527e-08 6947.76 -9.83498e-09 -0.0129786 0.00180546 -1.99933e-06
6665.48 -3.34615e-09 7098.76 -1.57096e-09 -0.0124073 0.00165695 -1.86143e-06
6523.75 -3.41696e-09 6972.81 -1.59845e-09 -0.0124151 0.00166825 -1.90307e-06
6200.66 1.29235e-08 6636.28 6.03759e-09 -0.0137489 0.00164555 -2.21733e-06
6839.62 4.25518e-09 7273.67 2.00063e-09 -0.0106556 0.00135207 -1.55792e-06
5932.92 1.59951e-09 6388.35 7.4274e-10 -0.0125905 0.00148152 -2.12215e-06
6545.39 -1.09889e-08 6987.31 -5.14696e-09 -0.0137976 0.00177642 -2.10799e-06
5853.82 -4.67508e-09 6279.55 -2.17907e-09 -0.0129801 0.00165858 -2.21737e-06
6703.54 1.05794e-08 7140.43 4.96607e-09 -0.0108065 0.00132103 -1.61205e-06
6565.32 1.56353e-08 7014.44 7.31708e-09 -0.0107137 0.00136567 -1.63186e-06
6644.02 -6.83872e-09 7093.42 -3.20273e-09 -0.0139667 0.00168637 -2.10215e-06
6507.78 1.67264e-08 6942.53 7.83949e-09 -0.0132567 0.00177782 -2.03706e-06
5665.55 -8.11412e-09 6058.39 -3.79399e-09 -0.0134476 0.00173336 -2.37358e-06
5966.3 -4.72759e-09 6354.35 -2.21944e-09 -0.0136371 0.00175395 -2.28569e-06
5292.22 -1.71161e-10 5691.51 -7.95765e-11 -0.012869 0.00162956 -2.43168e-06
5947.14 -9.48279e-09 6332.15 -4.45311e-09 -0.0133627 0.00183003 -2.2469e-06
5560.78 1.03034e-08 5936.75 4.82545e-09 -0.0124353 0.00169253 -2.23625e-06
6333.57 -1.41931e-08 6741.04 -6.66756e-09 -0.0136781 0.00190429 -2.15961e-06
5359.37 1.35214e-08 5744.01 6.30797e-09 -0.0132436 0.00168877 -2.4711e-06
5981.26 -1.39269e-08 6371.31 -6.53714e-09 -0.0126474 0.00175081 -2.1145e-06
5249.94 2.39688e-08 5640.35 1.11549e-08 -0.0137878 0.00172608 -2.62627e-06
6046.97 -9.43418e-09 6434.04 -4.43331e-09 -0.0136442 0.00176485 -2.25637e-06
5602.37 -7.99286e-09 5997.8 -3.73295e-09 -0.0131225 0.00167488 -2.34231e-06
5897.72 -9.7841e-09 6295.23 -4.58314e-09 -0.0130976 0.00160397 -2.22079e-06
5316.61 4.49501e-09 5706.62 2.0939e-09 -0.0136086 0.00170406 -2.55964e-06
5340.44 2.69297e-08 5743.09 1.25208e-08 -0.0121324 0.00173134 -2.27181e-06
5657.82 5.08916e-09 6047.95 2.38044e-09 -0.013577 0.0018006 -2.39969e-06
5942.15 1.12731e-08 6339.81 5.28298e-09 -0.0128682 0.00169443 -2.16558e-06
5572.19 -1.53382e-08 5957.32 -7.17331e-09 -0.0136343 0.00182323 -2.44684e-06
5644.82 1.27322e-08 6048.7 5.94102e-09 -0.0132741 0.00178153 -2.35155e-06
5474.75 1.64136e-08 5860.53 7.66658e-09 -0.0126205 0.00173835 -2.30521e-06
5767.47 -1.72584e-09 6152.3 -8.08943e-10 -0.0132688 0.00174804 -2.30063e-06
5011.58 1.49499e-09 5397.01 6.94111e-10 -0.0130998 0.00180279 -2.6139e-06
5503.7 -1.09836e-08 5896.58 -5.12588e-09 -0.0116622 0.00159548 -2.11897e-06
5617.27 7.25249e-09 6014.54 3.38673e-09 -0.0126975 0.00157042 -2.26043e-06
5403.87 9.51073e-09 5793.53 4.43553e-09 -0.0121211 0.00165614 -2.24303e-06
5595.71 -4.13181e-09 5972.45 -1.93559e-09 -0.0126512 0.00170382 -2.26088e-06
5691.22 8.77723e-09 6078.09 4.10928e-09 -0.0122765 0.00166999 -2.15709e-06
5819.51 2.70774e-09 6202.97 1.27017e-09 -0.011622 0.0016459 -1.99707e-06
5440.07 -1.04467e-09 5841.07 -4.86475e-10 -0.0127177 0.00163693 -2.33779e-06
6090.62 -8.07752e-09 6473.05 -3.80015e-09 -0.0115355 0.0016283 -1.89399e-06
6372.19 3.46193e-09 6789.99 1.62445e-09 -0.0114469 0.00143938 -1.79639e-06
6764.52 4.49435e-09 7174.83 2.11866e-09 -0.0135331 0.00187371 -2.0006e-06
5992.3 5.34673e-10 6414.18 2.49753e-10 -0.012727 0.00151799 -2.1239e-06
6089.54 1.30747e-08 6511.23 6.11395e-09 -0.0139945 0.00185728 -2.29812e-06
6307.2 -3.61036e-09 6715.93 -1.69532e-09 -0.0129144 0.00170948 -2.04757e-06
6031.64 2.82758e-08 6461.27 1.31978e-08 -0.0122489 0.00161076 -2.03077e-06
6628.64 -5.03152e-09 7062.33 -2.36127e-09 -0.0129678 0.00166524 -1.95633e-06
6137.88 -7.75585e-09 6537.28 -3.641e-09 -0.0127681 0.00161151 -2.08022e-06
6454.75 6.45964e-09 6868.83 3.03511e-09 -0.0127479 0.00156018 -1.97497e-06
6138.91 3.42725e-09 6545.63 1.60715e-09 -0.0134786 0.00168434 -2.1956e-06
6373.22 -3.74664e-09 6802.98 -1.75498e-09 -0.013069 0.00180809 -2.05061e-06
6039.38 -6.28157e-09 6487.21 -2.92397e-09 -0.0132777 0.0016844 -2.19852e-06
6427.71 3.08798e-09 6861.33 1.44641e-09 -0.013248 0.00171449 -2.06107e-06
6078.31 -3.18403e-09 6483.72 -1.49247e-09 -0.0124666 0.0015685 -2.051e-06
6121.95 -8.86787e-09 6532.91 -4.15502e-09 -0.0129503 0.00171774 -2.1154e-06
5976.58 -2.35187e-09 6378.93 -1.10176e-09 -0.0131398 0.00161158 -2.19855e-06
6800.69 -1.52093e-09 7217.93 -7.16508e-10 -0.0135767 0.00174619 -1.99637e-06
5955.08 1.65236e-08 6387.35 7.70268e-09 -0.0130004 0.00162335 -2.18307e-06
6324.16 -8.19075e-09 6756.64 -3.83323e-09 -0.0135617 0.00173366 -2.14443e-06
6332.87 1.60075e-08 6756.01 7.50244e-09 -0.0134883 0.0018455 -2.12989e-06
5818.83 -4.81173e-09 6239.76 -2.24357e-09 -0.0133156 0.00171474 -2.28836e-06
6148.58 7.27078e-09 6581.54 3.39624e-09 -0.013449 0.00163184 -2.18734e-06
6031.03 5.13233e-09 6447.01 2.40059e-09 -0.0123022 0.00146394 -2.03981e-06
6450.99 -1.12787e-08 6885.23 -5.28367e-09 -0.0135654 0.00161001 -2.10284e-06
6505.86 -1.85562e-09 6925.2 -8.71627e-10 -0.0122542 0.00187821 -1.88356e-06
5787.47 -3.96707e-09 6226.32 -1.84373e-09 -0.013394 0.00187231 -2.3143e-06
6327.85 8.55812e-09 6740.76 4.01694e-09 -0.0129491 0.00163756 -2.04637e-06
6664.24 2.62019e-09 7090.05 1.23141e-09 -0.0133092 0.00178372 -1.9971e-06
6426.25 -8.90964e-09 6846.71 -4.18124e-09 -0.01375 0.00177035 -2.13966e-06
5349.32 -3.90846e-09 5788.9 -1.80584e-09 -0.0123504 0.00176411 -2.30878e-06
6426.8 -8.63741e-09 6855.07 -4.04889e-09 -0.0130303 0.00182701 -2.02749e-06
6548.01 3.43728e-09 6957.53 1.61748e-09 -0.013026 0.00167535 -1.9893e-06
5957.9 -3.0502e-09 6383.76 -1.42336e-09 -0.0129933 0.00162173 -2.18086e-06
6051.62 1.49121e-08 6476.36 6.96704e-09 -0.0124697 0.00189344 -2.06056e-06
6407.62 1.11825e-08 6843.38 5.2352e-09 -0.0130213 0.00165059 -2.03216e-06
6224 -2.38009e-09 6644.2 -1.11478e-09 -0.0128836 0.00146443 -2.06998e-06
6462.22 7.05724e-09 6896.96 3.3062e-09 -0.0126663 0.00159608 -1.96006e-06
6495.32 9.16511e-09 6927.53 4.29665e-09 -0.0135716 0.00183532 -2.08945e-06
6236.62 -1.37072e-08 6654.31 -6.42339e-09 -0.0112267 0.00148378 -1.80012e-06
6155.56 -1.12784e-09 6578.81 -5.2764e-10 -0.0137903 0.00170356 -2.2403e-06
6535.49 -1.0317e-08 6967.43 -4.83868e-09 -0.0135301 0.00171444 -2.07024e-06
6719.83 1.18761e-08 7140.39 5.58829e-09 -0.0122734 0.00155742 -1.82645e-06
6096.78 5.95851e-09 6532.99 2.78033e-09 -0.0136251 0.00163514 -2.2348e-06
6400.15 1.36393e-08 6831.37 6.38915e-09 -0.0131441 0.00158306 -2.05371e-06
5844.8 -5.28212e-09 6265.31 -2.4638e-09 -0.0121808 0.00162583 -2.08403e-06
6533.24 2.67157e-09 6941.63 1.2572e-09 -0.012299 0.00173673 -1.88253e-06
6364.4 -8.89003e-10 6786.81 -4.16836e-10 -0.0131811 0.00188492 -2.07107e-06
6097.66 9.06962e-09 6527.05 4.23649e-09 -0.0127144 0.0018279 -2.08512e-06
6334.65 1.61273e-08 6756.24 7.56047e-09 -0.0134756 0.0015943 -2.12728e-06
5616.32 -2.68741e-08 6025.36 -1.25249e-08 -0.0134054 0.00171634 -2.38687e-06
5363.81 -1.93515e-08 5788.32 -8.96616e-09 -0.0129255 0.0016306 -2.40976e-06
5872.02 -1.84835e-09 6274.52 -8.64889e-10 -0.0137764 0.00203534 -2.34611e-06
6191.18 -4.88279e-09 6594.23 -2.29217e-09 -0.0133876 0.00160542 -2.16236e-06
6613.19 4.39163e-09 7039.35 2.06288e-09 -0.0128714 0.00156879 -1.94631e-06
6315.82 -2.99494e-09 6738.66 -1.40351e-09 -0.013376 0.00164731 -2.11785e-06
5838.07 -9.53471e-10 6265.72 -4.44197e-10 -0.013066 0.00164544 -2.23807e-06
5729.83 -1.26887e-08 6143.14 -5.91748e-09 -0.0127329 0.00178119 -2.22221e-06
5602.87 2.96525e-09 5996.97 1.38519e-09 -0.0134775 0.00160374 -2.40547e-06
5241.03 5.9308e-09 5645.82 2.75278e-09 -0.0129125 0.00169838 -2.46373e-06
6108.6 2.70474e-08 6497.78 1.27137e-08 -0.0123523 0.00144732 -2.02212e-06
6338.77 -1.14271e-08 6653.35 -5.44342e-09 -0.0137312 0.00166301 -2.16623e-06
6274.45 -1.78995e-08 6677.87 -8.40906e-09 -0.0133094 0.00156685 -2.1212e-06
5914.27 -1.19548e-08 6312.53 -5.6003e-09 -0.0124046 0.00155436 -2.0974e-06
6500.32 4.58533e-12 6916.15 2.15482e-12 -0.0125119 0.00150818 -1.92482e-06
6185.5 -1.40783e-09 6577.21 -6.61991e-10 -0.0134627 0.00160587 -2.1765e-06
6093.7 9.32172e-09 6405.22 4.43418e-09 -0.0128582 0.00171969 -2.11008e-06
6473.34 -9.72338e-09 6889.22 -4.56821e-09 -0.0125097 0.00168539 -1.93249e-06
5712.29 1.06221e-08 6131.24 4.94814e-09 -0.0120997 0.00170128 -2.11819e-06
6373.19 3.87063e-09 6787.94 1.81707e-09 -0.0135627 0.00158337 -2.12809e-06
5905.64 1.71767e-08 6302.54 8.04753e-09 -0.0129198 0.00180793 -2.18771e-06
6110.11 8.47689e-09 6521.04 3.97135e-09 -0.013474 0.00167832 -2.2052e-06
5949.79 1.7482e-09 6358.87 8.17865e-10 -0.0135793 0.00186307 -2.28231e-06
6012.35 -3.88001e-09 6412.87 -1.81884e-09 -0.0135328 0.00182798 -2.25083e-06
5912.8 -6.33596e-09 6316.51 -2.96551e-09 -0.0125139 0.00166664 -2.11641e-06
5846.67 -8.32928e-09 6263.63 -3.88741e-09 -0.0134481 0.00163518 -2.30013e-06
4941.8 -1.13222e-08 5326.71 -5.25201e-09 -0.0138485 0.00180187 -2.80232e-06
6123.28 -1.22984e-08 6543.76 -5.75409e-09 -0.0133563 0.00195904 -2.18124e-06
5528.82 1.16397e-08 5934.94 5.42158e-09 -0.0128269 0.0016377 -2.32002e-06
5887.42 7.48122e-09 6294.18 3.49887e-09 -0.0126799 0.00169187 -2.15373e-06
5817.78 -3.46472e-09 6203.57 -1.62463e-09 -0.0120957 0.00182064 -2.07909e-06
6062.34 -8.35816e-09 6464.33 -3.9192e-09 -0.0128276 0.00184055 -2.11595e-06
5876.41 -7.86549e-09 6280.74 -3.67956e-09 -0.0128115 0.00173521 -2.18016e-06
5906.78 8.12795e-09 6309.7 3.80446e-09 -0.0129473 0.00170499 -2.19194e-06
5509.9 1.03485e-08 5901.57 4.83087e-09 -0.0133123 0.00167379 -2.41607e-06
5862.32 -5.4386e-09 6258.22 -2.54728e-09 -0.0132542 0.00171137 -2.26091e-06
5989.67 -2.17097e-09 6282.23 -1.03494e-09 -0.0127623 0.0016508 -2.13071e-06
6018.69 3.63968e-10 6415.47 1.70729e-10 -0.0133257 0.00163054 -2.21405e-06
6281.29 1.60744e-08 6718.03 7.51469e-09 -0.012872 0.00166641 -2.04926e-06
6279.62 -6.45315e-09 6696.7 -3.02562e-09 -0.0120317 0.00164342 -1.91599e-06
6827.79 8.6781e-09 7248.54 4.08718e-09 -0.013829 0.00171173 -2.0254e-06
6756.61 -2.84784e-09 7084.37 -1.35804e-09 -0.0130959 0.0017303 -1.93823e-06
5807.41 -1.4451e-10 6216.99 -6.7495e-11 -0.0126831 0.00191102 -2.18396e-06
6743.89 -3.04719e-09 6951.16 -1.47817e-09 -0.013318 0.00173038 -1.97482e-06
6153.23 2.62574e-09 6583.83 1.227e-09 -0.0127036 0.0016864 -2.06453e-06
5919.51 -1.6883e-08 6366.09 -7.84935e-09 -0.0125278 0.00170725 -2.11635e-06
7004.29 -1.06726e-08 7326.99 -5.10128e-09 -0.0113486 0.00148033 -1.62024e-06
6240 3.28049e-09 6467.21 1.58262e-09 -0.0134515 0.00168129 -2.15569e-06
6277.17 -1.7337e-09 6704.1 -8.11647e-10 -0.014089 0.00178154 -2.24448e-06
5870.14 -9.17511e-09 6309.54 -4.26807e-09 -0.0120709 0.00181893 -2.05633e-06
6772.02 8.13883e-10 7186.52 3.8347e-10 -0.0123219 0.00178871 -1.81952e-06
6243.25 -3.53455e-09 6675.42 -1.65286e-09 -0.0123993 0.00159463 -1.98603e-06
6237.56 -3.62793e-09 6659.92 -1.69893e-09 -0.012802 0.0017358 -2.05241e-06
6737.15 5.23241e-09 7167.87 2.459e-09 -0.0127941 0.00175058 -1.89904e-06
5997.48 2.06354e-09 6423.28 9.63375e-10 -0.0127697 0.00179186 -2.12918e-06
6615.19 -4.07715e-09 7041.2 -1.91523e-09 -0.0121421 0.00159087 -1.83549e-06
6114.61 1.00347e-08 6533.25 4.69584e-09 -0.0123575 0.00183478 -2.02098e-06
6586.55 8.79807e-09 7027.98 4.12273e-09 -0.0130606 0.00187493 -1.98292e-06
6213.42 5.83214e-09 6627.61 2.73383e-09 -0.0127476 0.00173265 -2.05162e-06
5506.06 -2.1837e-08 5932 -1.01345e-08 -0.012947 0.0016411 -2.35141e-06
6525.1 -8.6545e-09 6948.9 -4.06334e-09 -0.0122583 0.00159539 -1.87864e-06
6230.49 1.93888e-08 6653.71 9.07775e-09 -0.0129382 0.00165308 -2.0766e-06
6443.85 5.5669e-09 6869.96 2.61081e-09 -0.0130406 0.00164134 -2.02373e-06
5817.85 7.36091e-09 6252.19 3.42477e-09 -0.0129139 0.00176686 -2.21971e-06
5955.79 1.81307e-08 6269.95 8.61114e-09 -0.0119641 0.00165202 -2.00881e-06
6604.74 -7.27967e-09 7031.04 -3.41915e-09 -0.0127851 0.00185336 -1.93575e-06
6410.71 -1.65041e-08 6849.55 -7.72336e-09 -0.0145273 0.00182075 -2.2661e-06
